1.403638129345096960e+18 4.628374859599792224e+00 -1.620095395177792996e+00 5.033435542452501243e-01 -7.704392188951263432e-01 2.892011719580461770e-01 -1.554862125829263864e-01 5.464523124875373394e-01
1.403638129445096960e+18 4.630205375824722580e+00 -1.620802564523198486e+00 5.171930210878517009e-01 -7.606967146333966090e-01 3.039065823485926909e-01 -1.419728889863822452e-01 5.557202500755349384e-01
1.403638129645096960e+18 4.627433278601956523e+00 -1.619526415011043552e+00 5.263930699340886310e-01 -7.927062483199238674e-01 2.741586624350890733e-01 -1.582871795228644463e-01 5.209596918045105163e-01
1.403638129845096960e+18 4.627287661498723281e+00 -1.616302820657035344e+00 5.586846763835209284e-01 -7.944207595254189069e-01 2.697031267873252758e-01 -1.597481886258217965e-01 5.202272546368226225e-01
1.403638130145096960e+18 4.626388065713565645e+00 -1.605537151570973764e+00 6.695708042370837054e-01 -7.857109790577483377e-01 2.689237442805504363e-01 -1.515961157083509092e-01 5.360568018898590470e-01
1.403638130345096960e+18 4.625827776123129453e+00 -1.600092219825830497e+00 7.606563075178675026e-01 -7.797110565267685311e-01 2.669490112047326891e-01 -1.423143387154411632e-01 5.482112026789610626e-01
1.403638130645096960e+18 4.622412400222319029e+00 -1.596213490423388892e+00 8.891244580720142343e-01 -7.789161964630055834e-01 2.561055555817423612e-01 -1.418352017112865238e-01 5.546010086929973326e-01
1.403638130845096960e+18 4.622123110809805091e+00 -1.597896063047571591e+00 9.651895722092682650e-01 -7.618811437110439844e-01 2.710245136694426349e-01 -1.228576987187898345e-01 5.753162797221341718e-01
1.403638131345096960e+18 4.624916147064706884e+00 -1.604103377965401256e+00 9.097488622836753525e-01 -7.705594981458870896e-01 2.575641696277626846e-01 -1.438511387084419058e-01 5.649828388839828186e-01
1.403638131945096960e+18 4.625122385711698314e+00 -1.635566744060138022e+00 6.163231863300696611e-01 -7.985871009413398891e-01 2.223182341422567376e-01 -1.799804493525189730e-01 5.295661269651227299e-01
1.403638133945096960e+18 4.628053900496832185e+00 -1.594870152935003560e+00 6.166437607634646101e-01 -7.549021618341960060e-01 3.472586986236432804e-01 -1.947096597240954297e-01 5.211739351679037791e-01
1.403638137845096960e+18 4.606105757965317515e+00 -1.582108572815047021e+00 5.044133667467779469e-01 -7.722791132322592844e-01 3.410650614618689347e-01 -2.194406632240187283e-01 4.889840390432080852e-01
1.403638137945096960e+18 4.629890038302180599e+00 -1.556978179319157718e+00 5.268456934681651216e-01 -7.466067317370959078e-01 3.326832009989671435e-01 -2.430944814032779677e-01 5.223077148666334102e-01
1.403638149945096960e+18 4.740480234349643496e+00 -8.999529402889824281e-01 8.789323964825535018e-01 -7.870194646907702207e-01 2.671028875452058915e-01 -1.966405531099550685e-01 5.201816053413249596e-01
1.403638151445096960e+18 4.515466878360289371e+00 -4.519510972463169907e-02 1.008452365380888782e+00 -8.162601457424267792e-01 1.193463209632523586e-01 -1.038315191201756721e-01 5.556031369442447909e-01
1.403638152845096960e+18 4.184516464667956015e+00 6.841149239377426472e-01 1.056908393261194901e+00 -8.175423856861631089e-01 9.241230998771500504e-02 -7.614789217688085199e-02 5.632813782527607005e-01
1.403638153845096960e+18 3.682608314386597304e+00 1.644172091729608542e+00 1.219399324651624372e+00 -8.220697454884882127e-01 -2.494023044043885626e-02 -3.869339630868344395e-03 5.688271676606972971e-01
1.403638155645096960e+18 2.175038095338587496e+00 2.915356078069368362e+00 1.273657546809094931e+00 -7.846101382842347594e-01 -1.483639451556829081e-01 9.663902840118072934e-02 5.941683001213639015e-01
1.403638155945096960e+18 1.874574267893431845e+00 2.959546531449260609e+00 1.256029176885478105e+00 -7.898033870862312122e-01 -2.116515937080854226e-01 1.434161777603585874e-01 5.575356603703064406e-01
1.403638157945096960e+18 -8.852229951849555079e-02 3.822339493920007492e+00 1.335324691965662058e+00 -7.417190551985839431e-01 -3.466847706718255706e-01 2.407283306882251339e-01 5.212603799864362619e-01
1.403638158645096960e+18 -1.100755524590444345e+00 4.389452337066550136e+00 1.354697286769167341e+00 -7.561598170923310436e-01 -3.571330713864727113e-01 2.413826516481772100e-01 4.923542584565019364e-01
1.403638159445096960e+18 -1.713796122814254197e+00 4.823887916247336705e+00 1.450475057983213745e+00 -7.270964010765864627e-01 -3.144428879605238314e-01 2.947209097294561930e-01 5.344119002424654319e-01
1.403638161345096960e+18 -2.289206115377558248e+00 6.320384754716289244e+00 2.487554665978781276e+00 -7.916019011171379072e-01 -2.157327596323208585e-01 1.677368159632272038e-01 5.465255411594913681e-01
1.403638162145096960e+18 -2.209085249243048388e+00 6.989465312030039179e+00 2.657784737184970325e+00 -7.968204634095819028e-01 -1.868111166901431919e-01 1.519722060613222792e-01 5.541508859124706365e-01
1.403638163445096960e+18 -1.800153202079841641e+00 7.968092896732008157e+00 2.892637239502595214e+00 -8.028719413701054242e-01 -1.162200421609576734e-01 9.312125161420575781e-02 5.772503616789745884e-01
1.403638163945096960e+18 -1.353588706078725501e+00 8.541691786195245939e+00 3.159935133848843503e+00 -8.014195719621854952e-01 -9.847456267154096332e-02 1.060193718370279481e-01 5.803355262069332943e-01
1.403638165145096960e+18 -3.636682729007008064e-01 9.180810761629281558e+00 3.321660317306721844e+00 -8.090776445665250893e-01 -6.411367456948066645e-02 7.471034131261235223e-02 5.793972442951684787e-01
1.403638165945096960e+18 6.192800686491484186e-01 9.410006001331627346e+00 3.187782291574503546e+00 -8.099827205169836120e-01 -7.085460099324517036e-02 4.443614815283910419e-02 5.804593411422829252e-01
1.403638166445096960e+18 1.294845389930543433e+00 9.458970935864384089e+00 3.410934374772961686e+00 -8.127933575660100107e-01 -8.010554923040513753e-02 4.936748313610499900e-02 5.749025225965472830e-01
1.403638167945096960e+18 2.628320015244122843e+00 1.009055401887437675e+01 3.664600421600368918e+00 -8.192306475899912011e-01 -1.116891239308064054e-02 5.003496618047348354e-02 5.711680169657246120e-01
1.403638168445096960e+18 3.551464759933694371e+00 1.066061624066226621e+01 3.812755750747010453e+00 -8.297721897730701013e-01 3.521723235767319077e-02 -4.361244308681740817e-02 5.552799424004695172e-01
1.403638169445096960e+18 4.636927524077563589e+00 1.157090970555569776e+01 3.745596666397117414e+00 -7.952126632278551099e-01 1.006189748880414458e-01 -2.896210708712081486e-02 5.972217665889412164e-01
1.403638170345096960e+18 5.893155716570430691e+00 1.215846552289441895e+01 3.776055968598682089e+00 -7.413493084441187264e-01 2.918257199542573788e-01 -1.799313851904177919e-01 5.769433669486667693e-01
1.403638171845096960e+18 7.247912821417781259e+00 1.140023504899070161e+01 3.759243195025439466e+00 -6.528065024749044598e-01 4.262444439958221198e-01 -2.783495880496420494e-01 5.609642155447797096e-01
1.403638172845096960e+18 7.623043105787614238e+00 9.916335021258717575e+00 3.562863046215532403e+00 -6.498656571097375378e-01 4.249600081137922536e-01 -2.794719965856263255e-01 5.647822787036596015e-01
1.403638173145096960e+18 7.666164361349597556e+00 9.176338619384569739e+00 3.378853428702198514e+00 -6.606245001551126483e-01 4.283240414996055678e-01 -2.605084062342613582e-01 5.587925872356727108e-01
1.403638173345096960e+18 7.692723342849257406e+00 8.630667665825299650e+00 3.220008640148325885e+00 -6.727017793601629547e-01 4.216422765869128897e-01 -2.664675074607759653e-01 5.465209731638093205e-01
1.403638173445096960e+18 7.716750888875682612e+00 7.776463842575879859e+00 2.928089700841920884e+00 -6.859123766381670650e-01 4.056336833414230236e-01 -2.937356870389412622e-01 5.279250635016418114e-01
1.403638173845096960e+18 7.712640249991269847e+00 7.214395311674573819e+00 2.716135804333536186e+00 -6.861871331464255430e-01 4.082530243505834155e-01 -2.941928038891680197e-01 5.252878073520469426e-01
1.403638174445096960e+18 7.584086297397401921e+00 5.064345429540067833e+00 2.030157747662594492e+00 -7.085557249605055619e-01 4.176587133254250350e-01 -2.860386267067508426e-01 4.916216917923363350e-01
1.403638174845096960e+18 7.556471958725692772e+00 4.076111144536579189e+00 1.769440884657993873e+00 -7.179818825768822244e-01 4.178442281255126400e-01 -2.874541602704514531e-01 4.767371634944777559e-01
1.403638175645096960e+18 7.791130502781656197e+00 2.384775535378337530e+00 1.529671302362232144e+00 -7.511601225782534863e-01 4.257851581134965979e-01 -2.798199395839685022e-01 4.197216587093310913e-01
1.403638176145096960e+18 8.121473388992985321e+00 1.972452277712142932e+00 1.439489184658487408e+00 -7.173130783515148101e-01 3.992384754286153470e-01 -3.155211576616026581e-01 4.759380069202190366e-01
1.403638176845096960e+18 9.021747033497728552e+00 1.535204730279926988e+00 1.355548806970051201e+00 -6.971504808914227302e-01 4.287075139652997136e-01 -2.922509516485432002e-01 4.947529239156362446e-01
1.403638178145096960e+18 9.326278311012050182e+00 1.436635255574968184e+00 1.305712893076976577e+00 -6.400486190813978737e-01 4.914154050375813543e-01 -3.455213603018492674e-01 4.790236470978285754e-01
1.403638178645096960e+18 9.469399069774098621e+00 1.200934311080826156e+00 1.253824232221031121e+00 -5.991944974485077235e-01 5.693251043691200941e-01 -3.753067405262605627e-01 4.194993805455196623e-01
1.403638181345096960e+18 1.099741880566494245e+01 -8.055603138306005606e-01 7.959456928399724074e-01 -4.159631832813112662e-01 6.885656922254362877e-01 -4.870548940958939754e-01 3.400433028039533401e-01
1.403638182145096960e+18 1.135689230085663226e+01 -1.613508868905733307e+00 8.063979592493948356e-01 -3.568131604728292383e-01 7.495144201851897670e-01 -4.968369535635678291e-01 2.531117224103273666e-01
1.403638182645096960e+18 1.161694117584235464e+01 -2.260457527317842441e+00 9.169778901668155235e-01 -3.753624894198713258e-01 7.457690347333907344e-01 -4.967823513882875797e-01 2.369363706113252754e-01
1.403638183945096960e+18 1.275178873718216366e+01 -4.042503015392409083e+00 1.060852748559482750e+00 -3.855681717556526111e-01 7.337171639071582430e-01 -5.081488112316840944e-01 2.340536134326187678e-01
1.403638184445096960e+18 1.351919672997907185e+01 -4.735864345538168152e+00 1.136374867686017698e+00 -3.791169041915568583e-01 7.263808902766332176e-01 -5.215340041946479044e-01 2.379988606397774320e-01
1.403638186345096960e+18 1.553363087001437037e+01 -5.686196586735379199e+00 1.352828551057144724e+00 -4.246666875190956980e-01 7.037454339145494675e-01 -5.017937854791779673e-01 2.694504882357012243e-01
1.403638186945096960e+18 1.613654282478923463e+01 -5.828000476366827165e+00 1.391574008663222006e+00 -4.713061534280191256e-01 6.677670785477254345e-01 -4.916344236894081288e-01 3.004217568557643325e-01
1.403638187645096960e+18 1.727517176019529188e+01 -5.802828686740562958e+00 1.664262408734537013e+00 -5.369650141215615013e-01 5.900693194783998008e-01 -4.858375540726215247e-01 3.569994998210248571e-01
1.403638188445096960e+18 1.748595291444977207e+01 -5.366400468870914153e+00 1.745290366641993662e+00 -5.416321335856674191e-01 5.775319988723178755e-01 -4.595367301630219337e-01 4.023896317961740410e-01
1.403638189345096960e+18 1.730279567135429630e+01 -5.125260052161165092e+00 1.826856418517897263e+00 -5.970909960460227817e-01 5.597079132803375323e-01 -4.046753359437065267e-01 4.079794930275135179e-01
1.403638192345096960e+18 1.617472764676966790e+01 -2.841004684154380122e+00 2.150066668831128069e+00 -6.193006602043303888e-01 5.148477260561918900e-01 -3.998245924673172191e-01 4.376514669272715263e-01
1.403638192845096960e+18 1.582566057550686622e+01 -2.296142272343286717e+00 2.348217788729753952e+00 -6.036470818641108682e-01 5.036682099622118436e-01 -3.896367960417459475e-01 4.796995955811592105e-01
1.403638193645096960e+18 1.504470693880037402e+01 -1.912810745853266825e+00 2.627877396740379901e+00 -6.421330636302253758e-01 5.000174692585627190e-01 -3.689443595754577365e-01 4.489183874231238436e-01
1.403638198845096960e+18 1.265858596983520101e+01 5.375886015476690760e-01 2.539924090266655110e+00 -6.510658875904619114e-01 4.693006781103320479e-01 -4.131361236563754757e-01 4.303354817713853642e-01
1.403638199645096960e+18 1.233006584936865302e+01 1.057938284929222483e+00 2.633109031135192346e+00 -6.591386348661647521e-01 4.625319713464384197e-01 -4.142652540496057911e-01 4.242460781154743232e-01
1.403638199845096960e+18 1.190562098352074649e+01 1.708173433539433184e+00 2.778887899104521164e+00 -6.669965742025274480e-01 4.666023458786566769e-01 -3.664526386622570797e-01 4.506775836893773257e-01
1.403638200445096960e+18 1.117562048409536857e+01 2.721055394624127821e+00 2.983262013757084663e+00 -7.082922001387225164e-01 3.770539622512394384e-01 -3.545237373404984127e-01 4.800681081215603663e-01
1.403638200845096960e+18 1.056133782649862241e+01 3.461278084401119060e+00 3.169868285353293569e+00 -7.241306363526127665e-01 3.646414004629295325e-01 -3.183818492357463059e-01 4.912275120972152131e-01
1.403638201845096960e+18 9.211291820292874633e+00 4.968767460911054812e+00 3.188856394472997735e+00 -7.131071080581999899e-01 3.747390657168611638e-01 -3.146109401511032466e-01 5.020645789136731763e-01
1.403638202445096960e+18 7.784349556367509138e+00 6.345762061715866764e+00 3.087076576443015252e+00 -7.333088312005416887e-01 3.707486859432803095e-01 -2.649042165922493863e-01 5.046080914791919447e-01
1.403638202845096960e+18 7.146728997142898443e+00 6.967636348178184669e+00 2.983115821981068283e+00 -7.303437398371495082e-01 3.701722549942030871e-01 -2.666654833357736121e-01 5.083896569664757559e-01
1.403638203645096960e+18 5.990459913511587686e+00 8.024563484053540918e+00 2.911372421798417598e+00 -7.254392057564612584e-01 3.674012672751600928e-01 -2.673698939362114113e-01 5.169793103912186938e-01
1.403638204445096960e+18 4.910605213853735052e+00 8.858915847862254722e+00 3.084448245952621903e+00 -7.354398108993616123e-01 3.775306092534954083e-01 -2.291210365341357635e-01 5.139090135797572678e-01
1.403638204945096960e+18 4.660334922243044353e+00 9.052426687903473379e+00 3.070973462271915366e+00 -7.644191524770030943e-01 2.994391732645831361e-01 -2.237185459535963594e-01 5.253090071923118831e-01
1.403638205145096960e+18 4.494917698468563927e+00 9.178284650616756579e+00 3.059920887591785821e+00 -7.871855731581840487e-01 2.284076164185143143e-01 -1.797475051086721565e-01 5.439298379210706358e-01
1.403638205345096960e+18 4.325146220216156578e+00 9.306047353796220278e+00 3.073988735475824630e+00 -7.999219057972336566e-01 1.480817301597626701e-01 -1.293628097845819780e-01 5.669761981452580146e-01
1.403638205945096960e+18 3.579428731392065188e+00 9.658342616623766475e+00 3.305857991290046094e+00 -8.030478868503604373e-01 -1.098369294912551059e-02 -5.364884756000339733e-02 5.933929988379148535e-01
1.403638206445096960e+18 2.869865456014463856e+00 9.771024557813483113e+00 3.501673427246231096e+00 -7.935373481056881007e-01 -5.260744604154512366e-02 1.902202055954675328e-02 6.059447965914140921e-01
1.403638206845096960e+18 2.316358455704613739e+00 9.757074556891838668e+00 3.535925212977055310e+00 -7.875448017547059809e-01 -7.338579640609300958e-02 4.493216001226309209e-02 6.102202971973452739e-01
1.403638207445096960e+18 1.680614872981614383e+00 9.569375237126781286e+00 3.461374116259881006e+00 -7.753760022730770141e-01 -1.177940750267480047e-01 8.336039774048183137e-02 6.147907408835650012e-01
1.403638207645096960e+18 1.453035559218290196e+00 9.433167821756574867e+00 3.445072985143843969e+00 -7.846552180833161749e-01 -1.423229895901523545e-01 1.058059709162064571e-01 5.940247906335422989e-01
1.403638207945096960e+18 1.066738980473077802e+00 9.131328381338187583e+00 3.476864745169163218e+00 -7.924804392526441088e-01 -1.534664336698877418e-01 1.203913907063500766e-01 5.778656592862855268e-01
1.403638208445096960e+18 6.745761092479183318e-01 8.739354851121618140e+00 3.454749714971873331e+00 -7.927951577925427262e-01 -1.681803213092993299e-01 1.260884693026849968e-01 5.720951976847068465e-01
1.403638208845096960e+18 3.801640273871251807e-01 8.349232692639885656e+00 3.459814139743471628e+00 -7.830638878211538811e-01 -1.970221587094093674e-01 1.497457913630271809e-01 5.705869035799581157e-01
1.403638212345096960e+18 1.005192619918680919e+00 4.918535412735123735e+00 1.411787301899184666e+00 -8.090021852890250109e-01 5.280770275155274862e-02 -5.840333252026525153e-03 5.853996081611184676e-01
1.403638212645096960e+18 1.302550543218846890e+00 4.582554022909381963e+00 1.399080779819807940e+00 -8.048448245428591052e-01 1.191603489168763103e-01 -5.555065247514718446e-02 5.787397901148391144e-01
1.403638212945096960e+18 1.515692723314000290e+00 4.354909174528180493e+00 1.418960568051818250e+00 -7.980215299676336471e-01 1.695125792452663593e-01 -8.992482994485595515e-02 5.712623286591922422e-01
1.403638213145096960e+18 1.737889953725272107e+00 4.123973583815489619e+00 1.449094926899974656e+00 -7.915564324084836123e-01 2.276668867611121583e-01 -1.157692601509578978e-01 5.551609508866384157e-01
1.403638213345096960e+18 1.975869456895624321e+00 3.896903860247347584e+00 1.457319207744171896e+00 -7.835190953414534754e-01 2.924693783278525805e-01 -1.293555559204745686e-01 5.327538175633609319e-01
1.403638214445096960e+18 3.713534946249394064e+00 2.556524896002864367e+00 1.525539571339080913e+00 -7.661640812587519056e-01 3.098048333002429433e-01 -2.101135968518313690e-01 5.223656212565366275e-01
1.403638214845096960e+18 4.435645327736440713e+00 2.095845243945547498e+00 1.448388541509982641e+00 -7.576947076126659963e-01 2.945685807217043317e-01 -2.139174245672242070e-01 5.416340247564613852e-01
1.403638215445096960e+18 5.173299679417437957e+00 1.577782683051328849e+00 1.325695122076340660e+00 -7.600541587623388384e-01 2.904416499251795680e-01 -2.215872321069943529e-01 5.374573678943979083e-01
1.403638219345096960e+18 5.403179968452241688e+00 -1.011616665294724715e+00 1.115150010422938598e+00 -7.198989397956864211e-01 3.931300363870410264e-01 -2.910113590903782299e-01 4.924496724049486907e-01
1.403638223345096960e+18 5.076057675641937550e+00 -1.262916797078071918e+00 9.858725798631464698e-01 -7.200250237054484082e-01 3.934794578132592702e-01 -2.920720351506527201e-01 4.913571082216150465e-01
1.403638224145096960e+18 5.014996056071586494e+00 -1.308488500394994425e+00 8.725605341905623424e-01 -7.254091475322484994e-01 3.979322106390293934e-01 -2.854934961696901086e-01 4.836579246298759460e-01
1.403638225145096960e+18 4.999376830153587470e+00 -1.278146592615159616e+00 7.819373453674839380e-01 -7.254826055677774388e-01 3.916219390154816460e-01 -2.887369958399148562e-01 4.867629742838748275e-01
1.403638226145096960e+18 4.989152406485584557e+00 -1.250864689614920255e+00 7.563889430684140880e-01 -7.380202463900951138e-01 3.955808062766870692e-01 -2.800160132716762451e-01 4.695029008805229331e-01
