1.403638127245097160e+09 -0.000000000000000000e+00 -0.000000000000000000e+00 -0.000000000000000000e+00 -0.000000000000000000e+00 -0.000000000000000000e+00 -0.000000000000000000e+00 1.000000000000000000e+00
1.403638129245097160e+09 -1.306428108364343643e-03 -2.022074349224567413e-02 -3.647022880613803864e-03 6.645877379924058914e-03 -2.262278867419809103e-04 3.367458237335085869e-03 9.999722242355346680e-01
1.403638129345097065e+09 5.010128486901521683e-03 -5.996580794453620911e-02 -1.578573696315288544e-02 2.879592776298522949e-02 -6.560591980814933777e-03 3.859952837228775024e-02 9.988182187080383301e-01
1.403638129445096970e+09 9.513528086245059967e-03 -9.072002768516540527e-02 -2.811732143163681030e-02 3.503577411174774170e-02 -1.051488053053617477e-02 6.147295609116554260e-02 9.974382519721984863e-01
1.403638129645097017e+09 2.384582534432411194e-03 -1.101575493812561035e-01 -3.852401301264762878e-02 3.878755960613489151e-04 -9.134147316217422485e-03 1.482737716287374496e-02 9.998483061790466309e-01
1.403638129845097065e+09 -2.558369189500808716e-03 -1.830528527498245239e-01 -6.461148709058761597e-02 8.278690802399069071e-05 -1.037099212408065796e-02 9.945047087967395782e-03 9.998967647552490234e-01
1.403638130045097113e+09 -1.536213792860507965e-02 -3.328694403171539307e-01 -1.185480877757072449e-01 3.549942048266530037e-03 -1.531133148819208145e-02 9.632689878344535828e-03 9.998301267623901367e-01
1.403638130145097017e+09 -1.985510624945163727e-02 -4.328962862491607666e-01 -1.552482396364212036e-01 1.512238103896379471e-02 -1.997869089245796204e-02 1.859687454998493195e-02 9.995130896568298340e-01
1.403638130345097065e+09 -2.881897240877151489e-02 -6.355885267257690430e-01 -2.353784590959548950e-01 2.574630640447139740e-02 -3.058863058686256409e-02 2.552024647593498230e-02 9.988744854927062988e-01
1.403638130645097017e+09 -4.098062962293624878e-02 -9.169657230377197266e-01 -3.584668934345245361e-01 3.298795595765113831e-02 -3.813159093260765076e-02 1.846097409725189209e-02 9.985575079917907715e-01
1.403638130845097065e+09 -3.913675993680953979e-02 -1.081494092941284180e+00 -4.359883666038513184e-01 5.059711635112762451e-02 -4.811803251504898071e-02 4.825248941779136658e-02 9.963917136192321777e-01
1.403638131045097113e+09 -2.436653710901737213e-02 -1.127927541732788086e+00 -4.692123532295227051e-01 7.719083130359649658e-02 -4.282793030142784119e-02 5.773157253861427307e-02 9.944216609001159668e-01
1.403638131345097065e+09 -2.483253553509712219e-02 -9.573170542716979980e-01 -3.890204727649688721e-01 4.584157839417457581e-02 -3.710298240184783936e-02 2.261159569025039673e-02 9.980033636093139648e-01
1.403638131745097160e+09 2.469476778060197830e-03 -5.771392583847045898e-01 -2.503009736537933350e-01 3.846193104982376099e-02 -2.902086079120635986e-02 8.704208768904209137e-03 9.988006949424743652e-01
1.403638131945096970e+09 2.108717523515224457e-02 -2.925891578197479248e-01 -1.572199165821075439e-01 1.897140778601169586e-02 -2.193201147019863129e-02 -3.767587617039680481e-02 9.988691806793212891e-01
1.403638132245097160e+09 8.547977544367313385e-03 -6.327648758888244629e-01 -3.055523633956909180e-01 4.754072055220603943e-02 -4.223981872200965881e-02 -4.874977283179759979e-03 9.979639053344726562e-01
1.403638132545097113e+09 5.721201896667480469e-01 -6.056547760963439941e-01 -3.461880683898925781e-01 4.648215696215629578e-02 4.244265705347061157e-02 5.638808757066726685e-02 9.964228272438049316e-01
1.403638133945096970e+09 -3.204949572682380676e-02 -3.266629278659820557e-01 -8.285412192344665527e-02 1.713093742728233337e-02 6.402333080768585205e-02 6.432551145553588867e-02 9.957257509231567383e-01
1.403638137545097113e+09 -7.722795754671096802e-02 -1.686628907918930054e-01 -1.352278981357812881e-02 -7.594937458634376526e-03 7.492023706436157227e-02 3.616728633642196655e-02 9.965044856071472168e-01
1.403638137845097065e+09 -9.224852919578552246e-02 -7.871895283460617065e-02 1.993976719677448273e-02 -9.754852391779422760e-03 8.609262853860855103e-02 3.642911836504936218e-02 9.955731630325317383e-01
1.403638137945096970e+09 -8.318826556205749512e-02 -1.612322479486465454e-01 7.311221957206726074e-02 3.776184469461441040e-02 9.612526744604110718e-02 3.019162267446517944e-02 9.941944479942321777e-01
1.403638148245097160e+09 -7.313619554042816162e-02 -3.808598220348358154e-01 3.936166316270828247e-02 4.192028939723968506e-02 9.067766368389129639e-02 2.706249617040157318e-02 9.946295619010925293e-01
1.403638148545097113e+09 -1.174705922603607178e-01 -9.312050342559814453e-01 1.873295456171035767e-01 3.192095831036567688e-02 7.580398023128509521e-02 1.887343078851699829e-02 9.964329600334167480e-01
1.403638149945096970e+09 -8.206243515014648438e-01 -1.505722165107727051e+00 1.018575668334960938e+00 1.417066808789968491e-02 1.892598718404769897e-02 -9.179807268083095551e-03 9.996783733367919922e-01
1.403638151045097113e+09 -1.364619612693786621e+00 -1.748397231101989746e+00 1.475650787353515625e+00 2.925448305904865265e-02 -5.678236857056617737e-02 -4.551162570714950562e-02 9.969195723533630371e-01
1.403638151445096970e+09 -2.482939243316650391e+00 -2.320494174957275391e+00 2.083211660385131836e+00 2.804804220795631409e-02 -1.456225514411926270e-01 -8.052317053079605103e-02 9.856588840484619141e-01
1.403638152845097065e+09 -4.166115760803222656e+00 -2.798377752304077148e+00 2.869103193283081055e+00 3.076036088168621063e-02 -1.838062554597854614e-01 -8.668294548988342285e-02 9.786496758460998535e-01
1.403638153245097160e+09 -5.476247310638427734e+00 -3.286416530609130859e+00 3.367072343826293945e+00 2.073806896805763245e-02 -2.490948289632797241e-01 -1.372150480747222900e-01 9.584851264953613281e-01
1.403638153845097065e+09 -6.508143424987792969e+00 -3.603839635848999023e+00 3.720082759857177734e+00 3.384134918451309204e-02 -3.040839433670043945e-01 -1.429999023675918579e-01 9.412431716918945312e-01
1.403638154245097160e+09 -8.648300170898437500e+00 -3.774975776672363281e+00 4.317774772644042969e+00 4.855168238282203674e-02 -3.252321779727935791e-01 -1.503339111804962158e-01 9.323446154594421387e-01
1.403638155045097113e+09 -1.021751499176025391e+01 -3.985404729843139648e+00 4.155323028564453125e+00 6.804108619689941406e-02 -3.769307732582092285e-01 -1.733501851558685303e-01 9.073275923728942871e-01
1.403638155645097017e+09 -1.121583938598632812e+01 -3.822479724884033203e+00 3.893412590026855469e+00 6.782982498407363892e-02 -4.479670226573944092e-01 -1.749419718980789185e-01 8.741396069526672363e-01
1.403638155945096970e+09 -1.185227394104003906e+01 -3.641332864761352539e+00 3.591741085052490234e+00 3.447209671139717102e-02 -5.089241862297058105e-01 -2.088868916034698486e-01 8.343705534934997559e-01
1.403638156245097160e+09 -1.331247806549072266e+01 -3.380423784255981445e+00 2.970713615417480469e+00 1.101805642247200012e-02 -5.602282881736755371e-01 -2.344991713762283325e-01 7.943758964538574219e-01
1.403638157545097113e+09 -1.570216178894042969e+01 -3.265246391296386719e+00 2.658001899719238281e+00 3.682308644056320190e-02 -5.801753401756286621e-01 -2.482416480779647827e-01 7.748656272888183594e-01
1.403638157945096970e+09 -1.683890724182128906e+01 -3.328635215759277344e+00 2.429977416992187500e+00 2.779365703463554382e-02 -6.379499435424804688e-01 -2.595399618148803711e-01 7.244904637336730957e-01
1.403638158645097017e+09 -1.958653450012207031e+01 -3.215494155883789062e+00 2.064622879028320312e+00 -1.011894433759152889e-03 -6.386356353759765625e-01 -2.763758003711700439e-01 7.181643843650817871e-01
1.403638159445096970e+09 -2.138189506530761719e+01 -3.401139259338378906e+00 1.919660568237304688e+00 2.578800544142723083e-02 -6.652505397796630859e-01 -1.998656243085861206e-01 7.189092040061950684e-01
1.403638160045097113e+09 -2.331014633178710938e+01 -5.132249832153320312e+00 2.046205520629882812e+00 2.169135771691799164e-02 -6.473459005355834961e-01 -2.504016160964965820e-01 7.195636034011840820e-01
1.403638161045097113e+09 -2.393861389160156250e+01 -5.752842426300048828e+00 2.238763809204101562e+00 3.630359470844268799e-02 -6.016651391983032227e-01 -2.159029245376586914e-01 7.681582570075988770e-01
1.403638161345097065e+09 -2.463845634460449219e+01 -6.489176750183105469e+00 2.754009246826171875e+00 1.899550482630729675e-02 -5.277433395385742188e-01 -2.019769996404647827e-01 8.248220086097717285e-01
1.403638162145097017e+09 -2.545128250122070312e+01 -7.428197860717773438e+00 3.857744216918945312e+00 2.157450094819068909e-02 -5.032293796539306641e-01 -1.871768832206726074e-01 8.433620929718017578e-01
1.403638163045097113e+09 -2.592336273193359375e+01 -8.472366333007812500e+00 4.940781593322753906e+00 3.504578024148941040e-02 -4.805436134338378906e-01 -1.655027419328689575e-01 8.604990243911743164e-01
1.403638163445096970e+09 -2.608409881591796875e+01 -8.942707061767578125e+00 5.870187759399414062e+00 4.033023491501808167e-02 -4.272329807281494141e-01 -1.589967906475067139e-01 8.891375660896301270e-01
1.403638163945096970e+09 -2.606075668334960938e+01 -1.023523712158203125e+01 7.195743560791015625e+00 3.701492026448249817e-02 -4.289133548736572266e-01 -1.373078972101211548e-01 8.920817375183105469e-01
1.403638164745097160e+09 -2.561902427673339844e+01 -1.123229789733886719e+01 8.526541709899902344e+00 6.105211749672889709e-02 -4.059583842754364014e-01 -1.499721854925155640e-01 8.994324803352355957e-01
1.403638165145097017e+09 -2.509629249572753906e+01 -1.166846656799316406e+01 9.454016685485839844e+00 3.473579138517379761e-02 -3.873643577098846436e-01 -1.283323019742965698e-01 9.122900962829589844e-01
1.403638165545097113e+09 -2.441586685180664062e+01 -1.194622611999511719e+01 1.042904472351074219e+01 7.666993886232376099e-02 -3.753667473793029785e-01 -1.230055689811706543e-01 9.154732227325439453e-01
1.403638165945096970e+09 -2.355348014831542969e+01 -1.213368415832519531e+01 1.127819061279296875e+01 4.436958208680152893e-02 -3.672009408473968506e-01 -1.493650972843170166e-01 9.169977903366088867e-01
1.403638166445096970e+09 -2.233661842346191406e+01 -1.305682945251464844e+01 1.203552532196044922e+01 3.878411278128623962e-02 -3.748961687088012695e-01 -1.558931320905685425e-01 9.130421876907348633e-01
1.403638167045097113e+09 -2.137780570983886719e+01 -1.380018424987792969e+01 1.299287128448486328e+01 3.132730955258011818e-03 -3.729125261306762695e-01 -1.641940176486968994e-01 9.132179021835327148e-01
1.403638167545097113e+09 -2.099759101867675781e+01 -1.446136093139648438e+01 1.384633445739746094e+01 1.870173402130603790e-02 -3.732150197029113770e-01 -1.323031485080718994e-01 9.180722832679748535e-01
1.403638167945096970e+09 -2.070651245117187500e+01 -1.488728141784667969e+01 1.464350891113281250e+01 2.038102038204669952e-02 -3.399915993213653564e-01 -1.030826568603515625e-01 9.345396757125854492e-01
1.403638168245097160e+09 -2.033165359497070312e+01 -1.541685390472412109e+01 1.551956558227539062e+01 2.690711617469787598e-02 -2.957225441932678223e-01 -9.436922520399093628e-02 9.502204060554504395e-01
1.403638168445096970e+09 -1.976966476440429688e+01 -1.619784927368164062e+01 1.670689773559570312e+01 1.929758116602897644e-02 -2.391613572835922241e-01 -1.200499087572097778e-01 9.633367061614990234e-01
1.403638169045097113e+09 -1.933358764648437500e+01 -1.693161201477050781e+01 1.837207031250000000e+01 3.314007446169853210e-02 -2.501481771469116211e-01 -1.044764891266822815e-01 9.619835615158081055e-01
1.403638169445096970e+09 -1.901429557800292969e+01 -1.739872169494628906e+01 1.978620529174804688e+01 5.524471774697303772e-02 -2.223083525896072388e-01 -4.397860169410705566e-02 9.724160432815551758e-01
1.403638169745097160e+09 -1.858695602416992188e+01 -1.786870574951171875e+01 2.075257492065429688e+01 6.346501410007476807e-02 -1.386489719152450562e-01 -5.990599840879440308e-02 9.864886999130249023e-01
1.403638170045097113e+09 -1.811849594116210938e+01 -1.833224868774414062e+01 2.155580520629882812e+01 7.969165593385696411e-02 -6.928203999996185303e-02 -2.500211261212825775e-02 9.940946698188781738e-01
1.403638170345097065e+09 -1.746779251098632812e+01 -1.866228675842285156e+01 2.243359947204589844e+01 7.412801682949066162e-02 1.112621836364269257e-02 4.113120958209037781e-02 9.963380694389343262e-01
1.403638170745097160e+09 -1.662916374206542969e+01 -1.899554824829101562e+01 2.296706581115722656e+01 7.940898090600967407e-02 9.446210414171218872e-02 7.185736298561096191e-02 9.897513389587402344e-01
1.403638171245097160e+09 -1.506439018249511719e+01 -1.904586982727050781e+01 2.323866653442382812e+01 9.535993635654449463e-02 1.457738429307937622e-01 1.027059778571128845e-01 9.793405532836914062e-01
1.403638171845097065e+09 -1.379154682159423828e+01 -1.883421707153320312e+01 2.291505622863769531e+01 1.101064160466194153e-01 1.783295422792434692e-01 1.181832253932952881e-01 9.706224799156188965e-01
1.403638172245097160e+09 -1.203307819366455078e+01 -1.822821235656738281e+01 2.185498809814453125e+01 1.111877188086509705e-01 1.878616660833358765e-01 1.136314496397972107e-01 9.692436456680297852e-01
1.403638172845097065e+09 -1.093525123596191406e+01 -1.747273826599121094e+01 2.101859664916992188e+01 1.151822358369827271e-01 1.780488938093185425e-01 1.180294528603553772e-01 9.701034426689147949e-01
1.403638173145097017e+09 -9.785192489624023438e+00 -1.652111434936523438e+01 1.996723747253417969e+01 9.922027587890625000e-02 1.644377708435058594e-01 1.265736371278762817e-01 9.731878638267517090e-01
1.403638173345097065e+09 -8.947116851806640625e+00 -1.576576519012451172e+01 1.920765876770019531e+01 8.597975969314575195e-02 1.669196784496307373e-01 1.128343418240547180e-01 9.757118821144104004e-01
1.403638173445096970e+09 -7.668605804443359375e+00 -1.447857570648193359e+01 1.803769493103027344e+01 7.443248480558395386e-02 1.830344796180725098e-01 7.928918302059173584e-02 9.770728945732116699e-01
1.403638173845097065e+09 -6.865301609039306641e+00 -1.357649612426757812e+01 1.726100158691406250e+01 7.186176627874374390e-02 1.854059994220733643e-01 8.060690760612487793e-02 9.767103791236877441e-01
1.403638174045097113e+09 -5.388643264770507812e+00 -1.193474769592285156e+01 1.561359977722167969e+01 5.976411700248718262e-02 1.895744651556015015e-01 7.983847707509994507e-02 9.767884612083435059e-01
1.403638174445096970e+09 -4.007572174072265625e+00 -1.033170700073242188e+01 1.401958465576171875e+01 2.974052354693412781e-02 1.888933479785919189e-01 8.048868924379348755e-02 9.782415032386779785e-01
1.403638174845097065e+09 -2.634100914001464844e+00 -8.977958679199218750e+00 1.251792621612548828e+01 1.338607445359230042e-02 1.924599707126617432e-01 7.481087744235992432e-02 9.783574938774108887e-01
1.403638175245097160e+09 -1.340570926666259766e+00 -7.965998172760009766e+00 1.122165679931640625e+01 -6.287395954132080078e-03 2.009948641061782837e-01 7.055508345365524292e-02 9.770279526710510254e-01
1.403638175645097017e+09 2.538010478019714355e-01 -7.277709484100341797e+00 1.011780834197998047e+01 -5.248970910906791687e-02 1.999726742506027222e-01 6.632898002862930298e-02 9.761435985565185547e-01
1.403638176145097017e+09 1.478435277938842773e+00 -6.954901695251464844e+00 9.923423767089843750e+00 2.381543256342411041e-02 2.055185735225677490e-01 4.557729884982109070e-02 9.773012399673461914e-01
1.403638176845097065e+09 3.825306415557861328e+00 -6.962146759033203125e+00 1.043028354644775391e+01 3.786010295152664185e-02 2.006706744432449341e-01 8.966252952814102173e-02 9.748120903968811035e-01
1.403638178145097017e+09 4.547989845275878906e+00 -6.956167221069335938e+00 1.070850753784179688e+01 5.817445367574691772e-02 2.894703745841979980e-01 1.246016994118690491e-01 9.472576975822448730e-01
1.403638178645097017e+09 5.160906314849853516e+00 -6.743964672088623047e+00 1.053750038146972656e+01 2.636805735528469086e-02 3.763182461261749268e-01 1.718212366104125977e-01 9.100366830825805664e-01
1.403638179245097160e+09 6.166995048522949219e+00 -6.221965789794921875e+00 1.037646484375000000e+01 2.940582111477851868e-02 4.598833620548248291e-01 1.902723759412765503e-01 8.668558597564697266e-01
1.403638179745097160e+09 7.141601562500000000e+00 -5.937132835388183594e+00 1.016852951049804688e+01 2.012150175869464874e-02 5.356056094169616699e-01 2.301737368106842041e-01 8.122449517250061035e-01
1.403638180545097113e+09 9.479360580444335938e+00 -5.442734718322753906e+00 9.701253890991210938e+00 8.763160556554794312e-03 5.319511294364929199e-01 2.315514683723449707e-01 8.144538402557373047e-01
1.403638181345097065e+09 1.096878242492675781e+01 -5.084699630737304688e+00 9.505362510681152344e+00 6.687860190868377686e-02 5.796492695808410645e-01 2.442358434200286865e-01 7.745211124420166016e-01
1.403638181745097160e+09 1.180823993682861328e+01 -4.841078758239746094e+00 9.165903091430664062e+00 3.690816834568977356e-02 6.345221996307373047e-01 2.534099519252777100e-01 7.292481064796447754e-01
1.403638182145097017e+09 1.281977081298828125e+01 -4.691034317016601562e+00 8.562726974487304688e+00 2.029959112405776978e-02 6.523293852806091309e-01 2.884241938591003418e-01 7.006181478500366211e-01
1.403638182645097017e+09 1.424889755249023438e+01 -4.582506656646728516e+00 7.671601295471191406e+00 -1.498878467828035355e-03 6.514648795127868652e-01 2.777168750762939453e-01 7.060202956199645996e-01
1.403638183045097113e+09 1.554932212829589844e+01 -4.462819576263427734e+00 7.015722274780273438e+00 1.073919050395488739e-02 6.545712351799011230e-01 2.550223469734191895e-01 7.116071581840515137e-01
1.403638183545097113e+09 1.723842620849609375e+01 -4.152849197387695312e+00 6.402448654174804688e+00 -1.478008925914764404e-03 6.522577404975891113e-01 2.571772336959838867e-01 7.130340337753295898e-01
1.403638183945096970e+09 1.898326492309570312e+01 -4.179404258728027344e+00 5.925054550170898438e+00 -3.931768238544464111e-03 6.532938480377197266e-01 2.590429484844207764e-01 7.113990187644958496e-01
1.403638184445096970e+09 2.144639205932617188e+01 -4.257217407226562500e+00 5.655656814575195312e+00 7.379740476608276367e-03 6.602197885513305664e-01 2.487112581729888916e-01 7.086594104766845703e-01
1.403638185245097160e+09 2.346944808959960938e+01 -4.497040271759033203e+00 5.704250335693359375e+00 1.949160476215183735e-03 6.564298868179321289e-01 2.249364405870437622e-01 7.200691699981689453e-01
1.403638185745097160e+09 2.466606330871582031e+01 -4.794183731079101562e+00 5.971664428710937500e+00 2.967075072228908539e-02 6.144481301307678223e-01 2.483980357646942139e-01 7.482456564903259277e-01
1.403638186345097065e+09 2.665706443786621094e+01 -5.177544593811035156e+00 6.444166183471679688e+00 7.550008594989776611e-03 6.165556311607360840e-01 2.341621369123458862e-01 7.516450285911560059e-01
1.403638186945096970e+09 2.801080131530761719e+01 -5.507078170776367188e+00 6.953756332397460938e+00 1.164601650089025497e-02 5.735706686973571777e-01 2.036846280097961426e-01 7.933433651924133301e-01
1.403638187245097160e+09 2.874264717102050781e+01 -5.888418197631835938e+00 7.294900894165039062e+00 4.321201518177986145e-02 5.134364366531372070e-01 1.728984117507934570e-01 8.394176363945007324e-01
1.403638187645097017e+09 3.014456176757812500e+01 -6.792675971984863281e+00 8.231300354003906250e+00 3.468900918960571289e-02 5.024057030677795410e-01 1.371247321367263794e-01 8.529841303825378418e-01
1.403638188445096970e+09 2.991651916503906250e+01 -7.433088779449462891e+00 9.189324378967285156e+00 6.352906674146652222e-02 4.620846509933471680e-01 1.473274379968643188e-01 8.722021579742431641e-01
1.403638189345097065e+09 2.921943283081054688e+01 -7.690700054168701172e+00 9.288106918334960938e+00 2.780162170529365540e-02 3.981605470180511475e-01 1.475933045148849487e-01 9.049373269081115723e-01
1.403638189745097160e+09 2.799364852905273438e+01 -8.069227218627929688e+00 9.677005767822265625e+00 3.753392025828361511e-02 3.894884884357452393e-01 1.007286310195922852e-01 9.147369265556335449e-01
1.403638190745097160e+09 2.634799385070800781e+01 -8.389360427856445312e+00 1.034133720397949219e+01 2.401087619364261627e-02 3.513953089714050293e-01 1.257283538579940796e-01 9.274358153343200684e-01
1.403638192045097113e+09 2.496248435974121094e+01 -8.783107757568359375e+00 1.086909294128417969e+01 1.080186385661363602e-02 3.601087033748626709e-01 1.147812530398368835e-01 9.257593154907226562e-01
1.403638192345097065e+09 2.377311325073242188e+01 -9.507713317871093750e+00 1.146178340911865234e+01 4.641915857791900635e-02 3.593939840793609619e-01 1.136156320571899414e-01 9.250798225402832031e-01
1.403638192845097065e+09 2.232149314880371094e+01 -1.015819072723388672e+01 1.175680065155029297e+01 8.715085685253143311e-02 3.370004594326019287e-01 1.214392706751823425e-01 9.295633435249328613e-01
1.403638193645097017e+09 2.027976036071777344e+01 -1.060646915435791016e+01 1.112233448028564453e+01 3.792254254221916199e-02 3.202202320098876953e-01 1.135952770709991455e-01 9.397431015968322754e-01
1.403638194545097113e+09 1.762755012512207031e+01 -1.045607471466064453e+01 1.012315750122070312e+01 1.402942556887865067e-02 3.216228485107421875e-01 1.248106583952903748e-01 9.385011196136474609e-01
1.403638195245097160e+09 1.523068141937255859e+01 -1.002024650573730469e+01 9.794479370117187500e+00 -8.765921811573207378e-04 3.179881572723388672e-01 1.308601498603820801e-01 9.390199184417724609e-01
1.403638197045097113e+09 1.407291889190673828e+01 -1.112702274322509766e+01 1.099752044677734375e+01 4.773635789752006531e-02 3.282765746116638184e-01 1.043816283345222473e-01 9.375820755958557129e-01
1.403638198845097065e+09 1.219605636596679688e+01 -1.091407775878906250e+01 1.232917785644531250e+01 3.565976023674011230e-02 3.429479300975799561e-01 6.076844036579132080e-02 9.367082715034484863e-01
1.403638199645097017e+09 1.081901550292968750e+01 -1.132851696014404297e+01 1.271101379394531250e+01 2.812640741467475891e-02 3.405846953392028809e-01 5.159113183617591858e-02 9.383759498596191406e-01
1.403638199845097065e+09 9.071702003479003906e+00 -1.190222167968750000e+01 1.314120292663574219e+01 3.161830455064773560e-02 2.962309122085571289e-01 8.196311444044113159e-02 9.510675668716430664e-01
1.403638200245097160e+09 7.697369098663330078e+00 -1.226609134674072266e+01 1.349533176422119141e+01 4.886487498879432678e-02 2.598797976970672607e-01 4.931958019733428955e-02 9.631419181823730469e-01
1.403638200445096970e+09 6.218693256378173828e+00 -1.270577430725097656e+01 1.374280071258544922e+01 4.601427540183067322e-02 2.255586981773376465e-01 1.094232592731714249e-02 9.730808734893798828e-01
1.403638200845097065e+09 3.979686260223388672e+00 -1.332670402526855469e+01 1.403969383239746094e+01 3.921469673514366150e-02 1.846861541271209717e-01 1.740862429141998291e-02 9.818606376647949219e-01
1.403638201245097160e+09 1.018278837203979492e+00 -1.372681236267089844e+01 1.453864765167236328e+01 4.556368663907051086e-02 1.836040019989013672e-01 2.942457608878612518e-02 9.815027713775634766e-01
1.403638201845097065e+09 -7.687383890151977539e-01 -1.374494266510009766e+01 1.486612510681152344e+01 5.076400190591812134e-02 1.859072595834732056e-01 3.220655769109725952e-02 9.807264208793640137e-01
1.403638202045097113e+09 -3.176187753677368164e+00 -1.371798133850097656e+01 1.520790195465087891e+01 3.997993841767311096e-02 1.544563919305801392e-01 4.345609247684478760e-02 9.862334132194519043e-01
1.403638202445096970e+09 -5.475373744964599609e+00 -1.375282859802246094e+01 1.548201847076416016e+01 2.977867797017097473e-02 1.401353031396865845e-01 4.971021041274070740e-02 9.884353280067443848e-01
1.403638202845097065e+09 -7.587964057922363281e+00 -1.363383293151855469e+01 1.582572078704833984e+01 3.488609567284584045e-02 1.407418847084045410e-01 4.979027807712554932e-02 9.881778955459594727e-01
1.403638203245097160e+09 -9.519133567810058594e+00 -1.364111423492431641e+01 1.607202720642089844e+01 4.781141877174377441e-02 1.408751457929611206e-01 4.691299796104431152e-02 9.877587556838989258e-01
1.403638203645097017e+09 -1.131686878204345703e+01 -1.361786174774169922e+01 1.621187973022460938e+01 4.491567239165306091e-02 1.384271979331970215e-01 5.002040416002273560e-02 9.880883097648620605e-01
1.403638204045097113e+09 -1.295031833648681641e+01 -1.376336956024169922e+01 1.617415237426757812e+01 3.431583940982818604e-02 1.298146247863769531e-01 6.041877716779708862e-02 9.891007542610168457e-01
1.403638204445096970e+09 -1.457906532287597656e+01 -1.400813770294189453e+01 1.607252502441406250e+01 2.534293755888938904e-02 1.123167052865028381e-01 7.459960132837295532e-02 9.905440807342529297e-01
1.403638204945096970e+09 -1.533529853820800781e+01 -1.398174667358398438e+01 1.609275245666503906e+01 3.154118359088897705e-02 5.968321114778518677e-02 9.502084925770759583e-03 9.976737499237060547e-01
1.403638205145097017e+09 -1.583218479156494141e+01 -1.395802879333496094e+01 1.610465812683105469e+01 3.515998274087905884e-02 -2.084075659513473511e-02 -2.717923186719417572e-02 9.987946748733520508e-01
1.403638205345097065e+09 -1.634012794494628906e+01 -1.398805141448974609e+01 1.608963584899902344e+01 4.736704751849174500e-02 -1.107054725289344788e-01 -6.449963152408599854e-02 9.906262755393981934e-01
1.403638205545097113e+09 -1.739190673828125000e+01 -1.415674209594726562e+01 1.590346717834472656e+01 7.851116359233856201e-02 -1.892692148685455322e-01 -1.339497268199920654e-01 9.695724248886108398e-01
1.403638205945096970e+09 -1.826989936828613281e+01 -1.432865715026855469e+01 1.549420166015625000e+01 7.407525181770324707e-02 -2.605617642402648926e-01 -1.482359617948532104e-01 9.511291384696960449e-01
1.403638206245097160e+09 -1.888154983520507812e+01 -1.442421627044677734e+01 1.513533973693847656e+01 7.489059865474700928e-02 -3.070611655712127686e-01 -1.498688608407974243e-01 9.368265867233276367e-01
1.403638206445096970e+09 -1.978499031066894531e+01 -1.442555046081542969e+01 1.456460762023925781e+01 7.675338536500930786e-02 -3.415381312370300293e-01 -1.391517817974090576e-01 9.263355135917663574e-01
1.403638206845097065e+09 -2.081984710693359375e+01 -1.416331958770751953e+01 1.377784156799316406e+01 7.991907000541687012e-02 -3.729679882526397705e-01 -1.399753093719482422e-01 9.137367010116577148e-01
1.403638207245097160e+09 -2.144159507751464844e+01 -1.378253364562988281e+01 1.315864181518554688e+01 8.573874831199645996e-02 -3.917938172817230225e-01 -1.411058753728866577e-01 9.051164388656616211e-01
1.403638207445096970e+09 -2.176068305969238281e+01 -1.348006629943847656e+01 1.268656253814697266e+01 8.725082129240036011e-02 -4.255508780479431152e-01 -1.514371484518051147e-01 8.878967165946960449e-01
1.403638207645097017e+09 -2.199789428710937500e+01 -1.320447731018066406e+01 1.216568374633789062e+01 6.419735401868820190e-02 -4.521124958992004395e-01 -1.654462516307830811e-01 8.741285204887390137e-01
1.403638207945096970e+09 -2.229863357543945312e+01 -1.281153011322021484e+01 1.110060310363769531e+01 4.534081742167472839e-02 -4.664980173110961914e-01 -1.716760694980621338e-01 8.665167093276977539e-01
1.403638208445096970e+09 -2.248047256469726562e+01 -1.222738647460937500e+01 9.923542976379394531e+00 4.161377623677253723e-02 -4.771305024623870850e-01 -1.815245747566223145e-01 8.588734865188598633e-01
1.403638208845097065e+09 -2.247868156433105469e+01 -1.176159667968750000e+01 8.851943969726562500e+00 4.410501569509506226e-02 -5.087344050407409668e-01 -1.899260729551315308e-01 8.385536670684814453e-01
1.403638209545097113e+09 -2.212131500244140625e+01 -9.987603187561035156e+00 7.672586441040039062e+00 5.981617048382759094e-02 -5.100600123405456543e-01 -1.847490072250366211e-01 8.379312157630920410e-01
1.403638210545097113e+09 -2.082621955871582031e+01 -7.607270240783691406e+00 6.869258880615234375e+00 5.972479283809661865e-02 -5.112600326538085938e-01 -1.754516661167144775e-01 8.392037749290466309e-01
1.403638211245097160e+09 -1.935527038574218750e+01 -6.437202453613281250e+00 6.255446434020996094e+00 4.179173707962036133e-02 -4.895159602165222168e-01 -1.714730411767959595e-01 8.539464473724365234e-01
1.403638211745097160e+09 -1.825134277343750000e+01 -5.649353504180908203e+00 6.002860546112060547e+00 3.393075615167617798e-02 -4.109323322772979736e-01 -1.234878748655319214e-01 9.026261568069458008e-01
1.403638212045097113e+09 -1.733069992065429688e+01 -5.240567684173583984e+00 5.866425514221191406e+00 3.756283596158027649e-02 -3.371625840663909912e-01 -1.007521599531173706e-01 9.352858066558837891e-01
1.403638212345097065e+09 -1.633612251281738281e+01 -4.992377758026123047e+00 5.703525066375732422e+00 4.082915931940078735e-02 -2.645854949951171875e-01 -7.581463456153869629e-02 9.605101346969604492e-01
1.403638212645097017e+09 -1.528454875946044922e+01 -4.878585815429687500e+00 5.522948265075683594e+00 3.947059437632560730e-02 -1.883268952369689941e-01 -4.871614277362823486e-02 9.801029562950134277e-01
1.403638212945096970e+09 -1.454982948303222656e+01 -4.870535850524902344e+00 5.388170242309570312e+00 3.750901669263839722e-02 -1.318385601043701172e-01 -2.586457505822181702e-02 9.902235865592956543e-01
1.403638213145097017e+09 -1.379310703277587891e+01 -4.887641906738281250e+00 5.249588489532470703e+00 2.487346529960632324e-02 -7.586898654699325562e-02 6.003107409924268723e-03 9.967894554138183594e-01
1.403638213345097065e+09 -1.301187229156494141e+01 -4.869236469268798828e+00 5.159898281097412109e+00 3.606993705034255981e-03 -2.426402643322944641e-02 4.880900308489799500e-02 9.985068440437316895e-01
1.403638213545097113e+09 -1.215622520446777344e+01 -4.829284667968750000e+00 5.135097980499267578e+00 1.550320442765951157e-02 2.749207057058811188e-02 6.242999807000160217e-02 9.975501894950866699e-01
1.403638213745097160e+09 -1.126179409027099609e+01 -4.819674015045166016e+00 5.131775379180908203e+00 3.888914734125137329e-02 6.213269382715225220e-02 4.301948100328445435e-02 9.963817596435546875e-01
1.403638214045097113e+09 -9.485273361206054688e+00 -4.921099662780761719e+00 5.022022247314453125e+00 1.248914003372192383e-02 6.673198938369750977e-02 3.385413438081741333e-02 9.971182942390441895e-01
1.403638214445096970e+09 -7.765826702117919922e+00 -4.999665260314941406e+00 5.049744129180908203e+00 2.287055552005767822e-02 5.469186976552009583e-02 2.378759719431400299e-02 9.979578852653503418e-01
1.403638214845097065e+09 -5.724721431732177734e+00 -4.898529529571533203e+00 5.274530410766601562e+00 4.621867462992668152e-02 4.617783054709434509e-02 1.530551165342330933e-02 9.977460503578186035e-01
1.403638215445096970e+09 -3.571168899536132812e+00 -4.662536144256591797e+00 5.464371204376220703e+00 4.444341734051704407e-02 5.085756257176399231e-02 6.713955663144588470e-03 9.976939558982849121e-01
1.403638216045097113e+09 -1.776206612586975098e+00 -4.465073585510253906e+00 5.502942085266113281e+00 4.776069894433021545e-02 7.117772847414016724e-02 1.464280951768159866e-02 9.962119460105895996e-01
1.403638216745097160e+09 -1.333464384078979492e-01 -4.187456130981445312e+00 5.337448120117187500e+00 5.201220512390136719e-02 9.912230074405670166e-02 1.999797113239765167e-02 9.935138225555419922e-01
1.403638217245097160e+09 1.022624135017395020e+00 -3.807029962539672852e+00 5.028942584991455078e+00 3.106445632874965668e-02 1.558347046375274658e-01 2.421224676072597504e-02 9.869976639747619629e-01
1.403638219345097065e+09 6.034915447235107422e-01 -2.324892044067382812e+00 1.466702699661254883e+00 3.012424521148204803e-02 1.780137419700622559e-01 5.552648007869720459e-02 9.819982647895812988e-01
1.403638223345097065e+09 3.426780700683593750e-01 -1.654588460922241211e+00 7.246558666229248047e-01 2.941308915615081787e-02 1.793076992034912109e-01 5.503456294536590576e-02 9.818120598793029785e-01
1.403638224145097017e+09 2.921032905578613281e-01 -1.335875988006591797e+00 6.754779815673828125e-01 1.798384636640548706e-02 1.774964481592178345e-01 5.919756740331649780e-02 9.821748137474060059e-01
1.403638225145097017e+09 2.185898721218109131e-01 -1.152488350868225098e+00 7.961192727088928223e-01 2.237479761242866516e-02 1.759796738624572754e-01 5.302351340651512146e-02 9.827101230621337891e-01
1.403638226045097113e+09 1.936980187892913818e-01 -1.099874496459960938e+00 8.147150278091430664e-01 5.253021139651536942e-03 1.715464890003204346e-01 5.730770528316497803e-02 9.834938049316406250e-01
1.403638226145097017e+09 1.597463935613632202e-01 -1.111921429634094238e+00 8.550518751144409180e-01 -8.353963494300842285e-04 1.735256612300872803e-01 5.433207750320434570e-02 9.833291172981262207e-01
