1.403638129345096960e+18 4.630283112599999917e+00 -1.707707330100000087e+00 5.682943014000000348e-01 5.432033052000000417e-01 7.627725207000000118e-01 -3.068792631000000215e-01 1.700981146689999890e-01
1.403638129445096960e+18 4.632079189899999783e+00 -1.708826642100000015e+00 5.805192415000000050e-01 5.528399618999999543e-01 7.527759908000000166e-01 -3.212247354000000166e-01 1.565597442820000074e-01
1.403638129645096960e+18 4.630011478000000125e+00 -1.709342928299999897e+00 5.881647634000000124e-01 5.178649795999999972e-01 7.853048374000000109e-01 -2.920117114999999930e-01 1.727464488890000094e-01
1.403638129845096960e+18 4.629702746599999585e+00 -1.706457078899999980e+00 6.162028513999999735e-01 5.172684881000000345e-01 7.869778469000000554e-01 -2.876369059000000172e-01 1.742532353590000027e-01
1.403638130145096960e+18 4.628241520000000442e+00 -1.695907952300000021e+00 7.156849887999999771e-01 5.334093264000000501e-01 7.782817449000000165e-01 -2.865478485999999880e-01 1.662598766629999891e-01
1.403638130345096960e+18 4.627049280899999673e+00 -1.689756759400000030e+00 7.997074929999999915e-01 5.457727377000000102e-01 7.724039834000000493e-01 -2.843000674000000227e-01 1.571549453549999920e-01
1.403638130645096960e+18 4.622818553800000174e+00 -1.683909139999999915e+00 9.222932970999999647e-01 5.523096619999999790e-01 7.717372031000000465e-01 -2.734342589000000046e-01 1.568739388560000114e-01
1.403638130845096960e+18 4.621960826599999628e+00 -1.682567464999999984e+00 1.000932577399999968e+00 5.732478263000000407e-01 7.546098319999999804e-01 -2.879027113000000027e-01 1.380686783719999866e-01
1.403638131345096960e+18 4.625852910299999898e+00 -1.692223852199999934e+00 9.610684348000000377e-01 5.626385386000000155e-01 7.633223390000000164e-01 -2.747855062999999820e-01 1.589647984660000068e-01
1.403638131945096960e+18 4.628277789600000247e+00 -1.717752460600000086e+00 7.122689215999999934e-01 5.441976416999999566e-01 7.748712879000000386e-01 -2.626418746999999998e-01 1.855873369540000095e-01
1.403638133945096960e+18 4.819363480099999819e+00 -1.918462368799999984e+00 7.914168729999999652e-01 5.291259434999999733e-01 7.341708064999999950e-01 -3.592767064999999871e-01 2.279017575199999979e-01
1.403638137845096960e+18 4.611348700099999753e+00 -1.675516620300000037e+00 5.755994504000000456e-01 4.851356911999999966e-01 7.628708654000000422e-01 -3.581157059999999781e-01 2.332906877429999914e-01
1.403638137945096960e+18 4.607925577899999681e+00 -1.675976659400000068e+00 5.608743868000000132e-01 4.697369449000000086e-01 7.733027771999999578e-01 -3.544230421999999825e-01 2.360811820220000135e-01
1.403638149945096960e+18 4.793043290700000014e+00 -1.352322463699999977e+00 9.858777203999999905e-01 5.252642421000000006e-01 7.529570412999999629e-01 -3.184207607999999801e-01 2.361384955170000022e-01
1.403638151445096960e+18 4.706863244200000018e+00 -6.660050614000000424e-01 9.366637920999999478e-01 5.470501248000000372e-01 7.981492785999999562e-01 -1.970587182999999909e-01 1.576760969029999959e-01
1.403638152845096960e+18 4.342054461800000098e+00 3.680076727000000103e-01 1.074757290300000001e+00 5.549336430000000320e-01 8.130670317999999508e-01 -1.347646418000000013e-01 1.131774928429999938e-01
1.403638153845096960e+18 3.895408725299999819e+00 1.284326381799999917e+00 1.254463853000000073e+00 5.595372408000000020e-01 8.278481427999999642e-01 -8.124640699999999618e-03 3.898100690049999956e-02
1.403638155645096960e+18 2.560311330699999832e+00 2.741555699900000143e+00 1.347401301399999918e+00 5.967027319000000052e-01 7.951790766999999871e-01 9.922749129999999806e-02 -4.230827993570000084e-02
1.403638155945096960e+18 2.257716524600000163e+00 2.830966966800000151e+00 1.314525305899999941e+00 5.860072627000000312e-01 7.913718242999999708e-01 1.475447867999999940e-01 -9.250221398789999772e-02
1.403638157945096960e+18 3.832262221000000135e-01 3.638088146999999939e+00 1.330465365800000077e+00 5.401143790000000333e-01 7.576882386000000080e-01 3.093729990999999901e-01 -1.961462161720000097e-01
1.403638158645096960e+18 -3.028029139000000258e-01 4.058680845099999601e+00 1.363023478999999982e+00 5.302676402999999539e-01 7.404057252000000311e-01 3.476992509999999870e-01 -2.229816643149999944e-01
1.403638159445096960e+18 -1.084234711099999915e+00 4.544188616699999628e+00 1.410107914099999915e+00 5.201832777999999546e-01 7.536177077000000279e-01 3.271860081999999892e-01 -2.332788550050000076e-01
1.403638161345096960e+18 -1.884898809500000105e+00 5.901496547299999840e+00 2.342699931599999896e+00 5.546993514000000403e-01 7.728532739000000262e-01 2.454847237999999987e-01 -1.863966119090000040e-01
1.403638162145096960e+18 -1.883072869200000055e+00 6.482293131699999655e+00 2.564254519099999907e+00 5.554195210000000271e-01 8.016082400999999802e-01 1.746854820000000030e-01 -1.357142861439999959e-01
1.403638163445096960e+18 -1.480479298199999905e+00 7.670560377600000201e+00 2.908174610900000179e+00 5.754453334000000364e-01 8.045267870000000210e-01 1.157834174999999993e-01 -9.051805046760000306e-02
1.403638163945096960e+18 -1.184001508699999983e+00 8.097964845299999936e+00 2.998497599799999858e+00 5.771109425999999543e-01 8.089877892000000292e-01 8.682711680000000654e-02 -7.030482580209999888e-02
1.403638165145096960e+18 -1.533844306999999907e-01 8.925068870000000487e+00 3.351113704199999876e+00 5.980125585000000132e-01 7.967841087999999461e-01 5.976780870000000107e-02 -6.280026122649999543e-02
1.403638165945096960e+18 7.769224235999999673e-01 9.210920995300000413e+00 3.236362782400000082e+00 5.957051920999999473e-01 8.010382333000000132e-01 4.788587750000000004e-02 -3.435135435449999941e-02
1.403638166445096960e+18 1.368824155300000012e+00 9.254800252200000799e+00 3.303652320299999889e+00 5.730038209000000160e-01 8.165555097000000151e-01 6.521458149999999343e-02 -2.551037474220000170e-02
1.403638167945096960e+18 2.882872390100000182e+00 9.747593087300000292e+00 3.680088316800000037e+00 5.652380004000000513e-01 8.235396387000000207e-01 1.037769279999999940e-02 -4.669871513619999748e-02
1.403638168445096960e+18 3.499123725400000051e+00 1.012139808809999941e+01 3.771907942199999919e+00 5.694812812999999752e-01 8.206194457000000053e-01 -4.614541350000000292e-02 1.205803963060000060e-02
1.403638169445096960e+18 4.711541913999999664e+00 1.102065471030000054e+01 3.801970976399999813e+00 5.842933135000000222e-01 8.068575385999999794e-01 -8.448887759999999802e-02 2.106812497540000093e-02
1.403638170345096960e+18 5.845613097100000211e+00 1.166595360620000044e+01 3.803441892099999944e+00 5.781139375999999608e-01 7.633018392999999513e-01 -2.344569086999999941e-01 1.678825043720000021e-01
1.403638171845096960e+18 7.339620196700000321e+00 1.129535172429999967e+01 3.793517117199999955e+00 5.510999837000000179e-01 6.612674580999999829e-01 -4.303409774999999993e-01 2.716998343409999794e-01
1.403638172845096960e+18 7.869667521900000295e+00 9.677436430500000242e+00 3.628301078999999874e+00 5.558726687999999694e-01 6.483250289999999971e-01 -4.350069434000000124e-01 2.853930485839999975e-01
1.403638173145096960e+18 7.927620201099999875e+00 8.988730151000000390e+00 3.462652523300000063e+00 5.504897203999999933e-01 6.592431025999999639e-01 -4.378061225000000056e-01 2.658672574550000056e-01
1.403638173345096960e+18 7.960802295399999728e+00 8.476589174700000839e+00 3.318881434900000205e+00 5.383504206000000458e-01 6.713875239000000050e-01 -4.310698463000000036e-01 2.712865734020000197e-01
1.403638173445096960e+18 7.978371074900000082e+00 8.209493174900000412e+00 3.235958662299999844e+00 5.302886938999999966e-01 6.776669670999999617e-01 -4.222673773999999769e-01 2.850467414189999937e-01
1.403638173845096960e+18 8.039457500899999332e+00 7.139616440400000208e+00 2.850673100399999882e+00 5.174810564999999807e-01 6.854498691999999505e-01 -4.171102502999999850e-01 2.973060243339999964e-01
1.403638174445096960e+18 7.887463379899999794e+00 5.434796248299999633e+00 2.326584540599999862e+00 4.980578316000000005e-01 6.997127336999999780e-01 -4.216344732999999789e-01 2.908003742440000150e-01
1.403638174845096960e+18 7.850118778099999695e+00 4.412102083899999805e+00 2.003851701099999882e+00 4.774794179999999888e-01 7.152275894999999828e-01 -4.227851056999999968e-01 2.858595022600000091e-01
1.403638175645096960e+18 7.940576834799999872e+00 2.708401973199999979e+00 1.671248104000000012e+00 4.337406530999999843e-01 7.393950361000000138e-01 -4.297091167000000045e-01 2.837500685989999827e-01
1.403638176145096960e+18 8.243798251699999469e+00 2.018098948300000028e+00 1.570024253299999950e+00 4.398837032999999841e-01 7.391404368999999752e-01 -4.090226314000000030e-01 3.047527344029999918e-01
1.403638176845096960e+18 8.792414962900000575e+00 1.538617118299999920e+00 1.528803503500000049e+00 4.756638912999999746e-01 7.141429382999999742e-01 -4.051504638000000269e-01 3.155896509780000136e-01
1.403638178145096960e+18 9.438304787899999937e+00 1.410958495300000060e+00 1.383119561400000030e+00 5.048208596000000048e-01 6.778592265999999755e-01 -4.351911775000000260e-01 3.102763406779999733e-01
1.403638178645096960e+18 9.625696623499999660e+00 1.295841076000000092e+00 1.390453508900000079e+00 4.664426708000000144e-01 6.266870706999999596e-01 -5.170305053999999512e-01 3.498199632990000030e-01
1.403638181345096960e+18 1.096446824609999915e+01 -4.875876308000000048e-01 9.668770045000000257e-01 3.391230498999999732e-01 4.708299666999999911e-01 -6.768275829000000021e-01 4.530111726800000183e-01
1.403638182145096960e+18 1.147537981460000012e+01 -1.318883656599999954e+00 8.713047192999999746e-01 2.552886808000000007e-01 3.648980874000000152e-01 -7.411217485000000105e-01 5.024098219310000335e-01
1.403638182645096960e+18 1.171022196570000062e+01 -1.897861169800000081e+00 9.360973075999999837e-01 2.324487611000000120e-01 3.677042051000000145e-01 -7.534794218000000487e-01 4.929806810760000158e-01
1.403638183945096960e+18 1.265070225560000061e+01 -3.531979417800000132e+00 1.060546547199999967e+00 2.395707917000000076e-01 3.789131975999999735e-01 -7.256681292000000116e-01 5.219543952099999773e-01
1.403638184445096960e+18 1.313157399910000045e+01 -4.056571978000000023e+00 1.145026050000000017e+00 2.339289742000000005e-01 3.792315626000000162e-01 -7.357721866999999971e-01 5.099999472339999951e-01
1.403638186345096960e+18 1.529707192120000059e+01 -5.298660457100000443e+00 1.345146665699999966e+00 2.751965344999999785e-01 4.183759707999999966e-01 -7.100078891000000114e-01 4.950931345039999987e-01
1.403638186945096960e+18 1.597902010510000004e+01 -5.526459150500000028e+00 1.403434666699999944e+00 2.630397137000000107e-01 4.437379898000000100e-01 -6.931325189000000497e-01 5.034620309939999983e-01
1.403638187645096960e+18 1.679259174739999949e+01 -5.586804310699999832e+00 1.562241477299999959e+00 3.671416928999999829e-01 5.256159026000000178e-01 -6.150409784999999463e-01 4.589765735290000093e-01
1.403638188445096960e+18 1.748934609289999997e+01 -5.473464612999999979e+00 1.682002163199999956e+00 3.876826871999999868e-01 5.079392589000000235e-01 -5.886573078000000292e-01 4.951589818300000112e-01
1.403638189345096960e+18 1.749199757690000112e+01 -4.995088866999999766e+00 1.799939333199999991e+00 4.160732560000000024e-01 5.614177067000000187e-01 -5.677978133000000094e-01 4.350848737599999905e-01
1.403638192345096960e+18 1.632190962150000146e+01 -2.960120619400000042e+00 2.040003374199999886e+00 4.251996411999999781e-01 6.252665149999999672e-01 -5.237597596999999938e-01 3.923299178949999910e-01
1.403638192845096960e+18 1.614912667109999944e+01 -2.473859203700000009e+00 2.227543464500000070e+00 4.561380465000000051e-01 6.022866946999999582e-01 -5.138104551000000075e-01 4.064328187890000055e-01
1.403638193645096960e+18 1.547428592009999981e+01 -1.909118585299999893e+00 2.537463837499999819e+00 4.689693702000000131e-01 6.238969578999999932e-01 -4.911034119000000087e-01 3.868303949879999815e-01
1.403638198845096960e+18 1.288305694219999964e+01 2.616150280000000272e-01 2.595356242599999863e+00 4.247499804000000045e-01 6.501308447000000434e-01 -4.669363810000000115e-01 4.229512442289999896e-01
1.403638199645096960e+18 1.234077616789999965e+01 1.150511329800000038e+00 2.651900512300000123e+00 4.241742305000000268e-01 6.543147857000000123e-01 -4.671202580000000104e-01 4.168297589500000178e-01
1.403638199845096960e+18 1.213433583189999965e+01 1.464389541699999908e+00 2.727870148400000083e+00 4.407194032999999789e-01 6.580853386999999666e-01 -4.718690113999999824e-01 3.873367148679999761e-01
1.403638200445096960e+18 1.146609757030000054e+01 2.448813586200000003e+00 2.882812206900000174e+00 4.791735637999999797e-01 6.863369844000000164e-01 -4.107494614000000155e-01 3.614126720749999966e-01
1.403638200845096960e+18 1.089063398549999917e+01 3.153551515300000219e+00 3.075482456500000072e+00 4.778237236000000276e-01 7.202053620999999684e-01 -3.627949635000000117e-01 3.483798789440000210e-01
1.403638201845096960e+18 9.172081782399999383e+00 5.068020406799999655e+00 3.213560059200000207e+00 4.992767036999999908e-01 7.078762341000000013e-01 -3.833788747999999913e-01 3.203976416470000199e-01
1.403638202445096960e+18 8.050820669700000209e+00 6.158488972899999858e+00 3.130715717000000176e+00 5.017180700000000160e-01 7.254338374000000034e-01 -3.796466949000000257e-01 2.790933765220000029e-01
1.403638202845096960e+18 7.367019253399999634e+00 6.830035618200000158e+00 3.051836957499999947e+00 5.019047794000000007e-01 7.260793336999999958e-01 -3.809379696999999898e-01 2.752937645030000269e-01
1.403638203645096960e+18 6.157573434899999754e+00 8.002284293300000684e+00 2.912521498299999845e+00 5.124291858999999727e-01 7.177928305999999870e-01 -3.806218836999999966e-01 2.780589209320000199e-01
1.403638204445096960e+18 5.075435525599999664e+00 8.874828791600000599e+00 3.011466824999999847e+00 5.058753520000000004e-01 7.235602727000000067e-01 -4.026056545000000209e-01 2.417836781540000091e-01
1.403638204945096960e+18 4.592934552500000045e+00 9.255476754000000028e+00 3.067674328099999848e+00 5.143368732999999970e-01 7.465718314999999494e-01 -3.430545230000000001e-01 2.457675231329999876e-01
1.403638205145096960e+18 4.421374483100000141e+00 9.392168826200000709e+00 3.048349796100000120e+00 5.287511875000000527e-01 7.709171674999999446e-01 -2.798684790000000033e-01 2.185921704519999953e-01
1.403638205345096960e+18 4.240386462800000089e+00 9.536067858299999145e+00 3.037544946000000134e+00 5.524972092000000057e-01 7.908161197999999947e-01 -2.029027691999999994e-01 1.678903354000000070e-01
1.403638205945096960e+18 3.652953642299999970e+00 9.903044914600000581e+00 3.180789212000000088e+00 5.871487416999999764e-01 8.011185360999999450e-01 -3.964232370000000255e-02 1.090593064740000007e-01
1.403638206445096960e+18 2.937379108000000016e+00 1.009818417550000014e+01 3.420203495099999991e+00 5.984862356000000272e-01 8.004079620999999811e-01 2.946938959999999968e-02 1.711359204990000119e-02
1.403638206845096960e+18 2.327713672899999864e+00 1.015476067360000023e+01 3.515939936400000132e+00 6.029630862999999508e-01 7.961780891999999943e-01 4.869108269999999905e-02 -1.285088905559999932e-02
1.403638207445096960e+18 1.469021573300000050e+00 1.003234658789999934e+01 3.453590875100000179e+00 6.163058080000000105e-01 7.819397945999999600e-01 8.118280210000000663e-02 -4.633207590619999733e-02
1.403638207645096960e+18 1.205943867900000077e+00 9.919630242000000209e+00 3.414431498699999956e+00 6.055453817000000516e-01 7.846529198999999677e-01 1.117140236999999980e-01 -7.179528491499999332e-02
1.403638207945096960e+18 8.549270158999999758e-01 9.704018070700000109e+00 3.412526263300000195e+00 5.772200855000000352e-01 8.006856168000000551e-01 1.306430224000000029e-01 -9.301567963350000634e-02
1.403638208445096960e+18 3.722990608000000257e-01 9.319369138300000799e+00 3.418209063900000011e+00 5.795119767999999949e-01 7.994096426000000255e-01 1.296040918999999958e-01 -9.117494975669999946e-02
1.403638208845096960e+18 5.816196419999999923e-02 8.992364706300000066e+00 3.412790458999999998e+00 5.726762683999999659e-01 7.958062646000000351e-01 1.591032836999999867e-01 -1.158465619009999975e-01
1.403638212345096960e+18 2.018244096000000043e-01 5.409007411400000187e+00 1.301324879500000087e+00 5.855738088999999924e-01 8.098942993000000090e-01 -3.424808359999999968e-02 -1.267700332560000014e-03
1.403638212645096960e+18 4.843719707999999957e-01 5.047063800000000100e+00 1.241281265300000047e+00 5.835549200999999853e-01 8.046782437999999704e-01 -9.940613460000000123e-02 4.555216310830000059e-02
1.403638212945096960e+18 7.926397499999999763e-01 4.674900282900000370e+00 1.243468484199999891e+00 5.744296023999999612e-01 7.953482917999999957e-01 -1.682820847000000009e-01 9.556603226510000659e-02
1.403638213145096960e+18 1.012193726600000065e+00 4.427448587799999835e+00 1.275253815399999935e+00 5.637279522999999459e-01 7.854808121999999893e-01 -2.214096816999999995e-01 1.273123807529999985e-01
1.403638213345096960e+18 1.242169948299999938e+00 4.175477165700000270e+00 1.297672689299999904e+00 5.404874829000000380e-01 7.788612308000000262e-01 -2.838533822000000040e-01 1.437905469630000044e-01
1.403638214445096960e+18 2.826367867300000114e+00 2.767118863099999881e+00 1.378148772799999922e+00 5.007919738999999648e-01 7.625523847999999827e-01 -3.438031048999999895e-01 2.225324346170000078e-01
1.403638214845096960e+18 3.441837604299999853e+00 2.338221095799999816e+00 1.374464718900000104e+00 5.330219903999999786e-01 7.474331097999999951e-01 -3.227109049999999923e-01 2.304104512590000042e-01
1.403638215445096960e+18 4.287543516100000396e+00 1.730873412700000058e+00 1.225470802400000059e+00 5.292144199999999632e-01 7.524450652999999933e-01 -3.105375854999999907e-01 2.394262501359999962e-01
1.403638219345096960e+18 5.950620418599999795e+00 -4.890971302000000076e-01 9.975961905000000352e-01 5.078844694999999909e-01 6.983741258000000229e-01 -4.035795576000000273e-01 3.024078152579999790e-01
1.403638223345096960e+18 4.594273516500000376e+00 -1.507565899000000043e+00 8.529159402999999529e-01 4.805041633000000090e-01 7.114366503000000286e-01 -4.233447875999999943e-01 2.894008162119999783e-01
1.403638224145096960e+18 4.496888142999999616e+00 -1.623929590399999956e+00 7.612974728000000413e-01 4.739391371000000186e-01 7.157512625999999933e-01 -4.135743774000000261e-01 3.033777492279999821e-01
1.403638225145096960e+18 4.451942562900000233e+00 -1.609749336299999944e+00 6.741538956999999499e-01 4.988670010999999849e-01 6.995788417999999620e-01 -4.176469148999999992e-01 2.954525576279999899e-01
1.403638226145096960e+18 4.430880288600000050e+00 -1.576785895300000018e+00 5.690192965999999464e-01 4.820747212000000004e-01 7.146871784999999644e-01 -4.279840914999999968e-01 2.713960527650000065e-01
