1.403637133438319104e+18 4.571355118521045924e+00 -1.568475996103537051e+00 5.856491636252344479e-01 -6.613105393074962812e-01 -4.395554864320938004e-01 3.638884038218245243e-01 4.868722363333924941e-01
1.403637133738319104e+18 4.578171498475923862e+00 -1.560136030470475443e+00 6.107845038299456464e-01 -6.760271756654225861e-01 -4.392059241098034694e-01 3.492498030859726432e-01 4.776086149066982589e-01
1.403637133938319104e+18 4.581590397496801081e+00 -1.552894231229795974e+00 6.857577430773984517e-01 -6.865756921834476056e-01 -4.313170345327538291e-01 3.365017158200769298e-01 4.789008559971842938e-01
1.403637134038319104e+18 4.581513492770948659e+00 -1.551109204328203761e+00 7.471316356431053629e-01 -6.890113290581088012e-01 -4.291099409669714704e-01 3.303913877051733450e-01 4.816322019167220692e-01
1.403637134238319104e+18 4.579068943110466527e+00 -1.548351075696128731e+00 8.732310941115836167e-01 -6.845873455028029797e-01 -4.252350275801067836e-01 3.119698797512291955e-01 5.031800193016163769e-01
1.403637134538319104e+18 4.573645676629394252e+00 -1.545733138883242708e+00 9.642637735364548712e-01 -6.728991462933849865e-01 -4.029164575037993412e-01 3.271637816332170767e-01 5.270947990425209895e-01
1.403637134738319104e+18 4.571698170304173914e+00 -1.535390861672125462e+00 8.725363858920565097e-01 -6.850004249622001495e-01 -4.139465717578571513e-01 3.136143475859046181e-01 5.109488179062456892e-01
1.403637134938319104e+18 4.575828027121988661e+00 -1.534089878996007350e+00 7.260365451506988199e-01 -7.090795438575032694e-01 -4.295122176971927774e-01 3.029007130865384312e-01 4.700814964911305127e-01
1.403637135038319104e+18 4.579659965686198930e+00 -1.536791382023805941e+00 6.704344519171038241e-01 -7.151803801605172151e-01 -4.297723497524233993e-01 3.046420499561322548e-01 4.593538642705253250e-01
1.403637135938319104e+18 4.558740981000694248e+00 -1.521247481017924175e+00 7.782222061381938172e-01 -7.127343922886535399e-01 -4.237825208745669703e-01 2.873258265595074468e-01 4.794391832568720702e-01
1.403637136438319104e+18 4.564273226330959332e+00 -1.526262373145536921e+00 7.076751781987434819e-01 -7.247744674683267441e-01 -4.305689468512161611e-01 2.811737249058174348e-01 4.585342841446271578e-01
1.403637136538319104e+18 4.570597305175999381e+00 -1.530841550854227018e+00 6.628886978507098071e-01 -7.343522351779019353e-01 -4.326359033503114349e-01 2.816756979837499730e-01 4.406946459702532071e-01
1.403637136938319104e+18 4.573551644206912847e+00 -1.525678051384848022e+00 8.515452589418972540e-01 -7.213838639624527982e-01 -4.282261965843323637e-01 2.881558744147647011e-01 4.617291818953840332e-01
1.403637137038319104e+18 4.569577386100368344e+00 -1.516276637946452954e+00 1.022014691015982635e+00 -7.062826387426616170e-01 -3.991193032270848318e-01 3.013684228265080534e-01 5.010445985391844825e-01
1.403637137938319104e+18 4.576979200161748196e+00 -1.531592562885081055e+00 6.526762165465505028e-01 -7.324701512175821883e-01 -4.349582854013135380e-01 2.741358123975646266e-01 4.462603767949478439e-01
1.403637138438319104e+18 4.570413691965872438e+00 -1.507228201164454440e+00 1.023670538577146738e+00 -6.871333700489223872e-01 -4.057935404298647630e-01 2.908822572424411557e-01 5.277943223758179148e-01
1.403637138938319104e+18 4.552972094446960938e+00 -1.499552777933633063e+00 7.937550272257112294e-01 -7.066768360224701118e-01 -4.096560504073768483e-01 2.985488806099871884e-01 4.936176006590760612e-01
1.403637150238319104e+18 4.562744952820761313e+00 -1.457834593860983130e+00 5.997895561341318738e-01 -7.039803607022714349e-01 -4.569929962216144892e-01 2.908765117397266731e-01 4.593037209385744668e-01
1.403637150438319104e+18 4.534906489909681149e+00 -1.408866479379966563e+00 6.555396861831381816e-01 -6.978369726908294490e-01 -4.425559319509260181e-01 2.980507450125114421e-01 4.778426101115645364e-01
1.403637150538319104e+18 4.496549608344271753e+00 -1.356060291664992423e+00 7.087954456257731239e-01 -6.962128090600391284e-01 -4.342916204486535481e-01 2.990459592611697248e-01 4.870831829968868543e-01
1.403637150738319104e+18 4.454615143530737953e+00 -1.302584762919293038e+00 7.537939305526569767e-01 -6.955968243963610576e-01 -4.321581190426972974e-01 2.966573060220652480e-01 4.913032269575548505e-01
1.403637150938319104e+18 4.391139192165367966e+00 -1.230284180802862837e+00 8.054124346258551004e-01 -6.831126319318896467e-01 -4.265023243510696060e-01 3.053830170056135440e-01 5.081280471916217456e-01
1.403637151438319104e+18 4.308307219359731377e+00 -1.103731296273732232e+00 9.672807072538704976e-01 -6.917467845735423282e-01 -4.359313131908243433e-01 3.045484305120476631e-01 4.885698820890797545e-01
1.403637152538319104e+18 4.175983046998830162e+00 -8.560146154256839113e-01 1.049356570341947847e+00 -6.891385763129832531e-01 -4.327412501189353278e-01 3.127336743625739879e-01 4.899190565823082211e-01
1.403637153538319104e+18 3.968255593149646820e+00 -4.057058846717473966e-01 1.067865157763930428e+00 -6.971153614834811885e-01 -4.341802978289053816e-01 3.019343206397668289e-01 4.841005141298250769e-01
1.403637155438319104e+18 3.610449744835524388e+00 1.040502445845798984e-01 1.081026238787031080e+00 -7.492292379017015946e-01 -3.174354085690335725e-01 2.485334594600276947e-01 5.254725777704077894e-01
1.403637156038319104e+18 3.540688197221355527e+00 3.050797553465622869e-01 1.017252854592288980e+00 -7.796153301985246920e-01 -2.366340746559662533e-01 2.028356983408358682e-01 5.431960337757865132e-01
1.403637156738319104e+18 3.881803250607607225e+00 1.270967412748995384e+00 6.937215931678352154e-01 -8.203766020899450062e-01 -9.861984031494537561e-02 1.094352558763748012e-01 5.525217485410719442e-01
1.403637158038319104e+18 4.257021615378041801e+00 1.765475996107318313e+00 7.207364044233773859e-01 -8.049726728174240176e-01 -1.097507977465341927e-01 8.714613911191841644e-02 5.765234677348856085e-01
1.403637158538319104e+18 4.568934005282494937e+00 2.075472803909082842e+00 7.342533516766056589e-01 -8.109860378443213280e-01 -3.453290505315522591e-02 5.982063795177963716e-02 5.809738515330966635e-01
1.403637160038319104e+18 6.115450353284309415e+00 3.113126678392194258e+00 5.922935271874980590e-01 -8.140545521625266456e-01 4.461051815298606310e-02 -2.341487858818140991e-02 5.785990245708084734e-01
1.403637160538319104e+18 6.565380403072998305e+00 3.387153004710230064e+00 4.950136722281364143e-01 -8.054608514025122235e-01 1.443024730810012202e-01 -1.098147133642235068e-01 5.642254353087784446e-01
1.403637160738319104e+18 6.973218717986300774e+00 3.656708690417231011e+00 4.307387187804379014e-01 -8.057236968999806903e-01 1.953191380895355489e-01 -1.383254186267282027e-01 5.417802479894676670e-01
1.403637161238319104e+18 7.499021265552871185e+00 4.020780401924426428e+00 5.604638312004706080e-01 -7.925084529857532312e-01 2.212310302813366991e-01 -1.207048975810363356e-01 5.553535008323416955e-01
1.403637161738319104e+18 7.880838842603866468e+00 4.204706645453196501e+00 6.442571562075525282e-01 -7.722637497243237670e-01 2.338337402948907073e-01 -1.575549665240235375e-01 5.693038865887375399e-01
1.403637161938319104e+18 8.462893445518023583e+00 4.375804429507767601e+00 6.865828941915177452e-01 -7.475978861245433649e-01 2.518402631264501923e-01 -1.652788028733489789e-01 5.919094524091225162e-01
1.403637162538319104e+18 8.993333814237679746e+00 4.309687262496326277e+00 6.733791006698721660e-01 -7.409147072311709215e-01 2.624200849344840436e-01 -1.736873053527360489e-01 5.933075219402090816e-01
1.403637162938319104e+18 9.311508027007683097e+00 4.159685751803523956e+00 6.485959352504691022e-01 -7.176817746849722957e-01 3.140582360570581821e-01 -2.394322227498803524e-01 5.735612481320625511e-01
1.403637163238319104e+18 9.497183604856020978e+00 4.016080928283233931e+00 6.099473811641229481e-01 -6.924894085812367539e-01 3.638140660772740675e-01 -2.860023613825867228e-01 5.534441196821175968e-01
1.403637163438319104e+18 9.710573830882005097e+00 3.755278911693091359e+00 5.452122613591867673e-01 -6.685960868155602643e-01 4.405181385258685189e-01 -2.985414734750568289e-01 5.194189358696559289e-01
1.403637164238319104e+18 1.023049701869166128e+01 2.730052065913067594e+00 6.764080544649668791e-01 -6.699551354354912336e-01 4.542230069216095512e-01 -3.015244802875615138e-01 5.039092817899073484e-01
1.403637164738319104e+18 1.044765349295123968e+01 2.234342769817553531e+00 7.216095455169125872e-01 -6.762474067451470505e-01 4.513763994995623197e-01 -2.875119964407735762e-01 5.062466224558109795e-01
1.403637164938319104e+18 1.060617608040533533e+01 1.883723464057752484e+00 7.228244498023139730e-01 -6.740601127828931283e-01 4.419975187243787018e-01 -3.160024352413065563e-01 5.004234394172296652e-01
1.403637165038319104e+18 1.076182424155530448e+01 1.525251177539379333e+00 7.093856083505134524e-01 -6.565533713936788640e-01 4.575276984787734480e-01 -3.397228291929666466e-01 4.941603737264217422e-01
1.403637165238319104e+18 1.090131554537690484e+01 1.164815465097181590e+00 6.927705604839301534e-01 -6.376060414851808522e-01 4.877621714266932029e-01 -3.644652654871405328e-01 4.719233732716608953e-01
1.403637165438319104e+18 1.102238489549970879e+01 8.149136042694047344e-01 7.043596213206935186e-01 -6.298168804148323030e-01 5.164099646773109287e-01 -3.736642469960104740e-01 4.438766450754220161e-01
1.403637166438319104e+18 1.147951132353980164e+01 -3.850622247929698094e-01 6.641214794728236281e-01 -6.403579342516602102e-01 4.567355732560546833e-01 -4.213222392935720984e-01 4.514663917060266485e-01
1.403637166738319104e+18 1.117672674290307633e+01 -3.400421664385935294e-01 5.431537229454324045e-01 -6.731055523869700075e-01 4.547801898689823319e-01 -3.774058015987172832e-01 4.445995447233321851e-01
1.403637168238319104e+18 1.061026613637021043e+01 5.536972872929939449e-01 3.632338227993699986e-01 -6.920847542636260341e-01 4.232519827773196797e-01 -3.407951284977871476e-01 4.751159146809340039e-01
1.403637169438319104e+18 9.846420337215839425e+00 1.935260309701014592e+00 3.545843884926691558e-02 -7.267074634682550993e-01 3.489993681172041118e-01 -3.113869318665898889e-01 5.031241221170366096e-01
1.403637170038319104e+18 9.204814250904110651e+00 2.794242868428480353e+00 -6.966162828353494874e-04 -7.771509161293869150e-01 1.879473983819187066e-01 -2.251978031040835215e-01 5.567748005053904103e-01
1.403637170238319104e+18 8.918263880064571936e+00 3.075604470726593931e+00 -5.205491355936492370e-02 -7.841011178335559606e-01 1.418385688096369390e-01 -1.958016253929105721e-01 5.716021176515150293e-01
1.403637170438319104e+18 8.599932324416588614e+00 3.343133502168007531e+00 -1.234900613456494795e-01 -7.771383980014523463e-01 1.082645479891370388e-01 -1.318223109535066051e-01 6.057702339462719410e-01
1.403637171038319104e+18 7.552987754098138495e+00 3.834475525500182336e+00 -3.281620842564992868e-01 -7.827665638142363713e-01 -4.584230106851353015e-02 2.221157628936509462e-02 6.202270841280138614e-01
1.403637171238319104e+18 7.225544730698636897e+00 3.888965075836132268e+00 -3.335677315758875383e-01 -7.787372838495704164e-01 -7.900111409895894943e-02 5.045297535272225825e-02 6.203076365738006137e-01
1.403637171438319104e+18 6.923773793233396034e+00 3.901021365982413780e+00 -3.180638222150355965e-01 -7.744707544438436120e-01 -1.035696323855369583e-01 4.552921271666670461e-02 6.224110157669997534e-01
1.403637171738319104e+18 6.620387806670834152e+00 3.869498644730807513e+00 -3.022975359731218115e-01 -7.729753482002998943e-01 -1.096066270813950833e-01 3.605703686143121173e-02 6.238552624345159447e-01
1.403637171938319104e+18 6.314236581884308919e+00 3.792944093287325735e+00 -3.064883892685459355e-01 -7.701658080976586662e-01 -1.061524543347390909e-01 2.515006819088219658e-02 6.284455096076233538e-01
1.403637172238319104e+18 5.689069840165912773e+00 3.484475690612629517e+00 -3.295158060532255018e-01 -7.895209759870189803e-01 -7.137932086292946010e-02 4.986481383214429880e-02 6.075155317941574040e-01
1.403637172438319104e+18 5.394887723697442183e+00 3.277863144470511969e+00 -3.090560604881124052e-01 -8.012687340709235828e-01 -4.833048113957772590e-02 7.167166276540284930e-02 5.920268179311126699e-01
1.403637172738319104e+18 4.945006286343469171e+00 2.851549607866361136e+00 -2.081761438476313897e-01 -8.309984346994562232e-01 -1.772631888735706762e-02 6.873397921367370433e-02 5.517273051492121994e-01
1.403637173038319104e+18 4.724868750366856496e+00 2.592805600598170557e+00 -2.111080028264637476e-01 -8.536491346180146156e-01 2.642052431684461036e-02 4.549427890833942362e-02 5.181846981987680012e-01
1.403637173438319104e+18 4.601044176426170473e+00 2.418167339037150310e+00 -2.914628788398251347e-01 -8.309206171885240577e-01 1.212120597178403675e-01 -4.506841618209728347e-03 5.430085200884322560e-01
1.403637173738319104e+18 4.656504946066918116e+00 2.351986113406802303e+00 -3.909744901707286613e-01 -8.366457323909382016e-01 1.876716521729545617e-01 -2.377264068835268154e-02 5.140409818267475117e-01
1.403637174038319104e+18 4.866942850743604332e+00 2.365328778239034868e+00 -4.044802560651650225e-01 -8.035532340280249208e-01 1.652694639190221415e-01 -9.695980315218621914e-02 5.635485790521613803e-01
1.403637175038319104e+18 5.780421941883310488e+00 2.242806695687549201e+00 -2.062990011100377385e-01 -7.552039313114830010e-01 2.824682779474896321e-01 -1.738085357634762407e-01 5.653930376126121704e-01
1.403637175238319104e+18 6.006900068653052926e+00 2.147779365788908379e+00 -1.944173740247102100e-01 -7.277008104504174568e-01 2.999310523925569072e-01 -1.927755408474350618e-01 5.859440972750538101e-01
1.403637175538319104e+18 6.435663956533190344e+00 1.828075499681186544e+00 -2.132839956585336483e-01 -7.390222004294920710e-01 3.208255787197795694e-01 -1.745849203017066364e-01 5.660717630430940339e-01
1.403637175938319104e+18 6.894879259948401895e+00 1.375175357525886710e+00 -1.523713947478610442e-01 -7.366276680532111154e-01 2.921311909489006653e-01 -2.006990629149032201e-01 5.759851839052326783e-01
1.403637177538319104e+18 8.420930806377109334e+00 -7.583016559834003800e-01 -2.767967947568822362e-01 -7.828259946260890390e-01 3.392106252623692253e-01 -2.434621030796209340e-01 4.613521628981863687e-01
1.403637178538319104e+18 9.935668579276415002e+00 -7.872149404189612287e-01 -3.760040983483771138e-01 -6.978136203794451653e-01 3.938400727722775052e-01 -3.426441524963251273e-01 4.904499291994375842e-01
1.403637179238319104e+18 1.021981311842858275e+01 -1.438573676009182734e-01 -3.971419777117913830e-01 -7.056652062126036462e-01 3.955818055527209332e-01 -3.288402559316541685e-01 4.872532585169411790e-01
1.403637180038319104e+18 1.022813559548053064e+01 5.108546057038672039e-01 -6.386131428915753361e-01 -7.028821977784486252e-01 3.950945373475371336e-01 -3.328300952734167262e-01 4.889591499139386843e-01
1.403637180438319104e+18 1.011217574663730545e+01 1.011083016939940737e+00 -7.456524670074908823e-01 -7.198952726011894621e-01 4.102951022281680071e-01 -3.100966107593435273e-01 4.660995790274909956e-01
1.403637181238319104e+18 9.784556691958368191e+00 2.187823504010922626e+00 -5.802611194341981138e-01 -6.879121907830748617e-01 4.079393912613528128e-01 -3.442520681273341099e-01 4.917853031754818582e-01
1.403637182038319104e+18 9.329282830765702528e+00 3.142075303741759917e+00 -2.761183375532897943e-01 -6.822166104939143549e-01 4.262400660807878494e-01 -3.365164111371837241e-01 4.895473495679351084e-01
1.403637182238319104e+18 9.156094673703499609e+00 3.445795177439187729e+00 -2.003447760831725544e-01 -6.711862229856758733e-01 4.246648349177877257e-01 -3.327682814956082202e-01 5.083641439843400445e-01
1.403637182438319104e+18 8.754518042792849286e+00 3.965321420177262191e+00 -6.483447790642585251e-02 -6.609112798943098666e-01 4.092562263310196569e-01 -3.378623267701705846e-01 5.306172532694399813e-01
1.403637183938319104e+18 6.438419651840623814e+00 4.185025242885825669e+00 -4.982041734318626292e-02 -6.522448102945078707e-01 4.694326908812631038e-01 -2.607765092937903706e-01 5.349815589124577997e-01
1.403637184438319104e+18 6.060632580703119388e+00 3.787563335936913411e+00 -1.150654482466264006e-01 -6.837323279066545023e-01 4.508823043603893965e-01 -2.907446328997337348e-01 4.946542326009266133e-01
1.403637184938319104e+18 5.648057552643523493e+00 3.230743299422254022e+00 -2.174581353299511743e-01 -7.069890065565987980e-01 4.543917029671905028e-01 -2.811017764297477073e-01 4.633319718848790680e-01
1.403637185538319104e+18 5.388621705015127716e+00 2.296140614763575893e+00 -6.235441433651839338e-02 -7.079116159407736752e-01 4.451003810535393290e-01 -3.002092855777961367e-01 4.589348315991997329e-01
1.403637185938319104e+18 5.493057045439626584e+00 1.888316482180288469e+00 6.830378080699617271e-02 -6.935788249750486356e-01 4.320816823068540646e-01 -3.203942490665810383e-01 4.791673596210112018e-01
1.403637189238319104e+18 7.614751730434983656e+00 -5.928765979635866046e-01 -7.636154387949023459e-02 -6.244858814604312691e-01 5.244273376549096755e-01 -3.597290668135320613e-01 4.534185151339066300e-01
1.403637190438319104e+18 8.788042406514593452e+00 -1.743751827255979991e+00 6.915429594130051427e-02 -6.438097874428143630e-01 4.833306669309435089e-01 -3.600493624204650911e-01 4.714497646807608300e-01
1.403637191538319104e+18 9.056269341612772195e+00 -2.227944901281866397e+00 3.620207563136912388e-02 -6.588447895875079174e-01 4.749519576309191304e-01 -3.630514591635836119e-01 4.566594126645620033e-01
1.403637191938319104e+18 9.333167594846521808e+00 -2.433031302231816628e+00 3.648746953168293672e-01 -6.727633954053693355e-01 4.942884306620547452e-01 -3.494326139044328094e-01 4.254000581290479643e-01
1.403637193938319104e+18 1.028208755404749297e+01 -1.945442913219662673e+00 6.853024524952395780e-01 -6.622184485418253219e-01 4.800297790622454208e-01 -3.663054987062711043e-01 4.436872989413372936e-01
1.403637194738319104e+18 1.090087975555270283e+01 -1.416663409307729271e+00 7.902473952429334147e-01 -6.620899480111291924e-01 4.891708790008845176e-01 -3.605876563484544106e-01 4.385490781762640400e-01
1.403637195238319104e+18 1.128559426219043971e+01 -1.012940244949255053e+00 7.841005463913766071e-01 -6.546004486965443236e-01 4.761762654870410061e-01 -3.662541170288792780e-01 4.589251992563648241e-01
1.403637195738319104e+18 1.161448597559058804e+01 -4.968417863824814429e-01 8.540196288213550702e-01 -6.741373282993002869e-01 4.277089775536396243e-01 -3.971820434846615733e-01 4.526039299949238814e-01
1.403637197538319104e+18 1.068839238255680790e+01 1.615927027436212970e+00 6.748201052157907220e-01 -7.365574481801987483e-01 3.308867381987489198e-01 -2.803633639820692913e-01 5.190312862931523163e-01
1.403637197738319104e+18 1.041323109665877311e+01 1.903920926196240870e+00 7.174299217221514757e-01 -7.648676037863880728e-01 2.540296360242508822e-01 -2.431678799252697809e-01 5.397368570628700013e-01
1.403637197938319104e+18 1.012388982222270783e+01 2.185575356056622454e+00 7.848057066467977183e-01 -7.823823363698962918e-01 1.874971905697572216e-01 -2.103610310195451194e-01 5.554015843452594359e-01
1.403637198538319104e+18 8.866841187865585283e+00 3.103499050196059095e+00 1.075438737644665244e+00 -7.913295715307719913e-01 5.361267333332532525e-02 -1.528971095281376202e-01 5.895300368742203423e-01
1.403637198938319104e+18 8.193295723897808358e+00 3.425833352358311323e+00 1.040279652782986952e+00 -7.727030167030678465e-01 6.672788914635781332e-02 -1.258409168500175812e-01 6.185802295857802946e-01
1.403637199538319104e+18 6.661003132247144798e+00 3.772050884013610883e+00 1.046440172786857081e+00 -7.795146025989146965e-01 -2.108022742363389879e-02 -2.854402079284709334e-02 6.253781633730116640e-01
1.403637199738319104e+18 6.140714006793450253e+00 3.795593702866421726e+00 1.028398874763668092e+00 -7.711564431284443355e-01 -5.509825805950888805e-02 3.553588472021858985e-02 6.332607070373510449e-01
1.403637199938319104e+18 5.641819262874438579e+00 3.771527101465496301e+00 9.435309679583340214e-01 -7.479152868432557000e-01 -9.193108631729310365e-02 1.188452253966753441e-01 6.465657054585451924e-01
1.403637200538319104e+18 4.537903002110525996e+00 3.364705669861391968e+00 6.233568274640707285e-01 -7.628082256581206755e-01 -2.356040260730838110e-01 1.763389529851892013e-01 5.757768034807851931e-01
1.403637201538319104e+18 3.590440299018938575e+00 2.048491443416819102e+00 5.783664783435383816e-01 -8.230607584168257995e-01 -1.140985113998116279e-01 1.594268976973721164e-01 5.330436960899718191e-01
1.403637202438319104e+18 4.116163601814081474e+00 1.992106594712279133e+00 6.471941567870205247e-01 -8.019319123494512702e-01 -1.661690622225650005e-01 9.816040635967002159e-02 5.653826892812776617e-01
1.403637206038319104e+18 4.905690531745218408e+00 1.006614635613533926e+00 6.893402047069034921e-01 -7.979749439162168168e-01 -1.897836219183916817e-01 1.092231290663065874e-01 5.615055421012443704e-01
1.403637209538319104e+18 4.341758843173241011e+00 1.292192429642988305e+00 6.197060188057037511e-01 -8.330295457955089189e-01 -2.274928610612078905e-01 1.187022634232637736e-01 4.901209510479100917e-01
1.403637211238319104e+18 3.471895171295044769e+00 2.379459679591905186e+00 3.016088861486710959e-01 -7.935409122975453089e-01 -1.999958785763946978e-01 1.460846461954554976e-01 5.558360776419465354e-01
1.403637211738319104e+18 2.924580609001052878e+00 3.269975510707401778e+00 8.615974207705034971e-02 -8.088625253576081642e-01 -1.955319332781866037e-01 1.480375750901949672e-01 5.344095381839870651e-01
1.403637212238319104e+18 2.618374823501224746e+00 3.897348701411087468e+00 8.663447435349658221e-02 -7.859560966042302699e-01 -1.941642492053194113e-01 1.426921643966549136e-01 5.693963512009663219e-01
1.403637212738319104e+18 2.228295388110832498e+00 4.751607819308229175e+00 1.966451362519270329e-01 -8.009091592717493269e-01 -2.050702685490622679e-01 1.241174694039435117e-01 5.487126363959518027e-01
1.403637213238319104e+18 1.956432229232086595e+00 5.312170427227447256e+00 2.478814522073959914e-01 -7.986092425726352140e-01 -2.040415436323091414e-01 1.339029247429465164e-01 5.501457378686044342e-01
1.403637214538319104e+18 8.670948986034150430e-01 6.743730843281888099e+00 2.537492061582864444e-01 -7.179220425989496501e-01 -3.386864453074749370e-01 1.704215892250062481e-01 5.838115401750483269e-01
1.403637214938319104e+18 1.390357724129320793e-01 6.730488613263108100e+00 3.911987033614381382e-01 -6.945100380453526068e-01 -3.474397068444744496e-01 2.214561171834480424e-01 5.898293357608613841e-01
1.403637215538319104e+18 -1.231825544512661352e-01 6.488806458130837562e+00 4.311062425430089995e-01 -6.725346834793293205e-01 -3.869231643279374411e-01 2.727977171609859974e-01 5.688312315050650936e-01
1.403637216538319104e+18 -5.138369232329047520e-01 5.176129330683127527e+00 6.651994849282050204e-01 -6.331128340704976765e-01 -4.429640243494149532e-01 3.724280656316740767e-01 5.140509200431830905e-01
1.403637217738319104e+18 3.686815330206925090e-01 4.017204003210165908e+00 6.797528700874022611e-01 -6.023434806195302471e-01 -4.908462407774127900e-01 3.816702594746331778e-01 5.005797761619996677e-01
1.403637218538319104e+18 1.684121027217105659e+00 3.211631182140586738e+00 6.560159908211959934e-01 -5.881420792187795898e-01 -5.331496669624754547e-01 3.926434613809746121e-01 4.644043922109046818e-01
1.403637218938319104e+18 2.439975444248290160e+00 2.768161984948156018e+00 5.577686327582038750e-01 -5.856254841467798400e-01 -5.424847170141456898e-01 3.708318467148044029e-01 4.745912615988833738e-01
1.403637219538319104e+18 3.568447835118911726e+00 1.971643701363959167e+00 4.698377184934660056e-01 -6.160728627327421991e-01 -5.488481637834331517e-01 3.561102883272258546e-01 4.386403805662875133e-01
1.403637219938319104e+18 4.348179262492424257e+00 1.273964210943061115e+00 5.813974554207095302e-01 -6.234309299929848835e-01 -5.491207528198269738e-01 3.541561374063569301e-01 4.293875926107765806e-01
1.403637220438319104e+18 4.941881900958052576e+00 6.328583591521013130e-01 7.962865586920107042e-01 -6.293020051660325187e-01 -5.278475408370655320e-01 3.789202109879210023e-01 4.263513030719417451e-01
1.403637220938319104e+18 5.352712924766590774e+00 2.124856565223405269e-01 8.718053686710063310e-01 -6.411392361695039677e-01 -5.251572805941341349e-01 3.640857619402598222e-01 4.249610199010482869e-01
1.403637221938319104e+18 5.990900743916970583e+00 -4.841406762473694503e-01 7.122186234680063510e-01 -7.067739521431053440e-01 -4.468805065409528487e-01 3.034247445346023309e-01 4.568389408203160640e-01
1.403637223038319104e+18 6.169996539228007393e+00 -1.038202265337340169e+00 7.218960811358010599e-01 -7.140734679890756720e-01 -4.155152660505843087e-01 2.641811683306206082e-01 4.976489287564428987e-01
1.403637229538319104e+18 5.968390638087424094e+00 -1.484486902872712788e+00 6.023390105049120091e-01 -7.698035309087879474e-01 -3.182826929656195625e-01 2.449469939636340632e-01 4.960842885106271916e-01
1.403637230938319104e+18 5.997136732826904293e+00 -1.404766670677574103e+00 5.980559359298981414e-01 -8.310904865301121935e-01 -5.543718944049196018e-02 5.155079746928972750e-02 5.509608302832068594e-01
1.403637231238319104e+18 6.044494947359502213e+00 -1.343943959783834519e+00 5.324127726313060416e-01 -8.284625319679509436e-01 6.100561837427002226e-02 -1.552401018340156605e-02 5.564954202505626446e-01
1.403637231538319104e+18 6.144524121940420969e+00 -1.264583027851605257e+00 3.425784884431541388e-01 -8.138782328744231798e-01 1.835429593000145743e-01 -8.910827832199780252e-02 5.440348507945869105e-01
1.403637232438319104e+18 6.882012844808000906e+00 -1.070991287817445237e+00 1.175510476306711460e-01 -7.025245284073367014e-01 4.383403599792816130e-01 -2.411717337222145374e-01 5.061158075507070642e-01
1.403637233538319104e+18 8.153486974274660071e+00 -1.272017946050327142e+00 2.164358814134493825e-01 -7.330403109539498363e-01 4.347945443642963204e-01 -3.168137782963010851e-01 4.162146520597305166e-01
1.403637233738319104e+18 8.886397648434613217e+00 -1.167740498769711976e+00 7.572415401421006553e-02 -7.283968552404829211e-01 3.617600166891938307e-01 -3.990235739037514828e-01 4.234948630974010864e-01
1.403637234238319104e+18 9.490823262331769428e+00 -5.768442641141611205e-01 -1.582699810184959865e-01 -7.078764117107200216e-01 3.581320265437469841e-01 -3.918475478115132637e-01 4.659484269544514334e-01
1.403637234938319104e+18 9.692771456770637784e+00 3.039536442256070004e-01 -4.413586813234254835e-01 -7.175578261407165037e-01 3.314186429749880203e-01 -2.868936359667612068e-01 5.412619429394588400e-01
1.403637235438319104e+18 9.597240517787723135e+00 1.261404287939801971e+00 -6.238760923290996852e-01 -7.798463119997000037e-01 2.636508583646420822e-01 -2.162821494869346106e-01 5.249285535740703112e-01
1.403637235738319104e+18 9.489006222159108717e+00 1.731523406882192306e+00 -6.211586787469431936e-01 -7.793964076098541804e-01 1.917501598709048793e-01 -2.258177724310993506e-01 5.520683378428732357e-01
1.403637236038319104e+18 9.360074475917986803e+00 2.048462692946541264e+00 -5.903293519970240766e-01 -7.877713131343411224e-01 1.445140239157823303e-01 -2.187636768046368752e-01 5.573818339389802201e-01
1.403637236238319104e+18 9.165089606986519755e+00 2.370936163153031018e+00 -5.269934525620167953e-01 -7.956989445918944970e-01 1.065334739023751642e-01 -1.953660135224936922e-01 5.633346512278168960e-01
1.403637236438319104e+18 8.906715471090230096e+00 2.695332305082093871e+00 -4.351239862064283370e-01 -7.986844411944080679e-01 8.417734291952348735e-02 -1.592191377316108103e-01 5.741660077999981571e-01
1.403637237038319104e+18 7.865460073728919532e+00 3.539918526488261996e+00 -1.628226684756859943e-01 -7.443630894735677739e-01 3.500552600108713941e-02 -8.669343218869936252e-02 6.611977412197473924e-01
1.403637237238319104e+18 7.447587172644421827e+00 3.684550072497337236e+00 -3.533589729331534923e-02 -7.409340581137127124e-01 1.767852106438636689e-02 -5.063627141918899954e-02 6.694327146449325916e-01
1.403637237438319104e+18 7.018631198643801028e+00 3.733752530460591856e+00 1.155863374696232126e-01 -7.454092175131341591e-01 5.135891349123621573e-03 -2.616306567771718716e-02 6.660737309493974800e-01
1.403637237938319104e+18 6.206147274774653333e+00 3.562958196042422365e+00 4.499043160863174795e-01 -7.586497324184788837e-01 2.561738305835705928e-02 1.345620000600543723e-02 6.508557934504464182e-01
1.403637238438319104e+18 5.280173635154517875e+00 2.755615131573788901e+00 8.346339018257231679e-01 -7.723583696505411655e-01 2.615392444254867610e-01 -1.625493010004352284e-02 5.786152000280891938e-01
1.403637238738319104e+18 5.225253191254473961e+00 2.280637740137315461e+00 9.259088861714916963e-01 -8.067263106471228573e-01 3.275827644540898476e-01 -1.793172216686248280e-02 4.914881946521487688e-01
1.403637239038319104e+18 5.487475546782293101e+00 1.845748039547076225e+00 1.029178764405801472e+00 -8.181243720610147374e-01 3.155990921182347253e-01 -8.113958035494436838e-02 4.737996342271063033e-01
1.403637239538319104e+18 6.185098754282574163e+00 1.393725837119749400e+00 1.090527681457408748e+00 -7.758257027858229682e-01 3.623572130079320552e-01 -1.601994509054458782e-01 4.910477217212211309e-01
1.403637239738319104e+18 6.611567349838997742e+00 1.189997915227148484e+00 1.028807398273053675e+00 -7.387630617540694722e-01 3.897367747403246985e-01 -2.209297956297861520e-01 5.035120757298112704e-01
1.403637239938319104e+18 7.048202287526629917e+00 9.868537379699198198e-01 9.269305665719680398e-01 -6.990464993843743535e-01 4.167417416539195840e-01 -2.828364093116139122e-01 5.076060263919479620e-01
1.403637240538319104e+18 8.513708060193225791e+00 2.859001247561827608e-01 5.499918729639926562e-01 -6.683217972245677485e-01 5.057372277602916188e-01 -3.475011546323043543e-01 4.204982512937170958e-01
1.403637240938319104e+18 9.545255666062985256e+00 -5.217261737229628160e-02 4.241375852562102589e-01 -6.627412624145962994e-01 4.776267860529583298e-01 -3.695919584887786269e-01 4.427735951457106856e-01
1.403637241538319104e+18 1.044303004038745541e+01 -2.105529755187756091e-01 2.561880963290015245e-01 -6.686513011779806614e-01 4.393998380616882526e-01 -4.008082554275206322e-01 4.463025455064124625e-01
1.403637241938319104e+18 1.112801456123450272e+01 -1.132433062755413555e-01 2.351596990618982641e-01 -6.524541182128208439e-01 4.348168770685726381e-01 -4.089828120540196510e-01 4.668736086863875534e-01
1.403637242738319104e+18 1.120684161322675898e+01 3.165785554604028107e-01 2.734141881427092358e-01 -6.672341259609556596e-01 3.904739448164449289e-01 -3.788463213295688581e-01 5.087280062937918901e-01
1.403637243238319104e+18 1.092583205781862077e+01 6.478199411666882845e-01 2.865693963857469662e-01 -6.867236104430860522e-01 3.969632720820315819e-01 -3.538359630823343926e-01 4.956116975087819787e-01
1.403637244738319104e+18 9.560521889136952112e+00 1.789903291218012837e+00 8.426185682410338718e-01 -7.326070232971133578e-01 3.929626294462570946e-01 -2.879673013148600913e-01 4.753337297603266176e-01
1.403637245738319104e+18 9.249552605466604405e+00 2.663354888501305417e+00 1.001932406943323306e+00 -7.586051025626382449e-01 3.121471870848580576e-01 -2.392184546364709008e-01 5.194775865446731311e-01
1.403637246038319104e+18 9.186831742919249422e+00 2.981656675327660100e+00 9.614438190606682255e-01 -7.823278482768768471e-01 2.104083638633883202e-01 -1.769166257606092085e-01 5.589203572569926282e-01
1.403637246538319104e+18 9.015103885998403399e+00 3.440796943263236596e+00 8.085444138280981630e-01 -7.920230397635438235e-01 1.166298589397770247e-03 -6.479916530209811620e-02 6.070413597173320852e-01
1.403637247938319104e+18 7.907959302332959517e+00 3.876555961261556327e+00 4.965801225709178812e-01 -7.730541447527922161e-01 -1.527541251939110167e-01 6.551572272879251091e-02 6.121773898079672094e-01
1.403637248538319104e+18 7.116802950744626877e+00 3.576202382094416432e+00 3.853375458979508839e-01 -7.835468089249598700e-01 -1.899904969656773801e-01 1.025721021600552868e-01 5.826121979024422304e-01
1.403637249038319104e+18 6.762985067840897813e+00 3.391799141252268335e+00 3.944554608835404430e-01 -7.941375993604619099e-01 -1.812103732494848296e-01 9.567505551616181658e-02 5.721490694397430854e-01
1.403637249238319104e+18 6.270485180383328583e+00 3.129630233253876792e+00 4.816923775591519519e-01 -7.939100220366533955e-01 -1.730278967131495260e-01 9.200053051766442225e-02 5.755902416244148556e-01
1.403637250038319104e+18 5.387255137469406208e+00 2.589553093181993226e+00 4.186498819749038813e-01 -7.863914790062720428e-01 -1.929751633745681039e-01 1.315885863086913854e-01 5.718684044604729344e-01
1.403637250238319104e+18 5.033133148933182532e+00 2.328596466753261041e+00 4.135311010487539574e-01 -7.860246344622829895e-01 -2.075521723434682331e-01 1.669836167328884735e-01 5.578564703548266612e-01
1.403637252738319104e+18 4.148916026215541564e+00 9.734095911616236219e-01 8.268806720376453701e-01 -7.430289119734693193e-01 -3.386727953549376613e-01 2.227554776576381457e-01 5.325305351165436907e-01
1.403637256738319104e+18 4.640592383387448727e+00 -3.685960370201419867e-01 8.952115119047739933e-01 -6.729657035281145783e-01 -4.593651486073861978e-01 3.267458325228151383e-01 4.788924545749247419e-01
1.403637257238319104e+18 4.734098747094598103e+00 -6.724780127476368552e-01 9.320148714434856041e-01 -6.527536083787955912e-01 -4.896590130315800482e-01 3.290259339213055245e-01 4.752775110528727476e-01
1.403637257738319104e+18 4.785400836780694611e+00 -9.212657551219821661e-01 9.213696641916412355e-01 -6.563562669441648234e-01 -5.058639045897628250e-01 3.349378270156853077e-01 4.484582621720005768e-01
1.403637258438319104e+18 4.745539569476743935e+00 -1.326690758180968821e+00 8.638066022691933687e-01 -6.031059696926434066e-01 -5.511586760322253475e-01 3.944546411182040524e-01 4.205863041705113492e-01
1.403637259438319104e+18 4.704484600821431606e+00 -1.732168682433252727e+00 7.988029895571708838e-01 -5.976814032973108981e-01 -5.489588377981625689e-01 3.888827043395572947e-01 4.361093633727668450e-01
1.403637261438319104e+18 4.738029838131326166e+00 -1.869756408412302839e+00 5.706024514231889944e-01 -6.080510173674040786e-01 -5.575041295998282020e-01 3.801430244954640547e-01 4.182754913750553749e-01
1.403637261938319104e+18 4.683839260802170834e+00 -1.917893463320708092e+00 5.804290459144546555e-01 -5.989954264851813370e-01 -5.467222858713326472e-01 3.915213767067954320e-01 4.347530710220183225e-01
1.403637262238319104e+18 4.657835651782916919e+00 -1.940238087618245233e+00 5.471565476148519958e-01 -6.013261814381316572e-01 -5.398667875854251674e-01 3.982764871768066373e-01 4.339660297089291685e-01
