1.403638127245097160e+09 -0.000000000000000000e+00 -0.000000000000000000e+00 -0.000000000000000000e+00 -0.000000000000000000e+00 -0.000000000000000000e+00 -0.000000000000000000e+00 1.000000000000000000e+00
1.403638129245097160e+09 -1.306530786678195000e-03 -2.022198401391506195e-02 -3.647322067990899086e-03 6.645876914262771606e-03 -2.261995687149465084e-04 3.367374185472726822e-03 9.999722242355346680e-01
1.403638129345097065e+09 5.010421387851238251e-03 -5.996947735548019409e-02 -1.578680425882339478e-02 2.879590541124343872e-02 -6.560551933944225311e-03 3.859947621822357178e-02 9.988182187080383301e-01
1.403638129445096970e+09 9.514129720628261566e-03 -9.072567522525787354e-02 -2.811920084059238434e-02 3.503569588065147400e-02 -1.051487959921360016e-02 6.147292628884315491e-02 9.974382519721984863e-01
1.403638129645097017e+09 2.384822815656661987e-03 -1.101643294095993042e-01 -3.852647542953491211e-02 3.878541174344718456e-04 -9.134163148701190948e-03 1.482736039906740189e-02 9.998483061790466309e-01
1.403638129845097065e+09 -2.558413194492459297e-03 -1.830640882253646851e-01 -6.461558490991592407e-02 8.272295235656201839e-05 -1.037104241549968719e-02 9.945091791450977325e-03 9.998967647552490234e-01
1.403638130045097113e+09 -1.536285690963268280e-02 -3.328897953033447266e-01 -1.185554042458534241e-01 3.549810731783509254e-03 -1.531140506267547607e-02 9.632793255150318146e-03 9.998301267623901367e-01
1.403638130145097017e+09 -1.985615305602550507e-02 -4.329228401184082031e-01 -1.552578508853912354e-01 1.512221712619066238e-02 -1.997875608503818512e-02 1.859700120985507965e-02 9.995130896568298340e-01
1.403638130345097065e+09 -2.882003411650657654e-02 -6.356278657913208008e-01 -2.353937476873397827e-01 2.574608661234378815e-02 -3.058873489499092102e-02 2.552031725645065308e-02 9.988744854927062988e-01
1.403638130645097017e+09 -4.098318517208099365e-02 -9.170213341712951660e-01 -3.584894835948944092e-01 3.298765793442726135e-02 -3.813167661428451538e-02 1.846111938357353210e-02 9.985574483871459961e-01
1.403638130845097065e+09 -3.914088010787963867e-02 -1.081554532051086426e+00 -4.360161721706390381e-01 5.059696733951568604e-02 -4.811816290020942688e-02 4.825273156166076660e-02 9.963916540145874023e-01
1.403638131045097113e+09 -2.436840534210205078e-02 -1.127992868423461914e+00 -4.692421555519104004e-01 7.719065248966217041e-02 -4.282799735665321350e-02 5.773171782493591309e-02 9.944216609001159668e-01
1.403638131345097065e+09 -2.483638375997543335e-02 -9.573736190795898438e-01 -3.890465795993804932e-01 4.584131017327308655e-02 -3.710297495126724243e-02 2.261176705360412598e-02 9.980033636093139648e-01
1.403638131745097160e+09 2.469695173203945160e-03 -5.771747827529907227e-01 -2.503164410591125488e-01 3.846172243356704712e-02 -2.902094274759292603e-02 8.704332634806632996e-03 9.988006949424743652e-01
1.403638131945096970e+09 2.108836174011230469e-02 -2.926070988178253174e-01 -1.572296917438507080e-01 1.897131465375423431e-02 -2.193200588226318359e-02 -3.767586126923561096e-02 9.988692402839660645e-01
1.403638132245097160e+09 8.549420163035392761e-03 -6.328039765357971191e-01 -3.055724501609802246e-01 4.754053056240081787e-02 -4.223990440368652344e-02 -4.874924197793006897e-03 9.979638457298278809e-01
1.403638132545097113e+09 5.721573829650878906e-01 -6.056858301162719727e-01 -3.462099134922027588e-01 4.648203775286674500e-02 4.244245961308479309e-02 5.638842657208442688e-02 9.964228272438049316e-01
1.403638133945096970e+09 -3.205171227455139160e-02 -3.266830444335937500e-01 -8.286022394895553589e-02 1.713083125650882721e-02 6.402342021465301514e-02 6.432553380727767944e-02 9.957258105278015137e-01
1.403638137545097113e+09 -7.723224908113479614e-02 -1.686733961105346680e-01 -1.352329272776842117e-02 -7.595054805278778076e-03 7.492024451494216919e-02 3.616747260093688965e-02 9.965044856071472168e-01
1.403638137845097065e+09 -9.225383400917053223e-02 -7.872436940670013428e-02 1.994120515882968903e-02 -9.754931554198265076e-03 8.609282970428466797e-02 3.642897680401802063e-02 9.955731034278869629e-01
1.403638137945096970e+09 -8.319316059350967407e-02 -1.612419933080673218e-01 7.311648130416870117e-02 3.776186332106590271e-02 9.612540155649185181e-02 3.019170649349689484e-02 9.941943883895874023e-01
1.403638148245097160e+09 -7.314057648181915283e-02 -3.808823525905609131e-01 3.936465457081794739e-02 4.192031547427177429e-02 9.067784249782562256e-02 2.706241793930530548e-02 9.946295022964477539e-01
1.403638148545097113e+09 -1.174865141510963440e-01 -9.312562942504882812e-01 1.873334795236587524e-01 3.192082792520523071e-02 7.580420374870300293e-02 1.887352205812931061e-02 9.964329600334167480e-01
1.403638149945096970e+09 -8.206819891929626465e-01 -1.505802750587463379e+00 1.018626809120178223e+00 1.417043898254632950e-02 1.892613805830478668e-02 -9.179544635117053986e-03 9.996783733367919922e-01
1.403638151045097113e+09 -1.364755511283874512e+00 -1.748516440391540527e+00 1.475692749023437500e+00 2.925371378660202026e-02 -5.678112432360649109e-02 -4.551121219992637634e-02 9.969197511672973633e-01
1.403638151445096970e+09 -2.483120441436767578e+00 -2.320629596710205078e+00 2.083349943161010742e+00 2.804781123995780945e-02 -1.456224322319030762e-01 -8.052271604537963867e-02 9.856589436531066895e-01
1.403638152845097065e+09 -4.166442394256591797e+00 -2.798544406890869141e+00 2.869312763214111328e+00 3.076003864407539368e-02 -1.838055998086929321e-01 -8.668316155672073364e-02 9.786497950553894043e-01
1.403638153245097160e+09 -5.476650714874267578e+00 -3.286599874496459961e+00 3.367300033569335938e+00 2.073807641863822937e-02 -2.490941286087036133e-01 -1.372158378362655640e-01 9.584851861000061035e-01
1.403638153845097065e+09 -6.508629798889160156e+00 -3.604040622711181641e+00 3.720321655273437500e+00 3.384115546941757202e-02 -3.040829002857208252e-01 -1.430007666349411011e-01 9.412434101104736328e-01
1.403638154245097160e+09 -8.648894309997558594e+00 -3.775189638137817383e+00 4.318051338195800781e+00 4.855150729417800903e-02 -3.252313733100891113e-01 -1.503346115350723267e-01 9.323448538780212402e-01
1.403638155045097113e+09 -1.021821403503417969e+01 -3.985593795776367188e+00 4.155573368072509766e+00 6.804164499044418335e-02 -3.769299983978271484e-01 -1.733507663011550903e-01 9.073277115821838379e-01
1.403638155645097017e+09 -1.121659469604492188e+01 -3.822651386260986328e+00 3.893657207489013672e+00 6.783029437065124512e-02 -4.479674100875854492e-01 -1.749421358108520508e-01 8.741393685340881348e-01
1.403638155945096970e+09 -1.185306644439697266e+01 -3.641489505767822266e+00 3.591925144195556641e+00 3.447285294532775879e-02 -5.089242458343505859e-01 -2.088880687952041626e-01 8.343701958656311035e-01
1.403638156245097160e+09 -1.331338405609130859e+01 -3.380614519119262695e+00 2.970801353454589844e+00 1.101720612496137619e-02 -5.602282881736755371e-01 -2.345007807016372681e-01 7.943754792213439941e-01
1.403638157545097113e+09 -1.570336437225341797e+01 -3.265374183654785156e+00 2.657987594604492188e+00 3.682276606559753418e-02 -5.801734328269958496e-01 -2.482437193393707275e-01 7.748664617538452148e-01
1.403638157945096970e+09 -1.684017944335937500e+01 -3.328756809234619141e+00 2.429946899414062500e+00 2.779219858348369598e-02 -6.379484534263610840e-01 -2.595399320125579834e-01 7.244918942451477051e-01
1.403638158645097017e+09 -1.958799743652343750e+01 -3.215593814849853516e+00 2.064638137817382812e+00 -1.013489905744791031e-03 -6.386356353759765625e-01 -2.763747572898864746e-01 7.181646823883056641e-01
1.403638159445096970e+09 -2.138352966308593750e+01 -3.401267051696777344e+00 1.919643402099609375e+00 2.578622102737426758e-02 -6.652500033378601074e-01 -1.998644471168518066e-01 7.189100980758666992e-01
1.403638160045097113e+09 -2.331194877624511719e+01 -5.132365226745605469e+00 2.046226501464843750e+00 2.169218659400939941e-02 -6.473450660705566406e-01 -2.503987848758697510e-01 7.195653915405273438e-01
1.403638161045097113e+09 -2.394043731689453125e+01 -5.752964496612548828e+00 2.238819122314453125e+00 3.630541265010833740e-02 -6.016636490821838379e-01 -2.158989012241363525e-01 7.681604027748107910e-01
1.403638161345097065e+09 -2.464034461975097656e+01 -6.489308834075927734e+00 2.754124641418457031e+00 1.899804733693599701e-02 -5.277411341667175293e-01 -2.019718289375305176e-01 8.248247504234313965e-01
1.403638162145097017e+09 -2.545321846008300781e+01 -7.428443431854248047e+00 3.857951164245605469e+00 2.157690003514289856e-02 -5.032262206077575684e-01 -1.871721148490905762e-01 8.433649539947509766e-01
1.403638163045097113e+09 -2.592530059814453125e+01 -8.472740173339843750e+00 4.941154479980468750e+00 3.504801914095878601e-02 -4.805412590503692627e-01 -1.654977351427078247e-01 8.605011701583862305e-01
1.403638163445096970e+09 -2.608605766296386719e+01 -8.943153381347656250e+00 5.870664596557617188e+00 4.033172875642776489e-02 -4.272298216819763184e-01 -1.589919924736022949e-01 8.891398310661315918e-01
1.403638163945096970e+09 -2.606267929077148438e+01 -1.023584938049316406e+01 7.196428298950195312e+00 3.701534494757652283e-02 -4.289111196994781494e-01 -1.373025774955749512e-01 8.920835852622985840e-01
1.403638164745097160e+09 -2.562087440490722656e+01 -1.123298072814941406e+01 8.527401924133300781e+00 6.105269864201545715e-02 -4.059565663337707520e-01 -1.499656438827514648e-01 8.994343876838684082e-01
1.403638165145097017e+09 -2.509806442260742188e+01 -1.166919231414794922e+01 9.454967498779296875e+00 3.473622724413871765e-02 -3.873625397682189941e-01 -1.283262073993682861e-01 9.122917056083679199e-01
1.403638165545097113e+09 -2.441756248474121094e+01 -1.194698715209960938e+01 1.043009185791015625e+01 7.667045295238494873e-02 -3.753647506237030029e-01 -1.229998841881752014e-01 9.154747724533081055e-01
1.403638165945096970e+09 -2.355505371093750000e+01 -1.213444137573242188e+01 1.127936649322509766e+01 4.436979815363883972e-02 -3.672001957893371582e-01 -1.493591815233230591e-01 9.169990420341491699e-01
1.403638166445096970e+09 -2.233810043334960938e+01 -1.305763244628906250e+01 1.203677940368652344e+01 3.878541663289070129e-02 -3.748943507671356201e-01 -1.558860987424850464e-01 9.130440950393676758e-01
1.403638167045097113e+09 -2.137922668457031250e+01 -1.380095291137695312e+01 1.299420070648193359e+01 3.135318867862224579e-03 -3.729092776775360107e-01 -1.641864031553268433e-01 9.132205247879028320e-01
1.403638167545097113e+09 -2.099896240234375000e+01 -1.446221065521240234e+01 1.384774017333984375e+01 1.870443858206272125e-02 -3.732111155986785889e-01 -1.322961449623107910e-01 9.180748462677001953e-01
1.403638167945096970e+09 -2.070781517028808594e+01 -1.488815879821777344e+01 1.464500999450683594e+01 2.038431540131568909e-02 -3.399873971939086914e-01 -1.030754894018173218e-01 9.345419406890869141e-01
1.403638168245097160e+09 -2.033283615112304688e+01 -1.541777420043945312e+01 1.552115440368652344e+01 2.691061981022357941e-02 -2.957175970077514648e-01 -9.436126798391342163e-02 9.502226114273071289e-01
1.403638168445096970e+09 -1.977068901062011719e+01 -1.619885826110839844e+01 1.670862007141113281e+01 1.930012926459312439e-02 -2.391566038131713867e-01 -1.200408563017845154e-01 9.633389115333557129e-01
1.403638169045097113e+09 -1.933454895019531250e+01 -1.693268203735351562e+01 1.837400817871093750e+01 3.314406052231788635e-02 -2.501420974731445312e-01 -1.044669747352600098e-01 9.619860053062438965e-01
1.403638169445096970e+09 -1.901516723632812500e+01 -1.739989089965820312e+01 1.978830337524414062e+01 5.524824187159538269e-02 -2.223017513751983643e-01 -4.396875202655792236e-02 9.724177718162536621e-01
1.403638169745097160e+09 -1.858771705627441406e+01 -1.786988639831542969e+01 2.075478553771972656e+01 6.346905231475830078e-02 -1.386401653289794922e-01 -5.989496409893035889e-02 9.864903688430786133e-01
1.403638170045097113e+09 -1.811917114257812500e+01 -1.833352661132812500e+01 2.155810928344726562e+01 7.969503104686737061e-02 -6.926975399255752563e-02 -2.499008737504482269e-02 9.940955638885498047e-01
1.403638170345097065e+09 -1.746829795837402344e+01 -1.866352081298828125e+01 2.243614578247070312e+01 7.413435727357864380e-02 1.114210486412048340e-02 4.114507511258125305e-02 9.963368177413940430e-01
1.403638170745097160e+09 -1.662944793701171875e+01 -1.899684524536132812e+01 2.296979522705078125e+01 7.941538095474243164e-02 9.448184072971343994e-02 7.187291979789733887e-02 9.897478222846984863e-01
1.403638171245097160e+09 -1.506427192687988281e+01 -1.904718208312988281e+01 2.324144744873046875e+01 9.536544233560562134e-02 1.457969099283218384e-01 1.027221679687500000e-01 9.793348908424377441e-01
1.403638171845097065e+09 -1.379107856750488281e+01 -1.883542633056640625e+01 2.291768264770507812e+01 1.101115271449089050e-01 1.783533990383148193e-01 1.181989833712577820e-01 9.706155657768249512e-01
1.403638172245097160e+09 -1.203211784362792969e+01 -1.822916603088378906e+01 2.185725402832031250e+01 1.111929565668106079e-01 1.878846287727355957e-01 1.136472448706626892e-01 9.692367911338806152e-01
1.403638172845097065e+09 -1.093400573730468750e+01 -1.747343635559082031e+01 2.102053451538085938e+01 1.151870861649513245e-01 1.780708879232406616e-01 1.180454194545745850e-01 9.700969457626342773e-01
1.403638173145097017e+09 -9.783680915832519531e+00 -1.652149391174316406e+01 1.996880149841308594e+01 9.922471642494201660e-02 1.644597649574279785e-01 1.265887320041656494e-01 9.731818437576293945e-01
1.403638173345097065e+09 -8.945477485656738281e+00 -1.576585483551025391e+01 1.920895385742187500e+01 8.598373830318450928e-02 1.669422090053558350e-01 1.128507703542709351e-01 9.757058024406433105e-01
1.403638173445096970e+09 -7.666750907897949219e+00 -1.447815895080566406e+01 1.803860282897949219e+01 7.443613559007644653e-02 1.830575317144393921e-01 7.930742949247360229e-02 9.770668148994445801e-01
1.403638173845097065e+09 -6.863210678100585938e+00 -1.357578086853027344e+01 1.726150512695312500e+01 7.186332345008850098e-02 1.854272931814193726e-01 8.062581717967987061e-02 9.767046570777893066e-01
1.403638174045097113e+09 -5.386171340942382812e+00 -1.193346786499023438e+01 1.561347293853759766e+01 5.976350978016853333e-02 1.895940899848937988e-01 7.985758036375045776e-02 9.767831563949584961e-01
1.403638174445096970e+09 -4.004727363586425781e+00 -1.032991790771484375e+01 1.401881694793701172e+01 2.973667532205581665e-02 1.889107227325439453e-01 8.050721138715744019e-02 9.782367944717407227e-01
1.403638174845097065e+09 -2.630827426910400391e+00 -8.975610733032226562e+00 1.251656627655029297e+01 1.338227745145559311e-02 1.924744397401809692e-01 7.482918351888656616e-02 9.783533215522766113e-01
1.403638175245097160e+09 -1.336941361427307129e+00 -7.963307857513427734e+00 1.121982479095458984e+01 -6.293402053415775299e-03 2.010084390640258789e-01 7.057390362024307251e-02 9.770237803459167480e-01
1.403638175645097017e+09 2.578299641609191895e-01 -7.274719238281250000e+00 1.011562824249267578e+01 -5.249588564038276672e-02 1.999871730804443359e-01 6.634698808193206787e-02 9.761390686035156250e-01
1.403638176145097017e+09 1.482813358306884766e+00 -6.951758861541748047e+00 9.921116828918457031e+00 2.381036058068275452e-02 2.055351883172988892e-01 4.559564590454101562e-02 9.772970676422119141e-01
1.403638176845097065e+09 3.830408811569213867e+00 -6.958937168121337891e+00 1.042806625366210938e+01 3.785664215683937073e-02 2.006893306970596313e-01 8.968185633420944214e-02 9.748066067695617676e-01
1.403638178145097017e+09 4.553280830383300781e+00 -6.952939987182617188e+00 1.070630455017089844e+01 5.816965922713279724e-02 2.894910871982574463e-01 1.246204078197479248e-01 9.472491741180419922e-01
1.403638178645097017e+09 5.166330814361572266e+00 -6.740729808807373047e+00 1.053521347045898438e+01 2.635899372398853302e-02 3.763416409492492676e-01 1.718407124280929565e-01 9.100236296653747559e-01
1.403638179245097160e+09 6.172791004180908203e+00 -6.218443870544433594e+00 1.037404251098632812e+01 2.939589694142341614e-02 4.599079489707946777e-01 1.902900785207748413e-01 8.668392896652221680e-01
1.403638179745097160e+09 7.147761821746826172e+00 -5.933423042297363281e+00 1.016596412658691406e+01 2.011188305914402008e-02 5.356304049491882324e-01 2.301907092332839966e-01 8.122240900993347168e-01
1.403638180545097113e+09 9.486455917358398438e+00 -5.438721656799316406e+00 9.698324203491210938e+00 8.752908557653427124e-03 5.319755673408508301e-01 2.315690070390701294e-01 8.144330382347106934e-01
1.403638181345097065e+09 1.097657775878906250e+01 -5.080440044403076172e+00 9.502191543579101562e+00 6.686949729919433594e-02 5.796740055084228516e-01 2.442511171102523804e-01 7.744984030723571777e-01
1.403638181745097160e+09 1.181643867492675781e+01 -4.836641788482666016e+00 9.162509918212890625e+00 3.689773008227348328e-02 6.345459818840026855e-01 2.534247636795043945e-01 7.292228341102600098e-01
1.403638182145097017e+09 1.282845497131347656e+01 -4.686450004577636719e+00 8.558937072753906250e+00 2.028993144631385803e-02 6.523520946502685547e-01 2.884392738342285156e-01 7.005911469459533691e-01
1.403638182645097017e+09 1.425823879241943359e+01 -4.577780246734619141e+00 7.667284965515136719e+00 -1.509103109128773212e-03 6.514871120452880859e-01 2.777324914932250977e-01 7.059935927391052246e-01
1.403638183045097113e+09 1.555926895141601562e+01 -4.457995414733886719e+00 7.011002540588378906e+00 1.072794385254383087e-02 6.545940041542053223e-01 2.550375461578369141e-01 7.115809917449951172e-01
1.403638183545097113e+09 1.724914932250976562e+01 -4.147788524627685547e+00 6.397327423095703125e+00 -1.489483634941279888e-03 6.522802114486694336e-01 2.571928501129150391e-01 7.130078673362731934e-01
1.403638183945096970e+09 1.899480438232421875e+01 -4.174275875091552734e+00 5.919595718383789062e+00 -3.943006042391061783e-03 6.533163189888000488e-01 2.590588927268981934e-01 7.113724946975708008e-01
1.403638184445096970e+09 2.145905303955078125e+01 -4.252040386199951172e+00 5.649906158447265625e+00 7.367947604507207870e-03 6.602427363395690918e-01 2.487273365259170532e-01 7.086325287818908691e-01
1.403638185245097160e+09 2.348307037353515625e+01 -4.491901397705078125e+00 5.698434829711914062e+00 1.937043154612183571e-03 6.564530134201049805e-01 2.249531447887420654e-01 7.200429439544677734e-01
1.403638185745097160e+09 2.468031501770019531e+01 -4.789165496826171875e+00 5.965982437133789062e+00 2.966088429093360901e-02 6.144730448722839355e-01 2.484153360128402710e-01 7.482199072837829590e-01
1.403638186345097065e+09 2.667234802246093750e+01 -5.172662734985351562e+00 6.438663482666015625e+00 7.537471130490303040e-03 6.165800690650939941e-01 2.341795563697814941e-01 7.516197562217712402e-01
1.403638186945096970e+09 2.802667808532714844e+01 -5.502421855926513672e+00 6.948560714721679688e+00 1.163533423095941544e-02 5.735973119735717773e-01 2.037053555250167847e-01 7.933189272880554199e-01
1.403638187245097160e+09 2.875884246826171875e+01 -5.884096622467041016e+00 7.290056228637695312e+00 4.320097342133522034e-02 5.134676694869995117e-01 1.729209125041961670e-01 8.393944501876831055e-01
1.403638187645097017e+09 3.016170883178710938e+01 -6.788863658905029297e+00 8.226930618286132812e+00 3.467699512839317322e-02 5.024352073669433594e-01 1.371489465236663818e-01 8.529633879661560059e-01
1.403638188445096970e+09 2.993355560302734375e+01 -7.429750442504882812e+00 9.185606002807617188e+00 6.351633369922637939e-02 4.621164202690124512e-01 1.473507136106491089e-01 8.721823096275329590e-01
1.403638189345097065e+09 2.923589324951171875e+01 -7.687674522399902344e+00 9.284612655639648438e+00 2.778737992048263550e-02 3.981930613517761230e-01 1.476187407970428467e-01 9.049193263053894043e-01
1.403638189745097160e+09 2.800932693481445312e+01 -8.066539764404296875e+00 9.673906326293945312e+00 3.751822188496589661e-02 3.895207941532135010e-01 1.007526814937591553e-01 9.147211313247680664e-01
1.403638190745097160e+09 2.636267280578613281e+01 -8.386960983276367188e+00 1.033870983123779297e+01 2.399680577218532562e-02 3.514237105846405029e-01 1.257531940937042236e-01 9.274221062660217285e-01
1.403638192045097113e+09 2.497632408142089844e+01 -8.781035423278808594e+00 1.086684989929199219e+01 1.078670844435691833e-02 3.601351082324981689e-01 1.148056834936141968e-01 9.257462620735168457e-01
1.403638192345097065e+09 2.378620910644531250e+01 -9.506253242492675781e+00 1.146003627777099609e+01 4.640433192253112793e-02 3.594214618206024170e-01 1.136400625109672546e-01 9.250668883323669434e-01
1.403638192845097065e+09 2.233371734619140625e+01 -1.015727996826171875e+01 1.175534152984619141e+01 8.713727444410324097e-02 3.370280861854553223e-01 1.214630901813507080e-01 9.295514822006225586e-01
1.403638193645097017e+09 2.029054641723632812e+01 -1.060587024688720703e+01 1.112072944641113281e+01 3.791018575429916382e-02 3.202488720417022705e-01 1.136192977428436279e-01 9.397308826446533203e-01
1.403638194545097113e+09 1.763650512695312500e+01 -1.045547676086425781e+01 1.012104797363281250e+01 1.401748321950435638e-02 3.216508030891418457e-01 1.248352602124214172e-01 9.384884238243103027e-01
1.403638195245097160e+09 1.523800563812255859e+01 -1.001950931549072266e+01 9.792232513427734375e+00 -8.891931502148509026e-04 3.180145919322967529e-01 1.308856010437011719e-01 9.390074014663696289e-01
1.403638197045097113e+09 1.407962894439697266e+01 -1.112706947326660156e+01 1.099609756469726562e+01 4.772444441914558411e-02 3.283026218414306641e-01 1.044043228030204773e-01 9.375711083412170410e-01
1.403638198845097065e+09 1.220164585113525391e+01 -1.091407775878906250e+01 1.232874298095703125e+01 3.564588725566864014e-02 3.429726064205169678e-01 6.079123169183731079e-02 9.366983175277709961e-01
1.403638199645097017e+09 1.082378101348876953e+01 -1.132882022857666016e+01 1.271082592010498047e+01 2.811416052281856537e-02 3.406068980693817139e-01 5.161461606621742249e-02 9.383669495582580566e-01
1.403638199845097065e+09 9.075338363647460938e+00 -1.190305900573730469e+01 1.314139461517333984e+01 3.160568326711654663e-02 2.962534725666046143e-01 8.198725432157516479e-02 9.510589241981506348e-01
1.403638200245097160e+09 7.700213432312011719e+00 -1.226723957061767578e+01 1.349576282501220703e+01 4.885268583893775940e-02 2.598984241485595703e-01 4.934272915124893188e-02 9.631363153457641602e-01
1.403638200445096970e+09 6.220552444458007812e+00 -1.270729446411132812e+01 1.374349975585937500e+01 4.600243642926216125e-02 2.255768775939941406e-01 1.096623390913009644e-02 9.730768203735351562e-01
1.403638200845097065e+09 3.980026960372924805e+00 -1.332902145385742188e+01 1.404067420959472656e+01 3.919689357280731201e-02 1.847044676542282104e-01 1.743998005986213684e-02 9.818572998046875000e-01
1.403638201245097160e+09 1.016920089721679688e+00 -1.372937488555908203e+01 1.454015350341796875e+01 4.555219039320945740e-02 1.836204826831817627e-01 2.945421636104583740e-02 9.814993739128112793e-01
1.403638201845097065e+09 -7.709000706672668457e-01 -1.374769020080566406e+01 1.486775398254394531e+01 5.075044557452201843e-02 1.859173774719238281e-01 3.223462402820587158e-02 9.807242751121520996e-01
1.403638202045097113e+09 -3.180209159851074219e+00 -1.372122097015380859e+01 1.520979309082031250e+01 3.995791822671890259e-02 1.544747203588485718e-01 4.348376020789146423e-02 9.862302541732788086e-01
1.403638202445096970e+09 -5.481008529663085938e+00 -1.375603103637695312e+01 1.548428916931152344e+01 2.976327203214168549e-02 1.401544362306594849e-01 4.974183440208435059e-02 9.884314537048339844e-01
1.403638202845097065e+09 -7.595063686370849609e+00 -1.363710498809814453e+01 1.582833671569824219e+01 3.487175330519676208e-02 1.407612115144729614e-01 4.982347413897514343e-02 9.881740212440490723e-01
1.403638203245097160e+09 -9.527556419372558594e+00 -1.364458656311035156e+01 1.607483673095703125e+01 4.779523238539695740e-02 1.408953666687011719e-01 4.694577306509017944e-02 9.877551198005676270e-01
1.403638203645097017e+09 -1.132650375366210938e+01 -1.362140178680419922e+01 1.621486091613769531e+01 4.490044340491294861e-02 1.384472399950027466e-01 5.005315318703651428e-02 9.880845546722412109e-01
1.403638204045097113e+09 -1.296106243133544922e+01 -1.376711368560791016e+01 1.617717361450195312e+01 3.430149704217910767e-02 1.298335492610931396e-01 6.045147776603698730e-02 9.890967011451721191e-01
1.403638204445096970e+09 -1.459083175659179688e+01 -1.401211357116699219e+01 1.607561492919921875e+01 2.533037774264812469e-02 1.123342886567115784e-01 7.463133335113525391e-02 9.905400872230529785e-01
1.403638204945096970e+09 -1.534760379791259766e+01 -1.398574447631835938e+01 1.609586524963378906e+01 3.152917698025703430e-02 5.969925969839096069e-02 9.534355252981185913e-03 9.976728558540344238e-01
1.403638205145097017e+09 -1.584481716156005859e+01 -1.396199893951416016e+01 1.610775756835937500e+01 3.515103459358215332e-02 -2.082643844187259674e-02 -2.714739926159381866e-02 9.987961649894714355e-01
1.403638205345097065e+09 -1.635303115844726562e+01 -1.399203681945800781e+01 1.609277534484863281e+01 4.736155271530151367e-02 -1.106944754719734192e-01 -6.446867436170578003e-02 9.906297922134399414e-01
1.403638205545097113e+09 -1.740554237365722656e+01 -1.416079616546630859e+01 1.590652656555175781e+01 7.850972563028335571e-02 -1.892611682415008545e-01 -1.339187473058700562e-01 9.695783853530883789e-01
1.403638205945096970e+09 -1.828402137756347656e+01 -1.433290100097656250e+01 1.549691963195800781e+01 7.407542318105697632e-02 -2.605583071708679199e-01 -1.482051759958267212e-01 9.511348009109497070e-01
1.403638206245097160e+09 -1.889608383178710938e+01 -1.442847347259521484e+01 1.513792228698730469e+01 7.489536702632904053e-02 -3.070605695247650146e-01 -1.498375684022903442e-01 9.368314743041992188e-01
1.403638206445096970e+09 -1.980004882812500000e+01 -1.442987632751464844e+01 1.456682491302490234e+01 7.675973325967788696e-02 -3.415404856204986572e-01 -1.391226202249526978e-01 9.263385534286499023e-01
1.403638206845097065e+09 -2.083543586730957031e+01 -1.416756248474121094e+01 1.377968025207519531e+01 7.992730289697647095e-02 -3.729774653911590576e-01 -1.399480551481246948e-01 9.137363433837890625e-01
1.403638207245097160e+09 -2.145747756958007812e+01 -1.378663158416748047e+01 1.316015148162841797e+01 8.574655652046203613e-02 -3.918079435825347900e-01 -1.410796493291854858e-01 9.051135778427124023e-01
1.403638207445096970e+09 -2.177671241760253906e+01 -1.348402690887451172e+01 1.268775463104248047e+01 8.725897222757339478e-02 -4.255672395229339600e-01 -1.514108330011367798e-01 8.878924846649169922e-01
1.403638207645097017e+09 -2.201407241821289062e+01 -1.320828819274902344e+01 1.216655158996582031e+01 6.420598179101943970e-02 -4.521298408508300781e-01 -1.654212325811386108e-01 8.741236329078674316e-01
1.403638207945096970e+09 -2.231496047973632812e+01 -1.281513595581054688e+01 1.110086059570312500e+01 4.534961283206939697e-02 -4.665185213088989258e-01 -1.716519445180892944e-01 8.665100336074829102e-01
1.403638208445096970e+09 -2.249686622619628906e+01 -1.223067092895507812e+01 9.923096656799316406e+00 4.162297025322914124e-02 -4.771522283554077148e-01 -1.815008372068405151e-01 8.588659763336181641e-01
1.403638208845097065e+09 -2.249506568908691406e+01 -1.176462936401367188e+01 8.850793838500976562e+00 4.411502555012702942e-02 -5.087558031082153320e-01 -1.899034678936004639e-01 8.385452032089233398e-01
1.403638209545097113e+09 -2.213751029968261719e+01 -9.989583015441894531e+00 7.670706748962402344e+00 5.982596427202224731e-02 -5.100814104080200195e-01 -1.847273260354995728e-01 8.379222750663757324e-01
1.403638210545097113e+09 -2.084168624877929688e+01 -7.607905387878417969e+00 6.866921424865722656e+00 5.973060056567192078e-02 -5.112820863723754883e-01 -1.754322052001953125e-01 8.391939401626586914e-01
1.403638211245097160e+09 -1.936984062194824219e+01 -6.437241077423095703e+00 6.252870559692382812e+00 4.179391637444496155e-02 -4.895399808883666992e-01 -1.714575439691543579e-01 8.539357185363769531e-01
1.403638211745097160e+09 -1.826522636413574219e+01 -5.649055480957031250e+00 6.000206947326660156e+00 3.392580524086952209e-02 -4.109568595886230469e-01 -1.234732791781425476e-01 9.026172757148742676e-01
1.403638212045097113e+09 -1.734400749206542969e+01 -5.240009307861328125e+00 5.863707542419433594e+00 3.755615279078483582e-02 -3.371857404708862305e-01 -1.007379069924354553e-01 9.352792501449584961e-01
1.403638212345097065e+09 -1.634884452819824219e+01 -4.991702079772949219e+00 5.700755119323730469e+00 4.081996530294418335e-02 -2.646057903766632080e-01 -7.580114156007766724e-02 9.605060219764709473e-01
1.403638212645097017e+09 -1.529667758941650391e+01 -4.877850532531738281e+00 5.520098209381103516e+00 3.945934772491455078e-02 -1.883431375026702881e-01 -4.870387539267539978e-02 9.801009297370910645e-01
1.403638212945096970e+09 -1.456146812438964844e+01 -4.869729995727539062e+00 5.385403156280517578e+00 3.749768435955047607e-02 -1.318559795618057251e-01 -2.585161849856376648e-02 9.902220368385314941e-01
1.403638213145097017e+09 -1.380423641204833984e+01 -4.886864185333251953e+00 5.246858119964599609e+00 2.485986240208148956e-02 -7.588697969913482666e-02 6.015970837324857712e-03 9.967883825302124023e-01
1.403638213345097065e+09 -1.302255249023437500e+01 -4.868461132049560547e+00 5.157125473022460938e+00 3.590642707422375679e-03 -2.427705563604831696e-02 4.882015660405158997e-02 9.985060691833496094e-01
1.403638213545097113e+09 -1.216634082794189453e+01 -4.828468799591064453e+00 5.132336139678955078e+00 1.548689231276512146e-02 2.747852914035320282e-02 6.244101747870445251e-02 9.975501298904418945e-01
1.403638213745097160e+09 -1.127135276794433594e+01 -4.818810462951660156e+00 5.129062175750732422e+00 3.887392580509185791e-02 6.211996078491210938e-02 4.303089901804924011e-02 9.963826537132263184e-01
1.403638214045097113e+09 -9.493698120117187500e+00 -4.920228004455566406e+00 5.019296646118164062e+00 1.247441489249467850e-02 6.671861559152603149e-02 3.386510163545608521e-02 9.971189498901367188e-01
1.403638214445096970e+09 -7.773181438446044922e+00 -4.998815536499023438e+00 5.047084808349609375e+00 2.285574004054069519e-02 5.467892065644264221e-02 2.379873208701610565e-02 9.979586601257324219e-01
1.403638214845097065e+09 -5.730796813964843750e+00 -4.897554397583007812e+00 5.272074699401855469e+00 4.620465636253356934e-02 4.616488888859748840e-02 1.531720813363790512e-02 9.977471828460693359e-01
1.403638215445096970e+09 -3.575896739959716797e+00 -4.661354064941406250e+00 5.462090015411376953e+00 4.442975670099258423e-02 5.084466561675071716e-02 6.725653074681758881e-03 9.976951479911804199e-01
1.403638216045097113e+09 -1.779819726943969727e+00 -4.463707923889160156e+00 5.500774860382080078e+00 4.774714261293411255e-02 7.116562128067016602e-02 1.465463917702436447e-02 9.962132573127746582e-01
1.403638216745097160e+09 -1.359890699386596680e-01 -4.185865402221679688e+00 5.335196971893310547e+00 5.199874192476272583e-02 9.911306947469711304e-02 2.000911347568035126e-02 9.935151934623718262e-01
1.403638217245097160e+09 1.020803093910217285e+00 -3.805403470993041992e+00 5.026235580444335938e+00 3.104393184185028076e-02 1.558242589235305786e-01 2.421964704990386963e-02 9.869997501373291016e-01
1.403638219345097065e+09 6.009652614593505859e-01 -2.321757555007934570e+00 1.462055802345275879e+00 3.011661022901535034e-02 1.780111789703369141e-01 5.554018914699554443e-02 9.819981455802917480e-01
1.403638223345097065e+09 3.401813209056854248e-01 -1.651480197906494141e+00 7.192755341529846191e-01 2.939697913825511932e-02 1.793007850646972656e-01 5.505273118615150452e-02 9.818128347396850586e-01
1.403638224145097017e+09 2.897707521915435791e-01 -1.331968545913696289e+00 6.703433990478515625e-01 1.798079721629619598e-02 1.774866878986358643e-01 5.921574681997299194e-02 9.821755290031433105e-01
1.403638225145097017e+09 2.160695642232894897e-01 -1.148279786109924316e+00 7.909274101257324219e-01 2.237102203071117401e-02 1.759714633226394653e-01 5.303941294550895691e-02 9.827107787132263184e-01
1.403638226045097113e+09 1.911316514015197754e-01 -1.095580101013183594e+00 8.095488548278808594e-01 5.249208305031061172e-03 1.715390235185623169e-01 5.732045695185661316e-02 9.834944009780883789e-01
1.403638226145097017e+09 1.571151763200759888e-01 -1.107644200325012207e+00 8.499426245689392090e-01 -8.393853204324841499e-04 1.735181957483291626e-01 5.434383824467658997e-02 9.833298325538635254e-01
