1.403638129345096960e+18 4.629729289289115535e+00 -1.618391623727967410e+00 5.038950557019974408e-01 -7.704492857237240644e-01 2.891665412275983837e-01 -1.554787493072878612e-01 5.464585694049576281e-01
1.403638129445096960e+18 4.631558900854210847e+00 -1.619098342588507489e+00 5.177401479949098606e-01 -7.607075385246503396e-01 3.038722251061571344e-01 -1.419649733619365584e-01 5.557262437379986153e-01
1.403638129645096960e+18 4.628787395960347162e+00 -1.617822737970908697e+00 5.269371081508104071e-01 -7.927156557502343937e-01 2.741235886761201890e-01 -1.582807769779345231e-01 5.209657790095839625e-01
1.403638129845096960e+18 4.628640735523574357e+00 -1.614599963902917379e+00 5.592182539682767350e-01 -7.944300007549702780e-01 2.696680359682980255e-01 -1.597417466283487242e-01 5.202333117569302168e-01
1.403638130145096960e+18 4.627737747123777723e+00 -1.603836982990869409e+00 6.700684252382039796e-01 -7.857203953846414457e-01 2.688888496417038421e-01 -1.515889246660361012e-01 5.360625380807343410e-01
1.403638130345096960e+18 4.627174865629335443e+00 -1.598393464226378402e+00 7.611247299479029227e-01 -7.797206273761240203e-01 2.669141431507299211e-01 -1.423066215688975067e-01 5.482165711540851749e-01
1.403638130645096960e+18 4.623756591706264629e+00 -1.594515110999843222e+00 8.895507986718288462e-01 -7.789254411687180912e-01 2.560707139678964905e-01 -1.418271647860357421e-01 5.546061682643319557e-01
1.403638130845096960e+18 4.623464274142573771e+00 -1.596196999302797126e+00 9.655894390782582271e-01 -7.618911321624439736e-01 2.709900835458733392e-01 -1.228487246147552253e-01 5.753211870012768792e-01
1.403638131345096960e+18 4.626258229280070466e+00 -1.602402244001998488e+00 9.101683760065817363e-01 -7.705687726716582420e-01 2.575295365035012440e-01 -1.438427069059073915e-01 5.649881238411719186e-01
1.403638131945096960e+18 4.626475877613167142e+00 -1.633857315924906128e+00 6.168382160258449876e-01 -7.985944809468886740e-01 2.222828097466946762e-01 -1.799736092136125232e-01 5.295721928867773709e-01
1.403638133945096960e+18 4.629403372937097139e+00 -1.593173890967333417e+00 6.171586387699086185e-01 -7.549136298219271124e-01 3.472248854843625332e-01 -1.947030638634775768e-01 5.211823167871565410e-01
1.403638137845096960e+18 4.607464980222236939e+00 -1.580418526641534926e+00 5.049638098050515111e-01 -7.722899120314727917e-01 3.410309106329462159e-01 -2.194355745191368112e-01 4.889930862524946575e-01
1.403638137945096960e+18 4.631239008262479473e+00 -1.555294629817544738e+00 5.273891268209773830e-01 -7.466169491229955879e-01 3.326495292516015168e-01 -2.430877187309878618e-01 5.223177031013997995e-01
1.403638149945096960e+18 4.741732260049546177e+00 -8.984743635708745124e-01 8.793574174641494157e-01 -7.870281170259120218e-01 2.670682185274020348e-01 -1.966340078168582195e-01 5.201887894150800662e-01
1.403638151445096960e+18 4.516727274745607090e+00 -4.399456515538813228e-02 1.008821093890743814e+00 -8.162650569795250055e-01 1.193106738253658233e-01 -1.038234539826500963e-01 5.556050848117414231e-01
1.403638152845096960e+18 4.185823474718906034e+00 6.850751596579605085e-01 1.057243798805154622e+00 -8.175469387371666619e-01 9.237639660468287273e-02 -7.614023230333524794e-02 5.632816962556266294e-01
1.403638153845096960e+18 3.683994351377402054e+00 1.644783519715548481e+00 1.219659506424651818e+00 -8.220713384782686317e-01 -2.497640173578287090e-02 -3.861794119223038117e-03 5.688233296508342640e-01
1.403638155645096960e+18 2.176822718451778993e+00 2.915440544080211804e+00 1.273834540619820599e+00 -7.846082351408512068e-01 -1.483991898724571767e-01 9.664983046976478864e-02 5.941602545311518435e-01
1.403638155945096960e+18 1.876443907030048930e+00 2.959581974441847230e+00 1.256209341502107613e+00 -7.897997635922516801e-01 -2.116870694686420473e-01 1.434250468583979921e-01 5.575250433685182694e-01
1.403638157945096960e+18 -8.617249792239700668e-02 3.821958547809430673e+00 1.335438361281646946e+00 -7.417138631589952347e-01 -3.467150871162404391e-01 2.407367691779364327e-01 5.212437064651295193e-01
1.403638158645096960e+18 -1.098112209669571016e+00 4.388842879301304123e+00 1.354755920196506702e+00 -7.561534002582358527e-01 -3.571637792771392705e-01 2.413919022956527993e-01 4.923373026254104223e-01
1.403638159445096960e+18 -1.711011955637306237e+00 4.823107261522072697e+00 1.450493373900875849e+00 -7.270927241689494336e-01 -3.144723433720481021e-01 2.947314134982885192e-01 5.343937776695848463e-01
1.403638161345096960e+18 -2.286385045338453104e+00 6.319101090763944661e+00 2.487126313186938997e+00 -7.915977980924761015e-01 -2.157612995579548387e-01 1.677457370283960136e-01 5.465174794798478564e-01
1.403638162145096960e+18 -2.206329055817557006e+00 6.987986811950664290e+00 2.657315670124742457e+00 -7.968173868022047079e-01 -1.868397969584706109e-01 1.519802815850340993e-01 5.541434258128099533e-01
1.403638163445096960e+18 -1.797552800257254724e+00 7.966383406483583229e+00 2.892111966387310495e+00 -8.028706144049573279e-01 -1.162494478941275000e-01 9.313013635064487650e-02 5.772448528073914620e-01
1.403638163945096960e+18 -1.351129850642886154e+00 8.539871354106708168e+00 3.159342502735177582e+00 -8.014192739129633036e-01 -9.850389571381414078e-02 1.060296753850104023e-01 5.803290772206490811e-01
1.403638165145096960e+18 -3.615164047130630109e-01 9.178873760990803987e+00 3.321024860042873783e+00 -8.090777670250838272e-01 -6.414304323236716399e-02 7.472114494670786811e-02 5.793924295401589042e-01
1.403638165945096960e+18 6.211629786297878653e-01 9.408070407691816683e+00 3.187196686990708017e+00 -8.099822680822545973e-01 -7.088488461264551288e-02 4.444788402274286315e-02 5.804553765206068583e-01
1.403638166445096960e+18 1.296513256169014916e+00 9.457071339189832671e+00 3.410284916643202546e+00 -8.127920940292503449e-01 -8.013440669149905771e-02 4.937834259972301298e-02 5.748993546959780820e-01
1.403638167945096960e+18 2.629548731932366490e+00 1.008854678676321370e+01 3.663870347544490702e+00 -8.192305749566203277e-01 -1.119685431464673836e-02 5.004292344656909725e-02 5.711668769480799934e-01
1.403638168445096960e+18 3.552453072560254554e+00 1.065846931146182008e+01 3.812001339508349851e+00 -8.297722040554142975e-01 3.519067578474626562e-02 -4.360461397125893479e-02 5.552822195561913921e-01
1.403638169445096960e+18 4.637590598737672209e+00 1.156858521166187614e+01 3.744887548603239136e+00 -7.952138649221802691e-01 1.005944026862635871e-01 -2.895384892293863602e-02 5.972247063009614720e-01
1.403638170345096960e+18 5.893526896520841163e+00 1.215605564647974290e+01 3.775311805918521557e+00 -7.413485379106634632e-01 2.918094101084734437e-01 -1.799294007164042031e-01 5.769532253724752868e-01
1.403638171845096960e+18 7.248156799912944592e+00 1.139798585603340975e+01 3.758524671027480668e+00 -6.528032552388247645e-01 4.262353583131390788e-01 -2.783515482366031857e-01 5.609739253009444759e-01
1.403638172845096960e+18 7.623298094466166575e+00 9.914204834934428945e+00 3.562163746322769775e+00 -6.498630407900265471e-01 4.249502934045211178e-01 -2.794721689589343416e-01 5.647925133426792144e-01
1.403638173145096960e+18 7.666428931827489635e+00 9.174270849728037192e+00 3.378173827218866165e+00 -6.606230192502846599e-01 4.283135892618566976e-01 -2.605093531615945701e-01 5.588019081978792268e-01
1.403638173345096960e+18 7.692970611321295671e+00 8.628656382975457007e+00 3.219330071865764253e+00 -6.726997371408122151e-01 4.216329849596513468e-01 -2.664686426708650080e-01 5.465301017490650226e-01
1.403638173445096960e+18 7.716986377576269263e+00 7.774539465205044131e+00 2.927403750255974657e+00 -6.859089543710925607e-01 4.056258608211336658e-01 -2.937369788612811394e-01 5.279348014633211683e-01
1.403638173845096960e+18 7.712876734191556949e+00 7.212461527786883764e+00 2.715490458081317726e+00 -6.861852783612903961e-01 4.082453053385746156e-01 -2.941919635452340809e-01 5.252966999845443130e-01
1.403638174445096960e+18 7.584387276223622187e+00 5.062500685466238437e+00 2.029596424820510059e+00 -7.085585112957837328e-01 4.176495544777612534e-01 -2.860350864891450517e-01 4.916275165325649232e-01
1.403638174845096960e+18 7.556808063169254908e+00 4.074278301676072189e+00 1.768874191096340809e+00 -7.179855816958786718e-01 4.178334131553359532e-01 -2.874491782835825737e-01 4.767440751932699450e-01
1.403638175645096960e+18 7.791496667105271001e+00 2.383079424786624489e+00 1.529110557466190290e+00 -7.511650149634224727e-01 4.257740908359792797e-01 -2.798168953267123893e-01 4.197261594867737755e-01
1.403638176145096960e+18 8.121815237487927774e+00 1.970789692681864214e+00 1.438938555707799827e+00 -7.173160067393797856e-01 3.992289342139268560e-01 -3.155174573797398518e-01 4.759440499160658145e-01
1.403638176845096960e+18 9.022030477739029664e+00 1.533607094866677567e+00 1.355017194791210411e+00 -6.971523629093649976e-01 4.286997331288314173e-01 -2.922477813428065452e-01 4.947588867371309207e-01
1.403638178145096960e+18 9.326517209624505256e+00 1.435050728503052042e+00 1.305200082087700331e+00 -6.400499969726887173e-01 4.914096089286333902e-01 -3.455192934534613847e-01 4.790292428226997079e-01
1.403638178645096960e+18 9.469625102380913262e+00 1.199389592882680544e+00 1.253348482728594560e+00 -5.991958411177163990e-01 5.693228974463191427e-01 -3.753062818084745844e-01 4.195008668234882498e-01
1.403638181345096960e+18 1.099768984668115657e+01 -8.072382855383490874e-01 7.954619002110909776e-01 -4.159601627574271432e-01 6.885653529187399924e-01 -4.870568224929182066e-01 3.400449226525919522e-01
1.403638182145096960e+18 1.135720115766005023e+01 -1.615307952454187568e+00 8.059075172317542446e-01 -3.568089905856465238e-01 7.495148804372645523e-01 -4.968388469557221687e-01 2.531125212155124760e-01
1.403638182645096960e+18 1.161727488787929552e+01 -2.262334493164737559e+00 9.164925029916533017e-01 -3.753586199593078598e-01 7.457694769535635482e-01 -4.967843171348673148e-01 2.369369872254975529e-01
1.403638183945096960e+18 1.275223402915951532e+01 -4.044572402494395646e+00 1.060397556413590792e+00 -3.855642565904973673e-01 7.337178523196310476e-01 -5.081507470019653860e-01 2.340537022749901719e-01
1.403638184445096960e+18 1.351969490731586276e+01 -4.737991788816513505e+00 1.135947517282364094e+00 -3.791124438798083585e-01 7.263820313112520077e-01 -5.215357746051156873e-01 2.379986035477099637e-01
1.403638186345096960e+18 1.553437639708440443e+01 -5.688363530265812429e+00 1.352449412216798263e+00 -4.246628567192119452e-01 7.037470151765377047e-01 -5.017955400136931976e-01 2.694491283629589784e-01
1.403638186945096960e+18 1.613735725413427602e+01 -5.830096485453874600e+00 1.391230774861040853e+00 -4.712997997957214524e-01 6.677703832348746982e-01 -4.916363106903839375e-01 3.004212908527119641e-01
1.403638187645096960e+18 1.727624012028180545e+01 -5.804807559730379651e+00 1.664025953923564005e+00 -5.369584401314621003e-01 5.900750549917250787e-01 -4.858388004512461111e-01 3.569982115139987422e-01
1.403638188445096960e+18 1.748706978501489928e+01 -5.368241399663113533e+00 1.745094561321752558e+00 -5.416266167373970930e-01 5.775378777404240882e-01 -4.595386876994956293e-01 4.023863843672064178e-01
1.403638189345096960e+18 1.730385584570196755e+01 -5.126949683267297608e+00 1.826703776454987160e+00 -5.970871435582130182e-01 5.597148491523924463e-01 -4.046771572252271798e-01 4.079738092769163993e-01
1.403638192345096960e+18 1.617549739803305187e+01 -2.842054595463273881e+00 2.150041585815749556e+00 -6.193009145933516812e-01 5.148515806343332279e-01 -3.998227502635988695e-01 4.376482554218840137e-01
1.403638192845096960e+18 1.582635265986788298e+01 -2.297040945051200822e+00 2.348263903019665477e+00 -6.036475987173188784e-01 5.036717479137452491e-01 -3.896341973798642111e-01 4.796973411938788012e-01
1.403638193645096960e+18 1.504518518628101909e+01 -1.913548582531602760e+00 2.627936072753431773e+00 -6.421324956089389246e-01 5.000205621243605236e-01 -3.689443129058264104e-01 4.489157933402682654e-01
1.403638198845096960e+18 1.265841252620606383e+01 5.374916045103734774e-01 2.539963610361303914e+00 -6.510671382638657523e-01 4.693013461763542171e-01 -4.131341596122098947e-01 4.303347465769817859e-01
1.403638199645096960e+18 1.232979317894488247e+01 1.057943705831990933e+00 2.633173060800388932e+00 -6.591398053336343654e-01 4.625317068241967533e-01 -4.142618765569086592e-01 4.242478460034684318e-01
1.403638199845096960e+18 1.190522858487393520e+01 1.708373873506531693e+00 2.779018719051632225e+00 -6.669988282558549919e-01 4.666024779749288198e-01 -3.664483515749982767e-01 4.506775968260894882e-01
1.403638200445096960e+18 1.117502792779125187e+01 2.721513208264783046e+00 2.983461231297623861e+00 -7.082958090666451323e-01 3.770510304004944246e-01 -3.545163385650513810e-01 4.800705500475759280e-01
1.403638200845096960e+18 1.056056571743888739e+01 3.461987352100516890e+00 3.170230299402399865e+00 -7.241359179848833039e-01 3.646450957110914937e-01 -3.183689941122397893e-01 4.912253149482425085e-01
1.403638201845096960e+18 9.210293481838739638e+00 4.969691530603109086e+00 3.189216817452046993e+00 -7.131138588220887753e-01 3.747357383168715139e-01 -3.145941066238502892e-01 5.020680221459246084e-01
1.403638202445096960e+18 7.782843918021857377e+00 6.347190722357350268e+00 3.087491615290379521e+00 -7.333132065041543246e-01 3.707521633184711618e-01 -2.648920994361270154e-01 5.046055392260279104e-01
1.403638202845096960e+18 7.145026676879587590e+00 6.969265357982274089e+00 2.983517060904322449e+00 -7.303470262323299433e-01 3.701769146807568633e-01 -2.666527996237749720e-01 5.083881957361234827e-01
1.403638203645096960e+18 5.988396792600982899e+00 8.026492965502100674e+00 2.911801713574067474e+00 -7.254429864930701521e-01 3.674061875904973684e-01 -2.673574263734539991e-01 5.169769561897270549e-01
1.403638204445096960e+18 4.908254056567676216e+00 8.861081343964459123e+00 3.084923899837205941e+00 -7.354435370187505372e-01 3.775327495483043472e-01 -2.291080781506950326e-01 5.139078861060043524e-01
1.403638204945096960e+18 4.657895295712502381e+00 9.054646540717641301e+00 3.071450843577764100e+00 -7.644226448799438245e-01 2.994405739285350698e-01 -2.237044825299465134e-01 5.253091158319166398e-01
1.403638205145096960e+18 4.492417556781882482e+00 9.180518948857486095e+00 3.060388789104981022e+00 -7.871879866209384735e-01 2.284070109175404262e-01 -1.797329035274311537e-01 5.439314244213026006e-01
1.403638205345096960e+18 4.322623257196196889e+00 9.308303395104722711e+00 3.074444441440616238e+00 -7.999229385414183824e-01 1.480781042797289782e-01 -1.293463545461356057e-01 5.669794423026371932e-01
1.403638205945096960e+18 3.576684604280909507e+00 9.660628047392743056e+00 3.306372700309843538e+00 -8.030447174164119239e-01 -1.099192091686309984e-02 -5.362688714925445410e-02 5.933991207263735745e-01
1.403638206445096960e+18 2.866962542376853662e+00 9.773313898847257875e+00 3.502209603169430530e+00 -7.935298332337087368e-01 -5.262128815801234150e-02 1.904729486297187038e-02 6.059526420101467581e-01
1.403638206845096960e+18 2.313395506877796493e+00 9.759338055519625854e+00 3.536466888850176016e+00 -7.875349970249253539e-01 -7.340581161684231470e-02 4.496250777013133942e-02 6.102283082395016933e-01
1.403638207445096960e+18 1.677586303934124778e+00 9.571542873700508380e+00 3.461931358429059635e+00 -7.753636868248287017e-01 -1.178189114722891229e-01 8.339693005216415600e-02 6.147965592867027373e-01
1.403638207645096960e+18 1.449964640686280504e+00 9.435290062534502198e+00 3.445629423058524043e+00 -7.846419811726614846e-01 -1.423495735668402762e-01 1.058418494600432552e-01 5.940295137361921718e-01
1.403638207945096960e+18 1.063625992344488402e+00 9.133364113071511525e+00 3.477426765917421392e+00 -7.924661837320405855e-01 -1.534958555042712780e-01 1.204289575598906231e-01 5.778695667408224601e-01
1.403638208445096960e+18 6.714235981653482455e-01 8.741272756878673889e+00 3.455310262970504809e+00 -7.927799301478163363e-01 -1.682108926829960771e-01 1.261267045114526364e-01 5.720988833643130267e-01
1.403638208845096960e+18 3.769668086146715780e-01 8.351029294724646945e+00 3.460392204597352528e+00 -7.830470789755916705e-01 -1.970534199366914263e-01 1.497833260023019863e-01 5.705893243399631221e-01
1.403638212345096960e+18 1.002512964335857681e+00 4.919756956014454730e+00 1.412056152108448703e+00 -8.090075521905656375e-01 5.277256406048883020e-02 -5.804802677179571498e-03 5.853957133828279202e-01
1.403638212645096960e+18 1.299953547044611746e+00 4.583742916251011934e+00 1.399356135443203808e+00 -8.048541362671833843e-01 1.191272775099073283e-01 -5.551921967468191610e-02 5.787366649292217113e-01
1.403638212945096960e+18 1.513204237408503516e+00 4.356092424567293619e+00 1.419194720889860317e+00 -7.980325648124038107e-01 1.694797986983866966e-01 -8.989252824472790393e-02 5.712617234664525423e-01
1.403638213145096960e+18 1.735512345657477251e+00 4.125147965173955100e+00 1.449329373476028859e+00 -7.915707235641868955e-01 2.276345891488677775e-01 -1.157367176915279211e-01 5.551606034266904910e-01
1.403638213345096960e+18 1.973556202265040582e+00 3.898055816159640585e+00 1.457566922263073828e+00 -7.835366218211226030e-01 2.924393618244662263e-01 -1.293280800884413495e-01 5.327511892257768000e-01
1.403638214445096960e+18 3.711771792830185657e+00 2.557498445965931566e+00 1.525769702076889445e+00 -7.661815484256970787e-01 3.097754319980301485e-01 -2.100870727662737525e-01 5.223681062612199888e-01
1.403638214845096960e+18 4.434099232060062512e+00 2.096767221566030237e+00 1.448588701048786120e+00 -7.577113371031580780e-01 2.945395871134700583e-01 -2.138900363957788320e-01 5.416373450741589490e-01
1.403638215445096960e+18 5.171977161659255806e+00 1.578638974977337295e+00 1.325857257928732658e+00 -7.600704258634841670e-01 2.904125959940135338e-01 -2.215601578073384259e-01 5.374612249159071986e-01
1.403638219345096960e+18 5.401942003993466024e+00 -1.011291756318870583e+00 1.115077354124922815e+00 -7.199112208277448355e-01 3.931082633284347372e-01 -2.909942810615004927e-01 4.924591920339272400e-01
1.403638223345096960e+18 5.074809887248045825e+00 -1.262746111448989073e+00 9.859779686729575054e-01 -7.200418780970612165e-01 3.934606646912297556e-01 -2.920471019758862918e-01 4.913622791329010919e-01
1.403638224145096960e+18 5.013806972956971642e+00 -1.308380729723630065e+00 8.723612021890705392e-01 -7.254199612547654885e-01 3.979096453135262945e-01 -2.854701445107171165e-01 4.836740540618534867e-01
1.403638225145096960e+18 4.998087233643678573e+00 -1.278063285626479750e+00 7.816670250715775925e-01 -7.254938614383124040e-01 3.915984257878506458e-01 -2.887157270321266123e-01 4.867777304890957280e-01
1.403638226145096960e+18 4.987840524023923194e+00 -1.250748983663498626e+00 7.560876735597801268e-01 -7.380327563995386919e-01 3.955542318123589918e-01 -2.799981799935726268e-01 4.695162610356755639e-01
