1.403637130538319111e+09 -0.000000000000000000e+00 -0.000000000000000000e+00 -0.000000000000000000e+00 -0.000000000000000000e+00 -0.000000000000000000e+00 -0.000000000000000000e+00 1.000000000000000000e+00
1.403637133438319206e+09 5.985247902572154999e-03 -3.157070651650428772e-02 -1.771711185574531555e-02 -4.550792276859283447e-03 1.111759245395660400e-02 -4.604401998221874237e-03 9.999172687530517578e-01
1.403637133738319159e+09 2.207129634916782379e-02 -7.748540490865707397e-02 -3.680894523859024048e-02 -2.408981695771217346e-02 2.234965004026889801e-02 -1.462129293940961361e-03 9.994589090347290039e-01
1.403637133838319302e+09 2.703654207289218903e-02 -1.287358403205871582e-01 -5.315396934747695923e-02 -2.531129121780395508e-02 3.038534149527549744e-02 -1.069480553269386292e-03 9.992172122001647949e-01
1.403637133938319206e+09 2.750958688557147980e-02 -2.161881774663925171e-01 -7.448165118694305420e-02 -3.098056092858314514e-02 3.908065706491470337e-02 1.725717098452150822e-03 9.987542629241943359e-01
1.403637134038319111e+09 2.272303774952888489e-02 -3.296501040458679199e-01 -1.026189774274826050e-01 -3.223818540573120117e-02 4.630935937166213989e-02 2.072760398732498288e-04 9.984068274497985840e-01
1.403637134138319254e+09 1.669034175574779510e-02 -4.476463794708251953e-01 -1.317006647586822510e-01 -3.074951097369194031e-02 5.621770396828651428e-02 -7.586925290524959564e-03 9.979160428047180176e-01
1.403637134238319159e+09 9.583205915987491608e-03 -5.630807280540466309e-01 -1.568153798580169678e-01 -2.259315177798271179e-02 6.817203015089035034e-02 -1.639799959957599640e-02 9.972829222679138184e-01
1.403637134338319302e+09 1.898683607578277588e-03 -6.620293855667114258e-01 -1.794712245464324951e-01 -6.284690462052822113e-03 7.103954255580902100e-02 -1.906416937708854675e-02 9.972714781761169434e-01
1.403637134538319111e+09 -1.160687766969203949e-03 -7.326434850692749023e-01 -1.891338825225830078e-01 1.389663945883512497e-02 7.514353096485137939e-02 -8.685991168022155762e-03 9.970381259918212891e-01
1.403637134738319159e+09 2.820717357099056244e-02 -5.682105422019958496e-01 -1.359594762325286865e-01 -1.270747184753417969e-02 7.612597197294235229e-02 -1.092550437897443771e-02 9.969574213027954102e-01
1.403637134838319302e+09 4.280488565564155579e-02 -4.328352510929107666e-01 -1.007418110966682434e-01 -3.863405063748359680e-02 7.080875337123870850e-02 -8.134400472044944763e-03 9.967082738876342773e-01
1.403637134938319206e+09 5.196845531463623047e-02 -3.005451858043670654e-01 -7.307712733745574951e-02 -6.220749393105506897e-02 6.670487672090530396e-02 -2.650421811267733574e-04 9.958316683769226074e-01
1.403637135038319111e+09 5.673164874315261841e-02 -1.970992237329483032e-01 -5.489089712500572205e-02 -7.181858271360397339e-02 6.300134211778640747e-02 7.118527311831712723e-03 9.954005479812622070e-01
1.403637135138319254e+09 5.595090240240097046e-02 -4.425469934940338135e-01 -1.165163591504096985e-01 -6.049308180809020996e-02 7.413791120052337646e-02 -1.070807687938213348e-02 9.953539967536926270e-01
1.403637135638319254e+09 4.010579735040664673e-02 -7.417081594467163086e-01 -1.739440560340881348e-01 -1.734436862170696259e-02 8.532146364450454712e-02 -1.433033589273691177e-02 9.960994720458984375e-01
1.403637135938319206e+09 5.744575336575508118e-02 -4.060049653053283691e-01 -6.075699999928474426e-02 -6.233045831322669983e-02 8.520020544528961182e-02 -5.970590747892856598e-03 9.943944215774536133e-01
1.403637136438319206e+09 6.116131693124771118e-02 -2.735419273376464844e-01 -3.968414291739463806e-02 -8.740063756704330444e-02 8.124607056379318237e-02 -1.146509021054953337e-04 9.928545951843261719e-01
1.403637136538319111e+09 6.267763674259185791e-02 -1.878630071878433228e-01 -3.213845193386077881e-02 -1.044237315654754639e-01 7.565917074680328369e-02 9.801627136766910553e-03 9.916024208068847656e-01
1.403637136838319302e+09 5.422007292509078979e-02 -3.600088953971862793e-01 -8.611670136451721191e-02 -1.023128852248191833e-01 7.343511283397674561e-02 5.948426201939582825e-03 9.920201897621154785e-01
1.403637136938319206e+09 4.926643148064613342e-02 -5.333999395370483398e-01 -1.241137981414794922e-01 -7.945270836353302002e-02 7.798404991626739502e-02 1.968430820852518082e-03 9.937816262245178223e-01
1.403637137038319111e+09 4.080729931592941284e-02 -8.500590324401855469e-01 -1.931454688310623169e-01 -2.932581305503845215e-02 9.505692869424819946e-02 5.891937296837568283e-03 9.950223565101623535e-01
1.403637137338319302e+09 6.718871742486953735e-02 -3.821368813514709473e-01 -5.860057845711708069e-02 -6.936717778444290161e-02 9.324714541435241699e-02 -4.566694609820842743e-03 9.932131767272949219e-01
1.403637137838319302e+09 6.639381498098373413e-02 -2.489627450704574585e-01 -3.991657495498657227e-02 -8.790735155344009399e-02 8.669802546501159668e-02 6.973958807066082954e-04 9.923483729362487793e-01
1.403637137938319206e+09 6.664007157087326050e-02 -1.653388440608978271e-01 -3.870960325002670288e-02 -1.038598343729972839e-01 8.127284795045852661e-02 1.555636059492826462e-03 9.912645816802978516e-01
1.403637138138319254e+09 7.702389359474182129e-02 -4.009109139442443848e-01 -9.818102419376373291e-02 -1.032487004995346069e-01 7.725876569747924805e-02 -1.270715333521366119e-02 9.915691614151000977e-01
1.403637138338319302e+09 7.543741911649703979e-02 -5.802969932556152344e-01 -1.333304047584533691e-01 -7.008484750986099243e-02 8.468279987573623657e-02 -2.139399014413356781e-02 9.937098622322082520e-01
1.403637138438319206e+09 5.743221938610076904e-02 -8.567266464233398438e-01 -1.911995708942413330e-01 -9.711535647511482239e-03 1.032685562968254089e-01 -2.189864031970500946e-02 9.943650364875793457e-01
1.403637138938319206e+09 9.068228304386138916e-02 -4.431409239768981934e-01 -4.519373551011085510e-02 -3.990380465984344482e-02 8.862929046154022217e-02 7.429183460772037506e-04 9.952648282051086426e-01
1.403637139138319254e+09 8.693107217550277710e-02 -1.881574541330337524e-01 2.276576310396194458e-02 -5.586984753608703613e-02 7.170306891202926636e-02 1.206552516669034958e-02 9.957870244979858398e-01
1.403637139338319302e+09 8.474477380514144897e-02 -8.102317899465560913e-02 6.039826199412345886e-02 -5.876899138092994690e-02 6.070180237293243408e-02 5.261792801320552826e-03 9.964104890823364258e-01
1.403637139638319254e+09 8.800647407770156860e-02 -2.384845167398452759e-02 7.996279746294021606e-02 -1.868920587003231049e-02 5.202602222561836243e-02 1.070849038660526276e-02 9.984134435653686523e-01
1.403637140338319302e+09 1.345599144697189331e-01 -2.494294568896293640e-02 4.799132794141769409e-02 -6.757495552301406860e-02 4.118256643414497375e-02 -6.809119600802659988e-03 9.968406558036804199e-01
1.403637150138319254e+09 1.643670350313186646e-01 -4.954258725047111511e-02 4.590609297156333923e-02 -8.214441686868667603e-02 4.795905947685241699e-02 -1.717297546565532684e-02 9.953177571296691895e-01
1.403637150238319159e+09 1.971016675233840942e-01 -9.312523156404495239e-02 5.470356345176696777e-02 -8.249403536319732666e-02 5.470401793718338013e-02 -2.227379009127616882e-02 9.948397278785705566e-01
1.403637150338319302e+09 2.293876409530639648e-01 -1.526368409395217896e-01 7.541406154632568359e-02 -7.411395013332366943e-02 5.984079092741012573e-02 -2.270723134279251099e-02 9.951937198638916016e-01
1.403637150438319206e+09 2.604223489761352539e-01 -2.209655642509460449e-01 1.054635047912597656e-01 -5.872587114572525024e-02 6.282811611890792847e-02 -1.902242377400398254e-02 9.961135387420654297e-01
1.403637150538319111e+09 3.245001435279846191e-01 -3.496033549308776855e-01 1.782637387514114380e-01 -4.827701300382614136e-02 6.962979584932327271e-02 -1.729350350797176361e-02 9.962540268898010254e-01
1.403637150738319159e+09 3.886468410491943359e-01 -4.648194015026092529e-01 2.617873847484588623e-01 -4.540691152215003967e-02 7.386351376771926880e-02 -1.891074143350124359e-02 9.960545897483825684e-01
1.403637150938319206e+09 4.730303287506103516e-01 -6.060637235641479492e-01 3.927068710327148438e-01 -2.227947488427162170e-02 7.355308532714843750e-02 -2.279383502900600433e-02 9.967818856239318848e-01
1.403637151438319206e+09 6.282677054405212402e-01 -9.757135510444641113e-01 5.351545810699462891e-01 -4.309707880020141602e-02 6.420068442821502686e-02 -1.834237948060035706e-02 9.968372583389282227e-01
1.403637152538319111e+09 9.813948869705200195e-01 -1.250212669372558594e+00 8.741723895072937012e-01 -3.597980365157127380e-02 6.001995503902435303e-02 -1.403482537716627121e-02 9.974498152732849121e-01
1.403637153538319111e+09 1.674682497978210449e+00 -1.502670645713806152e+00 1.500601053237915039e+00 -4.900157451629638672e-02 6.686308979988098145e-02 -1.447544805705547333e-02 9.964530467987060547e-01
1.403637154838319302e+09 2.041993379592895508e+00 -1.603658556938171387e+00 1.943410754203796387e+00 -4.929234832525253296e-02 1.304257512092590332e-01 -1.267889165319502354e-03 9.902312159538269043e-01
1.403637155438319206e+09 2.386302232742309570e+00 -1.826432824134826660e+00 2.451321125030517578e+00 -2.662708796560764313e-02 1.961782127618789673e-01 4.371110349893569946e-02 9.792315959930419922e-01
1.403637156038319111e+09 2.726265192031860352e+00 -1.792212724685668945e+00 2.733694076538085938e+00 -1.938641257584095001e-02 2.844805717468261719e-01 8.149658888578414917e-02 9.550148844718933105e-01
1.403637156338319302e+09 3.187958717346191406e+00 -1.718393802642822266e+00 2.895772218704223633e+00 -1.052106916904449463e-02 3.871712982654571533e-01 1.131143346428871155e-01 9.149824976921081543e-01
1.403637156738319159e+09 4.781666755676269531e+00 -1.310039758682250977e+00 2.870652437210083008e+00 -2.229208685457706451e-02 4.325872361660003662e-01 1.414140015840530396e-01 8.901537060737609863e-01
1.403637158038319111e+09 5.937928199768066406e+00 -1.343300580978393555e+00 2.480053663253784180e+00 -1.302640698850154877e-02 4.469421207904815674e-01 1.074999347329139709e-01 8.879846334457397461e-01
1.403637158538319111e+09 6.711163520812988281e+00 -1.325459599494934082e+00 2.097153425216674805e+00 3.315097885206341743e-03 5.056385993957519531e-01 1.446256935596466064e-01 8.505305051803588867e-01
1.403637158838319302e+09 7.837119102478027344e+00 -1.128008842468261719e+00 1.332583427429199219e+00 -7.253219839185476303e-03 5.424033403396606445e-01 1.614416688680648804e-01 8.244287371635437012e-01
1.403637159638319254e+09 9.023985862731933594e+00 -8.251966238021850586e-01 4.458880424499511719e-01 -2.447680570185184479e-02 5.485131144523620605e-01 1.426470428705215454e-01 8.235206007957458496e-01
1.403637160038319111e+09 9.650711059570312500e+00 -6.976715326309204102e-01 -1.043081283569335938e-02 -6.449888460338115692e-03 5.993232727050781250e-01 1.585828810930252075e-01 7.846155762672424316e-01
1.403637160338319302e+09 1.006450939178466797e+01 -5.636129379272460938e-01 -3.136634826660156250e-01 -3.176195779815316200e-03 6.458037495613098145e-01 1.723287999629974365e-01 7.437944412231445312e-01
1.403637160538319111e+09 1.046515464782714844e+01 -3.979287147521972656e-01 -6.186132431030273438e-01 -1.205393206328153610e-02 6.946133375167846680e-01 1.839842498302459717e-01 6.953538060188293457e-01
1.403637160738319159e+09 1.124691963195800781e+01 -1.768972873687744141e-01 -1.174777984619140625e+00 -2.017656527459621429e-02 7.281248569488525391e-01 2.123074382543563843e-01 6.514235734939575195e-01
1.403637161238319159e+09 1.225643157958984375e+01 -3.075938224792480469e-01 -1.988126754760742188e+00 1.263262797147035599e-02 7.300677299499511719e-01 2.268423736095428467e-01 6.445029973983764648e-01
1.403637161738319159e+09 1.283985424041748047e+01 -3.599801063537597656e-01 -2.621860504150390625e+00 2.000881731510162354e-02 7.588309049606323242e-01 2.031915038824081421e-01 6.184566617012023926e-01
1.403637161938319206e+09 1.353378105163574219e+01 -2.410616874694824219e-01 -3.610830307006835938e+00 5.010282248258590698e-02 7.732208371162414551e-01 1.918193697929382324e-01 6.023492813110351562e-01
1.403637162538319111e+09 1.375649261474609375e+01 3.022241592407226562e-02 -4.617190361022949219e+00 5.453918874263763428e-02 7.819703221321105957e-01 1.912707984447479248e-01 5.907313227653503418e-01
1.403637162938319206e+09 1.368475246429443359e+01 2.581958770751953125e-01 -5.279380798339843750e+00 4.326395690441131592e-02 8.324823975563049316e-01 1.906619220972061157e-01 5.184105038642883301e-01
1.403637163238319159e+09 1.354021549224853516e+01 4.543924331665039062e-01 -5.687076568603515625e+00 4.047760367393493652e-02 8.686052560806274414e-01 1.973098218441009521e-01 4.527198970317840576e-01
1.403637163438319206e+09 1.319641208648681641e+01 7.464113235473632812e-01 -6.203199386596679688e+00 5.314248427748680115e-02 8.897336721420288086e-01 2.439124584197998047e-01 3.821735382080078125e-01
1.403637163838319302e+09 1.251532745361328125e+01 9.489779472351074219e-01 -6.925142288208007812e+00 7.301250100135803223e-02 8.883008956909179688e-01 2.754402458667755127e-01 3.601714074611663818e-01
1.403637164238319159e+09 1.158523082733154297e+01 1.017133712768554688e+00 -7.838564872741699219e+00 4.624107480049133301e-02 8.918849825859069824e-01 2.578826248645782471e-01 3.686456382274627686e-01
1.403637164738319159e+09 1.078818702697753906e+01 1.167297363281250000e+00 -8.556832313537597656e+00 4.980221390724182129e-02 8.847052454948425293e-01 2.646719217300415039e-01 3.804803192615509033e-01
1.403637164938319206e+09 1.023220443725585938e+01 1.335337638854980469e+00 -9.058170318603515625e+00 3.091222420334815979e-02 8.954972028732299805e-01 2.460016608238220215e-01 3.696111440658569336e-01
1.403637165038319111e+09 9.661481857299804688e+00 1.533337116241455078e+00 -9.552296638488769531e+00 3.064568527042865753e-02 9.091832637786865234e-01 2.393702417612075806e-01 3.393354415893554688e-01
1.403637165238319159e+09 9.077663421630859375e+00 1.730253219604492188e+00 -1.001595497131347656e+01 2.570437639951705933e-02 9.230514168739318848e-01 2.473215758800506592e-01 2.935088872909545898e-01
1.403637165438319206e+09 8.497916221618652344e+00 1.862346172332763672e+00 -1.045284652709960938e+01 1.785220764577388763e-02 9.276109337806701660e-01 2.688284218311309814e-01 2.587482035160064697e-01
1.403637165638319254e+09 7.935544967651367188e+00 1.940769195556640625e+00 -1.087376117706298828e+01 -6.110840011388063431e-03 9.330471754074096680e-01 2.699842154979705811e-01 2.376851588487625122e-01
1.403637165838319302e+09 7.199095726013183594e+00 2.109663486480712891e+00 -1.144788551330566406e+01 -4.478861764073371887e-02 9.338623881340026855e-01 2.600351572036743164e-01 2.414059787988662720e-01
1.403637166438319206e+09 6.549816608428955078e+00 2.486574649810791016e+00 -1.198868751525878906e+01 -2.575492486357688904e-02 9.374816417694091797e-01 2.084469795227050781e-01 2.775151729583740234e-01
1.403637166738319159e+09 6.454298019409179688e+00 2.575870275497436523e+00 -1.134623908996582031e+01 -2.745820581912994385e-02 9.170427322387695312e-01 2.453802525997161865e-01 3.131568133831024170e-01
1.403637167838319302e+09 7.067274093627929688e+00 2.445041894912719727e+00 -1.048324871063232422e+01 -2.347107976675033569e-02 8.977333903312683105e-01 2.667040228843688965e-01 3.498469591140747070e-01
1.403637168238319159e+09 7.787613868713378906e+00 2.418649196624755859e+00 -9.683197021484375000e+00 -1.235686242580413818e-02 8.984001278877258301e-01 2.391960322856903076e-01 3.681164979934692383e-01
1.403637168638319254e+09 8.529359817504882812e+00 2.509209156036376953e+00 -8.845867156982421875e+00 -8.694658055901527405e-03 8.956254124641418457e-01 2.465970069169998169e-01 3.700939714908599854e-01
1.403637169138319254e+09 9.506982803344726562e+00 2.455658674240112305e+00 -7.766296386718750000e+00 -2.665558271110057831e-02 8.886314034461975098e-01 2.268625199794769287e-01 3.976897299289703369e-01
1.403637169438319206e+09 9.931999206542968750e+00 2.318995237350463867e+00 -7.289470672607421875e+00 -2.570777200162410736e-02 8.687124252319335938e-01 2.093569785356521606e-01 4.481601119041442871e-01
1.403637169638319254e+09 1.035602569580078125e+01 2.147769927978515625e+00 -6.778279304504394531e+00 -2.823288366198539734e-02 8.393567800521850586e-01 1.838898360729217529e-01 5.107519626617431641e-01
1.403637169838319302e+09 1.075114917755126953e+01 1.989225506782531738e+00 -6.216423034667968750e+00 -3.270636871457099915e-02 8.070510625839233398e-01 1.648742854595184326e-01 5.660524368286132812e-01
1.403637170038319111e+09 1.113245964050292969e+01 1.860205650329589844e+00 -5.578315734863281250e+00 -3.764568269252777100e-02 7.770677804946899414e-01 1.472557187080383301e-01 6.107898354530334473e-01
1.403637170238319159e+09 1.148096752166748047e+01 1.750346660614013672e+00 -4.855358123779296875e+00 -3.579515218734741211e-02 7.445856332778930664e-01 1.287159323692321777e-01 6.540207266807556152e-01
1.403637170438319206e+09 1.178471946716308594e+01 1.670033216476440430e+00 -4.067754268646240234e+00 5.489623174071311951e-03 6.987890005111694336e-01 1.216385737061500549e-01 7.048885822296142578e-01
1.403637170638319254e+09 1.200415611267089844e+01 1.607797384262084961e+00 -3.251599788665771484e+00 3.948451578617095947e-02 6.497565507888793945e-01 1.005809083580970764e-01 7.524233460426330566e-01
1.403637170838319302e+09 1.209192848205566406e+01 1.574765205383300781e+00 -2.460232734680175781e+00 3.481473773717880249e-02 5.915129780769348145e-01 9.320646524429321289e-02 8.001331090927124023e-01
1.403637171038319111e+09 1.205904388427734375e+01 1.470348238945007324e+00 -1.728038787841796875e+00 2.213023230433464050e-02 5.315970778465270996e-01 9.186164289712905884e-02 8.417102694511413574e-01
1.403637171238319159e+09 1.195388507843017578e+01 1.323934316635131836e+00 -1.093768119812011719e+00 2.405964210629463196e-02 4.952208697795867920e-01 8.191414922475814819e-02 8.645620942115783691e-01
1.403637171438319206e+09 1.178054809570312500e+01 1.161821365356445312e+00 -5.404329299926757812e-01 1.615031808614730835e-02 4.857212305068969727e-01 6.067661568522453308e-02 8.718556761741638184e-01
1.403637171738319159e+09 1.152430725097656250e+01 1.013190388679504395e+00 -1.436042785644531250e-02 1.151920203119516373e-02 4.887892901897430420e-01 5.083398520946502686e-02 8.708434104919433594e-01
1.403637171938319206e+09 1.118338584899902344e+01 9.132064580917358398e-01 4.978861808776855469e-01 1.240559201687574387e-02 4.982484877109527588e-01 4.483083263039588928e-02 8.657856583595275879e-01
1.403637172138319254e+09 1.074420070648193359e+01 8.491505384445190430e-01 9.917612075805664062e-01 1.602122746407985687e-02 5.049344897270202637e-01 4.750533029437065125e-02 8.617005348205566406e-01
1.403637172238319159e+09 1.020342445373535156e+01 7.816732525825500488e-01 1.457964420318603516e+00 1.328797265887260437e-02 4.962832629680633545e-01 9.590799361467361450e-02 8.627445101737976074e-01
1.403637172438319206e+09 9.622239112854003906e+00 6.768022775650024414e-01 1.855205059051513672e+00 1.558791100978851318e-02 4.904097020626068115e-01 1.325516849756240845e-01 8.612116575241088867e-01
1.403637172738319159e+09 8.514693260192871094e+00 4.157224893569946289e-01 2.360578536987304688e+00 -1.511985063552856445e-02 5.002734661102294922e-01 1.794293224811553955e-01 8.469374775886535645e-01
1.403637173038319111e+09 7.886669158935546875e+00 4.013606309890747070e-01 2.602483749389648438e+00 -4.187167435884475708e-02 5.304694771766662598e-01 2.198059260845184326e-01 8.176394701004028320e-01
1.403637173438319206e+09 7.490060329437255859e+00 5.500644445419311523e-01 2.759817600250244141e+00 -1.159859821200370789e-03 6.114918589591979980e-01 2.387820333242416382e-01 7.543603777885437012e-01
1.403637173738319159e+09 7.417668342590332031e+00 7.802200317382812500e-01 2.669828891754150391e+00 -6.704662926495075226e-03 6.458265185356140137e-01 2.866493165493011475e-01 7.075982689857482910e-01
1.403637174038319111e+09 7.583672523498535156e+00 8.919275999069213867e-01 2.305821418762207031e+00 1.381180016323924065e-03 6.926640272140502930e-01 2.034180015325546265e-01 6.919795870780944824e-01
1.403637174338319302e+09 7.779767036437988281e+00 8.544865846633911133e-01 1.821569442749023438e+00 4.586564376950263977e-02 6.932963728904724121e-01 2.093454152345657349e-01 6.880486607551574707e-01
1.403637174638319254e+09 7.869761466979980469e+00 8.292456865310668945e-01 1.405867576599121094e+00 4.401179030537605286e-02 7.203087806701660156e-01 2.016168534755706787e-01 6.622453331947326660e-01
1.403637174838319302e+09 7.921095848083496094e+00 8.676404953002929688e-01 9.557752609252929688e-01 3.315866366028785706e-02 7.557113766670227051e-01 2.122990638017654419e-01 6.186516880989074707e-01
1.403637175038319111e+09 7.929593563079833984e+00 9.390051364898681641e-01 4.913215637207031250e-01 3.643049672245979309e-02 7.832388281822204590e-01 2.212304472923278809e-01 5.798852443695068359e-01
1.403637175238319159e+09 7.898869514465332031e+00 1.038352131843566895e+00 2.013015747070312500e-02 6.141184270381927490e-02 8.030077219009399414e-01 2.037333846092224121e-01 5.566866397857666016e-01
1.403637175538319111e+09 7.584410667419433594e+00 1.344644308090209961e+00 -9.375305175781250000e-01 5.863558501005172729e-02 7.969799637794494629e-01 2.388122528791427612e-01 5.516825318336486816e-01
1.403637175938319206e+09 7.023014545440673828e+00 1.548765897750854492e+00 -2.075190544128417969e+00 4.387057200074195862e-02 8.039991855621337891e-01 2.026708424091339111e-01 5.573017001152038574e-01
1.403637176338319302e+09 6.254512786865234375e+00 1.784105181694030762e+00 -3.205786705017089844e+00 3.545501455664634705e-02 8.127101659774780273e-01 1.991933137178421021e-01 5.464130640029907227e-01
1.403637176638319254e+09 5.318159103393554688e+00 2.139784812927246094e+00 -4.245698928833007812e+00 1.955539733171463013e-02 8.243431448936462402e-01 2.384529411792755127e-01 5.130460858345031738e-01
1.403637177138319254e+09 4.433718681335449219e+00 2.628883838653564453e+00 -5.272560596466064453e+00 -1.798794791102409363e-02 8.117173314094543457e-01 2.944353520870208740e-01 5.040825605392456055e-01
1.403637177538319111e+09 3.991039752960205078e+00 3.056725502014160156e+00 -6.126152038574218750e+00 -5.489663407206535339e-02 8.215802311897277832e-01 2.769086956977844238e-01 4.952918887138366699e-01
1.403637177838319302e+09 3.804373741149902344e+00 3.478848934173583984e+00 -7.301331520080566406e+00 -5.964966490864753723e-02 8.515291810035705566e-01 2.549306452274322510e-01 4.542581140995025635e-01
1.403637178138319254e+09 3.935454845428466797e+00 3.778533697128295898e+00 -8.069280624389648438e+00 -8.780750632286071777e-02 8.818475604057312012e-01 2.287341952323913574e-01 4.028837978839874268e-01
1.403637178538319111e+09 4.947982788085937500e+00 3.916964054107666016e+00 -8.901430130004882812e+00 -1.795941963791847229e-02 8.938823938369750977e-01 2.164289057254791260e-01 3.921867012977600098e-01
1.403637179238319159e+09 6.361113548278808594e+00 3.894185543060302734e+00 -9.025368690490722656e+00 -1.711857132613658905e-02 8.872210383415222168e-01 2.288791537284851074e-01 4.002001583576202393e-01
1.403637180038319111e+09 7.642225265502929688e+00 4.177882194519042969e+00 -8.520572662353515625e+00 -1.655975542962551117e-02 8.893160223960876465e-01 2.247269749641418457e-01 3.979202806949615479e-01
1.403637180438319206e+09 8.530504226684570312e+00 4.192054748535156250e+00 -7.947367668151855469e+00 -2.403185889124870300e-02 8.780870437622070312e-01 2.616632580757141113e-01 3.998976349830627441e-01
1.403637180838319302e+09 9.485921859741210938e+00 3.937970876693725586e+00 -7.410962104797363281e+00 -4.992670565843582153e-02 8.945330977439880371e-01 2.191582620143890381e-01 3.863774538040161133e-01
1.403637181238319159e+09 1.000551414489746094e+01 3.692818164825439453e+00 -7.079261779785156250e+00 -2.475153096020221710e-02 8.949729800224304199e-01 2.273050993680953979e-01 3.830706477165222168e-01
1.403637181438319206e+09 1.052865123748779297e+01 3.383903026580810547e+00 -6.711997032165527344e+00 -7.801147177815437317e-03 8.985840082168579102e-01 2.201692610979080200e-01 3.794885277748107910e-01
1.403637181638319254e+09 1.151916122436523438e+01 2.657445669174194336e+00 -5.889008522033691406e+00 -2.571266843006014824e-03 8.984534144401550293e-01 2.355874180793762207e-01 3.705043792724609375e-01
1.403637182038319111e+09 1.199382781982421875e+01 2.323468685150146484e+00 -5.445317268371582031e+00 3.917817026376724243e-03 8.991745710372924805e-01 2.339458316564559937e-01 3.697825968265533447e-01
1.403637182238319159e+09 1.244459819793701172e+01 2.012568950653076172e+00 -4.979112625122070312e+00 2.264017798006534576e-02 9.000763297080993652e-01 2.228080183267593384e-01 3.737733662128448486e-01
1.403637182438319206e+09 1.314625835418701172e+01 1.425345659255981445e+00 -3.988500595092773438e+00 3.418898582458496094e-02 9.019282460212707520e-01 1.972727626562118530e-01 3.826748728752136230e-01
1.403637182838319302e+09 1.350171184539794922e+01 8.110527992248535156e-01 -2.873668670654296875e+00 6.285277754068374634e-02 8.970762491226196289e-01 2.095870077610015869e-01 3.838970959186553955e-01
1.403637183338319302e+09 1.320109462738037109e+01 4.780340194702148438e-01 -7.564802169799804688e-01 9.681956470012664795e-02 8.888688683509826660e-01 2.314976304769515991e-01 3.833365738391876221e-01
1.403637183938319206e+09 1.202859592437744141e+01 3.315916061401367188e-01 4.213352203369140625e-01 9.788879752159118652e-02 8.790426254272460938e-01 2.684388756752014160e-01 3.816313743591308594e-01
1.403637184438319206e+09 1.103571128845214844e+01 4.120879173278808594e-01 9.117841720581054688e-01 3.600009903311729431e-02 8.838618993759155273e-01 2.707680165767669678e-01 3.797064423561096191e-01
1.403637184638319254e+09 1.036610507965087891e+01 5.133063793182373047e-01 1.191265106201171875e+00 1.937480643391609192e-02 8.773940205574035645e-01 2.907996773719787598e-01 3.811034858226776123e-01
1.403637184938319206e+09 9.729399681091308594e+00 5.873000621795654297e-01 1.389948844909667969e+00 9.664302691817283630e-03 8.741920590400695801e-01 2.999735176563262939e-01 3.817206323146820068e-01
1.403637185138319254e+09 8.609585762023925781e+00 5.886485576629638672e-01 1.498890876770019531e+00 -2.575148595497012138e-03 8.704141378402709961e-01 3.126575350761413574e-01 3.802865743637084961e-01
1.403637185538319111e+09 7.779907226562500000e+00 4.393014907836914062e-01 1.230554103851318359e+00 -5.634889472275972366e-03 8.807719349861145020e-01 2.868816554546356201e-01 3.767068088054656982e-01
1.403637185938319206e+09 7.061547279357910156e+00 3.472030162811279297e-01 7.301154136657714844e-01 6.925052148289978504e-04 8.913458585739135742e-01 2.546618282794952393e-01 3.750327527523040771e-01
1.403637186638319254e+09 5.956189632415771484e+00 -2.020490169525146484e-02 -1.660532951354980469e-01 5.763064697384834290e-02 8.837887644767761230e-01 2.769253253936767578e-01 3.727043867111206055e-01
1.403637187338319302e+09 5.375444412231445312e+00 1.724309921264648438e-01 -6.937556266784667969e-01 8.437206037342548370e-03 8.893527984619140625e-01 2.924718260765075684e-01 3.513412177562713623e-01
1.403637187838319302e+09 4.686642646789550781e+00 6.277199983596801758e-01 -1.777256965637207031e+00 -3.094267798587679863e-03 8.929980397224426270e-01 2.926223874092102051e-01 3.419312238693237305e-01
1.403637188338319302e+09 4.396652221679687500e+00 1.155558705329895020e+00 -2.820808410644531250e+00 1.218458451330661774e-02 9.099233150482177734e-01 2.536750435829162598e-01 3.279332220554351807e-01
1.403637188838319302e+09 4.169121742248535156e+00 1.646541237831115723e+00 -3.594638824462890625e+00 3.840029612183570862e-02 9.202254414558410645e-01 2.760751545429229736e-01 2.747600078582763672e-01
1.403637189238319159e+09 3.775066852569580078e+00 2.265247821807861328e+00 -4.619205474853515625e+00 3.444849327206611633e-02 9.244927167892456055e-01 2.754617631435394287e-01 2.612421214580535889e-01
1.403637189838319302e+09 3.231759548187255859e+00 2.729320049285888672e+00 -5.933811187744140625e+00 1.781442947685718536e-02 9.289080500602722168e-01 2.588396966457366943e-01 2.642246484756469727e-01
1.403637190438319206e+09 2.338995456695556641e+00 2.830104351043701172e+00 -7.570096969604492188e+00 2.143038250505924225e-02 9.201511740684509277e-01 2.500572502613067627e-01 3.005561232566833496e-01
1.403637191538319111e+09 1.599422454833984375e+00 3.152590036392211914e+00 -8.345325469970703125e+00 -1.141799111792352051e-05 9.172182679176330566e-01 2.553211748600006104e-01 3.058134019374847412e-01
1.403637191938319206e+09 1.347070217132568359e+00 2.694280385971069336e+00 -9.150402069091796875e+00 -1.387289725244045258e-02 9.090718030929565430e-01 2.924496531486511230e-01 2.964274287223815918e-01
1.403637193138319254e+09 1.967838764190673828e+00 2.443394184112548828e+00 -9.869814872741699219e+00 -1.389953191392123699e-03 9.117865562438964844e-01 2.819066643714904785e-01 2.986170351505279541e-01
1.403637193938319206e+09 2.853767395019531250e+00 2.342655181884765625e+00 -1.078092575073242188e+01 -9.538578800857067108e-03 9.173581600189208984e-01 2.633861005306243896e-01 2.983134686946868896e-01
1.403637194738319159e+09 4.252383708953857422e+00 2.254379272460937500e+00 -1.166365146636962891e+01 -6.871626712381839752e-03 9.156962037086486816e-01 2.740039229393005371e-01 2.938964366912841797e-01
1.403637195238319159e+09 5.273345470428466797e+00 2.316892862319946289e+00 -1.213107013702392578e+01 2.725152298808097839e-03 9.193066954612731934e-01 2.517499923706054688e-01 3.024728000164031982e-01
1.403637195738319159e+09 6.460851669311523438e+00 2.173644542694091797e+00 -1.246458148956298828e+01 -4.278310388326644897e-02 9.207590818405151367e-01 2.160608321428298950e-01 3.220093846321105957e-01
1.403637196338319302e+09 7.605822563171386719e+00 2.075820446014404297e+00 -1.214182662963867188e+01 -4.449874907732009888e-02 9.304296970367431641e-01 1.795198172330856323e-01 3.163751065731048584e-01
1.403637196838319302e+09 8.600420951843261719e+00 2.004789829254150391e+00 -1.127518558502197266e+01 -1.374368835240602493e-02 9.284859895706176758e-01 1.920614838600158691e-01 3.175489902496337891e-01
1.403637197138319254e+09 9.071462631225585938e+00 1.910123825073242188e+00 -1.069626426696777344e+01 8.792069857008755207e-04 9.151591062545776367e-01 2.064677923917770386e-01 3.461996018886566162e-01
1.403637197338319302e+09 9.493883132934570312e+00 1.745589494705200195e+00 -1.006118774414062500e+01 4.666067194193601608e-03 8.883843421936035156e-01 2.180836647748947144e-01 4.039692282676696777e-01
1.403637197538319111e+09 9.885635375976562500e+00 1.519216060638427734e+00 -9.398185729980468750e+00 -1.417405251413583755e-02 8.503720760345458984e-01 2.111705988645553589e-01 4.817399680614471436e-01
1.403637197738319159e+09 1.024429512023925781e+01 1.235332727432250977e+00 -8.740998268127441406e+00 -2.687182091176509857e-02 8.087299466133117676e-01 1.834712773561477661e-01 5.581864118576049805e-01
1.403637197938319206e+09 1.057689380645751953e+01 9.006588459014892578e-01 -8.075540542602539062e+00 -3.565185889601707458e-02 7.686203718185424805e-01 1.575067788362503052e-01 6.189856529235839844e-01
1.403637198138319254e+09 1.087581539154052734e+01 4.931041002273559570e-01 -7.355469226837158203e+00 -3.794528171420097351e-02 7.302370071411132812e-01 1.427974700927734375e-01 6.670254468917846680e-01
1.403637198338319302e+09 1.113223838806152344e+01 4.954659938812255859e-02 -6.597105503082275391e+00 -4.090940579771995544e-02 6.991822719573974609e-01 1.146531403064727783e-01 7.045035362243652344e-01
1.403637198538319111e+09 1.144526863098144531e+01 -4.620404243469238281e-01 -5.368498802185058594e+00 -4.255989566445350647e-02 6.845635175704956055e-01 8.860313147306442261e-02 7.222955822944641113e-01
1.403637198938319206e+09 1.161782264709472656e+01 -7.779088020324707031e-01 -3.921567916870117188e+00 2.303623361513018608e-03 6.789148449897766113e-01 9.108781814575195312e-02 7.285412549972534180e-01
1.403637199138319254e+09 1.160359191894531250e+01 -1.009613871574401855e+00 -2.906062126159667969e+00 9.593492373824119568e-03 6.552773714065551758e-01 1.072906777262687683e-01 7.476685643196105957e-01
1.403637199338319302e+09 1.148203372955322266e+01 -1.278577566146850586e+00 -1.898330211639404297e+00 8.652551099658012390e-03 6.220448017120361328e-01 9.420064091682434082e-02 7.772461771965026855e-01
1.403637199538319111e+09 1.127583026885986328e+01 -1.541622400283813477e+00 -9.133968353271484375e-01 1.346587203443050385e-02 5.779372453689575195e-01 8.080064505338668823e-02 8.119597434997558594e-01
1.403637199738319159e+09 1.098709869384765625e+01 -1.734868645668029785e+00 5.632066726684570312e-02 3.822316974401473999e-02 5.195049643516540527e-01 8.276762813329696655e-02 8.495900034904479980e-01
1.403637199938319206e+09 1.063235664367675781e+01 -1.777314662933349609e+00 9.912223815917968750e-01 8.111592382192611694e-02 4.438610076904296875e-01 8.361190557479858398e-02 8.884912729263305664e-01
1.403637200138319254e+09 1.021605396270751953e+01 -1.723095059394836426e+00 1.780295133590698242e+00 8.751633763313293457e-02 3.713824152946472168e-01 5.955535173416137695e-02 9.224257469177246094e-01
1.403637200338319302e+09 9.726382255554199219e+00 -1.599261999130249023e+00 2.407678127288818359e+00 2.580151706933975220e-02 3.329466283321380615e-01 3.482977300882339478e-02 9.419488906860351562e-01
1.403637200538319111e+09 9.195329666137695312e+00 -1.520525574684143066e+00 2.915982246398925781e+00 -1.331578008830547333e-03 3.108720183372497559e-01 5.025761574506759644e-02 9.491211771965026855e-01
1.403637200838319302e+09 7.397233486175537109e+00 -1.574489355087280273e+00 4.020278453826904297e+00 6.506488658487796783e-03 3.473837077617645264e-01 1.035374030470848083e-01 9.319669008255004883e-01
1.403637201538319111e+09 6.111009120941162109e+00 -1.458854436874389648e+00 3.876142978668212891e+00 -2.023400738835334778e-02 3.844334185123443604e-01 1.643709838390350342e-01 9.081761240959167480e-01
1.403637202438319206e+09 6.342553138732910156e+00 -1.349064469337463379e+00 2.844187974929809570e+00 -3.537312150001525879e-02 4.057349860668182373e-01 7.906562834978103638e-02 9.098771810531616211e-01
1.403637203638319254e+09 6.708274841308593750e+00 -8.520268201828002930e-01 1.726790666580200195e+00 -2.172967419028282166e-02 4.175894260406494141e-01 8.247236162424087524e-02 9.046244025230407715e-01
1.403637206038319111e+09 5.003357887268066406e+00 -8.080986738204956055e-01 7.805538177490234375e-01 -4.001601040363311768e-02 3.839242160320281982e-01 6.867047399282455444e-02 9.199376702308654785e-01
1.403637209538319111e+09 4.761612892150878906e+00 -9.845974445343017578e-01 1.057818770408630371e+00 -1.240374147891998291e-01 3.416003882884979248e-01 9.313431382179260254e-02 9.269573688507080078e-01
1.403637210638319254e+09 5.479351043701171875e+00 -1.037397623062133789e+00 2.585466384887695312e+00 -9.312480688095092773e-02 3.374643623828887939e-01 9.584402292966842651e-02 9.318044781684875488e-01
1.403637211038319111e+09 6.252174377441406250e+00 -1.090187072753906250e+00 3.820677995681762695e+00 -4.437910020351409912e-02 3.407032191753387451e-01 9.570614993572235107e-02 9.342334866523742676e-01
1.403637211438319206e+09 7.346522331237792969e+00 -1.054443836212158203e+00 5.292267799377441406e+00 -4.039987176656723022e-02 3.484679460525512695e-01 9.274981915950775146e-02 9.318451881408691406e-01
1.403637212038319111e+09 8.536382675170898438e+00 -1.299502730369567871e+00 6.571763038635253906e+00 -2.362281829118728638e-02 3.547894060611724854e-01 7.954319566488265991e-02 9.312568902969360352e-01
1.403637212438319206e+09 9.699059486389160156e+00 -1.769123435020446777e+00 7.636944293975830078e+00 -4.058782011270523071e-02 3.613255918025970459e-01 8.027123659849166870e-02 9.280911087989807129e-01
1.403637213038319111e+09 1.079720592498779297e+01 -2.306266069412231445e+00 8.611738204956054688e+00 -4.743899405002593994e-02 3.569592237472534180e-01 7.750878483057022095e-02 9.296892881393432617e-01
1.403637213438319206e+09 1.167265224456787109e+01 -2.606521606445312500e+00 9.448537826538085938e+00 -4.116441309452056885e-02 3.608918786048889160e-01 5.888329446315765381e-02 9.298361539840698242e-01
1.403637213938319206e+09 1.261542320251464844e+01 -2.828222751617431641e+00 1.058543968200683594e+01 -3.737025335431098938e-02 3.515222072601318359e-01 4.376224800944328308e-02 9.344092011451721191e-01
1.403637214338319302e+09 1.310608100891113281e+01 -3.158521890640258789e+00 1.149360179901123047e+01 -1.812512427568435669e-02 2.819216251373291016e-01 -1.761064981110394001e-03 9.592646360397338867e-01
1.403637214738319159e+09 1.323458766937255859e+01 -3.597205400466918945e+00 1.228865718841552734e+01 -1.276778429746627808e-02 2.348227053880691528e-01 -5.476261302828788757e-02 9.704104661941528320e-01
1.403637215238319159e+09 1.271824741363525391e+01 -3.922868967056274414e+00 1.316964530944824219e+01 1.960351318120956421e-02 2.069092839956283569e-01 -3.684696555137634277e-02 9.774695038795471191e-01
1.403637215538319111e+09 1.209344577789306641e+01 -4.036111831665039062e+00 1.348586463928222656e+01 2.453156933188438416e-02 1.362327337265014648e-01 -3.981296345591545105e-02 9.895725846290588379e-01
1.403637215838319302e+09 1.132877540588378906e+01 -4.172070503234863281e+00 1.357332420349121094e+01 -1.002752408385276794e-02 5.827547982335090637e-02 -4.082595929503440857e-02 9.974150061607360840e-01
1.403637216138319254e+09 1.054330062866210938e+01 -4.298159122467041016e+00 1.353921318054199219e+01 -1.111749280244112015e-02 9.170396253466606140e-03 -3.549604862928390503e-02 9.992659687995910645e-01
1.403637216538319111e+09 9.375307083129882812e+00 -4.262424468994140625e+00 1.328319358825683594e+01 3.086335770785808563e-02 3.402459435164928436e-03 -2.544204518198966980e-02 9.991939663887023926e-01
1.403637217138319254e+09 8.285006523132324219e+00 -4.046023368835449219e+00 1.224095153808593750e+01 9.440727531909942627e-03 8.546765893697738647e-03 1.930099353194236755e-02 9.997326731681823730e-01
1.403637217738319159e+09 7.798174858093261719e+00 -3.568603754043579102e+00 1.095156383514404297e+01 2.305397950112819672e-02 -4.350973293185234070e-02 -6.097157672047615051e-02 9.969242811203002930e-01
1.403637218138319254e+09 7.468997478485107422e+00 -3.191616296768188477e+00 9.594171524047851562e+00 4.091584123671054840e-03 -9.215946495532989502e-02 -7.631281018257141113e-02 9.928073287010192871e-01
1.403637218538319111e+09 7.175521373748779297e+00 -2.713679313659667969e+00 8.081254959106445312e+00 -4.677551798522472382e-03 -9.246183931827545166e-02 -7.631247490644454956e-02 9.927766323089599609e-01
1.403637218938319206e+09 6.868234634399414062e+00 -2.077489137649536133e+00 6.491080760955810547e+00 -9.997206740081310272e-03 -7.917338609695434570e-02 -9.793034940958023071e-02 9.919885993003845215e-01
1.403637219338319302e+09 6.662682533264160156e+00 -1.734821438789367676e+00 5.681912899017333984e+00 -1.326694153249263763e-02 -7.888690382242202759e-02 -9.282576292753219604e-02 9.924637675285339355e-01
1.403637219538319111e+09 6.421718120574951172e+00 -1.440816521644592285e+00 4.841395378112792969e+00 -3.367646411061286926e-02 -7.852306216955184937e-02 -8.722618222236633301e-02 9.925178885459899902e-01
1.403637219738319159e+09 5.851090908050537109e+00 -1.012176632881164551e+00 3.212138175964355469e+00 -6.574652343988418579e-02 -7.636252045631408691e-02 -8.078537136316299438e-02 9.916248917579650879e-01
1.403637220238319159e+09 5.358637809753417969e+00 -8.694193363189697266e-01 2.115538120269775391e+00 -6.786311417818069458e-02 -7.729156315326690674e-02 -7.687665522098541260e-02 9.917210936546325684e-01
1.403637220438319206e+09 4.536722183227539062e+00 -8.351636528968811035e-01 5.461876392364501953e-01 -5.379396304488182068e-02 -8.254263550043106079e-02 -4.719233885407447815e-02 9.940150380134582520e-01
1.403637220938319206e+09 4.017106056213378906e+00 -6.794269680976867676e-01 -4.865520298480987549e-01 -6.594695895910263062e-02 -6.754026561975479126e-02 -4.694155976176261902e-02 9.944274425506591797e-01
1.403637221338319302e+09 3.515315532684326172e+00 -3.460432589054107666e-01 -1.425569772720336914e+00 -7.034481316804885864e-02 -9.527042508125305176e-03 -3.086149506270885468e-02 9.969997406005859375e-01
1.403637221938319206e+09 3.173990964889526367e+00 9.574651718139648438e-02 -1.978571772575378418e+00 -7.416938245296478271e-02 4.866851121187210083e-02 -7.667330559343099594e-03 9.960278868675231934e-01
1.403637222338319302e+09 3.016193151473999023e+00 5.153682827949523926e-01 -2.224026441574096680e+00 -3.579389676451683044e-02 1.206368654966354370e-01 8.212297223508358002e-03 9.920172095298767090e-01
1.403637223038319111e+09 2.271820545196533203e+00 3.131660223007202148e-01 -2.643616437911987305e+00 -5.635388940572738647e-02 1.101714819669723511e-01 -1.795659400522708893e-02 9.921512603759765625e-01
1.403637227138319254e+09 1.722614288330078125e+00 3.980410099029541016e-01 -2.343408107757568359e+00 -2.319038100540637970e-02 1.143423914909362793e-01 -5.054177250713109970e-03 9.931578636169433594e-01
1.403637229538319111e+09 1.335735917091369629e+00 5.807037353515625000e-01 -2.493850946426391602e+00 -5.657550320029258728e-02 1.896645724773406982e-01 6.186769157648086548e-02 9.782631993293762207e-01
1.403637229838319302e+09 1.377910017967224121e+00 7.249804139137268066e-01 -2.485046863555908203e+00 -3.697256743907928467e-02 2.940923869609832764e-01 4.941444098949432373e-02 9.537824988365173340e-01
1.403637230138319254e+09 1.460816860198974609e+00 6.947600245475769043e-01 -2.450608968734741211e+00 -1.010339427739381790e-02 3.985559940338134766e-01 7.937484979629516602e-02 9.136469364166259766e-01
1.403637230938319206e+09 1.500913619995117188e+00 5.778119564056396484e-01 -2.495318889617919922e+00 -3.698050230741500854e-02 4.912178218364715576e-01 1.479410231113433838e-01 8.575844168663024902e-01
1.403637231238319159e+09 1.655647516250610352e+00 7.051348686218261719e-01 -2.513196468353271484e+00 -1.813798025250434875e-02 5.931199193000793457e-01 1.890570670366287231e-01 7.823919653892517090e-01
1.403637231538319111e+09 1.896014690399169922e+00 1.095123171806335449e+00 -2.555774211883544922e+00 -5.788476672023534775e-03 6.898402571678161621e-01 2.325625419616699219e-01 6.855666041374206543e-01
1.403637231838319302e+09 2.210557460784912109e+00 1.427331924438476562e+00 -2.731008768081665039e+00 8.266190998256206512e-03 7.580114603042602539e-01 2.541187107563018799e-01 6.006447076797485352e-01
1.403637232138319254e+09 2.529767990112304688e+00 1.638461589813232422e+00 -3.055682659149169922e+00 3.671167045831680298e-02 8.127098083496093750e-01 2.464998662471771240e-01 5.266810655593872070e-01
1.403637232438319206e+09 2.798672914505004883e+00 1.803722381591796875e+00 -3.690312623977661133e+00 5.118812248110771179e-02 8.551063537597656250e-01 2.921766340732574463e-01 4.252126216888427734e-01
1.403637232838319302e+09 2.962111711502075195e+00 1.911417961120605469e+00 -4.918469905853271484e+00 7.429752964526414871e-03 8.668717741966247559e-01 3.393429219722747803e-01 3.651364445686340332e-01
1.403637233538319111e+09 3.269558668136596680e+00 2.236433029174804688e+00 -6.241061210632324219e+00 -5.728986114263534546e-02 8.751010894775390625e-01 3.001855015754699707e-01 3.752394914627075195e-01
1.403637233738319159e+09 3.987326622009277344e+00 2.807176589965820312e+00 -7.469962596893310547e+00 -1.135939583182334900e-01 8.954087495803833008e-01 2.075306475162506104e-01 3.771879673004150391e-01
1.403637234238319159e+09 5.562845230102539062e+00 3.358598709106445312e+00 -8.101638793945312500e+00 -7.392453402280807495e-02 8.999472260475158691e-01 1.837525367736816406e-01 3.884136378765106201e-01
1.403637234638319254e+09 6.701924800872802734e+00 3.612665414810180664e+00 -7.975401878356933594e+00 -1.657893881201744080e-02 8.780442476272583008e-01 1.887616813182830811e-01 4.394684433937072754e-01
1.403637234938319206e+09 7.422158718109130859e+00 3.740229129791259766e+00 -7.775485038757324219e+00 7.131600752472877502e-03 8.545628190040588379e-01 1.931136399507522583e-01 4.820567965507507324e-01
1.403637235138319254e+09 8.371879577636718750e+00 3.809201955795288086e+00 -7.373259067535400391e+00 -4.524438176304101944e-03 8.222693800926208496e-01 1.863859295845031738e-01 5.376923084259033203e-01
1.403637235438319206e+09 9.214673995971679688e+00 3.768150568008422852e+00 -6.896085262298583984e+00 -2.805992960929870605e-02 7.912613749504089355e-01 2.161453366279602051e-01 5.713137388229370117e-01
1.403637235738319159e+09 1.004150390625000000e+01 3.575101852416992188e+00 -6.399456977844238281e+00 -4.092468321323394775e-02 7.744521498680114746e-01 1.538040786981582642e-01 6.122854351997375488e-01
1.403637236038319111e+09 1.055684089660644531e+01 3.360146522521972656e+00 -5.972492694854736328e+00 -5.603001266717910767e-02 7.524104118347167969e-01 1.278581321239471436e-01 6.437325477600097656e-01
1.403637236238319159e+09 1.103358459472656250e+01 3.052019357681274414e+00 -5.435711860656738281e+00 -5.977999046444892883e-02 7.241995334625244141e-01 1.154281347990036011e-01 6.772280335426330566e-01
1.403637236438319206e+09 1.146695137023925781e+01 2.658034801483154297e+00 -4.793042182922363281e+00 -4.652451723814010620e-02 6.954281926155090332e-01 1.154652610421180725e-01 7.077307701110839844e-01
1.403637236638319254e+09 1.185106658935546875e+01 2.271981716156005859e+00 -4.070406436920166016e+00 -2.850576490163803101e-02 6.815072298049926758e-01 1.052330806851387024e-01 7.236444950103759766e-01
1.403637236838319302e+09 1.215897750854492188e+01 1.859352350234985352e+00 -3.270276069641113281e+00 4.738941788673400879e-03 6.611436605453491211e-01 8.652785420417785645e-02 7.452378869056701660e-01
1.403637237038319111e+09 1.233475494384765625e+01 1.400215029716491699e+00 -2.442790508270263672e+00 5.065586790442466736e-02 6.419960856437683105e-01 6.195227056741714478e-02 7.625201940536499023e-01
1.403637237238319159e+09 1.230889129638671875e+01 9.194123744964599609e-01 -1.632722854614257812e+00 6.720719486474990845e-02 6.122184991836547852e-01 6.338824331760406494e-02 7.852730154991149902e-01
1.403637237438319206e+09 1.208848857879638672e+01 4.148602485656738281e-01 -8.750963211059570312e-01 6.894141435623168945e-02 5.902411341667175293e-01 7.020084559917449951e-02 8.012080788612365723e-01
1.403637237638319254e+09 1.169117927551269531e+01 -1.015962362289428711e-01 -2.106142044067382812e-01 7.849996536970138550e-02 5.749261975288391113e-01 8.431107550859451294e-02 8.100551962852478027e-01
1.403637237938319206e+09 1.116022396087646484e+01 -5.573037862777709961e-01 3.655624389648437500e-01 7.757678627967834473e-02 5.722376704216003418e-01 1.143184155225753784e-01 8.083670735359191895e-01
1.403637238138319254e+09 1.054874610900878906e+01 -9.206068515777587891e-01 8.416910171508789062e-01 6.951839476823806763e-02 5.876267552375793457e-01 1.658449023962020874e-01 7.888964414596557617e-01
1.403637238338319302e+09 9.577655792236328125e+00 -1.328966140747070312e+00 1.298373222351074219e+00 8.870650082826614380e-02 6.382019519805908203e-01 2.482653707265853882e-01 7.233214378356933594e-01
1.403637238538319111e+09 8.587567329406738281e+00 -1.522442102432250977e+00 1.354009628295898438e+00 8.648923784494400024e-02 6.869720220565795898e-01 3.181973397731781006e-01 6.475643515586853027e-01
1.403637238838319302e+09 7.964787483215332031e+00 -1.556589603424072266e+00 1.140289306640625000e+00 4.765057563781738281e-02 6.868138909339904785e-01 3.786081075668334961e-01 6.186049580574035645e-01
1.403637239038319111e+09 7.298686981201171875e+00 -1.517831325531005859e+00 3.282279968261718750e-01 -1.888579339720308781e-03 7.193375229835510254e-01 3.517559170722961426e-01 5.990139842033386230e-01
1.403637239338319302e+09 7.047945022583007812e+00 -1.429412603378295898e+00 -4.411296844482421875e-01 3.279190976172685623e-03 7.513607740402221680e-01 3.262794315814971924e-01 5.735748410224914551e-01
1.403637239538319111e+09 6.898044109344482422e+00 -1.203138113021850586e+00 -1.287336349487304688e+00 1.234493404626846313e-02 7.860451340675354004e-01 3.192704319953918457e-01 5.291947722434997559e-01
1.403637239738319159e+09 6.807347774505615234e+00 -8.325736522674560547e-01 -2.181350708007812500e+00 2.193169295787811279e-02 8.310161828994750977e-01 2.869596481323242188e-01 4.760097563266754150e-01
1.403637239938319206e+09 6.726821899414062500e+00 -3.754668235778808594e-01 -3.079895019531250000e+00 2.668902464210987091e-02 8.717898726463317871e-01 2.557888627052307129e-01 4.169439375400543213e-01
1.403637240138319254e+09 6.634553432464599609e+00 1.102101802825927734e-01 -3.962120056152343750e+00 2.840744890272617340e-02 8.976626396179199219e-01 2.586615681648254395e-01 3.556530475616455078e-01
1.403637240338319302e+09 6.529551506042480469e+00 6.030843257904052734e-01 -4.808405876159667969e+00 7.891375571489334106e-03 9.042751193046569824e-01 2.912664413452148438e-01 3.120708465576171875e-01
1.403637240538319111e+09 6.428408622741699219e+00 1.236516237258911133e+00 -6.087817192077636719e+00 -1.102432142943143845e-02 9.076101183891296387e-01 3.020308315753936768e-01 2.913756370544433594e-01
1.403637240938319206e+09 6.499751091003417969e+00 2.050312280654907227e+00 -8.179687500000000000e+00 -1.380083989351987839e-02 9.162610769271850586e-01 2.620549499988555908e-01 3.026590347290039062e-01
1.403637241538319111e+09 6.833550453186035156e+00 2.833466768264770508e+00 -9.883020401000976562e+00 -4.229525476694107056e-02 9.220652580261230469e-01 2.230664938688278198e-01 3.134457170963287354e-01
1.403637241938319206e+09 7.496770381927490234e+00 3.153819084167480469e+00 -1.109993743896484375e+01 -2.624007500708103180e-02 9.282539486885070801e-01 2.012855559587478638e-01 3.116732537746429443e-01
1.403637242738319159e+09 8.375123023986816406e+00 2.985230922698974609e+00 -1.099619960784912109e+01 -9.127772413194179535e-03 9.108503460884094238e-01 1.775919348001480103e-01 3.724640011787414551e-01
1.403637243238319159e+09 8.819869041442871094e+00 2.734596252441406250e+00 -1.026313972473144531e+01 -1.379462890326976776e-02 8.990266919136047363e-01 2.074341028928756714e-01 3.853984177112579346e-01
1.403637243638319254e+09 9.225597381591796875e+00 2.400134563446044922e+00 -9.271105766296386719e+00 1.095489598810672760e-02 8.871675729751586914e-01 2.535876929759979248e-01 3.853661715984344482e-01
1.403637244138319254e+09 9.729326248168945312e+00 1.299704074859619141e+00 -7.861840248107910156e+00 9.112853556871414185e-03 8.811084628105163574e-01 2.726518809795379639e-01 3.862976729869842529e-01
1.403637244738319159e+09 1.001128959655761719e+01 6.803669929504394531e-01 -7.255958557128906250e+00 -2.193829044699668884e-02 8.619019985198974609e-01 2.644251883029937744e-01 4.321146905422210693e-01
1.403637245138319254e+09 1.074352455139160156e+01 1.223111152648925781e-01 -6.556925773620605469e+00 -2.414096146821975708e-02 8.502710461616516113e-01 2.703819274902343750e-01 4.509434103965759277e-01
1.403637245738319159e+09 1.146420192718505859e+01 -3.447198867797851562e-02 -6.198196411132812500e+00 -1.422789413481950760e-02 8.198410868644714355e-01 2.298639267683029175e-01 5.242336392402648926e-01
1.403637246038319111e+09 1.204129314422607422e+01 -7.609915733337402344e-02 -5.853447914123535156e+00 -1.022821478545665741e-02 7.559145689010620117e-01 1.887656301259994507e-01 6.267824172973632812e-01
1.403637246338319302e+09 1.239130020141601562e+01 -6.071901321411132812e-02 -5.599537849426269531e+00 -1.837140135467052460e-02 6.954433917999267578e-01 1.553272157907485962e-01 7.013519406318664551e-01
1.403637246538319111e+09 1.269607353210449219e+01 -9.494066238403320312e-03 -5.320338726043701172e+00 -1.711668446660041809e-02 6.352438926696777344e-01 1.112005114555358887e-01 7.640724778175354004e-01
1.403637246738319159e+09 1.301100921630859375e+01 2.191996574401855469e-02 -4.822133064270019531e+00 -1.405574381351470947e-02 5.455819368362426758e-01 7.142023742198944092e-02 8.348903656005859375e-01
1.403637247038319111e+09 1.317753601074218750e+01 -5.702793598175048828e-03 -4.091460227966308594e+00 -3.262542933225631714e-02 4.877196252346038818e-01 8.899737149477005005e-02 8.678390979766845703e-01
1.403637247438319206e+09 1.305402183532714844e+01 2.254036068916320801e-02 -2.888472318649291992e+00 -3.720864420756697655e-03 4.586491882801055908e-01 3.833710029721260071e-02 8.877823352813720703e-01
1.403637248038319111e+09 1.266882514953613281e+01 -2.916942536830902100e-02 -2.305823087692260742e+00 -2.201290056109428406e-02 4.071973264217376709e-01 5.169299617409706116e-02 9.116104841232299805e-01
1.403637248338319302e+09 1.220126914978027344e+01 -2.970898151397705078e-02 -1.722793817520141602e+00 -1.761945709586143494e-02 3.876315951347351074e-01 5.327932909131050110e-02 9.201046824455261230e-01
1.403637248738319159e+09 1.127398490905761719e+01 -1.760947704315185547e-01 -8.201193809509277344e-01 -3.456697613000869751e-02 3.971290886402130127e-01 6.340351700782775879e-02 9.149173498153686523e-01
1.403637249238319159e+09 1.043373966217041016e+01 -4.875486195087432861e-01 -1.174235343933105469e-01 -3.092600591480731964e-02 4.049642980098724365e-01 6.556718796491622925e-02 9.114540815353393555e-01
1.403637249638319254e+09 9.564966201782226562e+00 -5.310249328613281250e-01 6.628286838531494141e-01 -1.447879243642091751e-02 4.012608528137207031e-01 5.935750529170036316e-02 9.139238595962524414e-01
1.403637250038319111e+09 8.826395034790039062e+00 -5.974643230438232422e-01 1.201952576637268066e+00 -1.981659047305583954e-02 3.644171357154846191e-01 6.982024013996124268e-02 9.284033179283142090e-01
1.403637250238319159e+09 8.094511032104492188e+00 -6.688023805618286133e-01 1.691605210304260254e+00 -1.875033974647521973e-02 3.275159895420074463e-01 8.257923275232315063e-02 9.410432577133178711e-01
1.403637250638319254e+09 7.269333839416503906e+00 -7.263696193695068359e-01 2.232646226882934570e+00 -2.925660833716392517e-02 3.072655498981475830e-01 8.587863296270370483e-02 9.472892284393310547e-01
1.403637251138319254e+09 6.415530204772949219e+00 -1.153565764427185059e+00 2.719219446182250977e+00 -2.711421065032482147e-02 2.725444734096527100e-01 7.689871639013290405e-02 9.586818218231201172e-01
1.403637251638319254e+09 5.879960536956787109e+00 -1.583593606948852539e+00 3.002771377563476562e+00 -6.146584171801805496e-03 2.270550280809402466e-01 2.418880909681320190e-02 9.735621213912963867e-01
1.403637252738319159e+09 4.861884117126464844e+00 -1.478381872177124023e+00 2.252510547637939453e+00 -3.870682045817375183e-02 1.993852257728576660e-01 1.405281852930784225e-02 9.790555834770202637e-01
1.403637255138319254e+09 4.069643020629882812e+00 -1.324936389923095703e+00 1.578006148338317871e+00 -2.450014837086200714e-02 1.241139322519302368e-01 -6.776817608624696732e-03 9.919423460960388184e-01
1.403637255838319302e+09 3.401296615600585938e+00 -1.274428248405456543e+00 1.000009417533874512e+00 -3.078444488346576691e-02 2.977591007947921753e-02 -4.436172544956207275e-02 9.980971217155456543e-01
1.403637256738319159e+09 2.656129837036132812e+00 -1.009728670120239258e+00 4.702340662479400635e-01 -3.895637392997741699e-02 2.246163040399551392e-02 -2.547881007194519043e-02 9.986634850502014160e-01
1.403637257238319159e+09 2.150331974029541016e+00 -9.530701041221618652e-01 9.426297992467880249e-02 -4.169368743896484375e-02 -3.043590812012553215e-03 -5.183590948581695557e-02 9.977802038192749023e-01
1.403637257738319159e+09 1.729203581809997559e+00 -8.411836028099060059e-01 -1.433403939008712769e-01 -6.449732184410095215e-02 -2.555108070373535156e-02 -4.809701442718505859e-02 9.964306354522705078e-01
1.403637258138319254e+09 1.401282310485839844e+00 -7.463829517364501953e-01 -2.353736162185668945e-01 -5.495354160666465759e-02 -7.673216611146926880e-02 -6.364747136831283569e-02 9.934995174407958984e-01
1.403637258438319206e+09 9.737215042114257812e-01 -6.363083720207214355e-01 -2.843497395515441895e-01 -4.762167856097221375e-02 -1.197877973318099976e-01 -6.211603805422782898e-02 9.897094368934631348e-01
1.403637258838319302e+09 5.370492935180664062e-01 -4.853816628456115723e-01 -2.941782772541046143e-01 -3.762850165367126465e-02 -1.214118599891662598e-01 -5.722393840551376343e-02 9.902366995811462402e-01
1.403637259438319206e+09 2.252967059612274170e-01 -4.214518964290618896e-01 -4.233493804931640625e-01 -3.655268996953964233e-02 -1.115325763821601868e-01 -7.179994881153106689e-02 9.904893636703491211e-01
1.403637260638319254e+09 2.010852545499801636e-01 -1.581169664859771729e-01 -4.504175782203674316e-01 -3.859443217515945435e-02 -1.133628264069557190e-01 -7.528188824653625488e-02 9.899454712867736816e-01
1.403637261138319254e+09 1.406078189611434937e-01 -2.305844053626060486e-02 -4.581704735755920410e-01 -5.666784197092056274e-02 -1.131694540381431580e-01 -7.671867311000823975e-02 9.889872074127197266e-01
1.403637261438319206e+09 2.752644196152687073e-02 5.061842873692512512e-02 -4.556112885475158691e-01 -6.122513487935066223e-02 -1.143379360437393188e-01 -7.061834633350372314e-02 9.890356063842773438e-01
1.403637261838319302e+09 -3.260916098952293396e-02 3.242669627070426941e-02 -4.352295696735382080e-01 -5.402747169137001038e-02 -1.127454340457916260e-01 -7.359106093645095825e-02 9.894209504127502441e-01
1.403637261938319206e+09 -9.514289349317550659e-02 2.332739904522895813e-02 -3.947849869728088379e-01 -3.696509823203086853e-02 -1.129119768738746643e-01 -6.811156123876571655e-02 9.905782938003540039e-01
1.403637262238319159e+09 -1.482103615999221802e-01 7.992795854806900024e-02 -3.471094667911529541e-01 -3.328969702124595642e-02 -1.135900169610977173e-01 -5.901393294334411621e-02 9.912146925926208496e-01
1.403637262338319302e+09 -1.277898102998733521e-01 1.013866141438484192e-01 -3.568409383296966553e-01 3.387478878721594810e-03 -8.556768298149108887e-02 -2.501423284411430359e-02 9.960125684738159180e-01
