1.403637133438319104e+18 4.470941321670090396e+00 -1.751893145539097585e+00 5.943301332191774922e-01 -6.598248222392540940e-01 -4.419909871236480381e-01 3.629508781083176649e-01 4.873826333988532378e-01
1.403637133738319104e+18 4.477684649365579972e+00 -1.743566926406904694e+00 6.196731049317284468e-01 -6.745741063298625884e-01 -4.416121306144741854e-01 3.482865232420639945e-01 4.781474656331111683e-01
1.403637133938319104e+18 4.480932925085236995e+00 -1.736646608767693944e+00 6.950085385676734173e-01 -6.851227834383243342e-01 -4.336972550892990719e-01 3.355463008424391380e-01 4.795019734398239808e-01
1.403637134038319104e+18 4.480700545973355986e+00 -1.735142302770124489e+00 7.565848057468537169e-01 -6.875384762359220137e-01 -4.315129193678526320e-01 3.293861097895434686e-01 4.822781715893124099e-01
1.403637134238319104e+18 4.477867889637585641e+00 -1.733093153127374997e+00 8.828885902739765923e-01 -6.829728071836106418e-01 -4.277125650926066891e-01 3.108698133480624626e-01 5.039544279581059660e-01
1.403637134538319104e+18 4.472191541438118811e+00 -1.731076510672413749e+00 9.737414477268435675e-01 -6.711848695641960960e-01 -4.055101468777301266e-01 3.260921041675061693e-01 5.279548572055218214e-01
1.403637134738319104e+18 4.470396334796147286e+00 -1.720147985814889813e+00 8.821213209658934629e-01 -6.833785176807257722e-01 -4.164308369526820708e-01 3.125572654504258363e-01 5.117490746660267043e-01
1.403637134938319104e+18 4.474786726426099648e+00 -1.718064862069535126e+00 7.369092143558695351e-01 -7.077775546339069024e-01 -4.320399000729981953e-01 3.015559609521155093e-01 4.705916067203141928e-01
1.403637135038319104e+18 4.478681560851281773e+00 -1.720428163538732180e+00 6.817439273534029454e-01 -7.140259888885316375e-01 -4.323998451777873453e-01 3.031395840722184709e-01 4.596777715427430855e-01
1.403637135938319104e+18 4.457661589993566764e+00 -1.705609236006786489e+00 7.887221645028270611e-01 -7.112958294655604696e-01 -4.262426965441654114e-01 2.860784945889207065e-01 4.801400853515522260e-01
1.403637136438319104e+18 4.463309795108553857e+00 -1.710171479945548523e+00 7.184546329890395544e-01 -7.235258032597904343e-01 -4.330241066055320331e-01 2.798286800337408953e-01 4.590168242519330200e-01
1.403637136538319104e+18 4.469755078816722182e+00 -1.714532205457431902e+00 6.738393304677398055e-01 -7.332374355423602053e-01 -4.350472233616719531e-01 2.802834918582468027e-01 4.410645539558927242e-01
1.403637136938319104e+18 4.472290794189040852e+00 -1.710374067583720237e+00 8.621572761984189759e-01 -7.199891153085237194e-01 -4.306703622100009343e-01 2.868404167894285650e-01 4.624513901451940412e-01
1.403637137038319104e+18 4.467890932846850127e+00 -1.702230671158357023e+00 1.032590639188452952e+00 -7.046839661187564996e-01 -4.016152521315071722e-01 3.002012891508081260e-01 5.020008796234107784e-01
1.403637137938319104e+18 4.476204556834529669e+00 -1.715272998110870750e+00 6.631251428096960332e-01 -7.311952118602750295e-01 -4.373764924589438330e-01 2.727374597758611130e-01 4.468440936522821150e-01
1.403637138438319104e+18 4.469050515093313969e+00 -1.693177663359992868e+00 1.035174488362695211e+00 -6.855373705861610434e-01 -4.082241909092563237e-01 2.898108965098005751e-01 5.285841160595742272e-01
1.403637138938319104e+18 4.451597188317799159e+00 -1.683895519859892165e+00 8.044476040921920701e-01 -7.052734927587664959e-01 -4.121690461155153029e-01 2.973321526062785991e-01 4.942666981120551473e-01
1.403637150238319104e+18 4.461779942994620107e+00 -1.640958772174462732e+00 6.097325237968983513e-01 -7.027037687884919448e-01 -4.594317768706573935e-01 2.894242100701517884e-01 4.597428437259127865e-01
1.403637150438319104e+18 4.433455374548812777e+00 -1.592018607062789526e+00 6.659272922328471900e-01 -6.965225826569970691e-01 -4.450326246932035379e-01 2.966701232036398905e-01 4.783190282707160401e-01
1.403637150538319104e+18 4.394502365921165499e+00 -1.539131739449159264e+00 7.195850334133254700e-01 -6.948726170604951902e-01 -4.367578171984698998e-01 2.977257977608751549e-01 4.876002507415034826e-01
1.403637150738319104e+18 4.351911931348580787e+00 -1.485491240459447804e+00 7.649962769070095536e-01 -6.942231458418035572e-01 -4.346067581106368150e-01 2.953638975587736804e-01 4.918651823426438696e-01
1.403637150938319104e+18 4.286883664061529764e+00 -1.412335406376252323e+00 8.167003875214361441e-01 -6.816765077011602836e-01 -4.289629279756309033e-01 3.041993985136352552e-01 5.086950670243092221e-01
1.403637151438319104e+18 4.202273093699506745e+00 -1.285339031208820204e+00 9.806795328324666716e-01 -6.902515520462672027e-01 -4.383900537677163922e-01 3.032889680619820227e-01 4.892675725072693771e-01
1.403637152538319104e+18 4.067570819669070303e+00 -1.035814466090255515e+00 1.063721292169665933e+00 -6.875512093425667492e-01 -4.351943596906627798e-01 3.114935835098304184e-01 4.907656785648447095e-01
1.403637153538319104e+18 3.854950599475460926e+00 -5.732838843004497420e-01 1.086278250531151901e+00 -6.955649709011174631e-01 -4.366083357236065776e-01 3.006565779325021115e-01 4.849413929310506521e-01
1.403637155438319104e+18 3.480349592970734651e+00 -4.472216376940396643e-02 1.101559886811024791e+00 -7.476397885419857614e-01 -3.199033703982647747e-01 2.474872532562426286e-01 5.267320378260715863e-01
1.403637156038319104e+18 3.406233973529836589e+00 1.664852982828186612e-01 1.035555637897089376e+00 -7.780589798890654718e-01 -2.389838091482249793e-01 2.020154215960968391e-01 5.447024253813663730e-01
1.403637156738319104e+18 3.749737310112217337e+00 1.172922287251597417e+00 7.043795714115272943e-01 -8.189368729608447195e-01 -1.004320104961409221e-01 1.083318386680297007e-01 5.545448783494624223e-01
1.403637158038319104e+18 4.134355937077348386e+00 1.687017675407602058e+00 7.348169323762250293e-01 -8.033955825567711262e-01 -1.112898285613218158e-01 8.580462568763919107e-02 5.786256805549353510e-01
1.403637158538319104e+18 4.455065291043111664e+00 2.008466236075840072e+00 7.508982627060267756e-01 -8.093544737584313919e-01 -3.585654016277885214e-02 5.849305518848517405e-02 5.832994143915151142e-01
1.403637160038319104e+18 6.054102549789742937e+00 3.085325825130123434e+00 6.135996589850023497e-01 -8.121323519019101322e-01 4.413633700019081035e-02 -2.517893290446695728e-02 5.812564391800488783e-01
1.403637160538319104e+18 6.523316206686931906e+00 3.370548205041794532e+00 5.147986428816736515e-01 -8.032596512497094388e-01 1.443016717616874833e-01 -1.112687961423063782e-01 5.670716138249375371e-01
1.403637160738319104e+18 6.952682069468727022e+00 3.653641973203868965e+00 4.502145345897100581e-01 -8.034791933005127618e-01 1.954856862114998928e-01 -1.395838785900223034e-01 5.447227489809306489e-01
1.403637161238319104e+18 7.505419563537806482e+00 4.034718328941241161e+00 5.910023780045180475e-01 -7.902326086244474412e-01 2.213050352927757591e-01 -1.218938747402864425e-01 5.582995512459808518e-01
1.403637161738319104e+18 7.906737797273774682e+00 4.227162885390875147e+00 6.822641193258798253e-01 -7.698918563198451359e-01 2.340078639483547107e-01 -1.586803260691173889e-01 5.721253388037536025e-01
1.403637161938319104e+18 8.518710892186359018e+00 4.405219510946547956e+00 7.297945655276988353e-01 -7.451293202207762700e-01 2.519151457444511744e-01 -1.663253636327270968e-01 5.946906161226330756e-01
1.403637162538319104e+18 9.075335077013884089e+00 4.335395895384603904e+00 7.177108902803126522e-01 -7.384009354593660257e-01 2.625927203102879082e-01 -1.747136416018910121e-01 5.960572667042840500e-01
1.403637162938319104e+18 9.409634055278868203e+00 4.177463069242013383e+00 6.918144161764336886e-01 -7.150932072904285786e-01 3.144217815671596084e-01 -2.401978594596861638e-01 5.762687189794412079e-01
1.403637163238319104e+18 9.604556925333522344e+00 4.026295942612421186e+00 6.507916694430208038e-01 -6.898489166132865114e-01 3.642912408603962704e-01 -2.864977004333214561e-01 5.561649321256119105e-01
1.403637163438319104e+18 9.828596645049987757e+00 3.751885678966402349e+00 5.819772421763480530e-01 -6.660183683535088051e-01 4.410356087174636119e-01 -2.986179151991213421e-01 5.222398544549012867e-01
1.403637164238319104e+18 1.037335340402892925e+01 2.671656196480810763e+00 7.139969137883019901e-01 -6.674787703618444423e-01 4.546383932116401239e-01 -3.013914902516352523e-01 5.068916966552882153e-01
1.403637164738319104e+18 1.060078828132029471e+01 2.150534547773531813e+00 7.590379619430176472e-01 -6.738308880391262745e-01 4.517105344107474330e-01 -2.873917195373803524e-01 5.092303280128819276e-01
1.403637164938319104e+18 1.076685070491371121e+01 1.782308454006325427e+00 7.583137258961832883e-01 -6.716205429720102371e-01 4.424290180273797168e-01 -3.159312677973490358e-01 5.033585643388521769e-01
1.403637165038319104e+18 1.093032036583305988e+01 1.405707296780022153e+00 7.418878162981039637e-01 -6.540921579873947289e-01 4.580052655726721822e-01 -3.395678169922982104e-01 4.970797956366607706e-01
1.403637165238319104e+18 1.107666103257684398e+01 1.027541192274441961e+00 7.224121219457353416e-01 -6.351545649721966891e-01 4.883626893131198798e-01 -3.641625995307649633e-01 4.748327741266729629e-01
1.403637165438319104e+18 1.120330751881316900e+01 6.604397931963508217e-01 7.322204531850295961e-01 -6.273939872277556340e-01 5.171144871616242256e-01 -3.732417587883160026e-01 4.468332814984063983e-01
1.403637166438319104e+18 1.168237797670121303e+01 -5.972113280026380977e-01 6.824385563351942352e-01 -6.377589984980075455e-01 4.576671722553706245e-01 -4.211983610524074328e-01 4.543084413934625476e-01
1.403637166738319104e+18 1.136521372606636859e+01 -5.488272067292103706e-01 5.551448719489291417e-01 -6.706430451423686101e-01 4.555754770649127483e-01 -3.773385350450374487e-01 4.475539304590148704e-01
1.403637168238319104e+18 1.077217621021557292e+01 3.895333199753630016e-01 3.709230457120316071e-01 -6.896470342172058565e-01 4.238287626970420607e-01 -3.408408411936758586e-01 4.781042449931748317e-01
1.403637169438319104e+18 9.971959550908742642e+00 1.842643000609188064e+00 3.392542499045003712e-02 -7.242507844673785611e-01 3.494719464582067836e-01 -3.117468660258553848e-01 5.061067588564260866e-01
1.403637170038319104e+18 9.298105353735909517e+00 2.744960353522578611e+00 1.064516506648349736e-03 -7.748249393594056622e-01 1.879629929355468021e-01 -2.260890460690167525e-01 5.596427162762035445e-01
1.403637170238319104e+18 8.995681182423840738e+00 3.041237170930944700e+00 -5.028097776915829709e-02 -7.818976443559044753e-01 1.416510956733970095e-01 -1.967544267573766714e-01 5.743332973079219306e-01
1.403637170438319104e+18 8.657642406689200598e+00 3.323424014031597373e+00 -1.237295098487620204e-01 -7.749878021744190937e-01 1.078002373251475826e-01 -1.328293819811579290e-01 6.083825857106769375e-01
1.403637171038319104e+18 7.549606539682053530e+00 3.847135164479809077e+00 -3.409640182995469226e-01 -7.808344175358987727e-01 -4.693739694806278728e-02 2.097664359409229587e-02 6.226190437038048309e-01
1.403637171238319104e+18 7.207678916271767378e+00 3.906806447778584435e+00 -3.470022834226817454e-01 -7.768546259624862227e-01 -8.044937555631835602e-02 4.942334421857781657e-02 6.225609376916736437e-01
1.403637171438319104e+18 6.891364808325860736e+00 3.920898743119711760e+00 -3.320929415576101551e-01 -7.725030151745485574e-01 -1.051581243045148634e-01 4.460719959640768728e-02 6.246527500805172384e-01
1.403637171738319104e+18 6.575497493547345584e+00 3.888505697261286365e+00 -3.176926576153359938e-01 -7.708715973816604450e-01 -1.114125692115725125e-01 3.540523121457051642e-02 6.261714536567173361e-01
1.403637171938319104e+18 6.257303986639733751e+00 3.808293852472568464e+00 -3.234023997990782551e-01 -7.680122418375986415e-01 -1.082010193991394531e-01 2.479834865075471878e-02 6.307414507488537936e-01
1.403637172238319104e+18 5.608541799797786886e+00 3.484596103296421887e+00 -3.512491798106553431e-01 -7.874667394780049401e-01 -7.399124443980538424e-02 5.004740950740499406e-02 6.098497247385843423e-01
1.403637172438319104e+18 5.304018270198854523e+00 3.267168041882984042e+00 -3.313167966692155963e-01 -7.993710616433856719e-01 -5.127086269857100698e-02 7.206865614113117102e-02 5.942922793098378564e-01
1.403637172738319104e+18 4.838459290416827763e+00 2.817238080052712590e+00 -2.288881407129503276e-01 -8.293148140608226360e-01 -2.094991918976387910e-02 6.934030942127612784e-02 5.540667482845068603e-01
1.403637173038319104e+18 4.611431173792891691e+00 2.545137887550112055e+00 -2.328695511217240277e-01 -8.522327413642248883e-01 2.307752574703907100e-02 4.626279910537063611e-02 5.206020896722839408e-01
1.403637173438319104e+18 4.483961110140196382e+00 2.362399258218685905e+00 -3.162137400872171988e-01 -8.297994942554814957e-01 1.179723858358767002e-01 -3.348066885848506331e-03 5.454393696476868003e-01
1.403637173738319104e+18 4.541453820038836575e+00 2.295163447684640978e+00 -4.189418676819445797e-01 -8.358756638058421062e-01 1.845858295327968690e-01 -2.266751558034509756e-02 5.164553513424436915e-01
1.403637174038319104e+18 4.759082666382021820e+00 2.311316893653486915e+00 -4.330404533288039204e-01 -8.024213033603998513e-01 1.626238409685283326e-01 -9.590584460525479471e-02 5.661056502390632295e-01
1.403637175038319104e+18 5.702352332642606214e+00 2.190394231994157614e+00 -2.282117217520998609e-01 -7.537887527444935287e-01 2.808659484662160977e-01 -1.731303397291878987e-01 5.682804947324250344e-01
1.403637175238319104e+18 5.936514784465096284e+00 2.092736781230621013e+00 -2.153410296021768811e-01 -7.261538895589559894e-01 2.985845437009495007e-01 -1.921835888876957943e-01 5.887387086845409234e-01
1.403637175538319104e+18 6.380956812824170044e+00 1.761479593474860827e+00 -2.339348559855921328e-01 -7.374878395741639725e-01 3.198400791119695441e-01 -1.743654301185841859e-01 5.686921021549734556e-01
1.403637175938319104e+18 6.858206496733018298e+00 1.286508137588777689e+00 -1.685958058052715314e-01 -7.349438585578789151e-01 2.915259510318526925e-01 -2.008824519031041644e-01 5.783739146611188708e-01
1.403637177538319104e+18 8.469135989253935293e+00 -9.750321789851066345e-01 -2.990198659960713323e-01 -7.815208813860352599e-01 3.391588989556053035e-01 -2.434404104497736032e-01 4.636088003660651657e-01
1.403637178538319104e+18 1.007613680527536815e+01 -1.005729160643431541e+00 -4.006665822282646783e-01 -6.963659728927588111e-01 3.939644914167357848e-01 -3.423586024371992331e-01 4.926022722614282756e-01
1.403637179238319104e+18 1.037719107785749095e+01 -3.224221429319411580e-01 -4.193393935244094095e-01 -7.042292366709375084e-01 3.956712879465503763e-01 -3.285954573968009051e-01 4.894184707290619718e-01
1.403637180038319104e+18 1.038635648348292762e+01 3.729585648990796365e-01 -6.727178621708514994e-01 -7.014108483262855298e-01 3.951813486743052661e-01 -3.325839621165247451e-01 4.911643631749270655e-01
1.403637180438319104e+18 1.026372984982567260e+01 9.041330231724002964e-01 -7.851315354068193475e-01 -7.184674254954327433e-01 4.102891073946148826e-01 -3.099216864560632168e-01 4.684185682907165416e-01
1.403637181238319104e+18 1.004061044569593619e+01 1.811357829259344410e+00 -6.948951848238030804e-01 -6.988988733833459976e-01 4.031138117055943493e-01 -3.442329221025403063e-01 4.801492631842959047e-01
1.403637181438319104e+18 9.917602447574516589e+00 2.152301186488212004e+00 -6.037062790024694259e-01 -6.865441061864344663e-01 4.081166098156764344e-01 -3.438900499175804315e-01 4.937992067844104715e-01
1.403637182038319104e+18 9.435452842605785762e+00 3.159526809140782433e+00 -2.805450691329662294e-01 -6.808320394660165586e-01 4.261191147040268024e-01 -3.360598493616915872e-01 4.918882106407900801e-01
1.403637182238319104e+18 9.251851462974377327e+00 3.480464870249295295e+00 -1.990542670126972669e-01 -6.697983198864717602e-01 4.244990684360465671e-01 -3.322563901324657731e-01 5.106627485829869917e-01
1.403637182438319104e+18 8.825980038532440730e+00 4.029860976887680302e+00 -5.475854837544345821e-02 -6.594363663497037065e-01 4.090398517978592330e-01 -3.373771474859922903e-01 5.329228262430683039e-01
1.403637183938319104e+18 6.373335046613997079e+00 4.258470647994362146e+00 -4.543586616832340219e-02 -6.508699628564341699e-01 4.689400798629905776e-01 -2.601390794268902407e-01 5.373929217102567657e-01
1.403637184438319104e+18 5.973984655251030951e+00 3.837892896283855659e+00 -1.185037811695561216e-01 -6.823832649272232320e-01 4.504723824692443701e-01 -2.902895997352514246e-01 4.971515469806905840e-01
1.403637184938319104e+18 5.537405365835645910e+00 3.252813210647157227e+00 -2.277577948546682940e-01 -7.057512758218521531e-01 4.541855695006866700e-01 -2.807261731851795061e-01 4.656430186548163319e-01
1.403637185538319104e+18 5.261387521862951999e+00 2.270733454764069403e+00 -6.703138642189915286e-02 -7.065342328429508045e-01 4.452760208497363870e-01 -3.000233539093381530e-01 4.610039372784571210e-01
1.403637185938319104e+18 5.369150418951502246e+00 1.841234004304647121e+00 6.976352820733672244e-02 -6.920727241176403144e-01 4.323802292476790488e-01 -3.203676865031008236e-01 4.810896250520936279e-01
1.403637189238319104e+18 7.611673196815475606e+00 -7.837490659014889616e-01 -8.891217490209230023e-02 -6.227689168242053208e-01 5.250660095940551386e-01 -3.597077605360121666e-01 4.550548195731467516e-01
1.403637190438319104e+18 8.857104493780465049e+00 -2.008378986384768083e+00 6.190180343926798834e-02 -6.419668459801493032e-01 4.840326923873922715e-01 -3.601906807551383816e-01 4.731316887079760058e-01
1.403637191538319104e+18 9.141800858574875122e+00 -2.522755676428869442e+00 2.496199907572793641e-02 -6.570177817956982524e-01 4.757071187439911308e-01 -3.632445343582543229e-01 4.583489716792275015e-01
1.403637191938319104e+18 9.435326473237722666e+00 -2.742511657066174724e+00 3.729076703059730491e-01 -6.709556395237334936e-01 4.950695785272261062e-01 -3.495942450293955672e-01 4.272101427289612952e-01
1.403637193938319104e+18 1.044394789764185916e+01 -2.228600435030519744e+00 7.177885364378757682e-01 -6.603326236710844732e-01 4.808138177163447380e-01 -3.664610714759407029e-01 4.455167582722345254e-01
1.403637194738319104e+18 1.110223107777411222e+01 -1.668582735077519974e+00 8.333414450649931915e-01 -6.602248115839636222e-01 4.899245464412035900e-01 -3.607087337532159932e-01 4.404161059242184262e-01
1.403637195238319104e+18 1.151169406849587418e+01 -1.240941687221601031e+00 8.297154569204465702e-01 -6.527052421725187958e-01 4.768800287414012296e-01 -3.663808666011314497e-01 4.607888514457760265e-01
1.403637195738319104e+18 1.186144406775150983e+01 -6.941340344789730388e-01 9.074913051610380421e-01 -6.722725372216969975e-01 4.284946399301456932e-01 -3.974270331145040025e-01 4.544158146438566082e-01
1.403637197538319104e+18 1.089276372013730843e+01 1.542560070399243921e+00 7.212666366271976992e-01 -7.346187619645452305e-01 3.312428247624484845e-01 -2.811646111946518589e-01 5.211141209225027549e-01
1.403637197738319104e+18 1.060394484554023364e+01 1.846222762822966823e+00 7.667807900575875912e-01 -7.630185646910918607e-01 2.543426592670454123e-01 -2.442568188030529164e-01 5.417112589580601600e-01
1.403637197938319104e+18 1.030079813220853424e+01 2.142012840425950415e+00 8.378867135564426194e-01 -7.806075272188714997e-01 1.877151451972405016e-01 -2.116402168913247006e-01 5.573359232159821319e-01
1.403637198538319104e+18 8.983902942438438899e+00 3.104832791496037636e+00 1.143787539130374897e+00 -7.896916184914934966e-01 5.356115755250067528e-02 -1.542366457727530060e-01 5.913792414235489181e-01
1.403637198938319104e+18 8.277085717111351215e+00 3.444330346207070015e+00 1.107170694664356247e+00 -7.710672228760222513e-01 6.649446945728960945e-02 -1.271322488297618458e-01 6.203798954232319085e-01
1.403637199538319104e+18 6.674489767908363014e+00 3.810241939885416151e+00 1.108601733246548537e+00 -7.779812127854121018e-01 -2.184578843890251990e-02 -2.973011718819392954e-02 6.272034073666998832e-01
1.403637199738319104e+18 6.133174615316369760e+00 3.835706716484508672e+00 1.088034748611613534e+00 -7.696604151592698617e-01 -5.620990217129353400e-02 3.457945977979844099e-02 6.350335055696596509e-01
1.403637199938319104e+18 5.614639079701690960e+00 3.811744620167756725e+00 9.975765275584078662e-01 -7.464566050088889959e-01 -9.340703454565274511e-02 1.181333374013708859e-01 6.481683248434810807e-01
1.403637200538319104e+18 4.464735017455572219e+00 3.386290399005964069e+00 6.596692222706823650e-01 -7.615161396060944332e-01 -2.373246795861304603e-01 1.753876054303621090e-01 5.770696261632347612e-01
1.403637201538319104e+18 3.475232664397714721e+00 2.003909281011554189e+00 6.030558724484426092e-01 -8.218843907285566797e-01 -1.158848450197638991e-01 1.586655360488206101e-01 5.346980443594637755e-01
1.403637202438319104e+18 4.027228449388088549e+00 1.946295090750658652e+00 6.761858944668177607e-01 -8.005377404852037637e-01 -1.679249320690026082e-01 9.736917881879199321e-02 5.669742377433207858e-01
1.403637206038319104e+18 4.857191925437362556e+00 9.128943077333218081e-01 7.185009348285831265e-01 -7.966087889617665674e-01 -1.914830985457379176e-01 1.083509609212967850e-01 5.630352827200285626e-01
1.403637209538319104e+18 4.661047324364486322e+00 8.501021252037346265e-01 7.795280400105393248e-01 -8.368356923272342041e-01 -2.304948715985791208e-01 1.133651683210621514e-01 4.834526624453429067e-01
1.403637211038319104e+18 3.568743282248693305e+00 2.037959420149786816e+00 4.182750308461967714e-01 -8.038725746876164147e-01 -2.026309332563716037e-01 1.531858445916376155e-01 5.378323954258438233e-01
1.403637211438319104e+18 3.049312095767854558e+00 2.812980883883307470e+00 1.691675181954666041e-01 -8.019812028258385128e-01 -1.982651721466928418e-01 1.475325986883445906e-01 5.438301243512787542e-01
1.403637212038319104e+18 2.607088422818507389e+00 3.625496642303095207e+00 8.511751480495610700e-02 -7.900005765103513822e-01 -1.973210929851587636e-01 1.442063071724734580e-01 5.622881968778402628e-01
1.403637212438319104e+18 2.238125082726008408e+00 4.406922265981612519e+00 1.445205514419085624e-01 -7.989023791200215996e-01 -1.986340325114080985e-01 1.315779469506812294e-01 5.522560580390855067e-01
1.403637213038319104e+18 1.894029668418360846e+00 5.146893591725827832e+00 2.523529378562967551e-01 -8.004062456012418503e-01 -2.058305717166226678e-01 1.306696040936017045e-01 5.476395459746807859e-01
1.403637213438319104e+18 1.605515256870507557e+00 5.736881182917485944e+00 2.653521691331806043e-01 -7.906948318524493757e-01 -2.138532172784882446e-01 1.219139409862444456e-01 5.605403422900703259e-01
1.403637213938319104e+18 1.192379277090659606e+00 6.402315126255202493e+00 1.964593749028320513e-01 -7.816543087924039401e-01 -2.289019639770264181e-01 1.241335570776570807e-01 5.667550550643349894e-01
1.403637214738319104e+18 3.865171183284994427e-01 7.037718472972797734e+00 3.415719303182291888e-01 -7.060326551751343604e-01 -3.566679196282018238e-01 1.773477856765762750e-01 5.855370593310516014e-01
1.403637215238319104e+18 -1.663042920151767134e-01 6.945836538939711424e+00 4.075980009992465902e-01 -6.924773481536862230e-01 -3.494281607490391517e-01 2.212872883621228859e-01 5.911066052573940022e-01
1.403637215538319104e+18 -4.400955355967663962e-01 6.694467081941185782e+00 4.439524886414556448e-01 -6.702453229931185641e-01 -3.890752157496409347e-01 2.728989333084093638e-01 5.700156626745904731e-01
1.403637216538319104e+18 -8.367051791056985266e-01 5.329762310153915550e+00 6.756097154741365074e-01 -6.301048456601784364e-01 -4.458002154709420628e-01 3.733345030230252326e-01 5.146371539387479821e-01
1.403637217738319104e+18 9.948449409324533477e-02 4.124293672153105383e+00 6.835320272449441070e-01 -5.990972692171693259e-01 -4.937058405590660781e-01 3.825929986773431435e-01 5.009586833037978915e-01
1.403637218538319104e+18 1.479481303332573994e+00 3.294845457387613585e+00 6.493251807339117665e-01 -5.846693752576869185e-01 -5.359933731968724580e-01 3.934327277337101858e-01 4.648478399141343642e-01
1.403637218938319104e+18 2.269167090455838309e+00 2.842037890156952074e+00 5.464735938566096518e-01 -5.821330330161755828e-01 -5.453800227588142535e-01 3.716135429486134290e-01 4.749580374561134244e-01
1.403637219538319104e+18 3.063702727894339617e+00 2.310607688041690366e+00 4.558518163869779150e-01 -5.989171827728166919e-01 -5.471507451480461803e-01 3.660812804225804795e-01 4.559701376050566135e-01
1.403637219738319104e+18 3.803067211215952259e+00 1.736168004229503126e+00 4.724053884954615423e-01 -6.175064043564791882e-01 -5.534986089100022433e-01 3.532494456617457090e-01 4.330588408670281164e-01
1.403637220238319104e+18 4.265288116017643461e+00 1.306481601800843606e+00 5.612355536221933505e-01 -6.199757475111861149e-01 -5.522209248960169292e-01 3.548483952067578162e-01 4.298426910209389162e-01
1.403637220438319104e+18 4.887049925084206770e+00 6.459378680793352867e-01 7.786948555920236714e-01 -6.258476255382949827e-01 -5.310480024245416431e-01 3.797381238849368290e-01 4.267337882068042432e-01
1.403637220938319104e+18 5.315168496584334434e+00 2.119890321174535686e-01 8.533687824428982660e-01 -6.377266790365824223e-01 -5.283600526327308922e-01 3.647991204721388603e-01 4.255137357708484447e-01
1.403637221938319104e+18 5.980903873277507721e+00 -5.013697475787532998e-01 6.845465668040326968e-01 -7.036611774946985864e-01 -4.501844987522478636e-01 3.045769743979800381e-01 4.576327469014142002e-01
1.403637223038319104e+18 6.172171522599705362e+00 -1.071145592811765468e+00 6.918150594071015291e-01 -7.109801357167915281e-01 -4.187887361278174181e-01 2.657158061021576145e-01 4.985161496843193984e-01
1.403637229538319104e+18 5.968978258770493817e+00 -1.531607466431289977e+00 5.668609522840950543e-01 -7.670910285589852551e-01 -3.219391879776790644e-01 2.469203979423387763e-01 4.969475125489488665e-01
1.403637230938319104e+18 5.997840343717047773e+00 -1.449645734381389328e+00 5.630715632811100768e-01 -8.295389769596733798e-01 -5.887319733339722860e-02 5.435404529535791535e-02 5.526704896233121111e-01
1.403637231238319104e+18 6.047792352469482324e+00 -1.385081137192422318e+00 4.955870615869685247e-01 -8.274961207662233642e-01 5.771984977643739717e-02 -1.237701092060130952e-02 5.583595603724440526e-01
1.403637231538319104e+18 6.154619717225564557e+00 -1.301312258458648063e+00 2.949832866883981275e-01 -8.135299126633577238e-01 1.805173787244028216e-01 -8.553137899578146242e-02 5.461382063063341397e-01
1.403637232438319104e+18 6.940736912252858382e+00 -1.086320605298627395e+00 5.504721514661270465e-02 -7.035755548744850874e-01 4.361393711121094863e-01 -2.373161305026474377e-01 5.083748044034480662e-01
1.403637233538319104e+18 8.306168982367635678e+00 -1.290967993865504315e+00 1.571199837054253479e-01 -7.343265255113700096e-01 4.325582079185885109e-01 -3.132862620106643403e-01 4.189387410207411344e-01
1.403637233738319104e+18 9.090249038219877065e+00 -1.172617736151082557e+00 5.877495188307491070e-03 -7.294302115380358886e-01 3.596930144126579965e-01 -3.956168284165968996e-01 4.266612555082828773e-01
1.403637234238319104e+18 9.730967610315921945e+00 -5.319480575220314478e-01 -2.429191402182180326e-01 -7.087723464998951783e-01 3.561880436817821405e-01 -3.883298323100221605e-01 4.690114920908093343e-01
1.403637234938319104e+18 9.937544812022853336e+00 4.147246311621519688e-01 -5.415402372913203921e-01 -7.180955688955494853e-01 3.292718090516998375e-01 -2.830967707583741388e-01 5.438520461325661026e-01
1.403637235438319104e+18 9.824227463477122058e+00 1.442477411389470721e+00 -7.313346421802496833e-01 -7.801209911394119123e-01 2.610553927644959638e-01 -2.126084575923676556e-01 5.273129667023473965e-01
1.403637235738319104e+18 9.704278778115934756e+00 1.946225798040440491e+00 -7.262138719161204126e-01 -7.793108534150690048e-01 1.891003352475537358e-01 -2.220979552533536017e-01 5.546063065193354014e-01
1.403637236038319104e+18 9.561817949841433517e+00 2.285884728346261774e+00 -6.904469883075359249e-01 -7.874927125361994573e-01 1.418502733482862599e-01 -2.151096117146857334e-01 5.598763993966455743e-01
1.403637236238319104e+18 9.348854894950198613e+00 2.630756300988449148e+00 -6.205660548824347700e-01 -7.951969818495032705e-01 1.038221716835382585e-01 -1.917446352735693305e-01 5.657885749713942314e-01
1.403637236438319104e+18 9.067305677172921463e+00 2.977301387259925214e+00 -5.196123152834173364e-01 -7.980219141995753551e-01 8.138937930841586010e-02 -1.555739530057669850e-01 5.764837712713133389e-01
1.403637237038319104e+18 7.935037608896776007e+00 3.875251678231976804e+00 -2.197931316735845519e-01 -7.432269407977822873e-01 3.260137178265903185e-02 -8.289443975532655162e-02 6.630832352638010851e-01
1.403637237238319104e+18 7.483310868616674938e+00 4.026942224439771678e+00 -8.168886508926903600e-02 -7.396193672416927489e-01 1.526390469936986932e-02 -4.683081634647662944e-02 6.712205892660396689e-01
1.403637237438319104e+18 7.020692157866264438e+00 4.075470843005369659e+00 8.185707648108608847e-02 -7.440117298464552498e-01 2.693454571775197141e-03 -2.239226065211450539e-02 6.677858023470122362e-01
1.403637237938319104e+18 6.148540313785902711e+00 3.884108951638044260e+00 4.426098479184123469e-01 -7.573149381011901049e-01 2.297035255261141787e-02 1.725612533560823281e-02 6.524175607467973537e-01
1.403637238538319104e+18 5.115702525851247628e+00 2.835879288554492117e+00 8.874736050767424445e-01 -7.808120417908156474e-01 2.866499777196507837e-01 -1.560692637723461000e-02 5.549060907188141378e-01
1.403637239038319104e+18 5.390450765293635982e+00 2.032371226535952147e+00 1.063472688673582356e+00 -8.187155026518300183e-01 3.127003935410918034e-01 -7.789596890492864190e-02 4.752426828738872677e-01
1.403637239538319104e+18 6.139419250495636859e+00 1.552880887662872800e+00 1.130540962419648521e+00 -7.766617680570414572e-01 3.599133336399014671e-01 -1.571886612303263764e-01 4.924942792432627781e-01
1.403637239738319104e+18 6.599021042717811980e+00 1.338087796418066189e+00 1.063452055086703041e+00 -7.396973002186482127e-01 3.876215940516772873e-01 -2.179747294127275803e-01 5.050588294560623970e-01
1.403637239938319104e+18 7.072504098498528791e+00 1.121241114573343189e+00 9.526215474087043056e-01 -7.001466044872104444e-01 4.148413037012375071e-01 -2.797980505553448460e-01 5.093274741008144701e-01
1.403637240538319104e+18 8.661927762311153245e+00 3.749881704088939838e-01 5.409719474304665043e-01 -6.699598977432535962e-01 5.039465984202669002e-01 -3.446319793898544592e-01 4.223983429635139175e-01
1.403637240938319104e+18 9.780114055592058264e+00 1.706727882302239152e-02 4.017189016898067289e-01 -6.642431412018875436e-01 4.758904847837557850e-01 -3.666452032840397113e-01 4.448377128429384930e-01
1.403637241538319104e+18 1.075199018184562938e+01 -1.464158409905067515e-01 2.179487386930742954e-01 -6.700130378714038715e-01 4.376927673329541468e-01 -3.978854551610730983e-01 4.485473610200141903e-01
1.403637241938319104e+18 1.149211850386542721e+01 -3.477230836259193048e-02 1.942411181601102488e-01 -6.537599547967039015e-01 4.332055812740592260e-01 -4.060356785589323003e-01 4.691117922141831986e-01
1.403637242738319104e+18 1.157402075035964018e+01 4.301373862682271731e-01 2.372304800797206958e-01 -6.683266015910420688e-01 3.887517412582709442e-01 -3.757465472708247933e-01 5.109072024237716336e-01
1.403637243238319104e+18 1.126714167047125770e+01 7.861673889730993459e-01 2.529520798683768668e-01 -6.878459021307428145e-01 3.951213612376827111e-01 -3.507808985550044389e-01 4.976945710217951513e-01
1.403637244738319104e+18 9.781298971187798230e+00 2.008126924199406638e+00 8.600881114484555390e-01 -7.337357805274697942e-01 3.907921483737085144e-01 -2.849829783893539359e-01 4.771771192875229328e-01
1.403637245738319104e+18 9.437824462232391909e+00 2.950498813842759471e+00 1.035579352089621707e+00 -7.593425567236908869e-01 3.098961826988628765e-01 -2.362162923797450076e-01 5.211190849617469700e-01
1.403637246038319104e+18 9.365703008957591891e+00 3.294930801419591493e+00 9.920555138221178737e-01 -7.824989995888260719e-01 2.081303433697045957e-01 -1.740145039904713864e-01 5.604427073414781635e-01
1.403637246538319104e+18 9.228237117620047059e+00 3.699958815124544831e+00 8.659983278414382646e-01 -7.963027890505759432e-01 3.555091906165230853e-02 -8.406411400309392323e-02 5.979725955602152032e-01
1.403637246738319104e+18 9.045021251523387207e+00 3.933344742346732037e+00 7.736771057355997794e-01 -7.900573558360438620e-01 -6.410551595763414046e-02 -1.665295276475144137e-02 6.094444490496070399e-01
1.403637247038319104e+18 8.716922399663634025e+00 4.134466788732913400e+00 6.855034330669856901e-01 -8.067511709460793989e-01 -1.021146707574631246e-01 3.390113574229459970e-02 5.810127840147816247e-01
1.403637247438319104e+18 8.116622166541672456e+00 4.262778857022023971e+00 5.159786006183781915e-01 -7.725284408430858063e-01 -1.473916591765278283e-01 4.871545630965595786e-02 6.157128480146271121e-01
1.403637248038319104e+18 7.762260788238799059e+00 4.168252028175276180e+00 4.778648678582856357e-01 -7.836411029583406629e-01 -1.809254334915002260e-01 8.973223812147929079e-02 5.874697734452886122e-01
1.403637248738319104e+18 6.785787525457021019e+00 3.723531672412677018e+00 4.019658519476123626e-01 -7.932954267719277697e-01 -1.842847244637982329e-01 9.767855427573546301e-02 5.719968585811016082e-01
1.403637249238319104e+18 6.265035894321064447e+00 3.441427373839978543e+00 4.950627563866619729e-01 -7.931559394492035953e-01 -1.761792522344466927e-01 9.390362612268371434e-02 5.753665230090934113e-01
1.403637250038319104e+18 5.336668817517376873e+00 2.862002182861809629e+00 4.293789257398519243e-01 -7.855901002282541512e-01 -1.963487757112094279e-01 1.338075032900159778e-01 5.713063143037746539e-01
1.403637250238319104e+18 4.965280831555316077e+00 2.582032158827693102e+00 4.250036062298974682e-01 -7.851887350108446295e-01 -2.110320605156466023e-01 1.693762468741510097e-01 5.570061102370573725e-01
1.403637252738319104e+18 4.043423857893399642e+00 1.126644114039380584e+00 8.691549109101742721e-01 -7.414399628204979553e-01 -3.422405980876719878e-01 2.256239936722465034e-01 5.312550875358440505e-01
1.403637256738319104e+18 4.579478191649894114e+00 -2.866900102365750325e-01 9.396095275824318804e-01 -6.706546769696626331e-01 -4.625177354269691676e-01 3.297157404930582403e-01 4.770609805311469831e-01
1.403637257238319104e+18 4.680730950521359901e+00 -6.018201347879328367e-01 9.772689928270995585e-01 -6.501800295222877057e-01 -4.927687687309198483e-01 3.321426936716651013e-01 4.734195822041384893e-01
1.403637257738319104e+18 4.735954726941724147e+00 -8.569483920023558410e-01 9.657341682647055947e-01 -6.535525666076273943e-01 -5.091487113120739538e-01 3.381060135486758655e-01 4.464537557822308989e-01
1.403637258438319104e+18 4.697445686057061920e+00 -1.269488191873155314e+00 9.051699465484045470e-01 -5.994839390498468701e-01 -5.546313659705049970e-01 3.980546448623097366e-01 4.177984614697762278e-01
1.403637259438319104e+18 4.660326752694100350e+00 -1.678940825903930456e+00 8.390313848638484284e-01 -5.934452894426196501e-01 -5.531859443633085904e-01 3.931503915260683990e-01 4.327132642294883591e-01
1.403637261438319104e+18 4.696031016612242759e+00 -1.817039089310171329e+00 6.097919307531336486e-01 -6.039002407609956879e-01 -5.623650262516810550e-01 3.840945321556051284e-01 4.141515022620638198e-01
1.403637261938319104e+18 4.642304874249595592e+00 -1.866218960529347548e+00 6.196678150309080646e-01 -5.948192652451506079e-01 -5.516291192894817730e-01 3.956896847373485571e-01 4.304939370509036078e-01
1.403637262238319104e+18 4.616576679922149040e+00 -1.889132982371065417e+00 5.863286865130047376e-01 -5.972318682061535933e-01 -5.448983899956237886e-01 4.024006140254350328e-01 4.295038835809492084e-01
