1.403638127345097065e+09 -0.000000000000000000e+00 -0.000000000000000000e+00 -0.000000000000000000e+00 -0.000000000000000000e+00 -0.000000000000000000e+00 -0.000000000000000000e+00 1.000000000000000000e+00
1.403638129245097160e+09 -5.196991260163486004e-04 -7.771250791847705841e-03 -1.439586281776428223e-03 6.703224033117294312e-03 -4.178048111498355865e-04 3.713078564032912254e-03 9.999705553054809570e-01
1.403638129345097065e+09 1.935489475727081299e-03 -2.311377972364425659e-02 -6.185669451951980591e-03 2.891979180276393890e-02 -6.793994922190904617e-03 3.896761685609817505e-02 9.987987875938415527e-01
1.403638129445096970e+09 3.692777827382087708e-03 -3.501198440790176392e-02 -1.098093390464782715e-02 3.517797216773033142e-02 -1.074874494224786758e-02 6.182671338319778442e-02 9.974088668823242188e-01
1.403638129645097017e+09 9.263799292966723442e-04 -4.257480055093765259e-02 -1.501841749995946884e-02 5.288643296808004379e-04 -9.360019117593765259e-03 1.515250559896230698e-02 9.998412728309631348e-01
1.403638129845097065e+09 -9.460154105909168720e-04 -7.085034996271133423e-02 -2.510883286595344543e-02 2.539510605856776237e-04 -1.060453336685895920e-02 1.027582306414842606e-02 9.998909235000610352e-01
1.403638130045097113e+09 -5.857929587364196777e-03 -1.289224475622177124e-01 -4.602026194334030151e-02 3.707494353875517845e-03 -1.556461956351995468e-02 1.003692299127578735e-02 9.998216032981872559e-01
1.403638130145097017e+09 -7.542719133198261261e-03 -1.676240116357803345e-01 -6.029482558369636536e-02 1.529529411345720291e-02 -2.021352015435695648e-02 1.897999644279479980e-02 9.994985461235046387e-01
1.403638130345097065e+09 -1.085691247135400772e-02 -2.459533959627151489e-01 -9.120278060436248779e-02 2.593227475881576538e-02 -3.083847835659980774e-02 2.590714022517204285e-02 9.988520145416259766e-01
1.403638130645097017e+09 -1.492343004792928696e-02 -3.546513319015502930e-01 -1.397615373134613037e-01 3.320643305778503418e-02 -3.842848539352416992e-02 1.891067251563072205e-02 9.985304474830627441e-01
1.403638130845097065e+09 -1.385702285915613174e-02 -4.183222353458404541e-01 -1.687818467617034912e-01 5.084955319762229919e-02 -4.843259230256080627e-02 4.870718345046043396e-02 9.963414072990417480e-01
1.403638131045097113e+09 -6.894945167005062103e-03 -4.352141916751861572e-01 -1.810300648212432861e-01 7.749469578266143799e-02 -4.317166283726692200e-02 5.820355936884880066e-02 9.943556189537048340e-01
1.403638131345097065e+09 -8.531716652214527130e-03 -3.697765767574310303e-01 -1.499396413564682007e-01 4.610172659158706665e-02 -3.738326579332351685e-02 2.304525487124919891e-02 9.979709982872009277e-01
1.403638131745097160e+09 9.496327838860452175e-04 -2.233939468860626221e-01 -9.656450897455215454e-02 3.864102438092231750e-02 -2.923681586980819702e-02 9.105998091399669647e-03 9.987838268280029297e-01
1.403638131945096970e+09 7.984185591340065002e-03 -1.137275323271751404e-01 -6.027670949697494507e-02 1.911437138915061951e-02 -2.214672230184078217e-02 -3.731861338019371033e-02 9.988752007484436035e-01
1.403638132245097160e+09 3.591425251215696335e-03 -2.448938935995101929e-01 -1.181415170431137085e-01 4.774299636483192444e-02 -4.247274622321128845e-02 -4.462603945285081863e-03 9.979462623596191406e-01
1.403638132545097113e+09 2.214162498712539673e-01 -2.344508171081542969e-01 -1.334485709667205811e-01 4.662596061825752258e-02 4.224952682852745056e-02 5.672343820333480835e-02 9.964053034782409668e-01
1.403638133945096970e+09 -1.253855135291814804e-02 -1.268438398838043213e-01 -3.137660771608352661e-02 1.721794530749320984e-02 6.380736827850341797e-02 6.462183594703674316e-02 9.957190155982971191e-01
1.403638137545097113e+09 -3.010381758213043213e-02 -6.563886255025863647e-02 -4.445527680218219757e-03 -7.511429022997617722e-03 7.469401508569717407e-02 3.652200847864151001e-02 9.965091943740844727e-01
1.403638137845097065e+09 -3.798466920852661133e-02 -1.728164032101631165e-02 1.152072567492723465e-02 -2.581132017076015472e-02 8.837107568979263306e-02 2.681080251932144165e-02 9.953921437263488770e-01
1.403638147945096970e+09 -3.475520759820938110e-02 -3.754981979727745056e-02 2.713445574045181274e-02 3.083945810794830322e-02 9.637424349784851074e-02 3.233811631798744202e-02 9.943416118621826172e-01
1.403638148145097017e+09 -3.033301047980785370e-02 -9.831726551055908203e-02 2.618864364922046661e-02 4.065569117665290833e-02 9.338104724884033203e-02 2.932509407401084900e-02 9.943677186965942383e-01
1.403638148345097065e+09 -2.536890096962451935e-02 -2.182283252477645874e-01 3.740753978490829468e-03 3.178191557526588440e-02 8.675953000783920288e-02 2.265148237347602844e-02 9.954645633697509766e-01
1.403638149245097160e+09 -9.878176450729370117e-02 -5.375810861587524414e-01 1.718915551900863647e-01 3.656714409589767456e-02 5.739881470799446106e-02 1.126099098473787308e-02 9.976179003715515137e-01
1.403638150545097113e+09 -4.807865023612976074e-01 -6.720490455627441406e-01 5.287621617317199707e-01 3.047602064907550812e-02 -3.387619554996490479e-02 -3.640975058078765869e-02 9.982975721359252930e-01
1.403638151345097065e+09 -7.403759956359863281e-01 -7.575539946556091309e-01 6.946280002593994141e-01 3.077684529125690460e-02 -1.329468190670013428e-01 -7.110008597373962402e-02 9.880904555320739746e-01
1.403638152145097017e+09 -1.459469437599182129e+00 -1.031283497810363770e+00 1.048103213310241699e+00 2.698647789657115936e-02 -1.549706608057022095e-01 -8.075420558452606201e-02 9.842432141304016113e-01
1.403638153045097113e+09 -1.952805399894714355e+00 -1.216846227645874023e+00 1.229677200317382812e+00 1.946122013032436371e-02 -2.234146296977996826e-01 -1.096925437450408936e-01 9.683360457420349121e-01
1.403638153645097017e+09 -2.324944496154785156e+00 -1.350230813026428223e+00 1.362281203269958496e+00 2.590386383235454559e-02 -2.835774719715118408e-01 -1.450673788785934448e-01 9.475591182708740234e-01
1.403638154045097113e+09 -3.063744068145751953e+00 -1.450054764747619629e+00 1.624158620834350586e+00 6.510083377361297607e-02 -3.110432028770446777e-01 -1.358552426099777222e-01 9.383802413940429688e-01
1.403638154845097065e+09 -3.764187335968017578e+00 -1.542332649230957031e+00 1.635508537292480469e+00 5.611656606197357178e-02 -3.602010309696197510e-01 -1.669897884130477905e-01 9.160898327827453613e-01
1.403638155445096970e+09 -4.169776916503906250e+00 -1.533235788345336914e+00 1.560869455337524414e+00 6.941571831703186035e-02 -4.071961343288421631e-01 -1.713419556617736816e-01 8.944354653358459473e-01
1.403638155745097160e+09 -4.441633224487304688e+00 -1.461764335632324219e+00 1.466052532196044922e+00 5.729737877845764160e-02 -4.676260948181152344e-01 -1.841684132814407349e-01 8.626267313957214355e-01
1.403638156045097113e+09 -4.676538467407226562e+00 -1.411589860916137695e+00 1.337292671203613281e+00 2.825446985661983490e-02 -5.262336730957031250e-01 -2.151017338037490845e-01 8.221989274024963379e-01
1.403638156445096970e+09 -5.164556503295898438e+00 -1.322206854820251465e+00 1.142647027969360352e+00 1.070130616426467896e-02 -5.595198273658752441e-01 -2.340506762266159058e-01 7.950115799903869629e-01
1.403638157545097113e+09 -6.085813522338867188e+00 -1.279675483703613281e+00 1.020846843719482422e+00 3.640681505203247070e-02 -5.793578028678894043e-01 -2.478560656309127808e-01 7.756201028823852539e-01
1.403638157945096970e+09 -6.524397850036621094e+00 -1.306309461593627930e+00 9.339537620544433594e-01 2.733254991471767426e-02 -6.371836662292480469e-01 -2.592616677284240723e-01 7.252815961837768555e-01
1.403638158645097017e+09 -7.584569931030273438e+00 -1.264939785003662109e+00 7.936558723449707031e-01 -1.560583361424505711e-03 -6.377688050270080566e-01 -2.762479186058044434e-01 7.189823389053344727e-01
1.403638159445096970e+09 -8.278121948242187500e+00 -1.339508295059204102e+00 7.386398315429687500e-01 2.518793195486068726e-02 -6.642826795578002930e-01 -1.999518722295761108e-01 7.198009490966796875e-01
1.403638160045097113e+09 -9.021563529968261719e+00 -2.018002271652221680e+00 7.911510467529296875e-01 2.043073996901512146e-02 -6.465367674827575684e-01 -2.507621645927429199e-01 7.202021479606628418e-01
1.403638161045097113e+09 -9.265588760375976562e+00 -2.261903047561645508e+00 8.674130439758300781e-01 3.483013063669204712e-02 -6.008579134941101074e-01 -2.164801061153411865e-01 7.686956524848937988e-01
1.403638161345097065e+09 -9.536130905151367188e+00 -2.551129579544067383e+00 1.068647861480712891e+00 1.723933219909667969e-02 -5.269375443458557129e-01 -2.028232663869857788e-01 8.251680731773376465e-01
1.403638162145097017e+09 -9.849429130554199219e+00 -2.914644002914428711e+00 1.496071815490722656e+00 1.963264867663383484e-02 -5.024579167366027832e-01 -1.881297528743743896e-01 8.436574339866638184e-01
1.403638163045097113e+09 -1.003108596801757812e+01 -3.318117141723632812e+00 1.915315628051757812e+00 3.295566141605377197e-02 -4.798516333103179932e-01 -1.666008234024047852e-01 8.607557415962219238e-01
1.403638163445096970e+09 -1.009090614318847656e+01 -3.499678134918212891e+00 2.276073217391967773e+00 3.825848177075386047e-02 -4.267289936542510986e-01 -1.602632552385330200e-01 8.892437219619750977e-01
1.403638163945096970e+09 -1.008076953887939453e+01 -4.002729892730712891e+00 2.791732788085937500e+00 3.461872786283493042e-02 -4.287547171115875244e-01 -1.388604640960693359e-01 8.920138478279113770e-01
1.403638164745097160e+09 -9.908535003662109375e+00 -4.390786170959472656e+00 3.310507059097290039e+00 5.849128589034080505e-02 -4.063375890254974365e-01 -1.517293453216552734e-01 8.991366624832153320e-01
1.403638165145097017e+09 -9.704733848571777344e+00 -4.560308456420898438e+00 3.672812938690185547e+00 3.219253197312355042e-02 -3.880313038825988770e-01 -1.302042156457901001e-01 9.118345379829406738e-01
1.403638165545097113e+09 -9.439554214477539062e+00 -4.668826580047607422e+00 4.052812576293945312e+00 7.417690008878707886e-02 -3.764615952968597412e-01 -1.249231323599815369e-01 9.149692654609680176e-01
1.403638165945096970e+09 -9.104540824890136719e+00 -4.742540359497070312e+00 4.385223388671875000e+00 4.195994883775711060e-02 -3.685656785964965820e-01 -1.513388007879257202e-01 9.162397980690002441e-01
1.403638166445096970e+09 -8.632769584655761719e+00 -5.104928493499755859e+00 4.684598922729492188e+00 3.623936697840690613e-02 -3.766467273235321045e-01 -1.579521894454956055e-01 9.120718836784362793e-01
1.403638167045097113e+09 -8.261309623718261719e+00 -5.395733356475830078e+00 5.062465667724609375e+00 5.194559926167130470e-04 -3.750149309635162354e-01 -1.663478761911392212e-01 9.119713902473449707e-01
1.403638167545097113e+09 -8.116064071655273438e+00 -5.652544975280761719e+00 5.396761417388916016e+00 1.593882218003273010e-02 -3.755233585834503174e-01 -1.344557106494903564e-01 9.168695807456970215e-01
1.403638167945096970e+09 -8.005653381347656250e+00 -5.816980838775634766e+00 5.708150863647460938e+00 1.762819662690162659e-02 -3.424311280250549316e-01 -1.053483337163925171e-01 9.334515929222106934e-01
1.403638168245097160e+09 -7.864368438720703125e+00 -6.020850658416748047e+00 6.049913406372070312e+00 2.423289977014064789e-02 -2.983388602733612061e-01 -9.673511981964111328e-02 9.492360949516296387e-01
1.403638168445096970e+09 -7.653411865234375000e+00 -6.319687843322753906e+00 6.510696411132812500e+00 1.688168384134769440e-02 -2.419947832822799683e-01 -1.225670278072357178e-01 9.623569846153259277e-01
1.403638169045097113e+09 -7.493959426879882812e+00 -6.598968505859375000e+00 7.150796890258789062e+00 3.063276968896389008e-02 -2.529844045639038086e-01 -1.069707125425338745e-01 9.610503911972045898e-01
1.403638169445096970e+09 -7.378502845764160156e+00 -6.774450778961181641e+00 7.689964771270751953e+00 5.268898978829383850e-02 -2.250663936138153076e-01 -4.652817174792289734e-02 9.718045592308044434e-01
1.403638169745097160e+09 -7.222623348236083984e+00 -6.950708866119384766e+00 8.057497978210449219e+00 6.126010045409202576e-02 -1.414045989513397217e-01 -6.262774020433425903e-02 9.860678315162658691e-01
1.403638170045097113e+09 -7.050791263580322266e+00 -7.124797821044921875e+00 8.361104011535644531e+00 7.761305570602416992e-02 -7.196879386901855469e-02 -2.782298997044563293e-02 9.939932823181152344e-01
1.403638170345097065e+09 -6.806251049041748047e+00 -7.250712871551513672e+00 8.692194938659667969e+00 7.201885432004928589e-02 8.413544856011867523e-03 3.813545405864715576e-02 9.966384172439575195e-01
1.403638170745097160e+09 -6.486917972564697266e+00 -7.379167556762695312e+00 8.893743515014648438e+00 7.733058929443359375e-02 9.144308418035507202e-02 6.867088377475738525e-02 9.904254078865051270e-01
1.403638171245097160e+09 -5.887250900268554688e+00 -7.399154663085937500e+00 8.998292922973632812e+00 9.349219501018524170e-02 1.422719806432723999e-01 9.935907274484634399e-02 9.803803563117980957e-01
1.403638171845097065e+09 -5.398110389709472656e+00 -7.321449279785156250e+00 8.877535820007324219e+00 1.083848550915718079e-01 1.745542436838150024e-01 1.147901043295860291e-01 9.719088673591613770e-01
1.403638172245097160e+09 -4.721969127655029297e+00 -7.095807552337646484e+00 8.478636741638183594e+00 1.095835790038108826e-01 1.838663220405578613e-01 1.102030128240585327e-01 9.705874919891357422e-01
1.403638172845097065e+09 -3.854804039001464844e+00 -6.457501411437988281e+00 7.761082172393798828e+00 9.727960079908370972e-02 1.604222655296325684e-01 1.230015158653259277e-01 9.745112061500549316e-01
1.403638173345097065e+09 -3.368684768676757812e+00 -6.021314620971679688e+00 7.318734645843505859e+00 7.940480113029479980e-02 1.707774847745895386e-01 9.217272698879241943e-02 9.777699708938598633e-01
1.403638173645097017e+09 -3.037625312805175781e+00 -5.688912391662597656e+00 7.021072864532470703e+00 7.239250093698501587e-02 1.789282858371734619e-01 7.573706656694412231e-02 9.782678484916687012e-01
1.403638173845097065e+09 -2.717166900634765625e+00 -5.341219425201416016e+00 6.719512939453125000e+00 7.002525031566619873e-02 1.807608008384704590e-01 7.696726918220520020e-02 9.780071973800659180e-01
1.403638174045097113e+09 -2.124531269073486328e+00 -4.705793380737304688e+00 6.081211566925048828e+00 5.835309997200965881e-02 1.840058267116546631e-01 7.582521438598632812e-02 9.782573580741882324e-01
1.403638174445096970e+09 -1.568733811378479004e+00 -4.084660053253173828e+00 5.464864730834960938e+00 2.876208163797855377e-02 1.827304363250732422e-01 7.603091746568679810e-02 9.797967672348022461e-01
1.403638174845097065e+09 -1.021708250045776367e+00 -3.562717914581298828e+00 4.889154434204101562e+00 1.277355942875146866e-02 1.860841959714889526e-01 7.012800127267837524e-02 9.799447059631347656e-01
1.403638175245097160e+09 -5.114148259162902832e-01 -3.176882982254028320e+00 4.394470691680908203e+00 -6.808288395404815674e-03 1.947215944528579712e-01 6.570999324321746826e-02 9.786313176155090332e-01
1.403638175645097017e+09 1.119084358215332031e-01 -2.917222023010253906e+00 3.976764202117919922e+00 -5.295789241790771484e-02 1.939849555492401123e-01 6.118384003639221191e-02 9.776614308357238770e-01
1.403638176145097017e+09 5.861855149269104004e-01 -2.797981262207031250e+00 3.908028364181518555e+00 2.344760671257972717e-02 1.992051005363464355e-01 4.093157127499580383e-02 9.788218140602111816e-01
1.403638176845097065e+09 1.487993240356445312e+00 -2.809539794921875000e+00 4.116726875305175781e+00 3.715059161186218262e-02 1.945240646600723267e-01 8.514727652072906494e-02 9.764887094497680664e-01
1.403638178145097017e+09 1.765143632888793945e+00 -2.809809207916259766e+00 4.228428840637207031e+00 5.768012255430221558e-02 2.835053503513336182e-01 1.202615797519683838e-01 9.496498703956604004e-01
1.403638178645097017e+09 2.002145290374755859e+00 -2.731446504592895508e+00 4.164814949035644531e+00 2.593242935836315155e-02 3.708624839782714844e-01 1.673541963100433350e-01 9.131160974502563477e-01
1.403638179245097160e+09 2.391921520233154297e+00 -2.534862279891967773e+00 4.105778217315673828e+00 2.917288430035114288e-02 4.547631442546844482e-01 1.859473139047622681e-01 8.704957962036132812e-01
1.403638179745097160e+09 2.771822929382324219e+00 -2.429153203964233398e+00 4.028363227844238281e+00 1.997031457722187042e-02 5.309278368949890137e-01 2.259662151336669922e-01 8.164901137351989746e-01
1.403638180545097113e+09 3.693450927734375000e+00 -2.244185686111450195e+00 3.854771375656127930e+00 8.525519631803035736e-03 5.273104906082153320e-01 2.272469103336334229e-01 8.186756372451782227e-01
1.403638181345097065e+09 4.281410217285156250e+00 -2.109709262847900391e+00 3.784337759017944336e+00 6.678047031164169312e-02 5.750203132629394531e-01 2.403907924890518188e-01 7.791690230369567871e-01
1.403638181745097160e+09 4.615706443786621094e+00 -2.017094612121582031e+00 3.653662204742431641e+00 3.703197091817855835e-02 6.302995085716247559e-01 2.494942396879196167e-01 7.342368960380554199e-01
1.403638182145097017e+09 5.020341873168945312e+00 -1.962135910987854004e+00 3.419069290161132812e+00 2.027860470116138458e-02 6.484187841415405273e-01 2.844649553298950195e-01 7.058480978012084961e-01
1.403638182645097017e+09 5.592813491821289062e+00 -1.926005840301513672e+00 3.071147918701171875e+00 -1.546295476146042347e-03 6.476044654846191406e-01 2.735754549503326416e-01 7.111698985099792480e-01
1.403638183045097113e+09 6.114700317382812500e+00 -1.883878231048583984e+00 2.815488338470458984e+00 1.083222869783639908e-02 6.505782008171081543e-01 2.509266436100006104e-01 7.167053222656250000e-01
1.403638183545097113e+09 6.793981552124023438e+00 -1.766842603683471680e+00 2.578122138977050781e+00 -1.427170820534229279e-03 6.483137607574462891e-01 2.529986500740051270e-01 7.181078791618347168e-01
1.403638183945096970e+09 7.495099067687988281e+00 -1.784481048583984375e+00 2.395313262939453125e+00 -3.918434027582406998e-03 6.493784189224243164e-01 2.548452913761138916e-01 7.164818048477172852e-01
1.403638184445096970e+09 8.484567642211914062e+00 -1.824998140335083008e+00 2.299231529235839844e+00 7.459772285073995590e-03 6.562533974647521973e-01 2.445782274007797241e-01 7.137628197669982910e-01
1.403638185245097160e+09 9.295756340026855469e+00 -1.928769350051879883e+00 2.329018592834472656e+00 2.103279344737529755e-03 6.523801088333129883e-01 2.207094877958297729e-01 7.250400781631469727e-01
1.403638185745097160e+09 9.774196624755859375e+00 -2.052267313003540039e+00 2.442763328552246094e+00 2.943179942667484283e-02 6.101477742195129395e-01 2.442908287048339844e-01 7.531105875968933105e-01
1.403638186345097065e+09 1.057054710388183594e+01 -2.213648319244384766e+00 2.642738342285156250e+00 7.356577087193727493e-03 6.123073101043701172e-01 2.299141287803649902e-01 7.564160227775573730e-01
1.403638186945096970e+09 1.111205863952636719e+01 -2.351103067398071289e+00 2.855324745178222656e+00 1.133653149008750916e-02 5.690087676048278809e-01 1.993594616651535034e-01 7.977195382118225098e-01
1.403638187245097160e+09 1.140386676788330078e+01 -2.508368492126464844e+00 2.996945381164550781e+00 4.266677424311637878e-02 5.083971619606018066e-01 1.686988621950149536e-01 8.433579802513122559e-01
1.403638187645097017e+09 1.196725749969482422e+01 -2.885033845901489258e+00 3.387564659118652344e+00 3.410515934228897095e-02 4.973742365837097168e-01 1.330067515373229980e-01 8.566008210182189941e-01
1.403638188445096970e+09 1.186419010162353516e+01 -3.150762557983398438e+00 3.783587455749511719e+00 6.239968165755271912e-02 4.571662545204162598e-01 1.435046195983886719e-01 8.755065798759460449e-01
1.403638189345097065e+09 1.157449817657470703e+01 -3.257467269897460938e+00 3.820832729339599609e+00 2.616927400231361389e-02 3.932411670684814453e-01 1.436414271593093872e-01 9.077685475349426270e-01
1.403638189745097160e+09 1.105835151672363281e+01 -3.413589477539062500e+00 3.977047204971313477e+00 3.591163456439971924e-02 3.846402466297149658e-01 9.687779098749160767e-02 9.172660112380981445e-01
1.403638190745097160e+09 1.036585998535156250e+01 -3.542567253112792969e+00 4.248621940612792969e+00 2.198656462132930756e-02 3.470112979412078857e-01 1.218961998820304871e-01 9.296457171440124512e-01
1.403638192045097113e+09 9.783754348754882812e+00 -3.702105283737182617e+00 4.466753005981445312e+00 8.842515759170055389e-03 3.561221659183502197e-01 1.109089404344558716e-01 9.277920126914978027e-01
1.403638192345097065e+09 9.282732009887695312e+00 -3.999872446060180664e+00 4.713318824768066406e+00 4.439256712794303894e-02 3.556506931781768799e-01 1.099716722965240479e-01 9.270642399787902832e-01
1.403638192845097065e+09 8.678849220275878906e+00 -4.264339447021484375e+00 4.834056854248046875e+00 8.505415916442871094e-02 3.332830667495727539e-01 1.180613711476325989e-01 9.315308928489685059e-01
1.403638193645097017e+09 7.836745262145996094e+00 -4.445769309997558594e+00 4.568800926208496094e+00 3.576433658599853516e-02 3.166978955268859863e-01 1.100466102361679077e-01 9.414420723915100098e-01
1.403638194545097113e+09 6.746233940124511719e+00 -4.374659538269042969e+00 4.152282238006591797e+00 1.216684747487306595e-02 3.183924257755279541e-01 1.211389973759651184e-01 9.401082992553710938e-01
1.403638195245097160e+09 5.763885021209716797e+00 -4.186973571777343750e+00 4.010302543640136719e+00 -2.565725706517696381e-03 3.147597312927246094e-01 1.272126436233520508e-01 9.406044483184814453e-01
1.403638197045097113e+09 5.385943412780761719e+00 -4.412264347076416016e+00 4.356331348419189453e+00 2.724029310047626495e-02 3.284155726432800293e-01 9.756697714328765869e-02 9.390856623649597168e-01
1.403638197945096970e+09 4.900788784027099609e+00 -4.514818668365478516e+00 4.864024162292480469e+00 3.093897737562656403e-02 3.427131772041320801e-01 4.547644779086112976e-02 9.378285408020019531e-01
1.403638199245097160e+09 3.948547840118408203e+00 -4.708133697509765625e+00 5.184041976928710938e+00 2.666953206062316895e-02 3.361858725547790527e-01 4.802332445979118347e-02 9.401923418045043945e-01
1.403638199845097065e+09 3.227596521377563477e+00 -4.937055110931396484e+00 5.352578163146972656e+00 3.003162145614624023e-02 2.917005121707916260e-01 7.848416268825531006e-02 9.528112411499023438e-01
1.403638200245097160e+09 2.659408569335937500e+00 -5.082604408264160156e+00 5.491897583007812500e+00 4.731463268399238586e-02 2.551815807819366455e-01 4.597878828644752502e-02 9.646396040916442871e-01
1.403638200445096970e+09 2.045098781585693359e+00 -5.261312961578369141e+00 5.588217735290527344e+00 4.435534775257110596e-02 2.209385484457015991e-01 7.707048207521438599e-03 9.742481112480163574e-01
1.403638200845097065e+09 1.113142251968383789e+00 -5.514434814453125000e+00 5.704462528228759766e+00 3.717676550149917603e-02 1.805644333362579346e-01 1.436696853488683701e-02 9.827553629875183105e-01
1.403638201245097160e+09 -1.165639013051986694e-01 -5.674006462097167969e+00 5.903178691864013672e+00 4.335955157876014709e-02 1.799072772264480591e-01 2.652952075004577637e-02 9.823693633079528809e-01
1.403638201845097065e+09 -8.583678603172302246e-01 -5.677786350250244141e+00 6.033924102783203125e+00 4.852036386728286743e-02 1.824325323104858398e-01 2.945049293339252472e-02 9.815787672996520996e-01
1.403638202045097113e+09 -1.857949733734130859e+00 -5.661044597625732422e+00 6.170006275177001953e+00 3.764734417200088501e-02 1.513133943080902100e-01 4.086637496948242188e-02 9.869229197502136230e-01
1.403638202445096970e+09 -2.816880464553833008e+00 -5.671230316162109375e+00 6.279558181762695312e+00 2.740595117211341858e-02 1.375056207180023193e-01 4.732154309749603271e-02 9.889903068542480469e-01
1.403638202845097065e+09 -3.698874711990356445e+00 -5.617481708526611328e+00 6.419576644897460938e+00 3.259183093905448914e-02 1.385869383811950684e-01 4.761339351534843445e-02 9.886680245399475098e-01
1.403638203245097160e+09 -4.507947921752929688e+00 -5.615288734436035156e+00 6.523793220520019531e+00 4.574506729841232300e-02 1.393047124147415161e-01 4.496857523918151855e-02 9.881697297096252441e-01
1.403638203645097017e+09 -5.257762908935546875e+00 -5.601647853851318359e+00 6.585022449493408203e+00 4.302861914038658142e-02 1.373564153909683228e-01 4.825320467352867126e-02 9.884095191955566406e-01
1.403638204045097113e+09 -5.935651302337646484e+00 -5.658189773559570312e+00 6.574458122253417969e+00 3.259968012571334839e-02 1.291943788528442383e-01 5.869679898023605347e-02 9.893435835838317871e-01
1.403638204445096970e+09 -6.607616424560546875e+00 -5.754719257354736328e+00 6.538546085357666016e+00 2.378351613879203796e-02 1.120868995785713196e-01 7.280646264553070068e-02 9.907422065734863281e-01
1.403638204945096970e+09 -6.917950630187988281e+00 -5.741302013397216797e+00 6.549543857574462891e+00 3.001648746430873871e-02 5.948992073535919189e-02 7.780281361192464828e-03 9.977471828460693359e-01
1.403638205145097017e+09 -7.121719360351562500e+00 -5.729017257690429688e+00 6.555858135223388672e+00 3.363171592354774475e-02 -2.095927484333515167e-02 -2.874346822500228882e-02 9.988010525703430176e-01
1.403638205345097065e+09 -7.333042144775390625e+00 -5.740980148315429688e+00 6.548299312591552734e+00 4.564767330884933472e-02 -1.105071604251861572e-01 -6.587944179773330688e-02 9.906383752822875977e-01
1.403638205545097113e+09 -7.772059440612792969e+00 -5.813341617584228516e+00 6.464049816131591797e+00 7.618600130081176758e-02 -1.883490830659866333e-01 -1.351566314697265625e-01 9.697695970535278320e-01
1.403638205945096970e+09 -8.141171455383300781e+00 -5.888910770416259766e+00 6.286973953247070312e+00 7.105913013219833374e-02 -2.588486969470977783e-01 -1.491847783327102661e-01 9.516784548759460449e-01
1.403638206245097160e+09 -8.400269508361816406e+00 -5.932475090026855469e+00 6.131350040435791016e+00 7.135793566703796387e-02 -3.047388792037963867e-01 -1.506651192903518677e-01 9.377325773239135742e-01
1.403638206445096970e+09 -8.784685134887695312e+00 -5.935317039489746094e+00 5.883255004882812500e+00 7.275674492120742798e-02 -3.382377922534942627e-01 -1.396343111991882324e-01 9.277952313423156738e-01
1.403638206845097065e+09 -9.231626510620117188e+00 -5.825905799865722656e+00 5.543191909790039062e+00 7.561076432466506958e-02 -3.683342933654785156e-01 -1.401760727167129517e-01 9.159495830535888672e-01
1.403638207245097160e+09 -9.503990173339843750e+00 -5.663324356079101562e+00 5.277958869934082031e+00 8.153361082077026367e-02 -3.862571120262145996e-01 -1.409977674484252930e-01 9.078971743583679199e-01
1.403638207445096970e+09 -9.645359039306640625e+00 -5.533536911010742188e+00 5.075637340545654297e+00 8.318387717008590698e-02 -4.195489585399627686e-01 -1.510421931743621826e-01 8.912044167518615723e-01
1.403638207645097017e+09 -9.751888275146484375e+00 -5.415669918060302734e+00 4.852396011352539062e+00 6.013461947441101074e-02 -4.457378387451171875e-01 -1.646212041378021240e-01 8.778391480445861816e-01
1.403638207945096970e+09 -9.891156196594238281e+00 -5.250607490539550781e+00 4.395282745361328125e+00 4.115777090191841125e-02 -4.592242538928985596e-01 -1.704974174499511719e-01 8.708328008651733398e-01
1.403638208445096970e+09 -9.981842994689941406e+00 -5.002974510192871094e+00 3.892507553100585938e+00 3.748342394828796387e-02 -4.690803587436676025e-01 -1.800333112478256226e-01 8.637977838516235352e-01
1.403638208845097065e+09 -9.993744850158691406e+00 -4.805966854095458984e+00 3.437080383300781250e+00 4.010300338268280029e-02 -5.003776550292968750e-01 -1.881597340106964111e-01 8.441622853279113770e-01
1.403638209545097113e+09 -9.856585502624511719e+00 -4.056110382080078125e+00 2.933706760406494141e+00 5.654462426900863647e-02 -5.013080239295959473e-01 -1.826334148645401001e-01 8.438827395439147949e-01
1.403638210545097113e+09 -9.328348159790039062e+00 -3.045494556427001953e+00 2.584364891052246094e+00 5.757202580571174622e-02 -5.024086833000183105e-01 -1.725734174251556396e-01 8.452748060226440430e-01
1.403638211245097160e+09 -8.724341392517089844e+00 -2.548092365264892578e+00 2.313735008239746094e+00 4.003860801458358765e-02 -4.804859161376953125e-01 -1.681566685438156128e-01 8.597985506057739258e-01
1.403638211745097160e+09 -8.269948959350585938e+00 -2.215749740600585938e+00 2.199707031250000000e+00 3.247087448835372925e-02 -4.013832807540893555e-01 -1.200073584914207458e-01 9.074334502220153809e-01
1.403638212045097113e+09 -7.889274597167968750e+00 -2.042170524597167969e+00 2.134009122848510742e+00 3.609826788306236267e-02 -3.272395730018615723e-01 -9.726876020431518555e-02 9.392284154891967773e-01
1.403638212345097065e+09 -7.474037170410156250e+00 -1.933624982833862305e+00 2.060205221176147461e+00 3.954308107495307922e-02 -2.546088993549346924e-01 -7.235472649335861206e-02 9.635224938392639160e-01
1.403638212645097017e+09 -7.183229923248291016e+00 -1.893370509147644043e+00 2.004538774490356445e+00 3.716945275664329529e-02 -2.043788284063339233e-01 -5.578958615660667419e-02 9.765937328338623047e-01
1.403638212845097065e+09 -6.881925582885742188e+00 -1.876912593841552734e+00 1.944970011711120605e+00 3.744265809655189514e-02 -1.510092467069625854e-01 -3.338161855936050415e-02 9.872587919235229492e-01
1.403638213045097113e+09 -6.569169521331787109e+00 -1.882116198539733887e+00 1.880519032478332520e+00 3.323146700859069824e-02 -9.327272325754165649e-02 -7.574885617941617966e-03 9.950570464134216309e-01
1.403638213245097160e+09 -6.247374057769775391e+00 -1.877935171127319336e+00 1.824438691139221191e+00 1.188519876450300217e-02 -3.970557823777198792e-02 3.064057789742946625e-02 9.986708164215087891e-01
1.403638213445096970e+09 -5.904013156890869141e+00 -1.863066792488098145e+00 1.793165802955627441e+00 1.340105431154370308e-03 1.089681591838598251e-02 6.962601840496063232e-02 9.975128173828125000e-01
1.403638213645097017e+09 -5.533248901367187500e+00 -1.845712423324584961e+00 1.786556005477905273e+00 2.954087965190410614e-02 5.767500028014183044e-02 5.574370920658111572e-02 9.963400959968566895e-01
1.403638213845097065e+09 -4.970617771148681641e+00 -1.857415080070495605e+00 1.753295779228210449e+00 3.395956009626388550e-02 7.965005189180374146e-02 4.056140407919883728e-02 9.954182505607604980e-01
1.403638214245097160e+09 -4.240590572357177734e+00 -1.900830984115600586e+00 1.705059647560119629e+00 1.519229408586397767e-04 6.900662928819656372e-02 3.350713104009628296e-02 9.970533847808837891e-01
1.403638214645097017e+09 -3.533963680267333984e+00 -1.902180075645446777e+00 1.748116374015808105e+00 3.963620588183403015e-02 5.878196284174919128e-02 2.261129952967166901e-02 9.972273707389831543e-01
1.403638215145097017e+09 -2.556556224822998047e+00 -1.787684679031372070e+00 1.840217709541320801e+00 3.828731924295425415e-02 6.031721830368041992e-02 6.143989507108926773e-03 9.974257946014404297e-01
1.403638215745097160e+09 -1.736460328102111816e+00 -1.711132645606994629e+00 1.869366884231567383e+00 4.282381013035774231e-02 7.041455060243606567e-02 2.018328756093978882e-02 9.963937997817993164e-01
1.403638216345097065e+09 -9.589376449584960938e-01 -1.626039981842041016e+00 1.814200401306152344e+00 4.208182543516159058e-02 8.528555929660797119e-02 1.110567990690469742e-02 9.954055547714233398e-01
1.403638217045097113e+09 -5.415966510772705078e-01 -1.470949053764343262e+00 1.761081099510192871e+00 4.155521839857101440e-02 1.333829909563064575e-01 3.869584947824478149e-02 9.894365668296813965e-01
1.403638217445096970e+09 -1.001373231410980225e-01 -1.310673594474792480e+00 1.309353828430175781e+00 5.065000057220458984e-02 1.765260994434356689e-01 5.689437314867973328e-02 9.813441038131713867e-01
1.403638220445096970e+09 -4.140401482582092285e-01 -7.737983465194702148e-01 1.675374209880828857e-01 2.839771471917629242e-02 1.858960539102554321e-01 5.867925658822059631e-02 9.804044961929321289e-01
1.403638223345097065e+09 -5.275180935859680176e-01 -5.021049976348876953e-01 -1.405793428421020508e-01 2.742178738117218018e-02 1.871022433042526245e-01 5.824562534689903259e-02 9.802286624908447266e-01
1.403638224145097017e+09 -5.530689954757690430e-01 -3.468956649303436279e-01 -1.642416268587112427e-01 1.688705198466777802e-02 1.853006333112716675e-01 6.239971518516540527e-02 9.805533289909362793e-01
1.403638225145097017e+09 -6.013677120208740234e-01 -2.266426384449005127e-01 -8.720282465219497681e-02 2.323073893785476685e-02 1.845586448907852173e-01 5.621302500367164612e-02 9.809376001358032227e-01
1.403638226045097113e+09 -6.183389425277709961e-01 -1.911894530057907104e-01 -7.455855607986450195e-02 6.810708902776241302e-03 1.802553087472915649e-01 6.081913039088249207e-02 9.817141890525817871e-01
1.403638226145097017e+09 -6.405861377716064453e-01 -1.995984166860580444e-01 -4.657731950283050537e-02 7.127268472686409950e-04 1.826176941394805908e-01 5.806563422083854675e-02 9.814676046371459961e-01
