1.403638129345096960e+18 4.836282148797610425e+00 -1.507015344441639648e+00 5.248795918985768028e-01 -7.683763123068322320e-01 2.952626494352031949e-01 -1.567255342857905853e-01 5.457608610344748534e-01
1.403638129445096960e+18 4.838015719430542205e+00 -1.507738044445934067e+00 5.376906158933659752e-01 -7.584964240290616999e-01 3.098979106310681964e-01 -1.432867974194027838e-01 5.550813934973103381e-01
1.403638129645096960e+18 4.835498052803115954e+00 -1.506529867906323705e+00 5.462551989730366486e-01 -7.907726867595132880e-01 2.802788338748198882e-01 -1.593735689500282715e-01 5.203099063798829471e-01
1.403638129845096960e+18 4.835569224228351004e+00 -1.503595528384667146e+00 5.761920262482280730e-01 -7.925031365901673563e-01 2.758292265149774325e-01 -1.608297617682162561e-01 5.196063933637409260e-01
1.403638130145096960e+18 4.835300407401525113e+00 -1.493907268080954864e+00 6.789187390689528367e-01 -7.837474085575824034e-01 2.750593886730712256e-01 -1.527635891187026917e-01 5.354863379411679558e-01
1.403638130345096960e+18 4.835326907378844297e+00 -1.489060199883764923e+00 7.630512728339705619e-01 -7.777200635920832328e-01 2.730552645521737709e-01 -1.435581972647388127e-01 5.477073755070004379e-01
1.403638130645096960e+18 4.832620364649649503e+00 -1.486751399433654530e+00 8.821187946971292826e-01 -7.769561231660668810e-01 2.622381129921477760e-01 -1.430669908439436977e-01 5.541680168504238280e-01
1.403638130845096960e+18 4.833436776075768826e+00 -1.487930092728390052e+00 9.520848127678781525e-01 -7.597415793627269043e-01 2.770605930878837220e-01 -1.242268502368132771e-01 5.749763908417978575e-01
1.403638131345096960e+18 4.835829146269184697e+00 -1.493166671194448902e+00 9.000567110406419991e-01 -7.685620136754595100e-01 2.636547983152439101e-01 -1.451936593028047562e-01 5.645505998214260801e-01
1.403638131945096960e+18 4.833882451091521482e+00 -1.520703766619917241e+00 6.296657935089693403e-01 -7.970051620107128088e-01 2.285446113041205429e-01 -1.811447531646490361e-01 5.289014187663372280e-01
1.403638133945096960e+18 4.837138501080954889e+00 -1.483050344905833873e+00 6.298984095808504158e-01 -7.526278427633507073e-01 3.531677043867706423e-01 -1.958197919913922946e-01 5.200754867709225238e-01
1.403638137845096960e+18 4.813155168130491823e+00 -1.471622092577313357e+00 5.124856483991111489e-01 -7.805628894538110263e-01 3.432213330706934129e-01 -2.229665734716070880e-01 4.724474565991695907e-01
1.403638147945096960e+18 4.829571054945906994e+00 -1.455832267989331630e+00 5.245776783228985884e-01 -7.476603856175977336e-01 3.415562637732081908e-01 -2.417672626408127190e-01 5.156470276949148834e-01
1.403638148145096960e+18 4.847972912626381081e+00 -1.439736685272723582e+00 5.803937754392584081e-01 -7.439734568044339413e-01 3.359184324149666612e-01 -2.436290645674346611e-01 5.237434307295215641e-01
1.403638148345096960e+18 4.869823869349523271e+00 -1.420523661013697314e+00 6.989712090862364446e-01 -7.523905673049610110e-01 3.290611745107672736e-01 -2.395760976827053801e-01 5.179097132505240397e-01
1.403638151345096960e+18 4.827787229090752419e+00 -3.103453858706572976e-01 9.115026854732566353e-01 -8.110044575682376911e-01 1.397149855972623089e-01 -1.118994180053665410e-01 5.569829556225807110e-01
1.403638152145096960e+18 4.526692559675815630e+00 4.736140345661237205e-01 1.019750422500411036e+00 -8.163825397315650489e-01 1.203257669438854011e-01 -9.768240340174642877e-02 5.563267085952859903e-01
1.403638153645096960e+18 4.099531230560523376e+00 1.333490685271625509e+00 1.185966007571225056e+00 -8.278353651062516638e-01 -6.754606203351206338e-03 -2.201999075989983373e-02 5.604980852611100017e-01
1.403638154845096960e+18 3.164109383757063299e+00 2.475026620345539996e+00 1.255664794803089013e+00 -8.066653440147298904e-01 -7.746679591768397544e-02 2.474602009835308314e-02 5.853866694631314482e-01
1.403638155445096960e+18 2.799786185862439769e+00 2.666990305596852018e+00 1.279648211842763228e+00 -7.920217273089583676e-01 -1.133493404344517036e-01 5.994956695278981507e-02 5.968748276781167261e-01
1.403638156445096960e+18 1.727002777606692074e+00 2.907553774765279542e+00 1.262483943453572399e+00 -7.870464317612533289e-01 -2.584500526226260475e-01 1.819540412008037178e-01 5.297680732565307471e-01
1.403638157945096960e+18 5.324237754908986986e-01 3.585836194021760903e+00 1.339217652388204449e+00 -7.435810672163715163e-01 -3.403911199509923047e-01 2.382393170054802889e-01 5.238922692392335989e-01
1.403638158645096960e+18 -3.937579603743603940e-01 4.121523302884193996e+00 1.363435473609893034e+00 -7.581977187996743472e-01 -3.508535145508675512e-01 2.389526382597671195e-01 4.949137977496396168e-01
1.403638159445096960e+18 -9.533128323912709590e-01 4.531097245369197779e+00 1.456972412065109745e+00 -7.288597649729792183e-01 -3.083911991756678184e-01 2.918203633423367416e-01 5.371212030941187043e-01
1.403638161345096960e+18 -1.454899592190885826e+00 5.929461970975653529e+00 2.432935930377738920e+00 -7.933987380229479136e-01 -2.097950050583414494e-01 1.651210741092578593e-01 5.470279053587389084e-01
1.403638162145096960e+18 -1.371396395190914497e+00 6.546713075318228547e+00 2.591106853050197945e+00 -7.985555809512693282e-01 -1.808978756163875934e-01 1.493759316308975182e-01 5.543210024692012405e-01
1.403638163445096960e+18 -9.780673412876152994e-01 7.445449272766308191e+00 2.806846911825114255e+00 -8.043214413426479359e-01 -1.105932994516991286e-01 9.057359571339509974e-02 5.767430666010807672e-01
1.403638163945096960e+18 -5.544021374491725496e-01 7.972774540768546636e+00 3.054847862259486568e+00 -8.028997666281185719e-01 -9.325727038896797216e-02 1.037099579704155727e-01 5.795681934732846985e-01
1.403638165145096960e+18 3.761067572397669423e-01 8.556931125731756183e+00 3.201521677269635990e+00 -8.104093339084008640e-01 -5.958529863332031468e-02 7.304910981652551483e-02 5.782301715199001935e-01
1.403638165945096960e+18 1.294149964732240754e+00 8.761477434606526060e+00 3.073747430566228900e+00 -8.112553096716113021e-01 -6.683973428269519845e-02 4.328303560787963300e-02 5.792442069448809905e-01
1.403638166445096960e+18 1.925952405667704426e+00 8.804448462931750541e+00 3.279898199478630261e+00 -8.141089797268787898e-01 -7.638906242319935813e-02 4.858254540771131391e-02 5.736122527909183200e-01
1.403638167945096960e+18 3.173547632269646090e+00 9.386992699718636146e+00 3.508152911079126746e+00 -8.203162453346529714e-01 -7.936918223627445826e-03 4.985956361528446484e-02 5.696773533196328732e-01
1.403638168445096960e+18 4.027482145694161630e+00 9.911458295507308947e+00 3.636991800780758677e+00 -8.308215892975177042e-01 3.812608202619845177e-02 -4.355780745581611796e-02 5.535201947861709826e-01
1.403638169445096960e+18 5.018462794325508902e+00 1.073988765222304487e+01 3.568287239005519140e+00 -7.961593390788933577e-01 1.035239317847369972e-01 -2.928216878177896526e-02 5.954457632200641504e-01
1.403638170345096960e+18 6.150922751418782752e+00 1.126506441612673193e+01 3.590351244782255424e+00 -7.420494123730753122e-01 2.943201889018686179e-01 -1.806217869397274134e-01 5.745555378588236284e-01
1.403638171845096960e+18 7.384544430457199660e+00 1.055789288862209752e+01 3.573002414664340876e+00 -6.537702020066693542e-01 4.275819909539029240e-01 -2.786448114859241265e-01 5.586727423206085952e-01
1.403638172845096960e+18 7.760755985997279005e+00 8.528420097313615500e+00 3.234809846083215756e+00 -6.617746920780595010e-01 4.294731554602568280e-01 -2.606216253961260443e-01 5.564920790450489374e-01
1.403638173345096960e+18 7.786958898208549584e+00 7.771094672894541588e+00 3.015689321431584524e+00 -6.801783434816423002e-01 4.143448348461361008e-01 -2.803951963395678315e-01 5.357744980536049972e-01
1.403638173645096960e+18 7.797827083972234341e+00 7.246589289672688672e+00 2.832740894451749369e+00 -6.872513248958476151e-01 4.068555654851652159e-01 -2.934959538892448760e-01 5.253706218597408162e-01
1.403638173845096960e+18 7.794261769080050861e+00 6.720867756160290085e+00 2.637480711612774087e+00 -6.876072138175822746e-01 4.091171248355696122e-01 -2.936248866829639925e-01 5.230716237693601167e-01
1.403638174445096960e+18 7.681708076419008435e+00 4.707905012420162905e+00 1.999284188822933128e+00 -7.101807599769912605e-01 4.170766215103957064e-01 -2.847090303821139257e-01 4.905416883067676981e-01
1.403638174845096960e+18 7.659781919004650774e+00 3.789460803035622938e+00 1.756215506371718860e+00 -7.195561386615798583e-01 4.169482173823453874e-01 -2.860671297288812087e-01 4.759818742607755948e-01
1.403638175645096960e+18 7.881822583894031453e+00 2.228612652260157923e+00 1.535628413652202706e+00 -7.526456244159095421e-01 4.247619131071052045e-01 -2.785853184956924578e-01 4.189177741989844050e-01
1.403638176145096960e+18 8.187755836148365773e+00 1.849873472602322710e+00 1.452904770262452461e+00 -7.188575029402787253e-01 3.983606874674918696e-01 -3.142306642546220941e-01 4.751965306996605021e-01
1.403638176845096960e+18 9.019468744383688730e+00 1.451122567707632038e+00 1.374182499026489923e+00 -6.986886148324548129e-01 4.280156356615676394e-01 -2.910911252682523154e-01 4.938651556070663418e-01
1.403638178145096960e+18 9.300795153684219940e+00 1.361852742684677153e+00 1.327533903188278241e+00 -6.416998229710217938e-01 4.907753840943359092e-01 -3.445635670876704415e-01 4.781598140808538955e-01
1.403638178645096960e+18 9.432565938988060950e+00 1.145446483720490294e+00 1.281036404874196233e+00 -6.009380223388018916e-01 5.686789126841504949e-01 -3.746067767248943969e-01 4.185063325777612087e-01
1.403638181345096960e+18 1.086244425400630753e+01 -7.265001691624152214e-01 8.595717800936810704e-01 -4.180231231934242175e-01 6.880182248824873170e-01 -4.868332146865993471e-01 3.389410151974502905e-01
1.403638182145096960e+18 1.120467223783812827e+01 -1.490675720675524341e+00 8.711766988529141553e-01 -3.589194439164526407e-01 7.488644721463371123e-01 -4.969017983149544571e-01 2.519274458391881355e-01
1.403638182645096960e+18 1.145342031873495614e+01 -2.104493677957000930e+00 9.780893943467416918e-01 -3.774952091535443977e-01 7.450645795661758886e-01 -4.968269360868128870e-01 2.356674243941851710e-01
1.403638183945096960e+18 1.254265883893781997e+01 -3.804394145762549417e+00 1.117265564758569862e+00 -3.877399509840815384e-01 7.329772400784573261e-01 -5.081554176033892256e-01 2.327663366944507373e-01
1.403638184445096960e+18 1.328082202781944687e+01 -4.467605838711504518e+00 1.189284667514415084e+00 -3.813302183880579177e-01 7.256393406705863303e-01 -5.215312793769351085e-01 2.367275574299063934e-01
1.403638186345096960e+18 1.521887556001102126e+01 -5.374378166741221818e+00 1.394391123204142158e+00 -4.269105125787364674e-01 7.030497463216717202e-01 -5.016150814143156556e-01 2.680499553152410064e-01
1.403638186945096960e+18 1.580016974132015051e+01 -5.508967665041041961e+00 1.430505821661349986e+00 -4.735461090422865560e-01 6.671002893939497191e-01 -4.912728531277070765e-01 2.989686777593618117e-01
1.403638187645096960e+18 1.690838728050055906e+01 -5.478061140582886068e+00 1.696259777900657850e+00 -5.391854505088133909e-01 5.896762597366178582e-01 -4.850690754745449751e-01 3.553434263932725434e-01
1.403638188445096960e+18 1.711556553626995125e+01 -5.043776427396045037e+00 1.777146431001150217e+00 -5.437729649278840727e-01 5.775384771581038024e-01 -4.587819435615892449e-01 4.003490955120128647e-01
1.403638189345096960e+18 1.693465825837168737e+01 -4.804996421620483460e+00 1.860520186063657100e+00 -5.991455551646918121e-01 5.598761633640998436e-01 -4.037064853154931909e-01 4.056899790940133865e-01
1.403638192345096960e+18 1.581138813996057024e+01 -2.517120539750487218e+00 2.182664919281338101e+00 -6.208371065186890636e-01 5.158947793923168712e-01 -3.995495329864790501e-01 4.344813395941664602e-01
1.403638192845096960e+18 1.546901170107354417e+01 -1.974778173565936878e+00 2.377184897396454666e+00 -6.051434264908940319e-01 5.049266152162643628e-01 -3.895208682629465735e-01 4.765753243809279227e-01
1.403638193645096960e+18 1.470190720339316037e+01 -1.591567907870824028e+00 2.654884664666909533e+00 -6.434662335029429636e-01 5.013360930146727457e-01 -3.687464183388405314e-01 4.456898104563267737e-01
1.403638197945096960e+18 1.256536169738861730e+01 4.443351099087367029e-01 2.609749120014111412e+00 -6.561839233294892715e-01 4.633348439503766625e-01 -4.206841747772140372e-01 4.216257893409905422e-01
1.403638199845096960e+18 1.162382863997600069e+01 1.958588064492920555e+00 2.802348352370430895e+00 -6.684254613142845969e-01 4.675241672387147052e-01 -3.655715183707101135e-01 4.483146447202742690e-01
1.403638200445096960e+18 1.090377973327592898e+01 2.957915433461072219e+00 3.006907507311733063e+00 -7.097497384860758096e-01 3.782812036154331592e-01 -3.534971087678924762e-01 4.777011971964767456e-01
1.403638200845096960e+18 1.029689175973991055e+01 3.694588721624106231e+00 3.194326693812874929e+00 -7.254222047528129380e-01 3.663603932042669986e-01 -3.175478887477161116e-01 4.885755064415847615e-01
1.403638201845096960e+18 8.965160525205206454e+00 5.193940288067989464e+00 3.217076976592480708e+00 -7.142021685822724786e-01 3.769927546378987748e-01 -3.141598580595737489e-01 4.990944889766837367e-01
1.403638202445096960e+18 7.553735950226595719e+00 6.570319143373595239e+00 3.119033011419798385e+00 -7.339102468210824126e-01 3.737585930417560154e-01 -2.648275012738301459e-01 5.015442735267987562e-01
1.403638202845096960e+18 6.921625089448681045e+00 7.195084022180176397e+00 3.016501839335901547e+00 -7.307164993856297697e-01 3.735539423224635280e-01 -2.668960616624679871e-01 5.052497817614775011e-01
1.403638203645096960e+18 5.778712347298904817e+00 8.265512554512156385e+00 2.941078654647196533e+00 -7.251787091325475609e-01 3.715366261162394990e-01 -2.683963697168234019e-01 5.138479969775536782e-01
1.403638204445096960e+18 4.725503365096987984e+00 9.108949424009765039e+00 3.105579437685557220e+00 -7.346379727751471966e-01 3.820112806965096364e-01 -2.308503524285594466e-01 5.109623715705928770e-01
1.403638204945096960e+18 4.483124415393438866e+00 9.302916946175574964e+00 3.090173669381982346e+00 -7.639321173519658670e-01 3.041523207346619739e-01 -2.255040492141254238e-01 5.225390030015889531e-01
1.403638205145096960e+18 4.322586773401207338e+00 9.428508919874428074e+00 3.077258470448965166e+00 -7.869232573396459651e-01 2.334084554233527842e-01 -1.816262714549641832e-01 5.415571784329092919e-01
1.403638205345096960e+18 4.154497874140069769e+00 9.556497705642204465e+00 3.092176862828663886e+00 -8.000299064445520747e-01 1.535111358194525544e-01 -1.315292185014966253e-01 5.648774598566739247e-01
1.403638205945096960e+18 3.407911667258104682e+00 9.910963295966206843e+00 3.337555297140101462e+00 -8.046702592163617052e-01 -4.046360805446190360e-03 -5.682165927635120933e-02 5.909828254137234893e-01
1.403638206445096960e+18 2.686061383169199512e+00 1.002912748385183761e+01 3.547845046888026488e+00 -7.960837889733638484e-01 -4.415481626884748545e-02 1.480746097411439824e-02 6.033918231411303790e-01
1.403638206845096960e+18 2.115421571087364505e+00 1.002269974742994307e+01 3.589066526888529118e+00 -7.906124086561754361e-01 -6.381189168455334015e-02 3.970265161272296811e-02 6.076872231777121769e-01
1.403638207445096960e+18 1.453361334887749656e+00 9.845201794635894288e+00 3.515363283525883453e+00 -7.789792963863737540e-01 -1.068818474122316259e-01 7.700567581434256126e-02 6.130559944960287666e-01
1.403638207645096960e+18 1.214655313222136712e+00 9.711601675565702863e+00 3.499607631184098455e+00 -7.885160633355690063e-01 -1.307701765290173457e-01 9.943037184405564832e-02 5.926678495981532180e-01
1.403638207945096960e+18 8.075435231511134404e-01 9.414138608514356577e+00 3.536613184742243732e+00 -7.966826519032276233e-01 -1.409794044999860552e-01 1.135164443027597697e-01 5.766589776775598031e-01
1.403638208445096960e+18 3.923358179381972732e-01 9.027438417541805649e+00 3.516748490164322227e+00 -7.973155890607124263e-01 -1.549023567514018485e-01 1.186615801592821318e-01 5.711501910248589775e-01
1.403638208845096960e+18 7.864707731050302186e-02 8.642830630064425534e+00 3.523366762719926548e+00 -7.880639339044227532e-01 -1.832846654392920605e-01 1.420287151956487470e-01 5.702541639951133057e-01
1.403638212345096960e+18 5.704623790043603648e-01 5.182378264031504145e+00 1.454926055254761375e+00 -8.085638406974962056e-01 6.784941027069781028e-02 -1.409305043564388314e-02 5.843135793149522028e-01
1.403638212645096960e+18 7.588477013093379853e-01 4.950931277479933890e+00 1.439717712265289773e+00 -8.068699623894699524e-01 1.108390751618928832e-01 -4.706453054599751135e-02 5.783255944321992192e-01
1.403638212845096960e+18 9.593906094509980775e-01 4.717862102913005451e+00 1.447774253542934542e+00 -7.997597388811871211e-01 1.589629730657888540e-01 -7.982334365935364606e-02 5.733614628363346011e-01
1.403638213445096960e+18 1.643509375166218867e+00 4.004082191411024283e+00 1.493036702202762189e+00 -7.700899622244761211e-01 3.331631479709107890e-01 -1.472249398823803068e-01 5.237256762770441387e-01
1.403638213645096960e+18 1.928250036965204472e+00 3.766349474124455199e+00 1.478308926552319491e+00 -7.502729270730512656e-01 3.409841071361827680e-01 -1.989979612376254758e-01 5.303019752980792090e-01
1.403638213845096960e+18 2.357036079986089661e+00 3.401025612420604638e+00 1.500171883724771504e+00 -7.475802125942758725e-01 3.392235019495957737e-01 -2.253008259332777985e-01 5.246815980157231163e-01
1.403638214645096960e+18 3.500223133383348006e+00 2.530522062323539600e+00 1.536950112700506965e+00 -7.546391888294952111e-01 3.137384056181446446e-01 -2.198450509404188680e-01 5.326875830164906622e-01
1.403638215145096960e+18 4.294534322013190852e+00 1.960816461091196672e+00 1.390586014126058645e+00 -7.597221366712968438e-01 3.017485487549499967e-01 -2.292065354852949877e-01 5.284263926666694644e-01
1.403638216345096960e+18 5.500787174027674808e+00 9.103468394006495323e-01 1.246854785446465552e+00 -7.504532285407714554e-01 3.173254709607674084e-01 -2.471533920975754750e-01 5.244422733027174210e-01
1.403638217445096960e+18 5.817145910496938299e+00 -8.190883085385225471e-02 1.161943962304098132e+00 -7.064523717591169039e-01 3.952981741606599320e-01 -2.958856272368363682e-01 5.070661648501416652e-01
1.403638220445096960e+18 4.795414987266029883e+00 -8.857270675303769991e-01 1.140569054409194649e+00 -7.150389237812502241e-01 4.051641931043120093e-01 -2.961601402865381982e-01 4.866728730978761575e-01
1.403638223345096960e+18 4.464761776320708364e+00 -1.125665082756269086e+00 1.019207351231779191e+00 -7.153097615343280147e-01 4.055631906302681333e-01 -2.970433786631752060e-01 4.854025902813715598e-01
1.403638224145096960e+18 4.391942901267150035e+00 -1.176854936800419082e+00 8.873752629158926375e-01 -7.201698230371296194e-01 4.098596303284650633e-01 -2.906535587719379921e-01 4.784255618033917412e-01
1.403638225145096960e+18 4.366253559141146212e+00 -1.130197057179362030e+00 7.463375608124198646e-01 -7.190289809455386871e-01 4.035655450692781088e-01 -2.950495748672143925e-01 4.827814451323008127e-01
1.403638226145096960e+18 4.351086755050761035e+00 -1.085495103312456022e+00 7.052083754118668724e-01 -7.308737830080775932e-01 4.081106527321738398e-01 -2.864958316108391356e-01 4.660357785702661793e-01
