1.403715278662142976e+18 9.673076067654114985e-01 2.154103634629882524e+00 9.527097568387125071e-01 -6.372613779144441493e-01 5.178133308207637509e-01 -3.655638102277618540e-01 4.383268087793065759e-01
1.403715278862142976e+18 9.982906223218975805e-01 2.169998704985077964e+00 1.007405030406097080e+00 -6.286006914310589000e-01 5.161948017207771411e-01 -3.681794319788301850e-01 4.503865043233284404e-01
1.403715280562142976e+18 1.139621063022840275e+00 2.218459481360517849e+00 1.183918778575244968e+00 -6.372302835584736647e-01 5.245194496138538831e-01 -3.732098610169532482e-01 4.237113549723131589e-01
1.403715280962142976e+18 1.223544405642132737e+00 2.264209030111901999e+00 1.236991837812122741e+00 -5.805196184608544252e-01 5.811080186355583876e-01 -4.071235379369510521e-01 3.994507079943900862e-01
1.403715281462142976e+18 1.326320426252267870e+00 2.315619530142895233e+00 1.269312757115776291e+00 -5.406771015296903959e-01 6.204606611641393377e-01 -4.333543724595372848e-01 3.672884802160460427e-01
1.403715281662142976e+18 1.372677551873410007e+00 2.331124549410442448e+00 1.270631483762620251e+00 -5.115730647994747304e-01 6.456388731646687251e-01 -4.513926569505691822e-01 3.430570128731291746e-01
1.403715281862142976e+18 1.422958441629284199e+00 2.343731003555082903e+00 1.262968267801312106e+00 -4.720412287407728669e-01 6.760867976590730910e-01 -4.713392546475668743e-01 3.129265527696193372e-01
1.403715281962142976e+18 1.448526779183210600e+00 2.348198903237260549e+00 1.254408193607969846e+00 -4.510836094061508872e-01 6.904147519244919762e-01 -4.809372251921626429e-01 2.975742480031229320e-01
1.403715282062142976e+18 1.476158802731573516e+00 2.353697107465461791e+00 1.246207721379783750e+00 -4.298627417904225534e-01 7.042265604670544521e-01 -4.891879415123746577e-01 2.828040534222382996e-01
1.403715282462142976e+18 1.665811934666963090e+00 2.380978442630889091e+00 1.175208017108279934e+00 -3.135626091845365448e-01 7.605061494281498691e-01 -5.337249910530222907e-01 1.960778435438470524e-01
1.403715282862142976e+18 1.820711561428953962e+00 2.398092624780284954e+00 1.116483237045217347e+00 -2.301481377857366728e-01 7.837663725363083200e-01 -5.566700492420898483e-01 1.511971039135440453e-01
1.403715284362142976e+18 2.252746040718108578e+00 2.352037097441991520e+00 9.346688218362559919e-01 -1.124817232237066839e-01 8.039843477022763363e-01 -5.799831246554236763e-01 6.765061496617902348e-02
1.403715285162142976e+18 2.278601242454047160e+00 2.295124864786767471e+00 1.091998272301001105e+00 -1.136482207951125360e-02 8.243292767741767779e-01 -5.652867201954516752e-01 2.833740007011135639e-02
1.403715286062142976e+18 2.170585457567075771e+00 2.167142210362315247e+00 1.286714915897394729e+00 -2.343998396844954729e-02 8.249690258198719706e-01 -5.646817509084797182e-01 3.345710732199880157e-03
1.403715287662142976e+18 2.077829353195929762e+00 1.699261189369306368e+00 1.512694727465181188e+00 -1.102222936810334647e-01 -8.041929848402846748e-01 5.791883677402930308e-01 7.526967373186048416e-02
1.403715288062142976e+18 1.964928630052086511e+00 1.592375153135566990e+00 1.550380979247456770e+00 -1.808739285887065174e-01 -7.911622179750980033e-01 5.697943627636499198e-01 1.291563044081743550e-01
1.403715289162142976e+18 1.834884106463660070e+00 1.569148268953760805e+00 1.395346529444064121e+00 -2.384059874380193844e-01 -7.836989930233949631e-01 5.410835937375045868e-01 1.902814181046749986e-01
1.403715291362142976e+18 1.468311430674395845e+00 8.772314465618433754e-01 1.286422065316312313e+00 -3.152776952762916807e-01 -7.605943783553276161e-01 5.243213129984403142e-01 2.172172350692590237e-01
1.403715292362142976e+18 1.222160522259015059e+00 7.191494868528696127e-01 1.215162370373444212e+00 -2.365493289454149717e-01 -7.891275799453925099e-01 5.371445421265246267e-01 1.811016797511500187e-01
1.403715292662142976e+18 1.121902871981466099e+00 6.045987282978531052e-01 1.210199305406383985e+00 -1.450148548955649541e-01 -7.942673521820918792e-01 5.723962160629169071e-01 1.430826228237433440e-01
1.403715292962142976e+18 1.069330561121371037e+00 4.969361097695710328e-01 1.283410116486736863e+00 -8.578636982706003278e-02 -8.080065166953213085e-01 5.782801419294849588e-01 7.320003538116019726e-02
1.403715293862142976e+18 8.913624088665204059e-01 2.494000522154140587e-01 1.561137388818990113e+00 -1.061073964751935023e-01 8.041934062780964343e-01 -5.799804498890199778e-01 7.507904806680787413e-02
1.403715294462142976e+18 7.990282823348860974e-01 2.129214335180347195e-01 1.458123385455575516e+00 -1.870165249549522457e-01 7.935270169725414657e-01 -5.657776115860967403e-01 1.234317096874452818e-01
1.403715294862142976e+18 7.100084582288184176e-01 1.935707438771472333e-01 1.352622178418397825e+00 -2.677872244995674889e-01 7.734576919383575611e-01 -5.497445458616339042e-01 1.668356540778774544e-01
1.403715295862142976e+18 4.712464729193669988e-01 2.309166500289598911e-01 1.171695617859492611e+00 -4.206885033280055031e-01 7.032818839203761607e-01 -4.853393834242313853e-01 3.047317801189046715e-01
1.403715296462142976e+18 2.779748037891406343e-01 9.115198323589313034e-02 1.123007126698696512e+00 -5.065344469671771988e-01 6.554664090823623113e-01 -4.435729770243815318e-01 3.420959728702700486e-01
1.403715297362142976e+18 2.650241730846976118e-01 -2.474637289709358257e-02 1.089045694756769267e+00 -5.743896862760990984e-01 6.068402485169828164e-01 -3.942618558173695553e-01 3.825950733176459173e-01
1.403715297862142976e+18 3.897366619827993262e-01 -2.547291920598317994e-01 1.059658004533628128e+00 -6.042536622712939565e-01 5.322579864513322656e-01 -3.742733917601201998e-01 4.598895255502977730e-01
1.403715299062142976e+18 4.352397889905537665e-01 -4.248816152307517413e-01 1.122885469084906163e+00 -7.169507487347986929e-01 4.269452577290297479e-01 -2.728684982954132643e-01 4.787923907387314770e-01
1.403715299562142976e+18 4.944706557770441879e-01 -3.377911436777427667e-01 1.147613070987973716e+00 -7.413193776994293493e-01 3.641015013252906773e-01 -2.363480824963642424e-01 5.118742627641015286e-01
1.403715299862142976e+18 6.212149707916155839e-01 -2.330641409078291204e-01 1.158145063212912884e+00 -7.662744400637413467e-01 2.706968643104070704e-01 -1.915635673925649429e-01 5.503181714293531313e-01
1.403715300362142976e+18 8.543084437825962940e-01 -2.121873853397215903e-01 1.171185297431081906e+00 -7.542014505202022656e-01 2.423057652718245969e-01 -2.235653352959840745e-01 5.678790619517968263e-01
1.403715301662142976e+18 6.699577770959678213e-01 -3.836572483071334361e-01 1.098067782697001116e+00 -7.685956823559400020e-01 2.641058404219882583e-01 -2.114763140855010493e-01 5.429424929949880907e-01
1.403715302362142976e+18 3.805467885158888008e-01 -4.758832717909697863e-01 1.086384812114181031e+00 -7.697054118502832942e-01 2.980881396370461678e-01 -2.029058218687021797e-01 5.268076189918832197e-01
1.403715303062142976e+18 2.155692393231214421e-01 -4.501066789010410574e-01 1.060906188102546555e+00 -7.949601593544498579e-01 2.515518910891103022e-01 -1.655599631438021135e-01 5.266401900087601673e-01
1.403715303362142976e+18 1.532951585896321633e-01 -3.923360345053197307e-01 1.049784785192852343e+00 -8.039687986359360661e-01 1.636411220361536911e-01 -1.350737997819752012e-01 5.555275174202420896e-01
1.403715303662142976e+18 7.859028400444734164e-02 -3.211181895807428965e-01 1.046342615622516847e+00 -8.056824555638464336e-01 1.000371844874841376e-01 -7.103788519483313080e-02 5.795014766016333141e-01
1.403715303962142976e+18 -6.796008522371643767e-02 -2.387863599010549009e-01 9.520605618685005211e-01 -8.081492435141345299e-01 7.111740595022959799e-02 -5.190328364291657559e-02 5.823599951280353793e-01
1.403715305462142976e+18 -1.989948837206728660e-01 -2.864884455324525625e-01 1.204946115559037523e+00 -8.198788709131809016e-01 6.186151270392576534e-02 -3.364268679590320249e-02 5.681900737440443994e-01
1.403715306462142976e+18 -1.280231046746970192e-01 -2.975008498321489725e-01 1.343355234278403643e+00 -7.875648973067735925e-01 1.310892688871209966e-01 -5.372455065389620393e-02 5.997256112338774647e-01
1.403715307062142976e+18 4.777607547182671777e-02 -5.259666020987920909e-01 1.403802821764172259e+00 -7.712984047676656463e-01 2.197340773323067098e-01 -2.234685816102671141e-01 5.539652508008688914e-01
1.403715307362142976e+18 3.145415463363776531e-02 -6.630327655956835819e-01 1.333311282191921965e+00 -7.645563218035809072e-01 3.022606248009771512e-01 -2.340389106781413930e-01 5.189585087207759795e-01
1.403715307962142976e+18 -1.087092752955309827e-02 -8.369711227592238068e-01 1.179680815268228100e+00 -7.149277859061621276e-01 4.201515611144210904e-01 -3.067062155982517857e-01 4.672068320838498878e-01
1.403715308362142976e+18 3.241186077940919619e-01 -9.593724404710903819e-01 1.174568405195467014e+00 -6.790921888140382112e-01 4.460936814242313364e-01 -2.942559592762419851e-01 5.032371775967606764e-01
1.403715310562142976e+18 4.204798222381788686e-01 -1.336038008954615552e+00 1.213272162535403487e+00 -6.495847380191068776e-01 5.072208678449450225e-01 -3.513311910892252810e-01 4.442218516947306073e-01
1.403715311462142976e+18 5.249191795633736390e-01 -1.582136437231332682e+00 1.232971215260772357e+00 -6.453751986052735923e-01 5.174493768219475820e-01 -3.554015856352285008e-01 4.352317869592556288e-01
1.403715312062142976e+18 7.424794680948862968e-01 -1.783406322305703284e+00 1.262164724936079230e+00 -6.347464103427615800e-01 5.260261343425337577e-01 -3.696207582626191424e-01 4.286886931177397719e-01
1.403715312662142976e+18 9.850691786109586623e-01 -1.948517866545110166e+00 1.256707637985594150e+00 -6.279986318082068086e-01 4.989219251106965514e-01 -3.968838967553247055e-01 4.462934052696338472e-01
1.403715313862142976e+18 1.020843727842161597e+00 -2.017793823602725745e+00 1.481022083247335086e+00 -6.148912669633197492e-01 5.417373761525470233e-01 -4.053188531396332284e-01 4.051493210918284404e-01
1.403715314462142976e+18 9.929533684689499928e-01 -1.662952270654792564e+00 1.501278122492013978e+00 -5.280034007806645446e-01 6.236999470921378297e-01 -4.461889692993048495e-01 3.648646165866749613e-01
1.403715315962142976e+18 9.614505796129534376e-01 -1.558781353713623030e+00 1.492641939468684953e+00 -4.565147092383213812e-01 6.799597767378987578e-01 -4.778186674853697746e-01 3.177079527964384309e-01
1.403715316962142976e+18 1.057004770263211713e+00 -1.394568872510439483e+00 1.318362144954677184e+00 -3.263542436108293199e-01 7.484335838250405493e-01 -5.376485578238580088e-01 2.104141310604757398e-01
1.403715317362142976e+18 1.157060847039698803e+00 -1.308242065149496813e+00 1.247230243804160921e+00 -2.314952025404524716e-01 7.852930861271631979e-01 -5.547369079420102489e-01 1.482959980868264471e-01
1.403715318162142976e+18 1.227780237606005853e+00 -1.182359618545456126e+00 1.111895334826343618e+00 -6.378137395205391025e-02 8.265365968272052610e-01 -5.586164916818707749e-01 2.677322661034529233e-02
1.403715318862142976e+18 1.167829017711160766e+00 -1.329143916694963679e+00 1.049059285750614468e+00 -1.830801645255470192e-02 -8.242180490898805001e-01 5.637444428995150858e-01 5.021580615662318836e-02
1.403715319462142976e+18 1.187728891138172038e+00 -1.520768379109697754e+00 1.030228972888504790e+00 -8.658170204440253370e-02 -8.113705268705149187e-01 5.700356302691921284e-01 9.612937751053099444e-02
1.403715319962142976e+18 1.294194579776295928e+00 -1.792230482242439304e+00 1.146155175827402672e+00 -1.220998551785180686e-01 -8.054212403872361703e-01 5.675869470053838128e-01 1.193034303261131662e-01
1.403715320362142976e+18 1.416096425120845881e+00 -2.012917609845696898e+00 1.237179070677100645e+00 -2.292034276313265617e-01 -7.684550228357545087e-01 5.737414407888169476e-01 1.666236050567971860e-01
1.403715321862142976e+18 1.453625620546917796e+00 -1.978890542152078158e+00 1.411599018284857010e+00 -3.567691897880476692e-01 -7.220662525857133307e-01 5.536159409734027204e-01 2.117674715222778725e-01
1.403715322162142976e+18 1.376600062000483904e+00 -1.862700088270672794e+00 1.423277503139581235e+00 -3.586531863794506503e-01 -7.312974829141122290e-01 5.290057342404377305e-01 2.381697220976795870e-01
1.403715322362142976e+18 1.288840740331642198e+00 -1.743709985637468929e+00 1.423846168871227169e+00 -3.739338546975834454e-01 -7.320539853919242335e-01 5.031463771092022919e-01 2.666723794934364178e-01
1.403715322562142976e+18 1.194014875905547335e+00 -1.634207146202112160e+00 1.386707513059559416e+00 -3.928536560202097183e-01 -7.286809252322272723e-01 4.859497176088261594e-01 2.802552160266823522e-01
1.403715322862142976e+18 9.807312903371423474e-01 -1.487494142959164822e+00 1.339500442605930708e+00 -3.953017423515043371e-01 -7.247402666008255778e-01 4.819037902231224080e-01 2.936951062408393320e-01
1.403715323362142976e+18 6.174144210217594742e-01 -1.479647418834869832e+00 1.348868307680997525e+00 -3.868986358667782510e-01 -7.166759690128849947e-01 4.951251959237582545e-01 3.025492379189352321e-01
1.403715324362142976e+18 5.682060569215030554e-01 -1.416083701512296233e+00 1.550780783226243909e+00 -4.042930781958194442e-01 -7.118794775627428351e-01 5.109725553234705231e-01 2.620720588963051934e-01
1.403715327162142976e+18 5.760413111269199193e-01 -9.434694915124430814e-01 1.426635358007067866e+00 -4.271729955250092026e-01 -6.998731110114659870e-01 5.059529598759823221e-01 2.677918273025819973e-01
1.403715327862142976e+18 4.341464564021816908e-01 -5.499243886020783734e-01 1.363860153997034530e+00 -3.247897897186666771e-01 -7.372219442243943544e-01 5.349202638822855294e-01 2.547071038204757332e-01
1.403715328562142976e+18 4.183596446145011472e-01 -2.630499910659658269e-01 1.329320639680944716e+00 -2.709594741046016386e-01 -7.675397249453018711e-01 5.429139603434082195e-01 2.066595405203538738e-01
1.403715329162142976e+18 4.746028859811085021e-01 -1.881379337751747371e-01 1.294216590373718168e+00 -1.854599036851456439e-01 -7.962449189090841095e-01 5.598164998322860963e-01 1.349227177019875490e-01
1.403715330162142976e+18 5.154326545100406110e-01 -1.222425958388373424e-01 1.232339589567444271e+00 -1.128680217039720324e-01 -8.047173449846053428e-01 5.808352266419041232e-01 4.817928859383258100e-02
1.403715331362142976e+18 3.857501877507278909e-01 -6.366623534839011000e-02 1.424874608078811722e+00 -4.109208141781925394e-02 -8.125369545015469486e-01 5.799326688052712786e-01 4.210983337057853243e-02
1.403715332162142976e+18 1.398154836315335103e-03 -1.164649396867316611e-01 1.536649156444600539e+00 -3.665011862378966812e-02 -8.089532368806727769e-01 5.863986148548112620e-01 1.970009749983146069e-02
1.403715333162142976e+18 -2.924714285862710650e-01 -1.631985283993850899e-01 1.542441615516167985e+00 -6.746004510671583035e-03 -7.981588355508650867e-01 6.023235001648612474e-01 1.016689748054176376e-02
1.403715333862142976e+18 -7.031581234607828801e-01 -7.680070959947826736e-02 1.515784132711214038e+00 -3.556991368204330539e-02 8.198859280915909986e-01 -5.707769768688046863e-01 2.711989739195624569e-02
1.403715334862142976e+18 -1.081159994149734960e+00 -1.577279639016029300e-01 1.514974095634118889e+00 -4.972957127700434327e-02 8.177983477919478217e-01 -5.730345572822383993e-01 1.908476485877085363e-02
1.403715335862142976e+18 -1.427113869667544943e+00 -3.864513273377401248e-01 1.496470334922346490e+00 -1.118691248532262122e-01 7.997896120719021340e-01 -5.852601276279917331e-01 7.274928408800072910e-02
1.403715336662142976e+18 -1.627405111590732201e+00 -5.580022033253255742e-01 1.494131935641882514e+00 -1.192050325256818061e-01 8.059515942899139196e-01 -5.758205786033273599e-01 6.828505794847504473e-02
1.403715337462142976e+18 -1.760177226122016325e+00 -7.909035128281352023e-01 1.563083567108304983e+00 -1.673735535782589212e-01 8.006291864612159470e-01 -5.626089443574538995e-01 1.202088810281016773e-01
1.403715337962142976e+18 -1.828714708340679396e+00 -9.574029940053474519e-01 1.590524639169041077e+00 -1.628808596808495324e-01 7.976941213742406722e-01 -5.694648200324544662e-01 1.134183980666711028e-01
1.403715338562142976e+18 -1.940451211186608571e+00 -1.198996117917416004e+00 1.634877637919506466e+00 -2.215720709255617205e-01 7.831109742414226194e-01 -5.590324959759546131e-01 1.585108445857954240e-01
1.403715339162142976e+18 -2.096494689428027414e+00 -1.504315719319112787e+00 1.647517665151338129e+00 -2.659662233983161039e-01 7.724403761602468554e-01 -5.497725083700292226e-01 1.742068377796326395e-01
1.403715340562142976e+18 -1.903060698259090966e+00 -1.897501863337395456e+00 1.675294708848149572e+00 -3.728355506028223076e-01 7.384373189603020693e-01 -4.958717333019941886e-01 2.642256654556621176e-01
1.403715341662142976e+18 -1.565556798766718938e+00 -2.158870707164863401e+00 1.758471378067707924e+00 -3.579309817304379693e-01 7.430426098243816391e-01 -5.125638335574668192e-01 2.388543674118813465e-01
1.403715342462142976e+18 -1.441014774583420310e+00 -2.195801475760444710e+00 1.756438329079865079e+00 -4.121180407714799543e-01 7.170514272267398681e-01 -5.038315745487453867e-01 2.492984469877488896e-01
1.403715342862142976e+18 -1.268015477466228447e+00 -2.229693738543177872e+00 1.757895079352863599e+00 -4.399728779991536332e-01 6.915238449630601858e-01 -4.933014138682644267e-01 2.913286006354656177e-01
1.403715343362142976e+18 -9.774253153771494951e-01 -2.277120098529066716e+00 1.717684220512637694e+00 -4.496192107426255080e-01 6.925802708585694356e-01 -4.860066450352585887e-01 2.863087052994046644e-01
1.403715343962142976e+18 -6.896639368038540718e-01 -2.293265457684381836e+00 1.702281025457091035e+00 -4.571068536589667497e-01 6.741903173992320752e-01 -4.949295176296741872e-01 3.025979392560043668e-01
1.403715344662142976e+18 -3.379346729959424867e-01 -2.126526158759897367e+00 1.656768084759470128e+00 -5.156469125185613178e-01 6.299275607943196631e-01 -4.889963936153936541e-01 3.133401614746070263e-01
1.403715345062142976e+18 -1.683476247927838676e-01 -1.880497883767008993e+00 1.628385609064799677e+00 -5.013273217947069593e-01 6.361883660921705541e-01 -4.782562471402049820e-01 3.394204492108395810e-01
1.403715345462142976e+18 -3.974527060335963924e-02 -1.589566444138990509e+00 1.596459684354707420e+00 -5.000789317161535852e-01 6.393858642698674322e-01 -4.726290774687583740e-01 3.431159188328853360e-01
1.403715345862142976e+18 4.799388232306722735e-02 -1.291375642708831428e+00 1.553578603908146949e+00 -5.089877956066248821e-01 6.552435417053291689e-01 -4.489111634320889777e-01 3.317621019993296505e-01
1.403715346362142976e+18 2.257387622719455589e-01 -8.947340191817931832e-01 1.544386155071810984e+00 -4.850026528529122194e-01 6.546560707821367231e-01 -4.644817855449513422e-01 3.470655941039167414e-01
1.403715347062142976e+18 3.751107037165298808e-01 -5.431810680055715324e-01 1.562674977060570347e+00 -5.007966332859276060e-01 6.487930281015485967e-01 -4.617700889715916635e-01 3.391735893424947523e-01
1.403715347462142976e+18 4.330275482150809374e-01 -4.059036461296807730e-01 1.585512517982649250e+00 -5.409840243051577957e-01 6.064235913024019764e-01 -4.600871253404981154e-01 3.576402528441250395e-01
1.403715347862142976e+18 4.825394104709673782e-01 -2.452469675011847983e-01 1.611998571474185349e+00 -5.488569580462314690e-01 5.987664099993419420e-01 -4.271227194814152250e-01 3.972417505292430429e-01
1.403715348062142976e+18 5.108859393707961827e-01 -1.044024236293026320e-01 1.631488018701909848e+00 -5.888646102978057906e-01 5.640528867195802043e-01 -3.796184081569038415e-01 4.370042058270605656e-01
1.403715348362142976e+18 5.896517082721344227e-01 1.411416553667033114e-02 1.523774423387076027e+00 -6.321093815281406680e-01 5.182568087943195678e-01 -3.350036634237862909e-01 4.686364853648104511e-01
1.403715349662142976e+18 7.449756941807188504e-01 -1.482264798712225051e-01 1.314983413185501382e+00 -6.615732316433605709e-01 4.641624942899125195e-01 -3.410103129327236027e-01 4.801937156409408769e-01
1.403715349962142976e+18 7.622440505369011410e-01 -3.586678711565221001e-01 1.194982146683273960e+00 -7.185053894361987936e-01 4.083022869730847937e-01 -2.854727452704923230e-01 4.853293309819771140e-01
1.403715350462142976e+18 1.053370290357843908e+00 -1.616688414930691486e-01 1.062172119355665467e+00 -7.144554071290892816e-01 3.845903545125889944e-01 -3.062967981289712593e-01 4.978212549659049579e-01
1.403715351962142976e+18 1.069126991384054870e+00 1.205946410849190187e-02 1.087451791053464012e+00 -7.304032396976687380e-01 3.671925601068621314e-01 -2.600381826098809301e-01 5.138685384670561573e-01
1.403715352162142976e+18 1.081175945384736936e+00 1.818010178970381752e-01 1.123006359892367190e+00 -7.429857486034548986e-01 3.482864951185212776e-01 -2.308758871096088794e-01 5.228432073208668651e-01
1.403715352562142976e+18 1.215231796615276805e+00 5.477734219267706983e-01 1.204220179922904865e+00 -7.427243727247995198e-01 3.262990821706214795e-01 -2.314402298172212047e-01 5.369588765979337319e-01
1.403715353962142976e+18 1.310248950033373383e+00 8.042991115795858903e-01 1.194000687680042860e+00 -7.653774769108442344e-01 2.950479794662356214e-01 -1.996468839047884636e-01 5.359898594167522567e-01
1.403715355462142976e+18 1.368911601720770088e+00 8.376408675058637510e-01 1.275736392501082284e+00 -7.871870797191687918e-01 2.207756766397748482e-01 -1.539184609363257739e-01 5.548907185297384803e-01
1.403715355962142976e+18 1.492634963116905134e+00 1.102044159347741692e+00 1.386130888088550117e+00 -8.068743991125895132e-01 1.809844298763516046e-01 -1.109667336657749748e-01 5.512574028696382022e-01
1.403715357062142976e+18 1.543817960442128046e+00 1.260629969098233882e+00 1.435610125853920893e+00 -8.130931372241940736e-01 9.819749153457389690e-02 -7.279341950333736988e-02 5.691554453154661353e-01
1.403715358562142976e+18 1.496656850091216739e+00 2.006219462570155265e+00 1.472334861410189655e+00 -8.106822255465866434e-01 4.105967693825819664e-02 -4.958450837135498779e-02 5.819362582294816955e-01
1.403715358962142976e+18 1.349090633019158991e+00 2.307588044851666798e+00 1.435431167185079904e+00 -8.033230359151135591e-01 2.334734615920246864e-02 -1.717121256213622119e-02 5.948379198189985839e-01
1.403715360862142976e+18 8.564260010307211957e-01 2.691372966082939300e+00 1.496668216177306832e+00 -7.949449061310465137e-01 1.909068029618248286e-01 -1.370248699430417771e-01 5.593222450576134097e-01
1.403715361962142976e+18 8.107884905137676679e-01 2.853322987609319128e+00 1.492548402266459018e+00 -7.409232720405826145e-01 3.660818072852092819e-01 -2.631022382674206295e-01 4.977891396386073253e-01
1.403715362362142976e+18 8.178824352611557824e-01 3.003387873385144680e+00 1.445750199427163984e+00 -6.902884707988602431e-01 4.513185308885738212e-01 -3.306598441812627076e-01 4.587782451302305220e-01
1.403715363162142976e+18 8.802347989531231764e-01 3.336581289194371358e+00 1.464550022619903968e+00 -5.252244906503742428e-01 6.282184728746643687e-01 -4.064563940202923775e-01 4.053072717335581832e-01
1.403715363662142976e+18 8.926662098716502403e-01 3.246060955663419456e+00 1.499094330925925922e+00 -4.714236856577325163e-01 6.641197693425587856e-01 -4.667877696505338125e-01 3.446938042291239901e-01
1.403715364062142976e+18 8.764607345241548497e-01 3.140483068337894590e+00 1.534217477843393906e+00 -4.067545587272567431e-01 7.061344452989701814e-01 -4.937939760496297126e-01 3.034672689665377510e-01
1.403715365162142976e+18 6.942665387743467420e-01 2.806241430546173365e+00 1.710634433736781812e+00 -3.272266715625196665e-01 7.430518737748535996e-01 -5.402520050138566177e-01 2.211885832865277679e-01
1.403715366362142976e+18 3.498972958533987931e-01 2.645383609900535227e+00 1.771988687933495843e+00 -2.266404980865784624e-01 7.866325429000605718e-01 -5.516893626340094725e-01 1.596313698310324880e-01
1.403715367062142976e+18 -4.908441721998402230e-02 2.355438155322368665e+00 1.818321333304448117e+00 -2.488429339180405764e-01 7.945390435147263730e-01 -5.250012855695154190e-01 1.765178538282241583e-01
1.403715367962142976e+18 -2.103456341575573596e-01 1.995192471123300226e+00 1.855391163556754819e+00 -2.450233403092983431e-01 7.785021291095808316e-01 -5.476979703898925411e-01 1.841872170002981646e-01
1.403715368662142976e+18 -4.910978788305977449e-01 1.549687077137214875e+00 1.841305735217353856e+00 -2.458409122132660385e-01 7.769964516957460487e-01 -5.535023312640879878e-01 1.716797286216071861e-01
1.403715369362142976e+18 -7.511806312005788744e-01 1.215413848128919394e+00 1.827230491486061759e+00 -3.475684609981305462e-01 7.495516919930990118e-01 -5.147303184054483616e-01 2.289566012673569795e-01
1.403715370862142976e+18 -9.083744329905195647e-01 3.485041065155116691e-01 1.785248318758645425e+00 -3.994754922256977259e-01 7.351655006872971354e-01 -4.862665733832580717e-01 2.519838036865398867e-01
1.403715371562142976e+18 -7.442585563272473559e-01 -8.592460503794319138e-02 1.752708917516795584e+00 -3.814836439760029840e-01 7.259924807427809990e-01 -4.960141435558972356e-01 2.852632410182606160e-01
1.403715373162142976e+18 -3.206717725584353751e-01 -1.207735190905058875e+00 1.812865192075352017e+00 -4.338036089113896931e-01 6.896333587033722790e-01 -4.912134454720127330e-01 3.081064920550586894e-01
1.403715373862142976e+18 -1.842549132388132671e-01 -1.526993715536038465e+00 1.822252921944660820e+00 -5.103659195323346776e-01 6.347939920274374703e-01 -4.645893317511192167e-01 3.474477927528574206e-01
1.403715375162142976e+18 3.635731992475230712e-01 -1.769443392296900619e+00 1.826677296799118722e+00 -5.777463364815003111e-01 5.818433424781003227e-01 -4.172256681017577074e-01 3.919059037232774934e-01
1.403715375962142976e+18 7.224628371485135592e-01 -1.670073444494374559e+00 1.777917774702251874e+00 -5.630517022746178712e-01 5.850317275535632522e-01 -4.243357619819572712e-01 4.008114512143342023e-01
1.403715377162142976e+18 9.699017997804223468e-01 -1.254285913382390927e+00 1.650782039545016122e+00 -5.840647314504300303e-01 5.540186398207083140e-01 -4.240591435283360688e-01 4.148560943230358289e-01
1.403715378162142976e+18 8.144526500548965320e-01 -8.169608126259215730e-01 1.579999785800032974e+00 -5.808198475944855721e-01 5.689187762503479240e-01 -3.960679643481456180e-01 4.267433634952524368e-01
1.403715378662142976e+18 6.741900409162747687e-01 -5.618384280518764484e-01 1.551850710342426609e+00 -5.990193996376994567e-01 5.760007820326376038e-01 -3.855955817929536122e-01 4.008926355737081892e-01
1.403715379462142976e+18 6.991158956257205181e-01 -1.810318864690807494e-01 1.613529678770403875e+00 -6.060993618945027528e-01 5.578772210621897321e-01 -4.124903872936180327e-01 3.889321921895460554e-01
1.403715380062142976e+18 7.644806322197558179e-01 8.419695917672065377e-02 1.650504328849798474e+00 -5.904066071557280138e-01 5.591510116456024360e-01 -4.132413113192737186e-01 4.098802300937293697e-01
1.403715380462142976e+18 8.105460682676028927e-01 3.659100308872722529e-01 1.671206447691027552e+00 -5.921576018538203812e-01 5.608913205324203011e-01 -4.112988844112249742e-01 4.069195606016159927e-01
1.403715380862142976e+18 8.400885643356332810e-01 6.541701199416660728e-01 1.698576840925041465e+00 -5.925373363279214933e-01 5.560918502957139520e-01 -4.152527728890134107e-01 4.089333609527186497e-01
1.403715381862142976e+18 7.909981226281583844e-01 1.562869415679455809e+00 1.691433284601674192e+00 -5.418209548479537840e-01 6.250465324706078185e-01 -4.348939924284845882e-01 3.558287516260233430e-01
1.403715383562142976e+18 1.140514128721791920e+00 2.283686595458472191e+00 1.646478178887770927e+00 -4.210708407416487997e-01 7.117121761993158158e-01 -4.770470252358883778e-01 2.976428414061818573e-01
1.403715383862142976e+18 1.363393790152593654e+00 2.417696627356464845e+00 1.605698065752404480e+00 -3.411428319536787268e-01 7.459088645545938201e-01 -5.163971992757376839e-01 2.461208373252345150e-01
1.403715384662142976e+18 1.653282581219940317e+00 2.446920051986057665e+00 1.589354570491824381e+00 -1.393233008534736361e-01 8.150425069173820036e-01 -5.513088968589684447e-01 1.111450853671409750e-01
1.403715387462142976e+18 1.056630825770717985e+00 1.849314644689424858e+00 1.648967940816575828e+00 -1.229918086415948131e-01 8.201352412098078526e-01 -5.510611213429545963e-01 9.264362728782726819e-02
1.403715388162142976e+18 5.754738593628487831e-01 1.586655454519306563e+00 1.617295378123594141e+00 -1.379538732552270663e-01 8.091609119804573647e-01 -5.628592908226486280e-01 9.704002324535991597e-02
1.403715389362142976e+18 -3.890902283158029773e-01 8.347622541888524150e-01 1.552270892563102578e+00 -2.227412586441500919e-01 7.983436934799760243e-01 -5.412544693934460138e-01 1.416943123064191290e-01
1.403715390462142976e+18 -5.304452823421277330e-01 5.884341221439572944e-01 1.512974015818111306e+00 -3.232673802217815862e-01 7.615286122849581618e-01 -5.317297800449325429e-01 1.812065522249685645e-01
1.403715390862142976e+18 -5.067389481455568667e-01 2.696110310248629460e-01 1.471510987719216956e+00 -3.649431335693982259e-01 7.459046520308286743e-01 -4.961385661873908837e-01 2.535533128965918315e-01
1.403715391662142976e+18 -3.568624578709447270e-01 -2.598603525392451097e-01 1.498271414253116607e+00 -4.037970955165490761e-01 7.192996349281223223e-01 -4.911728969200822026e-01 2.798305311716415833e-01
1.403715392662142976e+18 -6.423257641665314210e-02 -1.051067133040922918e+00 1.682041321624459629e+00 -5.017489497265689158e-01 6.354748504082130545e-01 -4.690861113952921047e-01 3.526725479010064945e-01
1.403715393062142976e+18 3.530606244466050203e-02 -1.319791396441043041e+00 1.710011352534069662e+00 -5.796849768607693631e-01 5.758779579838225748e-01 -4.285478950527145114e-01 3.855860562263627722e-01
1.403715393462142976e+18 1.259530790970038172e-01 -1.499019583940683464e+00 1.713402612029429228e+00 -6.460080662094709325e-01 4.869400266861141358e-01 -3.911911194404841807e-01 4.387852514318674735e-01
1.403715394162142976e+18 1.922520899459444488e-01 -1.597334499789186069e+00 1.698766087588521101e+00 -7.450318505742712372e-01 3.184406748609646121e-01 -2.484345427775338233e-01 5.308515387364795002e-01
1.403715394562142976e+18 1.660370452497174076e-01 -1.606494843016960328e+00 1.691441571681976841e+00 -7.845967489771975556e-01 2.119866869095575757e-01 -1.682727536119317524e-01 5.578116765176039937e-01
1.403715394962142976e+18 1.120222889763510254e-01 -1.606632062386384341e+00 1.686073199344196638e+00 -8.093164547265865316e-01 1.166430426358465999e-01 -1.000529455856302152e-01 5.669132956573522675e-01
1.403715396962142976e+18 -3.155864930512122246e-01 -9.917917574899566269e-01 1.370831676225156226e+00 -8.248106174130177548e-01 -6.761622876409181804e-02 7.960972875358927892e-02 5.556777682238678295e-01
1.403715397862142976e+18 -2.221131085746335110e-01 -5.593315589896064033e-01 1.332185734915149133e+00 -7.974159828520904769e-01 -7.518906754207374532e-02 4.874181389920893143e-02 5.967399684887906286e-01
1.403715400562142976e+18 -7.816626790803692382e-01 -5.527428410194699104e-01 1.318195016072505776e+00 -8.272492554006940502e-01 7.309895862564344537e-02 -7.048954152500912229e-02 5.525816104635020709e-01
1.403715400962142976e+18 -1.160076427135534161e+00 -3.600484811667086227e-01 1.323302557453848838e+00 -8.207232942209452542e-01 1.722990886983514214e-01 -1.181024597371403972e-01 5.317688476780816353e-01
1.403715401562142976e+18 -1.329842872698810741e+00 -1.147746391300934476e-01 1.366545592477825366e+00 -7.970644833305327026e-01 1.907262428323890369e-01 -1.126187601913193198e-01 5.618084411621470098e-01
1.403715402062142976e+18 -1.442635852609872149e+00 1.896927617795651777e-01 1.412058445641653837e+00 -7.776094693939089586e-01 1.909831335161990828e-01 -1.475502926097049528e-01 5.805840739910521631e-01
1.403715402562142976e+18 -1.651555175579541679e+00 5.035147776281012622e-01 1.423579058675899844e+00 -7.714827609989098889e-01 2.492994912091459347e-01 -1.828307476605861015e-01 5.560908476806926126e-01
1.403715403162142976e+18 -1.824545229719310768e+00 7.442807890171809770e-01 1.450919211982553136e+00 -7.809450241839634987e-01 2.780104585960846975e-01 -1.836865281026630048e-01 5.282937757603178852e-01
1.403715403862142976e+18 -1.786713414982266102e+00 9.992718562856697240e-01 1.475103032998313024e+00 -7.475510753691612109e-01 3.686775276469867468e-01 -2.330455996463673685e-01 5.009331480427117178e-01
1.403715404162142976e+18 -1.662704047601772483e+00 1.230461883712819837e+00 1.494727828216248833e+00 -7.181279993627379676e-01 3.977668160863570557e-01 -3.031327234253322622e-01 4.839259122433253180e-01
1.403715405662142976e+18 -1.348168320778811324e+00 2.027832015147991829e+00 1.404254557880398213e+00 -5.682588575984935941e-01 6.044388253573768077e-01 -4.102082761992275062e-01 3.787674052754638199e-01
1.403715406062142976e+18 -1.217864060587083186e+00 2.151862549892485266e+00 1.359015902837380274e+00 -4.793397942185781413e-01 6.651951008541110433e-01 -4.644400110159184747e-01 3.347302132250894457e-01
1.403715406462142976e+18 -1.082754312146540165e+00 2.248738080691877528e+00 1.284717969513956781e+00 -3.946927150181896438e-01 7.267739291698694926e-01 -4.837949067002125791e-01 2.862862288715480874e-01
1.403715406862142976e+18 -9.526027902285465476e-01 2.274457876941959444e+00 1.209544671700290674e+00 -3.191612107649184904e-01 7.607295006520335967e-01 -5.175403767142576772e-01 2.271094600655014228e-01
1.403715407662142976e+18 -6.382184260249383900e-01 2.132812086582348332e+00 1.150784339827794156e+00 -2.845365127529121407e-01 7.754996305608164997e-01 -5.381422314983220767e-01 1.674581577244159403e-01
1.403715407962142976e+18 -5.289633450047979135e-01 2.070895753466415190e+00 1.169393037254602419e+00 -2.824102400084147479e-01 7.741212916357282925e-01 -5.386424605566006996e-01 1.756273949591913575e-01
1.403715408162142976e+18 -4.123351601339012573e-01 2.009387412355530422e+00 1.229371532906347264e+00 -2.799078970333767624e-01 7.724040936393253842e-01 -5.396841595337336095e-01 1.838055854862203076e-01
1.403715408362142976e+18 -2.944653885367302104e-01 1.946627299716270798e+00 1.280231902595214910e+00 -2.804850379243705172e-01 7.669829477004411755e-01 -5.441887476564225556e-01 1.921559480251421592e-01
1.403715408562142976e+18 -1.797454542960527091e-01 1.889772110896777990e+00 1.282374828351227070e+00 -2.978500281021590479e-01 7.476740214412905816e-01 -5.542675345308648582e-01 2.122649725848048952e-01
1.403715409062142976e+18 6.904444242987561875e-02 1.823283335302679387e+00 1.282347350846244183e+00 -4.108279909601293411e-01 6.908438870208742921e-01 -5.107368116942940794e-01 3.051278335221166982e-01
1.403715409462142976e+18 2.067842854171915157e-01 1.775032644756729727e+00 1.451335378789650798e+00 -4.270272591132845963e-01 7.106410290980925692e-01 -4.839988055222083640e-01 2.799682196065737538e-01
1.403715410362142976e+18 4.860211264105512852e-01 1.754668067827530376e+00 1.419411993548858941e+00 -4.287897768703167189e-01 6.923125167610346686e-01 -4.933791536425462532e-01 3.056463923203920907e-01
1.403715412062142976e+18 4.288772044474802314e-01 1.883074108564376292e+00 1.196190182233020538e+00 -4.340280060910646220e-01 6.890504772299551606e-01 -4.883106195850247522e-01 3.136588410331759280e-01
1.403715413962142976e+18 3.854506516276707817e-01 1.892999675815491667e+00 1.105073895518418947e+00 -4.422519110992070290e-01 6.890154602903754144e-01 -4.892506870656672668e-01 3.005074172390985177e-01
1.403715415662142976e+18 4.478759764346855188e-01 1.934171782410885720e+00 9.616784482276981016e-01 -4.251607723752225954e-01 6.948462907424929336e-01 -5.065697675870013406e-01 2.825137526591476322e-01
