1.403715273262143135e+09 -0.000000000000000000e+00 -0.000000000000000000e+00 -0.000000000000000000e+00 -0.000000000000000000e+00 -0.000000000000000000e+00 -0.000000000000000000e+00 1.000000000000000000e+00
1.403715278662142992e+09 -2.397386124357581139e-03 -3.026797994971275330e-02 1.274053938686847687e-02 1.925132982432842255e-02 4.687697160989046097e-03 4.766446538269519806e-03 9.997923374176025391e-01
1.403715278862143040e+09 -1.053151767700910568e-02 -9.382197260856628418e-02 2.268535643815994263e-02 3.271538764238357544e-02 2.501074457541108131e-03 1.137600746005773544e-02 9.993968605995178223e-01
1.403715280562143087e+09 -2.539266832172870636e-02 -3.140602409839630127e-01 9.163530170917510986e-02 1.136336475610733032e-02 2.012286148965358734e-02 6.947420770302414894e-04 9.997327923774719238e-01
1.403715280762143135e+09 -3.958478942513465881e-02 -3.599413931369781494e-01 1.209471523761749268e-01 1.646186411380767822e-02 5.560451000928878784e-02 2.504007332026958466e-02 9.980031251907348633e-01
1.403715280962142944e+09 -5.171587318181991577e-02 -3.987089097499847412e-01 1.556242853403091431e-01 1.735155098140239716e-02 9.901978820562362671e-02 4.386018589138984680e-02 9.939669966697692871e-01
1.403715281262143135e+09 -6.995712965726852417e-02 -4.461126625537872314e-01 2.077203094959259033e-01 1.740051060914993286e-02 1.355424523353576660e-01 5.732237920165061951e-02 9.889588356018066406e-01
1.403715281462142944e+09 -8.000697195529937744e-02 -4.717722833156585693e-01 2.456906437873840332e-01 1.312868110835552216e-02 1.636953055858612061e-01 6.753688305616378784e-02 9.841089248657226562e-01
1.403715281662142992e+09 -8.548473566770553589e-02 -4.917524158954620361e-01 2.899841666221618652e-01 1.024650223553180695e-02 2.090708315372467041e-01 8.273127675056457520e-02 9.743407964706420898e-01
1.403715281762143135e+09 -8.749152719974517822e-02 -4.995303452014923096e-01 3.149026930332183838e-01 8.239871822297573090e-03 2.364184707403182983e-01 9.275672584772109985e-02 9.671787619590759277e-01
1.403715281862143040e+09 -8.746663480997085571e-02 -5.046267509460449219e-01 3.407398462295532227e-01 7.103410549461841583e-03 2.646979689598083496e-01 1.038623899221420288e-01 9.586955904960632324e-01
1.403715281962142944e+09 -8.665598183870315552e-02 -5.066831111907958984e-01 3.679811954498291016e-01 5.976484157145023346e-03 2.924571633338928223e-01 1.145233660936355591e-01 9.493774771690368652e-01
1.403715282062143087e+09 -8.641649037599563599e-02 -5.099392533302307129e-01 3.971419036388397217e-01 4.823032766580581665e-03 3.189116120338439941e-01 1.257670074701309204e-01 9.393906593322753906e-01
1.403715282262143135e+09 -8.556221425533294678e-02 -5.125037431716918945e-01 4.602013230323791504e-01 2.697099233046174049e-03 3.681856989860534668e-01 1.425024718046188354e-01 9.187628030776977539e-01
1.403715282462142944e+09 -7.480439543724060059e-02 -5.177032351493835449e-01 6.010007262229919434e-01 1.278288080357015133e-03 4.581712186336517334e-01 1.730133146047592163e-01 8.718622922897338867e-01
1.403715282862143040e+09 -6.027936935424804688e-02 -5.228701233863830566e-01 7.668250799179077148e-01 1.138091832399368286e-02 5.359066724777221680e-01 2.057678252458572388e-01 8.187393546104431152e-01
1.403715283262143135e+09 -5.133092403411865234e-02 -5.236096978187561035e-01 9.693382382392883301e-01 5.479443352669477463e-03 6.269779205322265625e-01 2.493015825748443604e-01 7.380497455596923828e-01
1.403715284362143040e+09 7.163405418395996094e-02 -5.116548538208007812e-01 1.218825578689575195e+00 1.224427483975887299e-02 6.448224186897277832e-01 2.404759824275970459e-01 7.254139780998229980e-01
1.403715285162142992e+09 1.354151964187622070e-01 -6.610490679740905762e-01 1.171145558357238770e+00 1.499058213084936142e-02 7.002410292625427246e-01 2.985695600509643555e-01 6.483008861541748047e-01
1.403715286062143087e+09 2.414455413818359375e-01 -7.882467508316040039e-01 9.748298525810241699e-01 -6.940888706594705582e-03 7.088257670402526855e-01 2.841058969497680664e-01 6.456018686294555664e-01
1.403715286762143135e+09 4.748275279998779297e-01 -8.411405086517333984e-01 8.157784938812255859e-01 -8.538165129721164703e-03 7.501758337020874023e-01 2.818871438503265381e-01 5.980828404426574707e-01
1.403715287662142992e+09 6.835823059082031250e-01 -9.174043536186218262e-01 7.171156406402587891e-01 1.391218975186347961e-02 7.976393699645996094e-01 3.059964776039123535e-01 5.195615291595458984e-01
1.403715288062143087e+09 7.652307748794555664e-01 -8.998658657073974609e-01 5.806701183319091797e-01 8.782477118074893951e-03 8.390328288078308105e-01 3.191425800323486328e-01 4.405620396137237549e-01
1.403715289162142992e+09 7.581421136856079102e-01 -7.060778737068176270e-01 5.183587074279785156e-01 -1.866028271615505219e-02 8.693596124649047852e-01 3.347631990909576416e-01 3.630416989326477051e-01
1.403715289762143135e+09 1.122977972030639648e+00 -5.806252956390380859e-01 3.587796092033386230e-01 1.126843999372795224e-04 8.698748946189880371e-01 3.414674997329711914e-01 3.559744060039520264e-01
1.403715291362143040e+09 1.356463193893432617e+00 -4.025974571704864502e-01 1.001476645469665527e-01 -3.881447715684771538e-03 8.898682594299316406e-01 3.572971224784851074e-01 2.836515307426452637e-01
1.403715292362143040e+09 1.458507776260375977e+00 -2.299345135688781738e-01 -1.244242191314697266e-01 -1.745992898941040039e-02 8.636876940727233887e-01 3.422615528106689453e-01 3.695887327194213867e-01
1.403715292662142992e+09 1.549543976783752441e+00 -1.770081520080566406e-01 -2.344665527343750000e-01 -1.531459391117095947e-02 8.365685939788818359e-01 2.964772582054138184e-01 4.604559838771820068e-01
1.403715292962142944e+09 1.645143508911132812e+00 -2.146676778793334961e-01 -3.301608562469482422e-01 3.006965154781937599e-03 7.889353036880493164e-01 2.968975901603698730e-01 5.379813909530639648e-01
1.403715293262143135e+09 1.773722887039184570e+00 -3.218638896942138672e-01 -4.816675186157226562e-01 1.495808269828557968e-02 7.255605459213256836e-01 2.730086445808410645e-01 6.315096616744995117e-01
1.403715293862143040e+09 1.854949593544006348e+00 -3.809528946876525879e-01 -6.438642740249633789e-01 1.971499063074588776e-02 6.433101892471313477e-01 2.465596795082092285e-01 7.245493531227111816e-01
1.403715294462142944e+09 1.869584560394287109e+00 -2.479632198810577393e-01 -6.945370435714721680e-01 1.301401294767856598e-02 5.757124423980712891e-01 2.207912355661392212e-01 7.871703505516052246e-01
1.403715294862143040e+09 1.868117809295654297e+00 -1.155549585819244385e-01 -7.380730509757995605e-01 5.540072452276945114e-03 5.055344104766845703e-01 1.880111247301101685e-01 8.420547246932983398e-01
1.403715295262143135e+09 1.846251368522644043e+00 -4.822880029678344727e-02 -8.200430870056152344e-01 1.711868867278099060e-02 3.899782001972198486e-01 1.414283365011215210e-01 9.097373485565185547e-01
1.403715295862143040e+09 1.778687000274658203e+00 1.368421763181686401e-01 -8.774797916412353516e-01 2.131986245512962341e-02 3.078665733337402344e-01 1.393386423587799072e-01 9.409295320510864258e-01
1.403715296462142944e+09 1.874233007431030273e+00 2.672088146209716797e-01 -1.059507727622985840e+00 4.223247058689594269e-03 2.104691416025161743e-01 9.473051130771636963e-02 9.729907512664794922e-01
1.403715297362143040e+09 1.984278082847595215e+00 3.144915699958801270e-01 -1.079705476760864258e+00 -6.793817970901727676e-03 1.125744953751564026e-01 6.327521055936813354e-02 9.916033148765563965e-01
1.403715297862143040e+09 2.234655141830444336e+00 3.171839118003845215e-01 -9.983850121498107910e-01 4.674807563424110413e-02 1.700973697006702423e-02 3.523498028516769409e-02 9.981401562690734863e-01
1.403715298262143135e+09 2.503398418426513672e+00 3.237671554088592529e-01 -9.683305025100708008e-01 3.630584478378295898e-02 -4.170134663581848145e-02 -7.025745511054992676e-02 9.959954023361206055e-01
1.403715299062143087e+09 2.411628961563110352e+00 2.581779360771179199e-01 -1.013172030448913574e+00 -4.401341080665588379e-03 -1.435976326465606689e-01 -4.178703576326370239e-02 9.887437224388122559e-01
1.403715299562143087e+09 2.339239358901977539e+00 2.049314975738525391e-01 -9.529303312301635742e-01 1.000449713319540024e-02 -2.199718803167343140e-01 -6.796984374523162842e-02 9.730840325355529785e-01
1.403715299862143040e+09 2.263426780700683594e+00 1.379355639219284058e-01 -8.229042291641235352e-01 3.418720141053199768e-02 -3.177489340305328369e-01 -1.088869050145149231e-01 9.412813782691955566e-01
1.403715300362143040e+09 2.291818380355834961e+00 3.702765703201293945e-02 -6.132617592811584473e-01 7.744619250297546387e-02 -3.139131367206573486e-01 -1.284864246845245361e-01 9.375243782997131348e-01
1.403715301662142992e+09 2.419802427291870117e+00 1.896566599607467651e-01 -7.837250232696533203e-01 4.108949378132820129e-02 -3.046130836009979248e-01 -1.254870444536209106e-01 9.432791471481323242e-01
1.403715302362143040e+09 2.449468612670898438e+00 3.171401321887969971e-01 -1.058076500892639160e+00 1.362789142876863480e-02 -2.876921594142913818e-01 -1.060488969087600708e-01 9.517359137535095215e-01
1.403715303062143087e+09 2.389435052871704102e+00 3.996705412864685059e-01 -1.192671775817871094e+00 -1.599745010025799274e-04 -3.406812846660614014e-01 -1.335351169109344482e-01 9.306474924087524414e-01
1.403715303362143040e+09 2.319769620895385742e+00 4.276062548160552979e-01 -1.233969688415527344e+00 3.009884431958198547e-02 -4.162029922008514404e-01 -1.720853596925735474e-01 8.923317193984985352e-01
1.403715303662142992e+09 2.234497308731079102e+00 4.517978131771087646e-01 -1.286960721015930176e+00 3.422373905777931213e-02 -4.980128407478332520e-01 -1.784797012805938721e-01 8.479133248329162598e-01
1.403715303962142944e+09 2.121801853179931641e+00 5.855443477630615234e-01 -1.367931365966796875e+00 3.534084558486938477e-02 -5.251443982124328613e-01 -1.893746405839920044e-01 8.289219141006469727e-01
1.403715305462142944e+09 2.145542144775390625e+00 4.055402874946594238e-01 -1.592501282691955566e+00 1.492267381399869919e-02 -5.377544760704040527e-01 -1.987180113792419434e-01 8.192122578620910645e-01
1.403715306462142944e+09 2.173511981964111328e+00 2.523951232433319092e-01 -1.583579540252685547e+00 3.508563339710235596e-02 -5.000983476638793945e-01 -1.343301385641098022e-01 8.547667264938354492e-01
1.403715306762143135e+09 2.278418540954589844e+00 1.585053801536560059e-01 -1.524097323417663574e+00 7.681072503328323364e-02 -4.193669259548187256e-01 -1.345719695091247559e-01 8.944953083992004395e-01
1.403715307062143087e+09 2.434616565704345703e+00 1.529854238033294678e-01 -1.490316629409790039e+00 6.906536966562271118e-02 -3.224388957023620605e-01 -1.569296717643737793e-01 9.309330582618713379e-01
1.403715307362143040e+09 2.564022779464721680e+00 2.372708022594451904e-01 -1.503454446792602539e+00 2.542350441217422485e-02 -2.597784698009490967e-01 -1.167285665869712830e-01 9.582501053810119629e-01
1.403715307762143135e+09 2.656849384307861328e+00 3.268399834632873535e-01 -1.521906256675720215e+00 9.331488050520420074e-03 -1.927406638860702515e-01 -8.367706835269927979e-02 9.776308536529541016e-01
1.403715307962142944e+09 2.722619056701660156e+00 4.115184247493743896e-01 -1.514998793601989746e+00 8.927052840590476990e-03 -1.177723258733749390e-01 -6.369543820619583130e-02 9.909555912017822266e-01
1.403715308362143040e+09 2.912040710449218750e+00 3.031247854232788086e-01 -1.232870340347290039e+00 3.195767104625701904e-02 -1.208087354898452759e-01 -1.012849248945713043e-02 9.921095371246337891e-01
1.403715310262143135e+09 3.070303201675415039e+00 2.762174010276794434e-01 -1.188819646835327148e+00 5.669359117746353149e-02 -6.527578830718994141e-02 -2.010227739810943604e-02 9.960526227951049805e-01
1.403715310562143087e+09 3.301133394241333008e+00 2.675963938236236572e-01 -1.230627179145812988e+00 1.418415177613496780e-02 -1.651272922754287720e-02 -3.569552209228277206e-04 9.997630119323730469e-01
1.403715311462142944e+09 3.563899040222167969e+00 2.340823709964752197e-01 -1.189504265785217285e+00 8.626813068985939026e-03 -3.339483635500073433e-03 3.551789792254567146e-03 9.999508857727050781e-01
1.403715312062143087e+09 3.806568622589111328e+00 1.453491896390914917e-01 -1.041409015655517578e+00 1.325775217264890671e-02 1.672802865505218506e-02 6.260826718062162399e-03 9.997525811195373535e-01
1.403715312662142992e+09 4.018492698669433594e+00 7.580400258302688599e-02 -8.506394624710083008e-01 5.135440826416015625e-02 1.612274721264839172e-02 -1.323250308632850647e-02 9.984626770019531250e-01
1.403715313862143040e+09 4.097597599029541016e+00 -1.379285007715225220e-01 -9.173985719680786133e-01 1.941332966089248657e-02 6.589940190315246582e-02 3.208696376532316208e-03 9.976323246955871582e-01
1.403715314462142944e+09 3.745142936706542969e+00 -1.802456378936767578e-01 -8.844489455223083496e-01 2.248183824121952057e-02 1.791705489158630371e-01 6.989204138517379761e-02 9.810747504234313965e-01
1.403715315962142944e+09 3.636559724807739258e+00 -1.705197393894195557e-01 -8.902525901794433594e-01 1.882814429700374603e-02 2.735817432403564453e-01 1.133783534169197083e-01 9.549575448036193848e-01
1.403715316262143135e+09 3.578341484069824219e+00 -1.157702356576919556e-01 -8.750209808349609375e-01 -2.051707543432712555e-02 3.560865819454193115e-01 1.230107247829437256e-01 9.260938763618469238e-01
1.403715316962142944e+09 3.492859363555908203e+00 -6.101387739181518555e-02 -7.063274383544921875e-01 1.145577058196067810e-02 4.435837268829345703e-01 1.619319468736648560e-01 8.814081549644470215e-01
1.403715317362143040e+09 3.428056240081787109e+00 -4.092442989349365234e-02 -5.724608898162841797e-01 7.375234737992286682e-03 5.363318920135498047e-01 2.058558017015457153e-01 8.184847235679626465e-01
1.403715317762143135e+09 3.373083114624023438e+00 -3.693389892578125000e-02 -4.549946784973144531e-01 2.311796694993972778e-02 6.095787882804870605e-01 2.558720409870147705e-01 7.499392032623291016e-01
1.403715318162142992e+09 3.317340373992919922e+00 4.556548595428466797e-02 -4.330885410308837891e-01 -1.263835001736879349e-02 6.790736317634582520e-01 2.750566303730010986e-01 6.804727911949157715e-01
1.403715318862143040e+09 3.447290182113647461e+00 1.399765014648437500e-01 -4.904274940490722656e-01 -2.415131032466888428e-02 7.505343556404113770e-01 2.867181897163391113e-01 5.949013233184814453e-01
1.403715319462142944e+09 3.638496637344360352e+00 1.683095693588256836e-01 -5.008125305175781250e-01 -1.702924631536006927e-02 7.972109913825988770e-01 2.948829531669616699e-01 5.265061855316162109e-01
1.403715319962142944e+09 3.928162574768066406e+00 4.765474796295166016e-02 -4.995636940002441406e-01 -1.609537564218044281e-02 8.177196383476257324e-01 3.023011982440948486e-01 4.895811378955841064e-01
1.403715320362143040e+09 4.170959949493408203e+00 -6.063556671142578125e-02 -4.653458595275878906e-01 1.516159158200025558e-02 8.685179352760314941e-01 3.145323395729064941e-01 3.827743530273437500e-01
1.403715320762143135e+09 4.305777549743652344e+00 -2.313388586044311523e-01 -4.034891128540039062e-01 3.134357184171676636e-02 8.930147886276245117e-01 3.547636568546295166e-01 2.751091122627258301e-01
1.403715321862143040e+09 4.148543357849121094e+00 -2.388724088668823242e-01 -4.921362400054931641e-01 4.624786600470542908e-02 9.043461084365844727e-01 3.432585895061492920e-01 2.493849396705627441e-01
1.403715322162142992e+09 4.019072532653808594e+00 -2.320833206176757812e-01 -5.446791648864746094e-01 1.383452303707599640e-02 9.066822528839111328e-01 3.513728082180023193e-01 2.329659461975097656e-01
1.403715322362143040e+09 3.884433507919311523e+00 -2.113080024719238281e-01 -6.021368503570556641e-01 -1.187163684517145157e-02 9.104331731796264648e-01 3.607302606105804443e-01 2.020994424819946289e-01
1.403715322562143087e+09 3.756942749023437500e+00 -1.521860361099243164e-01 -6.532523632049560547e-01 -2.036499790847301483e-02 9.115882515907287598e-01 3.708905577659606934e-01 1.761600524187088013e-01
1.403715322862143040e+09 3.568201303482055664e+00 -4.319047927856445312e-02 -8.006963729858398438e-01 -2.875810489058494568e-02 9.151303768157958984e-01 3.665624260902404785e-01 1.653527170419692993e-01
1.403715323362143040e+09 3.484971284866333008e+00 8.281385898590087891e-02 -1.131368637084960938e+00 -2.836598455905914307e-02 9.219014048576354980e-01 3.481751382350921631e-01 1.675329506397247314e-01
1.403715323762143135e+09 3.526131391525268555e+00 9.858584403991699219e-02 -1.307164430618286133e+00 -1.374586764723062515e-02 9.432283639907836914e-01 2.873717546463012695e-01 1.659788042306900024e-01
1.403715324362143040e+09 3.416072607040405273e+00 -9.130394458770751953e-02 -1.241670131683349609e+00 1.529145147651433945e-02 9.152862429618835449e-01 3.616904318332672119e-01 1.766279339790344238e-01
1.403715326262143135e+09 3.172742366790771484e+00 -3.191518783569335938e-02 -1.205446243286132812e+00 -7.020452758297324181e-04 9.298613667488098145e-01 3.307044208049774170e-01 1.612205207347869873e-01
1.403715327162142992e+09 2.953381538391113281e+00 -2.494370937347412109e-02 -1.099013328552246094e+00 2.298608608543872833e-02 9.179881811141967773e-01 3.658921420574188232e-01 1.513021886348724365e-01
1.403715327862143040e+09 2.537873744964599609e+00 4.815411567687988281e-02 -1.130039215087890625e+00 -1.038598082959651947e-02 9.096378684043884277e-01 3.292371034622192383e-01 2.530890107154846191e-01
1.403715328562143087e+09 2.253451824188232422e+00 5.841743946075439453e-02 -1.077713727951049805e+00 -8.731354027986526489e-03 8.837096095085144043e-01 3.345912396907806396e-01 3.271542489528656006e-01
1.403715329162142992e+09 2.191307067871093750e+00 6.267607212066650391e-02 -9.994366168975830078e-01 4.930279374093515798e-06 8.393410444259643555e-01 3.270403444766998291e-01 4.342249035835266113e-01
1.403715330162142992e+09 2.134301185607910156e+00 9.825468063354492188e-02 -9.264810085296630859e-01 3.331279754638671875e-02 7.857938408851623535e-01 3.166162371635437012e-01 5.302571654319763184e-01
1.403715331362143040e+09 2.053344488143920898e+00 -3.673815727233886719e-02 -1.106873393058776855e+00 3.391013946384191513e-03 7.599363327026367188e-01 2.869359850883483887e-01 5.832264423370361328e-01
1.403715332162142992e+09 2.026817560195922852e+00 8.398532867431640625e-03 -1.507206678390502930e+00 2.068744599819183350e-02 7.493880987167358398e-01 2.874874472618103027e-01 5.961044430732727051e-01
1.403715333162142992e+09 2.011372327804565430e+00 1.170530319213867188e-01 -1.783851861953735352e+00 2.622627653181552887e-02 7.395712137222290039e-01 2.615203559398651123e-01 6.196399331092834473e-01
1.403715333862143040e+09 1.840828657150268555e+00 2.864326238632202148e-01 -2.128908634185791016e+00 8.301070891320705414e-03 6.939616203308105469e-01 2.803301215171813965e-01 6.631466746330261230e-01
1.403715334862143040e+09 1.841171741485595703e+00 4.358139038085937500e-01 -2.485448122024536133e+00 -1.047550002112984657e-03 6.936919093132019043e-01 2.678029835224151611e-01 6.686344146728515625e-01
1.403715335862143040e+09 1.992413759231567383e+00 6.037503480911254883e-01 -2.833678007125854492e+00 2.004824019968509674e-02 6.440291404724121094e-01 2.376254349946975708e-01 7.268828153610229492e-01
1.403715336662142992e+09 2.118386983871459961e+00 6.969993114471435547e-01 -3.045779705047607422e+00 6.927287206053733826e-03 6.402432322502136230e-01 2.402613759040832520e-01 7.295992970466613770e-01
1.403715337462142944e+09 2.319666862487792969e+00 7.051657438278198242e-01 -3.235636234283447266e+00 1.513552386313676834e-02 5.853242874145507812e-01 2.358223795890808105e-01 7.755992412567138672e-01
1.403715337962142944e+09 2.468677997589111328e+00 7.213414907455444336e-01 -3.339108467102050781e+00 1.724373362958431244e-02 5.936485528945922852e-01 2.309168428182601929e-01 7.706890106201171875e-01
1.403715338562143087e+09 2.682413339614868164e+00 7.452058196067810059e-01 -3.502102851867675781e+00 2.125208266079425812e-02 5.364027023315429688e-01 2.113842070102691650e-01 8.167846798896789551e-01
1.403715339162142992e+09 2.948679685592651367e+00 8.209624290466308594e-01 -3.704815864562988281e+00 1.148172095417976379e-02 5.019338726997375488e-01 1.908984631299972534e-01 8.434977531433105469e-01
1.403715339762143135e+09 3.144711971282958984e+00 9.139888882637023926e-01 -3.784705877304077148e+00 -8.747825399041175842e-03 5.212401151657104492e-01 1.662146598100662231e-01 8.370215296745300293e-01
1.403715340262143135e+09 3.254173755645751953e+00 8.819107413291931152e-01 -3.738063097000122070e+00 5.952174309641122818e-03 4.260646998882293701e-01 1.517585813999176025e-01 8.918535709381103516e-01
1.403715340562143087e+09 3.373968601226806641e+00 7.609253525733947754e-01 -3.613664865493774414e+00 8.423915132880210876e-03 3.677278459072113037e-01 1.681897193193435669e-01 9.145586490631103516e-01
1.403715341262143135e+09 3.524888038635253906e+00 6.932429075241088867e-01 -3.538200378417968750e+00 2.391693182289600372e-02 3.998583555221557617e-01 1.484603434801101685e-01 9.041574597358703613e-01
1.403715341662142992e+09 3.701345682144165039e+00 5.834259390830993652e-01 -3.389033794403076172e+00 5.338942632079124451e-03 3.990080952644348145e-01 1.628082543611526489e-01 9.023622274398803711e-01
1.403715342462142944e+09 3.763380527496337891e+00 5.424275994300842285e-01 -3.282499551773071289e+00 -6.314775440841913223e-03 3.576019406318664551e-01 1.251914650201797485e-01 9.254232048988342285e-01
1.403715342862143040e+09 3.832603931427001953e+00 4.798575937747955322e-01 -3.132924556732177734e+00 1.269055902957916260e-02 3.081496357917785645e-01 1.135276481509208679e-01 9.444544911384582520e-01
1.403715343362143040e+09 3.938844203948974609e+00 4.132194519042968750e-01 -2.863515615463256836e+00 1.147886971011757851e-03 3.030484020709991455e-01 1.105335056781768799e-01 9.465425610542297363e-01
1.403715343962142944e+09 4.014337539672851562e+00 3.217396438121795654e-01 -2.600386857986450195e+00 1.969543285667896271e-02 2.898799180984497070e-01 9.666322916746139526e-02 9.519653916358947754e-01
1.403715344262143135e+09 4.019917011260986328e+00 2.671615481376647949e-01 -2.439035892486572266e+00 3.267775103449821472e-02 2.616048753261566162e-01 5.531394109129905701e-02 9.630345106124877930e-01
1.403715344662142992e+09 3.923798084259033203e+00 2.166795879602432251e-01 -2.233846426010131836e+00 1.431227661669254303e-02 2.407982945442199707e-01 4.382392764091491699e-02 9.694797396659851074e-01
1.403715345062143087e+09 3.718060493469238281e+00 1.560893505811691284e-01 -2.023855686187744141e+00 2.956606820225715637e-02 2.280164510011672974e-01 6.916400790214538574e-02 9.707475304603576660e-01
1.403715345462142944e+09 3.459809303283691406e+00 1.097396612167358398e-01 -1.841216802597045898e+00 2.844175882637500763e-02 2.242467701435089111e-01 7.560164481401443481e-02 9.711791276931762695e-01
1.403715345862143040e+09 3.185752153396606445e+00 8.803474903106689453e-02 -1.689967751502990723e+00 -6.848762859590351582e-04 2.183425426483154297e-01 8.736865967512130737e-02 9.719530940055847168e-01
1.403715346362143040e+09 2.834766149520874023e+00 -7.745929062366485596e-03 -1.451982021331787109e+00 2.779150009155273438e-02 2.287620604038238525e-01 9.823455661535263062e-02 9.681144356727600098e-01
1.403715347062143087e+09 2.522436857223510742e+00 -1.139952167868614197e-01 -1.258597850799560547e+00 1.659515686333179474e-02 2.229988574981689453e-01 8.457596600055694580e-02 9.710010290145874023e-01
1.403715347462142944e+09 2.400663375854492188e+00 -1.698183715343475342e-01 -1.189489245414733887e+00 2.559835277497768402e-02 1.799807995557785034e-01 4.342974722385406494e-02 9.823774695396423340e-01
1.403715347862143040e+09 2.254339456558227539e+00 -2.281178086996078491e-01 -1.125037789344787598e+00 3.355579450726509094e-02 1.319243758916854858e-01 6.247120350599288940e-02 9.887200593948364258e-01
1.403715348062143087e+09 2.122856616973876953e+00 -2.701722085475921631e-01 -1.080718040466308594e+00 2.994653396308422089e-02 5.139770358800888062e-02 5.349454656243324280e-02 9.967948198318481445e-01
1.403715348362143040e+09 2.021501541137695312e+00 -2.114692479372024536e-01 -9.460571408271789551e-01 2.510524727404117584e-02 -2.890297397971153259e-02 3.151885792613029480e-02 9.987697005271911621e-01
1.403715349662142992e+09 2.208988904953002930e+00 -6.108157336711883545e-02 -7.555164694786071777e-01 4.234807938337326050e-02 -6.453387439250946045e-02 -1.740411669015884399e-02 9.968646764755249023e-01
1.403715349962142944e+09 2.416286468505859375e+00 6.341610848903656006e-02 -7.328862547874450684e-01 1.234374474734067917e-02 -1.473103463649749756e-01 -5.776765942573547363e-02 9.873247742652893066e-01
1.403715350462142944e+09 2.282006263732910156e+00 5.861582234501838684e-02 -3.819626271724700928e-01 4.141829907894134521e-02 -1.489519327878952026e-01 -7.552462816238403320e-02 9.850857853889465332e-01
1.403715351962142944e+09 2.115843772888183594e+00 1.275688037276268005e-02 -3.451408445835113525e-01 2.717210724949836731e-02 -2.004256695508956909e-01 -6.968907266855239868e-02 9.768493771553039551e-01
1.403715352162142992e+09 1.952986001968383789e+00 -4.082172363996505737e-02 -3.163627386093139648e-01 1.918530277907848358e-02 -2.365658879280090332e-01 -7.288701087236404419e-02 9.686877727508544922e-01
1.403715352562143087e+09 1.624459505081176758e+00 -2.008245140314102173e-01 -1.583377271890640259e-01 3.655892983078956604e-02 -2.528227269649505615e-01 -8.227255195379257202e-02 9.633147716522216797e-01
1.403715353962142944e+09 1.393231511116027832e+00 -2.513942122459411621e-01 -2.080792188644409180e-02 2.082516439259052277e-02 -2.943435311317443848e-01 -1.011285707354545593e-01 9.501059651374816895e-01
1.403715355462142944e+09 1.374276041984558105e+00 -3.518945872783660889e-01 7.014185190200805664e-03 2.637656778097152710e-02 -3.732999861240386963e-01 -1.345075219869613647e-01 9.175288081169128418e-01
1.403715355962142944e+09 1.143427133560180664e+00 -5.252436995506286621e-01 1.255991011857986450e-01 7.407085970044136047e-03 -4.232783615589141846e-01 -1.535553783178329468e-01 8.928613066673278809e-01
1.403715357062143087e+09 9.998768568038940430e-01 -6.051899790763854980e-01 1.823376566171646118e-01 2.590428665280342102e-02 -4.949087500572204590e-01 -1.879439353942871094e-01 8.479807972908020020e-01
1.403715357762143135e+09 6.041957139968872070e-01 -7.169416546821594238e-01 2.964156270027160645e-01 2.840758860111236572e-02 -5.009149909019470215e-01 -2.139622420072555542e-01 8.381512165069580078e-01
1.403715358562143087e+09 2.615856826305389404e-01 -6.929829716682434082e-01 2.641612589359283447e-01 4.343897849321365356e-02 -5.401533246040344238e-01 -2.093818634748458862e-01 8.139451742172241211e-01
1.403715358962142944e+09 -6.451557576656341553e-02 -6.328146457672119141e-01 2.009280771017074585e-01 4.439920186996459961e-02 -5.728654861450195312e-01 -1.986618041992187500e-01 7.939693927764892578e-01
1.403715359762143135e+09 -3.709774613380432129e-01 -5.414331555366516113e-01 8.217424154281616211e-03 3.504498302936553955e-02 -5.637847185134887695e-01 -2.041494548320770264e-01 7.995259165763854980e-01
1.403715360762143135e+09 -5.103922486305236816e-01 -5.160116553306579590e-01 -1.810249686241149902e-01 1.627225428819656372e-02 -5.081468820571899414e-01 -1.627792268991470337e-01 8.455914855003356934e-01
1.403715360862143040e+09 -5.414250493049621582e-01 -5.425167679786682129e-01 -1.967689543962478638e-01 2.775941602885723114e-02 -4.020741581916809082e-01 -1.491669565439224243e-01 9.029479622840881348e-01
1.403715361262143135e+09 -5.885964035987854004e-01 -5.672181248664855957e-01 -2.105133831501007080e-01 2.715077623724937439e-02 -2.871809601783752441e-01 -1.206151992082595825e-01 9.498642086982727051e-01
1.403715361962142944e+09 -7.093768715858459473e-01 -5.372303724288940430e-01 -2.063504010438919067e-01 1.422226801514625549e-02 -1.942836493253707886e-01 -8.288691192865371704e-02 9.773337841033935547e-01
1.403715362362143040e+09 -8.554594516754150391e-01 -5.110650658607482910e-01 -1.540520042181015015e-01 1.535807270556688309e-02 -7.579345256090164185e-02 -4.384970664978027344e-02 9.960405230522155762e-01
1.403715362762143135e+09 -1.058209896087646484e+00 -5.212302207946777344e-01 -9.149915724992752075e-02 2.480647340416908264e-02 1.779050752520561218e-02 4.655604064464569092e-02 9.984491467475891113e-01
1.403715363162142992e+09 -1.167962312698364258e+00 -5.835950970649719238e-01 -4.296438395977020264e-02 2.769560553133487701e-02 1.352515667676925659e-01 1.055658459663391113e-01 9.847821593284606934e-01
1.403715363662142992e+09 -1.076251506805419922e+00 -6.114349365234375000e-01 -6.182840839028358459e-02 2.988621219992637634e-02 2.403459846973419189e-01 1.096149757504463196e-01 9.640151858329772949e-01
1.403715364062143087e+09 -9.757743477821350098e-01 -6.276930570602416992e-01 -1.096087098121643066e-01 2.982506155967712402e-02 3.201753795146942139e-01 1.443772912025451660e-01 9.358170032501220703e-01
1.403715364762143135e+09 -8.188203573226928711e-01 -6.618101596832275391e-01 -2.626876235008239746e-01 1.440733578056097031e-02 3.590861856937408447e-01 1.382172703742980957e-01 9.229006767272949219e-01
1.403715365162142992e+09 -6.838245391845703125e-01 -6.905829310417175293e-01 -4.043039977550506592e-01 2.134559303522109985e-02 4.370708763599395752e-01 1.606919169425964355e-01 8.846986293792724609e-01
1.403715365762143135e+09 -6.327450871467590332e-01 -6.910608410835266113e-01 -5.209868550300598145e-01 3.613288700580596924e-02 5.132315754890441895e-01 2.216534614562988281e-01 8.283462524414062500e-01
1.403715366362143040e+09 -5.972267985343933105e-01 -6.034510731697082520e-01 -7.691856622695922852e-01 1.475299429148435593e-02 5.307543277740478516e-01 2.145688533782958984e-01 8.197818994522094727e-01
1.403715367062143087e+09 -3.960395157337188721e-01 -4.697266817092895508e-01 -1.201670289039611816e+00 -4.200559633318334818e-04 5.001385807991027832e-01 2.255434244871139526e-01 8.360570669174194336e-01
1.403715367962142944e+09 -7.672387361526489258e-02 -4.093087911605834961e-01 -1.428702235221862793e+00 2.367413789033889771e-02 5.054126977920532227e-01 2.101444453001022339e-01 8.365626335144042969e-01
1.403715368662142992e+09 3.001720309257507324e-01 -2.489693164825439453e-01 -1.759966492652893066e+00 1.874877512454986572e-02 5.147512555122375488e-01 2.018294036388397217e-01 8.330333828926086426e-01
1.403715369362143040e+09 5.726035237312316895e-01 -1.070052385330200195e-01 -2.051868915557861328e+00 2.146630315110087395e-03 4.120110273361206055e-01 1.679881215095520020e-01 8.955569863319396973e-01
1.403715369762143135e+09 1.037428259849548340e+00 2.351246029138565063e-02 -2.277942419052124023e+00 1.779321394860744476e-02 3.462018966674804688e-01 1.415718793869018555e-01 9.272459745407104492e-01
1.403715370862143040e+09 1.386850357055664062e+00 7.343030720949172974e-02 -2.339010000228881836e+00 -1.472730096429586411e-02 3.570053875446319580e-01 1.519772261381149292e-01 9.215385317802429199e-01
1.403715371562143087e+09 1.845309495925903320e+00 8.394486457109451294e-02 -2.258848905563354492e+00 2.289053983986377716e-02 3.485117554664611816e-01 1.630093157291412354e-01 9.227370023727416992e-01
1.403715372262143135e+09 2.458218336105346680e+00 5.520227551460266113e-02 -2.174656629562377930e+00 2.195232547819614410e-02 3.070799708366394043e-01 1.213143095374107361e-01 9.436646103858947754e-01
1.403715373162142992e+09 3.031640529632568359e+00 -2.190636098384857178e-02 -2.107462882995605469e+00 2.580950595438480377e-02 2.994554936885833740e-01 1.223458051681518555e-01 9.458814859390258789e-01
1.403715373862143040e+09 3.372433423995971680e+00 -5.080749839544296265e-02 -2.047059059143066406e+00 2.431793324649333954e-02 2.111647725105285645e-01 7.223878800868988037e-02 9.744740724563598633e-01
1.403715374262143135e+09 3.514790534973144531e+00 -7.698900997638702393e-02 -1.994573354721069336e+00 1.895500347018241882e-02 1.075147092342376709e-01 3.804912418127059937e-02 9.932942986488342285e-01
1.403715375162142992e+09 3.723773002624511719e+00 -2.358175218105316162e-01 -1.598451375961303711e+00 1.862137019634246826e-02 1.108014956116676331e-01 3.879345208406448364e-02 9.929105639457702637e-01
1.403715375962142944e+09 3.700548887252807617e+00 -3.340915143489837646e-01 -1.236710429191589355e+00 3.324134647846221924e-02 1.173648610711097717e-01 4.862574487924575806e-02 9.913405776023864746e-01
1.403715376762143135e+09 3.582758903503417969e+00 -3.665069937705993652e-01 -9.702007174491882324e-01 5.306793376803398132e-02 1.094587221741676331e-01 2.505130134522914886e-02 9.922575950622558594e-01
1.403715377162142992e+09 3.343312263488769531e+00 -3.488206863403320312e-01 -8.868049383163452148e-01 4.425573348999023438e-02 8.920332789421081543e-02 2.265411801636219025e-02 9.947718381881713867e-01
1.403715377762143135e+09 3.122740983963012695e+00 -3.145861625671386719e-01 -8.875878453254699707e-01 3.669477999210357666e-02 8.575942367315292358e-02 2.511558681726455688e-02 9.953230619430541992e-01
1.403715378162142992e+09 2.882028341293334961e+00 -2.674776911735534668e-01 -9.188715815544128418e-01 3.353436291217803955e-02 7.234673947095870972e-02 5.017966777086257935e-02 9.955518841743469238e-01
1.403715378662142992e+09 2.602825164794921875e+00 -2.136785835027694702e-01 -9.874619841575622559e-01 1.019569579511880875e-03 7.554328441619873047e-02 4.062462598085403442e-02 9.963141679763793945e-01
1.403715379462142944e+09 2.236708402633666992e+00 -3.164016604423522949e-01 -9.178509116172790527e-01 1.063051447272300720e-02 8.899024873971939087e-02 9.453578852117061615e-03 9.959309101104736328e-01
1.403715380062143087e+09 1.991611361503601074e+00 -4.003144800662994385e-01 -8.236591219902038574e-01 3.087534569203853607e-02 8.470094203948974609e-02 2.554421871900558472e-02 9.956003427505493164e-01
1.403715380462142944e+09 1.726089119911193848e+00 -4.635954797267913818e-01 -7.375991940498352051e-01 2.657805010676383972e-02 8.509892970323562622e-02 2.554390020668506622e-02 9.956903457641601562e-01
1.403715380862143040e+09 1.450837135314941406e+00 -5.275009870529174805e-01 -6.678266525268554688e-01 3.148113936185836792e-02 8.443912863731384277e-02 2.125531993806362152e-02 9.957044124603271484e-01
1.403715381262143135e+09 1.094983816146850586e+00 -5.740329027175903320e-01 -6.131136417388916016e-01 4.117172211408615112e-02 9.228025376796722412e-02 3.826027363538742065e-02 9.941455721855163574e-01
1.403715381862143040e+09 5.518773794174194336e-01 -5.897206068038940430e-01 -5.405655503273010254e-01 4.368520807474851608e-03 1.722016632556915283e-01 6.520139425992965698e-02 9.828917980194091797e-01
1.403715382762143135e+09 2.962535023689270020e-01 -6.328616142272949219e-01 -4.299288988113403320e-01 3.752482123672962189e-03 2.425055950880050659e-01 1.007715091109275818e-01 9.648948311805725098e-01
1.403715383562143087e+09 -8.093863725662231445e-02 -7.475848793983459473e-01 -7.325134426355361938e-02 9.252009913325309753e-03 3.096235990524291992e-01 1.456415951251983643e-01 9.395935535430908203e-01
1.403715383862143040e+09 -1.662441194057464600e-01 -8.058554530143737793e-01 1.688737571239471436e-01 1.819861121475696564e-02 4.048991203308105469e-01 1.743359118700027466e-01 8.974032402038574219e-01
1.403715384262143135e+09 -1.868799626827239990e-01 -8.545548319816589355e-01 3.216257691383361816e-01 2.013739943504333496e-02 4.987982213497161865e-01 2.169439196586608887e-01 8.388862609863281250e-01
1.403715384662142992e+09 -1.346892714500427246e-01 -9.016093015670776367e-01 4.427206516265869141e-01 1.023068930953741074e-02 5.987887978553771973e-01 2.613707482814788818e-01 7.569891810417175293e-01
1.403715385262143135e+09 1.937299668788909912e-01 -9.896013736724853516e-01 4.191371500492095947e-01 2.642378583550453186e-02 6.340746283531188965e-01 2.446024268865585327e-01 7.330899834632873535e-01
1.403715386762143135e+09 3.051643073558807373e-01 -8.648421764373779297e-01 1.351147890090942383e-01 3.279503062367439270e-02 6.223220825195312500e-01 2.768954038619995117e-01 7.314156293869018555e-01
1.403715387462142944e+09 3.263885974884033203e-01 -6.769816875457763672e-01 -2.307991534471511841e-01 3.242506412789225578e-03 6.162064671516418457e-01 2.667111456394195557e-01 7.410427331924438477e-01
1.403715388162142992e+09 4.824086725711822510e-01 -4.432491660118103027e-01 -7.025319933891296387e-01 9.738121181726455688e-03 6.115996241569519043e-01 2.483308613300323486e-01 7.511211037635803223e-01
1.403715388762143135e+09 6.772212386131286621e-01 -1.637382954359054565e-01 -1.067121505737304688e+00 1.250708475708961487e-02 6.112890243530273438e-01 2.386467605829238892e-01 7.544647455215454102e-01
1.403715389362143040e+09 1.015514969825744629e+00 4.832409322261810303e-02 -1.689501523971557617e+00 -4.813501145690679550e-03 5.396746397018432617e-01 2.222956269979476929e-01 8.119807839393615723e-01
1.403715390462142944e+09 1.226251482963562012e+00 1.608889847993850708e-01 -1.848001718521118164e+00 -1.392428763210773468e-02 4.615974426269531250e-01 1.642121523618698120e-01 8.716468811035156250e-01
1.403715390862143040e+09 1.542243003845214844e+00 2.208866029977798462e-01 -1.869887351989746094e+00 2.347467467188835144e-03 3.794319033622741699e-01 1.732444316148757935e-01 9.088522195816040039e-01
1.403715391662142992e+09 2.091707706451416016e+00 1.910854876041412354e-01 -1.843064546585083008e+00 9.698215872049331665e-03 3.374209403991699219e-01 1.472044140100479126e-01 9.297225475311279297e-01
1.403715392262143135e+09 2.571668624877929688e+00 5.605532601475715637e-02 -1.825875997543334961e+00 2.770792134106159210e-02 2.934312522411346436e-01 1.179062798619270325e-01 9.482766389846801758e-01
1.403715392662142992e+09 2.929604768753051758e+00 -1.174634322524070740e-02 -1.796165108680725098e+00 3.348447754979133606e-02 2.147177606821060181e-01 7.709324359893798828e-02 9.730528593063354492e-01
1.403715393062143087e+09 3.213618516921997070e+00 -4.889906942844390869e-02 -1.766858816146850586e+00 2.168698981404304504e-02 1.182095929980278015e-01 2.683822251856327057e-02 9.923890233039855957e-01
1.403715393462142944e+09 3.407834291458129883e+00 -6.863112002611160278e-02 -1.719509005546569824e+00 4.008299857378005981e-02 4.826854448765516281e-03 -3.061006963253021240e-02 9.987157583236694336e-01
1.403715393762143135e+09 3.484169483184814453e+00 -7.372403144836425781e-02 -1.689722776412963867e+00 2.873597666621208191e-02 -1.225838512182235718e-01 -4.798933863639831543e-02 9.908807277679443359e-01
1.403715394162142992e+09 3.517537832260131836e+00 -7.040588557720184326e-02 -1.672205805778503418e+00 4.322407394647598267e-02 -2.427780926227569580e-01 -9.799408912658691406e-02 9.641512632369995117e-01
1.403715394562143087e+09 3.520904541015625000e+00 -5.299732089042663574e-02 -1.694797754287719727e+00 3.995561972260475159e-02 -3.683224618434906006e-01 -1.439605653285980225e-01 9.176151752471923828e-01
1.403715394962142944e+09 3.509687900543212891e+00 -2.789866924285888672e-02 -1.741602420806884766e+00 3.368304297327995300e-02 -4.668226242065429688e-01 -1.864218562841415405e-01 8.638223409652709961e-01
1.403715395262143135e+09 3.463979244232177734e+00 2.822160720825195312e-02 -1.811422824859619141e+00 2.810798585414886475e-02 -5.617547631263732910e-01 -2.248339354991912842e-01 7.956702709197998047e-01
1.403715395762143135e+09 3.182220458984375000e+00 2.066247463226318359e-01 -1.900808572769165039e+00 4.283519461750984192e-02 -6.270332932472229004e-01 -2.431326359510421753e-01 7.388375997543334961e-01
1.403715396962142944e+09 2.813837051391601562e+00 3.634918332099914551e-01 -1.892798185348510742e+00 -8.247518911957740784e-03 -6.618289947509765625e-01 -2.415265440940856934e-01 7.096332311630249023e-01
1.403715397862143040e+09 2.409748554229736328e+00 3.228697180747985840e-01 -1.713034629821777344e+00 4.884664341807365417e-02 -6.566268801689147949e-01 -2.308196872472763062e-01 7.163640856742858887e-01
1.403715398762143135e+09 2.370882987976074219e+00 4.711794853210449219e-01 -1.975127220153808594e+00 3.925734758377075195e-02 -5.835101604461669922e-01 -2.623482346534729004e-01 7.675598859786987305e-01
1.403715400562143087e+09 2.286444664001464844e+00 5.436875820159912109e-01 -2.212404727935791016e+00 1.679896749556064606e-02 -5.035215020179748535e-01 -2.165024131536483765e-01 8.362479805946350098e-01
1.403715400962142944e+09 2.019234180450439453e+00 6.615309715270996094e-01 -2.520731925964355469e+00 -4.376158583909273148e-03 -4.171314239501953125e-01 -1.763508021831512451e-01 8.915619254112243652e-01
1.403715401562143087e+09 1.744755625724792480e+00 6.613754034042358398e-01 -2.645276546478271484e+00 1.585186272859573364e-02 -4.200526177883148193e-01 -1.390911191701889038e-01 8.966370820999145508e-01
1.403715402062143087e+09 1.424306035041809082e+00 6.322172880172729492e-01 -2.708172798156738281e+00 5.441296473145484924e-02 -4.001039564609527588e-01 -1.370597928762435913e-01 9.045279622077941895e-01
1.403715402562143087e+09 1.074082970619201660e+00 6.693619489669799805e-01 -2.843185186386108398e+00 3.876579180359840393e-02 -3.373990654945373535e-01 -1.197233423590660095e-01 9.329123497009277344e-01
1.403715403162142992e+09 8.030638694763183594e-01 6.855181455612182617e-01 -2.965369224548339844e+00 6.930754985660314560e-03 -3.135041594505310059e-01 -1.162080466747283936e-01 9.424239397048950195e-01
1.403715403862143040e+09 5.620173215866088867e-01 6.246536970138549805e-01 -2.893059968948364258e+00 -3.102149115875363350e-03 -2.166896015405654907e-01 -7.070581614971160889e-02 9.736717343330383301e-01
1.403715404162142992e+09 3.621266186237335205e-01 5.381616353988647461e-01 -2.745496034622192383e+00 2.450601942837238312e-02 -1.394676566123962402e-01 -7.244931906461715698e-02 9.872686266899108887e-01
1.403715404762143135e+09 -2.191213704645633698e-02 4.639835953712463379e-01 -2.530063629150390625e+00 3.757736086845397949e-02 -1.090445071458816528e-01 -2.484196610748767853e-02 9.930157065391540527e-01
1.403715405262143135e+09 -2.260129451751708984e-01 4.416999816894531250e-01 -2.401967763900756836e+00 2.416996285319328308e-02 -9.520240710116922855e-04 3.165093809366226196e-02 9.992063045501708984e-01
1.403715405662142992e+09 -3.536322116851806641e-01 4.280085563659667969e-01 -2.278085231781005859e+00 2.473063534125685692e-03 1.260742694139480591e-01 5.673982575535774231e-02 9.903937578201293945e-01
1.403715406062143087e+09 -4.485504031181335449e-01 4.093113541603088379e-01 -2.119812488555908203e+00 1.843359693884849548e-02 2.416496872901916504e-01 1.036684289574623108e-01 9.646338820457458496e-01
1.403715406462142944e+09 -5.164184570312500000e-01 4.182478189468383789e-01 -1.951070785522460938e+00 1.129268202930688858e-02 3.356899023056030273e-01 1.622290909290313721e-01 9.278289079666137695e-01
1.403715406862143040e+09 -5.157529115676879883e-01 4.366611242294311523e-01 -1.799702167510986328e+00 1.056283991783857346e-02 4.296396076679229736e-01 1.881588101387023926e-01 8.831164240837097168e-01
1.403715407262143135e+09 -4.295544326305389404e-01 4.300881028175354004e-01 -1.630021572113037109e+00 -1.384916529059410095e-02 4.823946356773376465e-01 2.138832360506057739e-01 8.493277430534362793e-01
1.403715407662142992e+09 -3.127406835556030273e-01 3.873081803321838379e-01 -1.519159555435180664e+00 -7.954854518175125122e-03 4.926038682460784912e-01 1.858049929141998291e-01 8.501498103141784668e-01
1.403715407962142944e+09 -2.290994524955749512e-01 3.353500068187713623e-01 -1.439027905464172363e+00 -9.909864747896790504e-04 4.888496994972229004e-01 1.886979043483734131e-01 8.517148494720458984e-01
1.403715408162142992e+09 -1.436003446578979492e-01 2.424208372831344604e-01 -1.368056774139404297e+00 6.540692877024412155e-03 4.854314923286437988e-01 1.913382261991500854e-01 8.530552983283996582e-01
1.403715408362143040e+09 -5.677711963653564453e-02 1.575649082660675049e-01 -1.292690396308898926e+00 1.598336361348628998e-02 4.815014302730560303e-01 1.885552406311035156e-01 8.557732701301574707e-01
1.403715408562143087e+09 2.276718616485595703e-02 1.182826906442642212e-01 -1.200346589088439941e+00 3.372517600655555725e-02 4.632042050361633301e-01 1.698164790868759155e-01 8.691759109497070312e-01
1.403715408762143135e+09 1.039270758628845215e-01 8.348608762025833130e-02 -1.070601701736450195e+00 4.314503818750381470e-02 4.001275897026062012e-01 1.413504928350448608e-01 9.044647812843322754e-01
1.403715409062143087e+09 1.396361589431762695e-01 3.196126222610473633e-02 -9.877262115478515625e-01 4.339279234409332275e-02 3.223527669906616211e-01 1.256856620311737061e-01 9.372346997261047363e-01
1.403715409462142944e+09 2.184684574604034424e-01 -1.707218438386917114e-01 -9.371063113212585449e-01 -7.810296956449747086e-04 3.207558989524841309e-01 1.326165795326232910e-01 9.378315210342407227e-01
1.403715410362143040e+09 2.960234880447387695e-01 -2.433722019195556641e-01 -6.761193871498107910e-01 2.652554959058761597e-02 3.050621449947357178e-01 1.248956248164176941e-01 9.437344074249267578e-01
1.403715412062143087e+09 1.546614766120910645e-01 -2.835237234830856323e-02 -6.181127429008483887e-01 2.801964618265628815e-02 2.943558394908905029e-01 1.250579506158828735e-01 9.470639228820800781e-01
1.403715413962142944e+09 1.343185305595397949e-01 7.098031044006347656e-02 -6.205091476440429688e-01 1.646669395267963409e-02 2.988694906234741211e-01 1.156967803835868835e-01 9.471114873886108398e-01
1.403715414762143135e+09 8.428512513637542725e-02 7.262414693832397461e-02 -5.595700144767761230e-01 2.828606404364109039e-02 2.956877648830413818e-01 1.418226808309555054e-01 9.442748427391052246e-01
1.403715415262143135e+09 1.008397191762924194e-01 1.467961817979812622e-01 -5.103468298912048340e-01 2.438880503177642822e-02 3.173808157444000244e-01 1.258021593093872070e-01 9.396001696586608887e-01
1.403715415662142992e+09 1.045708060264587402e-01 1.761215031147003174e-01 -5.012836456298828125e-01 1.899944804608821869e-02 3.280216157436370850e-01 1.145966276526451111e-01 9.375012516975402832e-01
