1.403636579763555765e+09 -0.000000000000000000e+00 -0.000000000000000000e+00 -0.000000000000000000e+00 -0.000000000000000000e+00 -0.000000000000000000e+00 -0.000000000000000000e+00 1.000000000000000000e+00
1.403636579963555574e+09 2.937445970019325614e-06 1.085559353232383728e-01 3.824472427368164062e-02 -1.258545182645320892e-02 5.824374035000801086e-03 -2.738400362432003021e-03 9.999001026153564453e-01
1.403636580163555622e+09 -3.326912876218557358e-03 2.455060631036758423e-01 7.657521963119506836e-02 -2.631979249417781830e-02 5.106532946228981018e-03 3.632448147982358932e-03 9.996340274810791016e-01
1.403636580263555765e+09 -4.698756616562604904e-03 3.062951266765594482e-01 9.169305115938186646e-02 -3.136793524026870728e-02 4.391402471810579300e-03 3.244511317461729050e-03 9.994930028915405273e-01
1.403636580363555670e+09 -6.890776567161083221e-03 3.580175638198852539e-01 1.007977724075317383e-01 -4.110113903880119324e-02 3.421553876250982285e-03 2.874337660614401102e-04 9.991491436958312988e-01
1.403636580463555574e+09 -8.799289353191852570e-03 3.968962728977203369e-01 1.054655835032463074e-01 -5.758218839764595032e-02 2.716262126341462135e-03 -9.775358485057950020e-04 9.983366131782531738e-01
1.403636580663555622e+09 -1.354851201176643372e-02 3.646904826164245605e-01 9.240914136171340942e-02 -7.410404831171035767e-02 -9.936986316461116076e-05 3.637603949755430222e-04 9.972504973411560059e-01
1.403636580763555765e+09 -1.497063972055912018e-02 2.879653871059417725e-01 7.578691840171813965e-02 -6.450990587472915649e-02 3.599688876420259476e-03 -5.068339407444000244e-03 9.978977441787719727e-01
1.403636580863555670e+09 -1.630688272416591644e-02 1.874958872795104980e-01 5.591166764497756958e-02 -5.035257712006568909e-02 1.232324540615081787e-02 -1.257075928151607513e-02 9.985764026641845703e-01
1.403636580963555574e+09 -1.970566995441913605e-02 8.360852301120758057e-02 3.428725525736808777e-02 -3.465559706091880798e-02 2.003687433898448944e-02 -1.868704333901405334e-02 9.990236759185791016e-01
1.403636581063555717e+09 -2.457209303975105286e-02 -1.069575175642967224e-02 1.212539151310920715e-02 -2.059761993587017059e-02 1.946566998958587646e-02 -1.984934136271476746e-02 9.994012713432312012e-01
1.403636581163555622e+09 -2.675770036876201630e-02 -9.142987430095672607e-02 -5.452682729810476303e-03 -5.580811761319637299e-03 2.061335183680057526e-02 -1.623028889298439026e-02 9.996402859687805176e-01
1.403636581263555765e+09 -2.647224441170692444e-02 -1.559125185012817383e-01 -2.305606193840503693e-02 1.159788854420185089e-02 2.122473903000354767e-02 -1.222755294293165207e-02 9.996327161788940430e-01
1.403636581763555765e+09 -4.950570873916149139e-03 3.903815522789955139e-02 2.369574829936027527e-02 -5.950109101831912994e-03 2.306433580815792084e-02 -1.548567228019237518e-02 9.995963573455810547e-01
1.403636581963555574e+09 1.264291116967797279e-03 2.162839919328689575e-01 6.413517147302627563e-02 -2.183160744607448578e-02 1.900549046695232391e-02 -1.056204177439212799e-02 9.995252490043640137e-01
1.403636582063555717e+09 -7.388463709503412247e-04 3.433336913585662842e-01 9.182558953762054443e-02 -5.485004931688308716e-02 2.021839842200279236e-02 -9.053675457835197449e-03 9.982488751411437988e-01
1.403636582363555670e+09 -1.558404602110385895e-02 2.451204657554626465e-01 6.610058993101119995e-02 -4.833249375224113464e-02 1.481524482369422913e-02 -8.832194842398166656e-03 9.986823797225952148e-01
1.403636582563555717e+09 -1.999760046601295471e-02 7.203050702810287476e-02 2.384535036981105804e-02 -3.061154857277870178e-02 2.384713478386402130e-02 -1.429234258830547333e-02 9.991446733474731445e-01
1.403636582763555765e+09 -1.026725396513938904e-02 -1.767337024211883545e-01 -3.599038720130920410e-02 4.593644291162490845e-03 4.038404673337936401e-02 -5.294940900057554245e-03 9.991596341133117676e-01
1.403636583563555717e+09 1.812385022640228271e-02 1.448820084333419800e-01 5.715034157037734985e-02 -1.551197562366724014e-02 3.551016002893447876e-02 -1.517633721232414246e-02 9.991337060928344727e-01
1.403636583763555765e+09 2.062253840267658234e-02 2.992264628410339355e-01 9.280253946781158447e-02 -5.590602010488510132e-02 3.112875483930110931e-02 -3.459060098975896835e-03 9.979446530342102051e-01
1.403636583963555574e+09 8.356758393347263336e-03 1.366319805383682251e-01 5.373888462781906128e-02 -5.449769645929336548e-02 2.610309980809688568e-02 -2.127020992338657379e-02 9.979460239410400391e-01
1.403636584563555717e+09 4.927770234644412994e-03 -6.036928296089172363e-02 1.715480908751487732e-02 -2.268881537020206451e-02 3.646086901426315308e-02 -2.055653184652328491e-02 9.988659620285034180e-01
1.403636584763555765e+09 2.521218731999397278e-02 1.338425725698471069e-01 4.246325790882110596e-02 -4.763397201895713806e-02 2.723310701549053192e-02 -1.662886887788772583e-02 9.983550906181335449e-01
1.403636585963555574e+09 7.348093204200267792e-03 1.461782902479171753e-01 -2.404927462339401245e-02 -1.681198775768280029e-01 4.419860616326332092e-02 1.265170797705650330e-02 9.846940040588378906e-01
1.403636586563555717e+09 1.264229118824005127e-01 1.220724433660507202e-01 -1.556184049695730209e-02 -1.981438547372817993e-01 2.976434677839279175e-02 9.822182357311248779e-03 9.796717166900634766e-01
1.403636587663555622e+09 2.160473316907882690e-01 1.136458367109298706e-01 -3.734520636498928070e-03 -1.969830840826034546e-01 3.573337942361831665e-02 1.722662709653377533e-02 9.796040654182434082e-01
1.403636587763555765e+09 3.189543485641479492e-01 1.022124290466308594e-01 8.639483712613582611e-03 -1.859394609928131104e-01 4.914963245391845703e-02 2.606611698865890503e-02 9.809849262237548828e-01
1.403636587963555574e+09 4.093143343925476074e-01 1.080795973539352417e-01 1.670756936073303223e-02 -2.008069604635238647e-01 6.649272888898849487e-02 2.986548468470573425e-02 9.769152402877807617e-01
1.403636588263555765e+09 3.067792952060699463e-01 1.226120814681053162e-01 -6.223714910447597504e-03 -2.027893960475921631e-01 5.030458420515060425e-02 3.012822382152080536e-02 9.774651527404785156e-01
1.403636589063555717e+09 1.889903247356414795e-01 1.177120208740234375e-01 -2.326886169612407684e-02 -1.934811770915985107e-01 3.851274028420448303e-02 2.466550469398498535e-02 9.800374507904052734e-01
1.403636589263555765e+09 5.868960544466972351e-02 1.156043410301208496e-01 -3.814738616347312927e-02 -1.958678811788558960e-01 2.863156981766223907e-02 1.986966654658317566e-02 9.800108075141906738e-01
1.403636589463555574e+09 -7.166714221239089966e-02 1.221772432327270508e-01 -4.809445887804031372e-02 -1.963036805391311646e-01 2.150057442486286163e-02 1.530212257057428360e-02 9.801880717277526855e-01
1.403636589663555622e+09 -1.982551515102386475e-01 1.327922642230987549e-01 -5.696253851056098938e-02 -1.935151815414428711e-01 1.366280857473611832e-02 1.218213513493537903e-02 9.809265136718750000e-01
1.403636589863555670e+09 -3.014864325523376465e-01 1.493849605321884155e-01 -6.395751982927322388e-02 -2.038048803806304932e-01 -3.392773680388927460e-03 1.037114206701517105e-02 9.789507389068603516e-01
1.403636590163555622e+09 -1.792192459106445312e-01 1.367934644222259521e-01 -8.659506589174270630e-02 -1.899045258760452271e-01 1.052021142095327377e-02 5.246126558631658554e-03 9.817322492599487305e-01
1.403636590863555670e+09 -5.283436924219131470e-02 1.360765248537063599e-01 -7.961329072713851929e-02 -1.994015723466873169e-01 1.613185182213783264e-02 1.076553855091333389e-02 9.797260165214538574e-01
1.403636591063555717e+09 7.134885340929031372e-02 1.342737078666687012e-01 -6.704029440879821777e-02 -1.976379007101058960e-01 1.530129555612802505e-02 1.403314806520938873e-02 9.800552129745483398e-01
1.403636591263555765e+09 1.721476912498474121e-01 1.373075842857360840e-01 -5.230431631207466125e-02 -2.022213339805603027e-01 2.151583321392536163e-02 1.707843504846096039e-02 9.789545536041259766e-01
1.403636591563555717e+09 2.524544596672058105e-01 1.569035798311233521e-01 -1.437463145703077316e-02 -1.828114539384841919e-01 4.869594424962997437e-02 2.101589925587177277e-02 9.817163944244384766e-01
1.403636591763555765e+09 2.960978150367736816e-01 1.451839506626129150e-01 3.724335506558418274e-02 -1.435200721025466919e-01 8.964867144823074341e-02 3.017751313745975494e-02 9.851164221763610840e-01
1.403636592263555765e+09 3.457058072090148926e-01 1.078222990036010742e-01 1.652229726314544678e-01 -1.711877882480621338e-01 9.311669319868087769e-02 4.580407217144966125e-02 9.797581434249877930e-01
1.403636592563555717e+09 3.061298131942749023e-01 8.046378195285797119e-02 2.476941943168640137e-01 -1.556867957115173340e-01 6.112120300531387329e-02 3.056480921804904938e-02 9.854398369789123535e-01
1.403636592763555765e+09 2.093833684921264648e-01 6.672874838113784790e-02 3.073975741863250732e-01 -1.550405323505401611e-01 1.186586171388626099e-02 1.543088909238576889e-02 9.877163171768188477e-01
1.403636592963555574e+09 1.386879980564117432e-01 6.919188052415847778e-02 3.148968517780303955e-01 -1.607930958271026611e-01 -1.740491949021816254e-02 8.855459280312061310e-03 9.867949485778808594e-01
1.403636593063555717e+09 5.741695687174797058e-02 7.674035429954528809e-02 3.019943535327911377e-01 -1.663247495889663696e-01 -4.643576219677925110e-02 1.878007780760526657e-03 9.849753379821777344e-01
1.403636593163555622e+09 -2.675514481961727142e-02 8.745309710502624512e-02 2.693949639797210693e-01 -1.692579388618469238e-01 -7.302880287170410156e-02 -4.978248383849859238e-03 9.828497767448425293e-01
1.403636593263555765e+09 -1.066674068570137024e-01 9.985366463661193848e-02 2.215649038553237915e-01 -1.703536510467529297e-01 -9.647385776042938232e-02 -3.058233531191945076e-03 9.806442260742187500e-01
1.403636593363555670e+09 -1.700362861156463623e-01 1.166323572397232056e-01 1.644527614116668701e-01 -1.745572835206985474e-01 -1.092605590820312500e-01 -3.977028653025627136e-03 9.785582423210144043e-01
1.403636593463555574e+09 -2.235694229602813721e-01 1.645196825265884399e-01 4.215458780527114868e-02 -1.820746064186096191e-01 -1.037335544824600220e-01 -3.454436315223574638e-03 9.777914881706237793e-01
1.403636593663555622e+09 -1.851373463869094849e-01 2.144903391599655151e-01 -6.542021781206130981e-02 -1.983139514923095703e-01 -6.629581749439239502e-02 1.764537021517753601e-02 9.777347445487976074e-01
1.403636593863555670e+09 -1.352690458297729492e-01 2.335360795259475708e-01 -1.074428036808967590e-01 -1.972504556179046631e-01 -3.153974190354347229e-02 3.191860392689704895e-02 9.793257117271423340e-01
1.403636593963555574e+09 -7.122467458248138428e-02 2.446556836366653442e-01 -1.394709795713424683e-01 -1.870580166578292847e-01 8.493360131978988647e-03 4.592505842447280884e-02 9.812380671501159668e-01
1.403636594063555717e+09 1.599546987563371658e-03 2.482832372188568115e-01 -1.589723527431488037e-01 -1.769334524869918823e-01 4.940136894583702087e-02 5.672819912433624268e-02 9.813440442085266113e-01
1.403636594163555622e+09 7.889426499605178833e-02 2.458292841911315918e-01 -1.613695770502090454e-01 -1.741327047348022461e-01 8.442997932434082031e-02 6.814191490411758423e-02 9.787267446517944336e-01
1.403636594263555765e+09 1.585476845502853394e-01 2.407879531383514404e-01 -1.429639905691146851e-01 -1.752612143754959106e-01 1.108649522066116333e-01 7.386806607246398926e-02 9.754670858383178711e-01
1.403636594363555670e+09 2.377276420593261719e-01 2.299810945987701416e-01 -1.053913682699203491e-01 -1.755709648132324219e-01 1.290935128927230835e-01 7.291132956743240356e-02 9.732387661933898926e-01
1.403636594463555574e+09 3.117873966693878174e-01 2.133618444204330444e-01 -5.167853459715843201e-02 -1.692710071802139282e-01 1.397356092929840088e-01 6.689502298831939697e-02 9.733172059059143066e-01
1.403636594563555717e+09 3.709559142589569092e-01 1.934191286563873291e-01 1.080257818102836609e-02 -1.578183621168136597e-01 1.421915739774703979e-01 6.329181790351867676e-02 9.751251339912414551e-01
1.403636594663555622e+09 3.989372253417968750e-01 1.554871499538421631e-01 1.344379931688308716e-01 -1.448746323585510254e-01 1.299802660942077637e-01 6.194924935698509216e-02 9.789171218872070312e-01
1.403636594863555670e+09 2.827867865562438965e-01 1.406978070735931396e-01 2.255935221910476685e-01 -1.376912146806716919e-01 7.881543785333633423e-02 3.843168914318084717e-02 9.865862131118774414e-01
1.403636595063555717e+09 1.821698695421218872e-01 1.416107416152954102e-01 2.430453747510910034e-01 -1.370224207639694214e-01 3.822073340415954590e-02 2.400004491209983826e-02 9.895393252372741699e-01
1.403636595163555622e+09 7.525610923767089844e-02 1.487661153078079224e-01 2.434934377670288086e-01 -1.421276330947875977e-01 -1.722218701615929604e-03 1.196054182946681976e-02 9.897745847702026367e-01
1.403636595263555765e+09 -2.212527021765708923e-02 1.594070196151733398e-01 2.273031473159790039e-01 -1.477932184934616089e-01 -3.824986144900321960e-02 4.708150401711463928e-03 9.882671833038330078e-01
1.403636595363555670e+09 -9.588825702667236328e-02 1.731289029121398926e-01 1.961316466331481934e-01 -1.525539457798004150e-01 -6.491345167160034180e-02 -2.416649367660284042e-03 9.861580729484558105e-01
1.403636595463555574e+09 -1.055759415030479431e-01 2.185494005680084229e-01 7.308891415596008301e-02 -1.646914333105087280e-01 -7.802702486515045166e-02 -8.010562509298324585e-03 9.832214117050170898e-01
1.403636595763555765e+09 -4.631790518760681152e-02 2.362554222345352173e-01 3.580080345273017883e-02 -1.665232032537460327e-01 -6.016784161329269409e-02 -7.755478378385305405e-03 9.841696023941040039e-01
1.403636595863555670e+09 2.938324958086013794e-02 2.546062469482421875e-01 3.742102999240159988e-03 -1.659933626651763916e-01 -2.993652038276195526e-02 -5.504428874701261520e-03 9.856570959091186523e-01
1.403636595963555574e+09 1.053165793418884277e-01 2.714535892009735107e-01 -2.787570841610431671e-02 -1.672638058662414551e-01 2.175254980102181435e-03 2.399024553596973419e-03 9.859068393707275391e-01
1.403636596063555717e+09 1.662627309560775757e-01 2.876858115196228027e-01 -6.483929604291915894e-02 -1.720222681760787964e-01 3.277779370546340942e-02 1.092246267944574356e-02 9.844869971275329590e-01
1.403636596163555622e+09 1.486926972866058350e-01 3.112629354000091553e-01 -2.004292011260986328e-01 -1.700566560029983521e-01 6.625994294881820679e-02 3.233056142926216125e-02 9.826724529266357422e-01
1.403636596463555574e+09 4.344937577843666077e-02 3.139583468437194824e-01 -3.035891950130462646e-01 -1.596967130899429321e-01 6.309677660465240479e-02 2.251029759645462036e-02 9.848904013633728027e-01
1.403636596763555765e+09 5.418861284852027893e-03 2.918259799480438232e-01 -2.220407873392105103e-01 -1.620123535394668579e-01 6.280386447906494141e-02 3.868948202580213547e-03 9.847805500030517578e-01
1.403636597163555622e+09 5.546115711331367493e-02 2.406053394079208374e-01 -5.981699377298355103e-02 -1.766336858272552490e-01 4.190561547875404358e-02 -1.789983827620744705e-03 9.833825826644897461e-01
1.403636597363555670e+09 7.440069317817687988e-02 2.061429321765899658e-01 2.528465352952480316e-02 -1.731944233179092407e-01 2.637550793588161469e-02 -8.376136422157287598e-03 9.844987988471984863e-01
1.403636597463555574e+09 8.419203013181686401e-02 1.751753091812133789e-01 1.062874495983123779e-01 -1.692172735929489136e-01 1.009436603635549545e-02 -1.759050227701663971e-02 9.853701591491699219e-01
1.403636597563555717e+09 6.061368063092231750e-02 1.427516490221023560e-01 2.062898874282836914e-01 -1.554454118013381958e-01 -3.537015616893768311e-02 -2.742925286293029785e-02 9.868299365043640137e-01
1.403636597763555765e+09 -1.395386876538395882e-03 1.537897437810897827e-01 1.895105242729187012e-01 -1.396282911300659180e-01 -6.902166455984115601e-02 -3.518992662429809570e-02 9.871684908866882324e-01
1.403636598063555717e+09 -3.987773135304450989e-02 1.950260400772094727e-01 9.310060739517211914e-02 -1.438884139060974121e-01 -7.918412983417510986e-02 -4.744477570056915283e-02 9.852791428565979004e-01
1.403636598163555622e+09 -4.103223234415054321e-02 2.528593540191650391e-01 -8.119471371173858643e-03 -1.766832321882247925e-01 -7.250263541936874390e-02 -5.043091624975204468e-02 9.802974462509155273e-01
1.403636598363555670e+09 -1.278231013566255569e-02 3.015133142471313477e-01 -2.813120745122432709e-02 -1.904256194829940796e-01 -5.785680189728736877e-02 -5.632960423827171326e-02 9.783749580383300781e-01
1.403636598663555622e+09 1.869634911417961121e-02 3.156332671642303467e-01 4.489909112453460693e-02 -1.667995005846023560e-01 -6.806018203496932983e-02 -5.600479617714881897e-02 9.820434451103210449e-01
1.403636598763555765e+09 4.242353513836860657e-02 3.338794708251953125e-01 1.476732343435287476e-01 -1.228683590888977051e-01 -9.107086807489395142e-02 -5.056551098823547363e-02 9.869410991668701172e-01
1.403636598963555574e+09 6.047154590487480164e-02 3.706775903701782227e-01 2.337310463190078735e-01 -8.666403591632843018e-02 -9.592623263597488403e-02 -4.664372652769088745e-02 9.905109405517578125e-01
1.403636599263555765e+09 6.709068268537521362e-02 3.876748681068420410e-01 2.843692302703857422e-01 -3.258386626839637756e-02 -1.055230796337127686e-01 -3.657344356179237366e-02 9.932097792625427246e-01
1.403636599463555574e+09 7.343363761901855469e-02 4.212392568588256836e-01 3.449790179729461670e-01 -1.127399783581495285e-02 -8.438628166913986206e-02 -3.130286931991577148e-02 9.958775043487548828e-01
1.403636600163555622e+09 1.148907616734504700e-01 4.324454069137573242e-01 3.282351791858673096e-01 -5.455605685710906982e-03 -7.154980301856994629e-02 -2.248071320354938507e-02 9.971687793731689453e-01
1.403636624763555765e+09 1.534053832292556763e-01 4.412121474742889404e-01 3.051164746284484863e-01 -8.730137720704078674e-03 -6.492265313863754272e-02 -4.378677159547805786e-02 9.968909621238708496e-01
1.403636624963555574e+09 1.931525617837905884e-01 4.201115369796752930e-01 2.585435211658477783e-01 -3.331781923770904541e-02 -5.777290463447570801e-02 -6.860689073801040649e-02 9.954121708869934082e-01
1.403636625163555622e+09 2.056523263454437256e-01 3.542942106723785400e-01 2.128465622663497925e-01 -3.624051064252853394e-02 -6.282735615968704224e-02 -5.771322175860404968e-02 9.956950545310974121e-01
1.403636625763555765e+09 1.831200271844863892e-01 2.594956457614898682e-01 2.308625578880310059e-01 -1.650759764015674591e-02 -7.204351574182510376e-02 -5.315619707107543945e-02 9.958472251892089844e-01
1.403636625963555574e+09 1.555971950292587280e-01 1.235903352499008179e-01 2.294110655784606934e-01 -6.243259645998477936e-03 -7.596111297607421875e-02 -4.594695568084716797e-02 9.960320591926574707e-01
1.403636626163555622e+09 2.920454144477844238e-01 -8.215302973985671997e-02 1.628395915031433105e-01 -1.265477854758501053e-02 -7.174282521009445190e-02 -4.341915994882583618e-02 9.963973164558410645e-01
1.403636627863555670e+09 4.393604993820190430e-01 -2.071001231670379639e-01 2.058470249176025391e-01 -5.301889963448047638e-03 -2.697878144681453705e-02 -1.431369408965110779e-02 9.995195269584655762e-01
1.403636628963555574e+09 6.838194131851196289e-01 -3.039171099662780762e-01 2.824081480503082275e-01 -2.629359997808933258e-02 1.676145754754543304e-02 -1.858878508210182190e-02 9.993409514427185059e-01
1.403636629463555574e+09 9.106990694999694824e-01 -3.048450648784637451e-01 4.339868128299713135e-01 -3.007552772760391235e-02 8.085469901561737061e-02 1.521759945899248123e-02 9.961558580398559570e-01
1.403636629863555670e+09 1.155832409858703613e+00 -2.807763218879699707e-01 6.250744462013244629e-01 -2.406670898199081421e-02 1.465693563222885132e-01 3.092442080378532410e-02 9.884240031242370605e-01
1.403636630363555670e+09 1.521766662597656250e+00 -4.879609644412994385e-01 8.960116505622863770e-01 -1.925847120583057404e-02 1.538423299789428711e-01 1.908733323216438293e-02 9.877233505249023438e-01
1.403636631163555622e+09 2.130887985229492188e+00 -6.078589558601379395e-01 1.581416249275207520e+00 -1.512954756617546082e-02 1.399750858545303345e-01 1.338011771440505981e-02 9.899489879608154297e-01
1.403636632763555765e+09 2.485600471496582031e+00 -7.418435215950012207e-01 2.362412929534912109e+00 -2.009688690304756165e-02 3.341080248355865479e-02 -2.256074920296669006e-02 9.989849925041198730e-01
1.403636633863555670e+09 2.833523035049438477e+00 -9.777253270149230957e-01 3.307785034179687500e+00 -2.201158925890922546e-02 3.493590652942657471e-02 -7.492965087294578552e-03 9.991190433502197266e-01
1.403636634663555622e+09 3.148794889450073242e+00 -1.237567782402038574e+00 4.046598434448242188e+00 -2.164437994360923767e-02 5.995738320052623749e-04 -3.436937555670738220e-02 9.991746544837951660e-01
1.403636635663555622e+09 3.358436822891235352e+00 -1.524762630462646484e+00 4.702149868011474609e+00 -1.617636345326900482e-02 -1.039982959628105164e-02 -7.465842645615339279e-03 9.997872114181518555e-01
1.403636636163555622e+09 3.599845409393310547e+00 -1.902644395828247070e+00 5.160734176635742188e+00 -7.758585736155509949e-03 -1.026566489599645138e-03 -2.957897633314132690e-02 9.995318055152893066e-01
1.403636636563555717e+09 3.815254926681518555e+00 -2.166447162628173828e+00 5.579817295074462891e+00 9.788814000785350800e-03 9.525000117719173431e-03 -6.391853094100952148e-02 9.978616237640380859e-01
1.403636637263555765e+09 3.890244007110595703e+00 -2.438377141952514648e+00 6.239481449127197266e+00 -1.348335482180118561e-02 -1.322388648986816406e-02 -3.367334976792335510e-02 9.992544651031494141e-01
1.403636638563555717e+09 4.003513336181640625e+00 -2.688362121582031250e+00 7.116298675537109375e+00 -2.356613613665103912e-02 -2.754674293100833893e-02 -3.662928240373730659e-03 9.993360638618469238e-01
1.403636639463555574e+09 4.222350597381591797e+00 -2.697926998138427734e+00 7.644740104675292969e+00 -1.632798835635185242e-02 -1.541358418762683868e-02 -4.398236051201820374e-02 9.987800121307373047e-01
1.403636639963555574e+09 4.475379943847656250e+00 -2.859786272048950195e+00 8.264887809753417969e+00 -4.072192125022411346e-03 -4.483345150947570801e-02 -4.572391510009765625e-02 9.979392886161804199e-01
1.403636641363555670e+09 4.898291110992431641e+00 -3.065296173095703125e+00 9.166668891906738281e+00 -2.615027828142046928e-03 -4.022571817040443420e-02 -4.193935915827751160e-02 9.983066320419311523e-01
1.403636642363555670e+09 5.336071014404296875e+00 -3.316713809967041016e+00 9.699759483337402344e+00 -4.896855354309082031e-02 -6.606381502933800220e-04 -2.804569900035858154e-02 9.984063506126403809e-01
1.403636644363555670e+09 5.777260780334472656e+00 -3.255500316619873047e+00 1.050790691375732422e+01 -2.533434145152568817e-02 4.231813363730907440e-03 -2.590581402182579041e-02 9.993343949317932129e-01
1.403636645263555765e+09 6.258292675018310547e+00 -3.413596868515014648e+00 1.142936611175537109e+01 -3.251796215772628784e-02 7.676492910832166672e-03 -2.125474624335765839e-02 9.992157220840454102e-01
1.403636646163555622e+09 6.494265079498291016e+00 -3.670382976531982422e+00 1.191556930541992188e+01 -1.251164008863270283e-03 7.264216244220733643e-02 2.493757940828800201e-02 9.970455169677734375e-01
1.403636646463555574e+09 6.790241718292236328e+00 -3.883346796035766602e+00 1.233571815490722656e+01 8.757337927818298340e-03 1.491332799196243286e-01 2.851073630154132843e-02 9.883671998977661133e-01
1.403636647263555765e+09 7.402970790863037109e+00 -4.291956901550292969e+00 1.292372798919677734e+01 1.445576734840869904e-02 1.486124992370605469e-01 3.790955618023872375e-02 9.880629181861877441e-01
1.403636647963555574e+09 7.783903121948242188e+00 -4.361717224121093750e+00 1.310238265991210938e+01 6.542982999235391617e-03 2.070917189121246338e-01 4.986781999468803406e-02 9.770278334617614746e-01
1.403636648263555765e+09 8.034156799316406250e+00 -4.292776107788085938e+00 1.318094253540039062e+01 8.207723498344421387e-03 2.843751311302185059e-01 7.587624341249465942e-02 9.556705355644226074e-01
1.403636648563555717e+09 8.406352996826171875e+00 -4.225386142730712891e+00 1.320464134216308594e+01 -2.434087172150611877e-02 3.497059643268585205e-01 1.029436066746711731e-01 9.308683872222900391e-01
1.403636649263555765e+09 8.946659088134765625e+00 -4.635300636291503906e+00 1.307325267791748047e+01 1.222941465675830841e-02 3.493781089782714844e-01 9.126014262437820435e-02 9.324467778205871582e-01
1.403636650063555717e+09 9.254820823669433594e+00 -4.724690437316894531e+00 1.289293861389160156e+01 1.341075729578733444e-02 4.164504706859588623e-01 1.088626012206077576e-01 9.025176763534545898e-01
1.403636650463555574e+09 9.398545265197753906e+00 -4.596900463104248047e+00 1.275726699829101562e+01 -2.227187855169177055e-03 4.865720272064208984e-01 1.405780017375946045e-01 8.622531294822692871e-01
1.403636651163555622e+09 9.513924598693847656e+00 -4.483034133911132812e+00 1.214659214019775391e+01 2.808701805770397186e-02 5.236089825630187988e-01 1.563471853733062744e-01 8.370187282562255859e-01
1.403636652163555622e+09 9.491325378417968750e+00 -4.320645332336425781e+00 1.194542312622070312e+01 5.482837150339037180e-05 6.049264073371887207e-01 1.880089491605758667e-01 7.737677693367004395e-01
1.403636652463555574e+09 9.515135765075683594e+00 -4.116676330566406250e+00 1.144268512725830078e+01 -1.715508103370666504e-02 6.582115888595581055e-01 2.131686061620712280e-01 7.218188047409057617e-01
1.403636653363555670e+09 9.697467803955078125e+00 -3.905013322830200195e+00 1.068046569824218750e+01 9.156299754977226257e-03 6.655920147895812988e-01 1.912507712841033936e-01 7.213366627693176270e-01
1.403636654563555717e+09 9.566289901733398438e+00 -3.854457616806030273e+00 1.029466056823730469e+01 7.201746106147766113e-03 7.268790006637573242e-01 2.133407294750213623e-01 6.527486443519592285e-01
1.403636655463555574e+09 9.222970962524414062e+00 -3.622178792953491211e+00 9.984764099121093750e+00 1.013497076928615570e-02 7.665405273437500000e-01 2.534756362438201904e-01 5.899688005447387695e-01
1.403636656063555717e+09 9.002349853515625000e+00 -3.437818050384521484e+00 9.793590545654296875e+00 5.421778187155723572e-03 7.980459928512573242e-01 2.660559117794036865e-01 5.406546592712402344e-01
1.403636656563555717e+09 8.507548332214355469e+00 -3.261859893798828125e+00 9.111894607543945312e+00 2.674579992890357971e-02 8.008424639701843262e-01 2.390028685331344604e-01 5.484648942947387695e-01
1.403636657563555717e+09 8.047118186950683594e+00 -3.021372318267822266e+00 8.737918853759765625e+00 2.236488088965415955e-02 7.942965626716613770e-01 2.706566452980041504e-01 5.434499382972717285e-01
1.403636658063555717e+09 7.734571456909179688e+00 -2.844588041305541992e+00 8.379036903381347656e+00 2.738955663517117500e-03 8.010719418525695801e-01 2.682337760925292969e-01 5.350953340530395508e-01
1.403636658463555574e+09 7.476320266723632812e+00 -2.648063659667968750e+00 7.981084823608398438e+00 -1.922802627086639404e-02 8.069373369216918945e-01 2.574954926967620850e-01 5.312047600746154785e-01
1.403636658863555670e+09 7.269525051116943359e+00 -2.358575820922851562e+00 7.605028152465820312e+00 1.680643414147198200e-03 8.138700723648071289e-01 2.374072223901748657e-01 5.303304791450500488e-01
1.403636659463555574e+09 6.988492965698242188e+00 -2.027940750122070312e+00 7.305137634277343750e+00 -4.902981221675872803e-03 8.143057227134704590e-01 2.437122911214828491e-01 5.267699360847473145e-01
1.403636660063555717e+09 6.830348491668701172e+00 -1.683441281318664551e+00 7.228729248046875000e+00 -3.344811499118804932e-02 8.046040534973144531e-01 2.817284166812896729e-01 5.216537714004516602e-01
1.403636660763555765e+09 7.070743560791015625e+00 -1.189996123313903809e+00 7.373882293701171875e+00 -1.970138866454362869e-03 8.179551362991333008e-01 2.364853322505950928e-01 5.244237184524536133e-01
1.403636661863555670e+09 7.038006782531738281e+00 -1.315380930900573730e+00 7.825639724731445312e+00 -1.437899749726057053e-02 8.125046491622924805e-01 2.532891929149627686e-01 5.248560905456542969e-01
1.403636662863555670e+09 7.274491310119628906e+00 -9.874923229217529297e-01 8.190141677856445312e+00 -5.450965091586112976e-02 8.163036108016967773e-01 2.353468984365463257e-01 5.246799588203430176e-01
1.403636664263555765e+09 7.675158023834228516e+00 -1.005864977836608887e+00 8.378261566162109375e+00 -1.340341381728649139e-02 8.114438056945800781e-01 2.291554808616638184e-01 5.374636650085449219e-01
1.403636664663555622e+09 8.050070762634277344e+00 -9.742983579635620117e-01 8.690193176269531250e+00 -3.866411047056317329e-03 8.005532622337341309e-01 2.334394752979278564e-01 5.519108772277832031e-01
1.403636665063555717e+09 8.372322082519531250e+00 -1.097071290016174316e+00 8.998620033264160156e+00 -5.361052462831139565e-04 7.883478403091430664e-01 2.547079324722290039e-01 5.600279569625854492e-01
1.403636665463555574e+09 8.764909744262695312e+00 -1.319212675094604492e+00 9.338618278503417969e+00 -1.728173904120922089e-02 7.970408201217651367e-01 2.360973954200744629e-01 5.555946826934814453e-01
1.403636665963555574e+09 9.065776824951171875e+00 -1.511483669281005859e+00 9.644016265869140625e+00 1.357871014624834061e-02 7.971264123916625977e-01 2.441531270742416382e-01 5.520818829536437988e-01
1.403636666363555670e+09 9.289680480957031250e+00 -1.607270240783691406e+00 9.955730438232421875e+00 1.754389330744743347e-02 7.933855652809143066e-01 2.489019930362701416e-01 5.552291274070739746e-01
1.403636666863555670e+09 9.496359825134277344e+00 -1.776249408721923828e+00 1.026869392395019531e+01 7.781525142490863800e-03 7.771078944206237793e-01 2.840015888214111328e-01 5.615922808647155762e-01
1.403636667263555765e+09 9.884417533874511719e+00 -1.851612091064453125e+00 1.067131423950195312e+01 2.216449473053216934e-03 7.825804948806762695e-01 2.635870277881622314e-01 5.639900565147399902e-01
1.403636668363555670e+09 1.051214790344238281e+01 -1.759477853775024414e+00 1.111919784545898438e+01 -2.415805496275424957e-02 8.034424781799316406e-01 2.360117286443710327e-01 5.460724830627441406e-01
1.403636669163555622e+09 1.094795227050781250e+01 -1.854907274246215820e+00 1.154998970031738281e+01 3.424249356612563133e-03 8.060822486877441406e-01 2.322668582201004028e-01 5.443085432052612305e-01
1.403636669763555765e+09 1.115650081634521484e+01 -1.948463201522827148e+00 1.204692268371582031e+01 5.372352525591850281e-02 7.957803010940551758e-01 2.469191998243331909e-01 5.503439903259277344e-01
1.403636670263555765e+09 1.087773513793945312e+01 -2.148687124252319336e+00 1.235824203491210938e+01 9.886258095502853394e-02 7.409774661064147949e-01 2.725367844104766846e-01 6.057246327400207520e-01
1.403636670863555670e+09 1.037374973297119141e+01 -2.171404838562011719e+00 1.203345489501953125e+01 1.162951067090034485e-01 6.666926145553588867e-01 2.547141313552856445e-01 6.907366514205932617e-01
1.403636671263555765e+09 9.686544418334960938e+00 -2.110328674316406250e+00 1.123773002624511719e+01 1.475111208856105804e-02 6.134170293807983398e-01 1.980549246072769165e-01 7.643796801567077637e-01
1.403636671663555622e+09 9.057003021240234375e+00 -1.967362403869628906e+00 1.036038303375244141e+01 -5.246025323867797852e-02 5.759150385856628418e-01 2.041822671890258789e-01 7.898604273796081543e-01
1.403636672063555717e+09 8.726673126220703125e+00 -1.942297935485839844e+00 9.619544982910156250e+00 -9.228126704692840576e-02 5.860705375671386719e-01 1.874457448720932007e-01 7.828598618507385254e-01
1.403636672463555574e+09 8.682783126831054688e+00 -1.975495100021362305e+00 9.256387710571289062e+00 -5.438615754246711731e-02 6.015393733978271484e-01 1.473192274570465088e-01 7.832557559013366699e-01
1.403636673063555717e+09 9.082663536071777344e+00 -1.857500314712524414e+00 9.507731437683105469e+00 -5.164964240975677967e-04 5.155624151229858398e-01 1.599554568529129028e-01 8.417894244194030762e-01
1.403636674663555622e+09 9.399882316589355469e+00 -1.700760602951049805e+00 1.003728866577148438e+01 -4.567402973771095276e-02 4.742089807987213135e-01 1.657636910676956177e-01 8.634594082832336426e-01
1.403636675463555574e+09 1.000461006164550781e+01 -1.886614322662353516e+00 1.066048431396484375e+01 1.566974446177482605e-03 4.372830390930175781e-01 1.057746708393096924e-01 8.930804729461669922e-01
1.403636675963555574e+09 1.025777912139892578e+01 -1.872408390045166016e+00 1.111310768127441406e+01 -1.785734109580516815e-02 3.589399456977844238e-01 8.414839208126068115e-02 9.293881654739379883e-01
1.403636676463555574e+09 1.048748016357421875e+01 -1.935797214508056641e+00 1.169499778747558594e+01 -2.004932053387165070e-02 2.620502412319183350e-01 5.574046447873115540e-02 9.632344841957092285e-01
1.403636677063555717e+09 1.074349212646484375e+01 -2.087443351745605469e+00 1.256292533874511719e+01 8.333102799952030182e-03 2.321898639202117920e-01 2.670770883560180664e-02 9.722680449485778809e-01
1.403636677663555622e+09 1.075140380859375000e+01 -2.209363222122192383e+00 1.292945098876953125e+01 4.897325765341520309e-03 1.460849493741989136e-01 3.643736988306045532e-02 9.885886907577514648e-01
1.403636677963555574e+09 1.079954242706298828e+01 -2.344567298889160156e+00 1.323192691802978516e+01 -1.154929306358098984e-02 5.126307532191276550e-02 -8.191390894353389740e-03 9.985848665237426758e-01
1.403636678563555717e+09 1.088142871856689453e+01 -2.524057626724243164e+00 1.351290893554687500e+01 -1.446742657572031021e-02 -6.175974011421203613e-02 -9.557422250509262085e-02 9.933992624282836914e-01
1.403636679163555622e+09 1.078829479217529297e+01 -2.533897876739501953e+00 1.366999626159667969e+01 -7.341938908211886883e-04 -1.666544824838638306e-01 -8.397258818149566650e-02 9.824329614639282227e-01
1.403636679463555574e+09 1.065987491607666016e+01 -2.706842899322509766e+00 1.372343349456787109e+01 6.691583897918462753e-03 -2.451460808515548706e-01 -1.155872344970703125e-01 9.625477194786071777e-01
1.403636680963555574e+09 1.022288703918457031e+01 -2.831051349639892578e+00 1.318846607208251953e+01 -2.319758199155330658e-02 -2.306444346904754639e-01 -1.019259169697761536e-01 9.674069285392761230e-01
1.403636681163555622e+09 9.661787986755371094e+00 -2.628934621810913086e+00 1.275164699554443359e+01 -4.515410866588354111e-03 -2.324071228504180908e-01 -1.130486875772476196e-01 9.660158753395080566e-01
1.403636681963555574e+09 9.157390594482421875e+00 -2.529074192047119141e+00 1.230283069610595703e+01 -1.040134765207767487e-02 -2.426726073026657104e-01 -1.082585155963897705e-01 9.639927148818969727e-01
1.403636682763555765e+09 8.356101989746093750e+00 -2.312589406967163086e+00 1.150508022308349609e+01 -7.881355122663080692e-04 -2.339963763952255249e-01 -1.107310205698013306e-01 9.659108519554138184e-01
1.403636683563555717e+09 7.892662048339843750e+00 -2.017555713653564453e+00 1.094445133209228516e+01 -2.015945874154567719e-02 -2.443847209215164185e-01 -1.063147932291030884e-01 9.636217951774597168e-01
1.403636684163555622e+09 7.462533473968505859e+00 -1.934382557868957520e+00 1.036480236053466797e+01 -5.431098863482475281e-03 -2.553605735301971436e-01 -1.053702831268310547e-01 9.610716104507446289e-01
1.403636684863555670e+09 7.051555633544921875e+00 -1.604542732238769531e+00 9.535959243774414062e+00 -9.725984185934066772e-03 -2.443977445363998413e-01 -1.226459518074989319e-01 9.618384242057800293e-01
1.403636685863555670e+09 6.672735214233398438e+00 -1.256428241729736328e+00 8.741695404052734375e+00 -1.564892753958702087e-02 -2.441663891077041626e-01 -1.081550866365432739e-01 9.635561108589172363e-01
1.403636686563555717e+09 6.273681163787841797e+00 -1.011243820190429688e+00 8.033259391784667969e+00 -1.765559427440166473e-02 -2.475423365831375122e-01 -1.033807918429374695e-01 9.631840586662292480e-01
1.403636687263555765e+09 5.988822937011718750e+00 -8.639193773269653320e-01 7.544276237487792969e+00 -8.111385628581047058e-03 -2.525801062583923340e-01 -1.008199229836463928e-01 9.622748494148254395e-01
1.403636687963555574e+09 5.835193634033203125e+00 -4.848078489303588867e-01 7.221650123596191406e+00 -5.840439349412918091e-03 -2.505961060523986816e-01 -1.119837611913681030e-01 9.615753293037414551e-01
1.403636688563555717e+09 5.680463790893554688e+00 -1.195897459983825684e-01 6.863578319549560547e+00 -9.649300947785377502e-03 -2.514503598213195801e-01 -1.262805908918380737e-01 9.595482349395751953e-01
1.403636689063555717e+09 5.504311084747314453e+00 3.381474316120147705e-02 6.582385063171386719e+00 -2.605856582522392273e-02 -2.802490890026092529e-01 -1.193465292453765869e-01 9.521228671073913574e-01
1.403636689463555574e+09 5.246304988861083984e+00 -1.502442359924316406e-02 6.261759281158447266e+00 -4.737081751227378845e-02 -2.929956912994384766e-01 -1.117400825023651123e-01 9.483795166015625000e-01
1.403636690263555765e+09 4.837221145629882812e+00 -2.138125002384185791e-01 6.266825675964355469e+00 -4.114122316241264343e-02 -2.904241383075714111e-01 -9.425439685583114624e-02 9.513555765151977539e-01
1.403636690863555670e+09 4.835391044616699219e+00 -2.785730063915252686e-01 6.663596153259277344e+00 2.577963098883628845e-02 -3.040442764759063721e-01 -6.192882731556892395e-02 9.502932429313659668e-01
1.403636691463555574e+09 5.185843467712402344e+00 -4.679938852787017822e-01 6.831332683563232422e+00 -4.197199828922748566e-03 -2.978568375110626221e-01 -1.088781952857971191e-01 9.483719468116760254e-01
1.403636691863555670e+09 5.586974143981933594e+00 -6.661881208419799805e-01 6.931556701660156250e+00 -1.014219247736036777e-03 -2.988899350166320801e-01 -1.107209101319313049e-01 9.478421807289123535e-01
1.403636692263555765e+09 6.089374542236328125e+00 -9.598501920700073242e-01 6.966391086578369141e+00 -5.656867288053035736e-03 -2.886188924312591553e-01 -1.266124099493026733e-01 9.490187168121337891e-01
1.403636692863555670e+09 6.705294609069824219e+00 -1.493810415267944336e+00 6.849905014038085938e+00 -5.503937974572181702e-02 -2.863686382770538330e-01 -1.315200030803680420e-01 9.474524855613708496e-01
1.403636693963555574e+09 6.776866912841796875e+00 -1.714961051940917969e+00 7.398671627044677734e+00 -1.994636282324790955e-02 -2.918197214603424072e-01 -1.100495681166648865e-01 9.499118924140930176e-01
1.403636695663555622e+09 6.468856811523437500e+00 -1.751680850982666016e+00 7.326364517211914062e+00 -1.582168415188789368e-02 -1.711734086275100708e-01 -9.032808989286422729e-02 9.809639453887939453e-01
1.403636698563555717e+09 6.190653800964355469e+00 -1.561921238899230957e+00 7.164629459381103516e+00 -1.964250206947326660e-02 -6.852360814809799194e-02 -5.577853694558143616e-02 9.958953261375427246e-01
1.403636698963555574e+09 5.956276416778564453e+00 -1.398872733116149902e+00 7.076960086822509766e+00 -1.810946874320507050e-02 3.717355057597160339e-02 -3.117177868261933327e-03 9.991399049758911133e-01
1.403636699363555670e+09 5.776890277862548828e+00 -1.371998429298400879e+00 6.981381893157958984e+00 -2.074944414198398590e-02 1.418992727994918823e-01 5.571490526199340820e-02 9.880940914154052734e-01
1.403636699763555765e+09 5.762346267700195312e+00 -1.105640172958374023e+00 6.865065097808837891e+00 -9.421810507774353027e-03 2.431728839874267578e-01 8.488272875547409058e-02 9.662159085273742676e-01
1.403636700663555622e+09 6.018995285034179688e+00 -7.466037273406982422e-01 6.710949897766113281e+00 -2.681070752441883087e-02 2.914081215858459473e-01 8.587934821844100952e-02 9.523588418960571289e-01
1.403636701963555574e+09 6.513219833374023438e+00 -6.453324556350708008e-01 6.572381973266601562e+00 -1.151719409972429276e-02 3.729503452777862549e-01 1.107073202729225159e-01 9.211511015892028809e-01
1.403636702563555717e+09 7.528522968292236328e+00 -1.742402315139770508e-01 6.863284111022949219e+00 -4.568407312035560608e-03 3.817513585090637207e-01 1.148765012621879578e-01 9.170870184898376465e-01
1.403636704663555622e+09 8.253973007202148438e+00 -1.055318117141723633e-01 7.154849052429199219e+00 -4.310027509927749634e-02 3.758192658424377441e-01 1.048622205853462219e-01 9.197316169738769531e-01
1.403636705363555670e+09 8.714543342590332031e+00 -1.657969355583190918e-01 7.564601421356201172e+00 -3.448495268821716309e-02 3.770469725131988525e-01 1.007090806961059570e-01 9.200565814971923828e-01
1.403636705863555670e+09 9.083452224731445312e+00 -2.340601682662963867e-01 7.967270851135253906e+00 5.797733901999890804e-04 3.687860071659088135e-01 1.188934743404388428e-01 9.218790531158447266e-01
1.403636706363555670e+09 9.649024009704589844e+00 -3.018054366111755371e-01 8.495393753051757812e+00 -2.181559056043624878e-02 3.741240203380584717e-01 8.886776119470596313e-02 9.228531122207641602e-01
1.403636706963555574e+09 1.015486431121826172e+01 -5.501860380172729492e-01 9.063403129577636719e+00 -2.417892403900623322e-02 3.854940831661224365e-01 9.483376890420913696e-02 9.175054430961608887e-01
1.403636707563555717e+09 1.061553764343261719e+01 -9.858889579772949219e-01 9.724548339843750000e+00 -2.221472002565860748e-02 3.824203610420227051e-01 1.174214109778404236e-01 9.162277579307556152e-01
1.403636708163555622e+09 1.115542125701904297e+01 -1.086524367332458496e+00 1.051886272430419922e+01 6.944593973457813263e-03 3.675211071968078613e-01 1.259752511978149414e-01 9.214175343513488770e-01
1.403636708863555670e+09 1.189212036132812500e+01 -1.243372201919555664e+00 1.137952613830566406e+01 -8.043717592954635620e-03 3.992099761962890625e-01 8.804246783256530762e-02 9.125871658325195312e-01
1.403636709863555670e+09 1.207752323150634766e+01 -1.447662234306335449e+00 1.226997852325439453e+01 -1.191517617553472519e-02 3.880065679550170898e-01 8.438777178525924683e-02 9.177078604698181152e-01
1.403636710463555574e+09 1.203538227081298828e+01 -1.421265125274658203e+00 1.293996047973632812e+01 1.936042448505759239e-03 3.120186030864715576e-01 8.356525748968124390e-02 9.463918805122375488e-01
1.403636711063555717e+09 1.190275096893310547e+01 -1.534452319145202637e+00 1.349244213104248047e+01 2.297643013298511505e-02 2.710833549499511719e-01 4.327893257141113281e-02 9.613079428672790527e-01
1.403636712163555622e+09 1.128269481658935547e+01 -1.842791318893432617e+00 1.370636653900146484e+01 1.120097842067480087e-02 2.476193904876708984e-01 3.850984200835227966e-02 9.680269360542297363e-01
1.403636712663555622e+09 1.081613731384277344e+01 -2.022161722183227539e+00 1.358940601348876953e+01 1.610519923269748688e-02 2.104975283145904541e-01 3.240457549691200256e-02 9.769244790077209473e-01
1.403636713363555670e+09 9.975034713745117188e+00 -2.246443510055541992e+00 1.307882690429687500e+01 1.614916254766285419e-03 2.034665197134017944e-01 6.049278751015663147e-02 9.772100448608398438e-01
1.403636714463555574e+09 9.294725418090820312e+00 -2.131559848785400391e+00 1.238255500793457031e+01 -2.319644391536712646e-02 1.987217515707015991e-01 5.626554787158966064e-02 9.781645536422729492e-01
1.403636714863555670e+09 9.093333244323730469e+00 -2.103186130523681641e+00 1.210170841217041016e+01 -3.144699707627296448e-02 1.168150976300239563e-01 1.156250666826963425e-02 9.925884008407592773e-01
1.403636715263555765e+09 8.700029373168945312e+00 -1.991421937942504883e+00 1.119433307647705078e+01 -4.796011373400688171e-03 7.253478467464447021e-02 7.571293099317699671e-05 9.973543882369995117e-01
1.403636717063555717e+09 8.517323493957519531e+00 -1.788054585456848145e+00 1.054770851135253906e+01 -7.210504729300737381e-03 -1.789464987814426422e-02 -5.395896732807159424e-02 9.983567595481872559e-01
1.403636718063555717e+09 8.216019630432128906e+00 -1.652924060821533203e+00 1.016457080841064453e+01 -1.118834689259529114e-02 -8.754959702491760254e-02 -6.778973340988159180e-02 9.937879443168640137e-01
1.403636718463555574e+09 7.916367530822753906e+00 -1.464110255241394043e+00 9.892354965209960938e+00 -1.806659065186977386e-02 -1.517889946699142456e-01 -6.083503365516662598e-02 9.863736033439636230e-01
1.403636718863555670e+09 7.559200763702392578e+00 -1.194222927093505859e+00 9.559848785400390625e+00 8.253831765614449978e-04 -1.690178066492080688e-01 -8.423563838005065918e-02 9.820064902305603027e-01
1.403636719763555765e+09 7.118650913238525391e+00 -8.046956062316894531e-01 8.840521812438964844e+00 -1.597952842712402344e-02 -1.542097777128219604e-01 -6.869323551654815674e-02 9.855177402496337891e-01
1.403636721163555622e+09 7.006400108337402344e+00 -5.696136355400085449e-01 8.387476921081542969e+00 -5.023831501603126526e-03 -8.113012462854385376e-02 -3.952485322952270508e-02 9.959068894386291504e-01
1.403636721663555622e+09 7.084609031677246094e+00 -3.321445584297180176e-01 7.778104305267333984e+00 -7.708214689046144485e-03 -2.937618084251880646e-02 -3.937425091862678528e-02 9.987629055976867676e-01
1.403636723663555622e+09 6.909204483032226562e+00 -8.876072615385055542e-02 6.890810966491699219e+00 -2.370773442089557648e-02 5.889957398176193237e-02 -4.536177963018417358e-03 9.979720711708068848e-01
1.403636724463555574e+09 6.596528053283691406e+00 -5.227465629577636719e-01 5.618134021759033203e+00 -5.896442569792270660e-03 9.900745004415512085e-02 -9.979502297937870026e-03 9.950192570686340332e-01
1.403636728663555622e+09 6.118100643157958984e+00 -7.375007271766662598e-01 4.820417404174804688e+00 -7.225231383927166462e-04 5.543854087591171265e-02 -1.614601910114288330e-02 9.983313083648681641e-01
1.403636729263555765e+09 5.675540924072265625e+00 -5.998581051826477051e-01 4.152431011199951172e+00 -1.159253530204296112e-02 2.939079143106937408e-02 -2.050323784351348877e-02 9.992905259132385254e-01
1.403636730563555717e+09 5.136744499206542969e+00 -4.912368059158325195e-01 3.542771100997924805e+00 -1.699409447610378265e-02 1.778132095932960510e-02 1.124615874141454697e-02 9.996342658996582031e-01
1.403636732563555717e+09 4.469924926757812500e+00 -5.463325232267379761e-02 2.198038578033447266e+00 -4.466345999389886856e-03 2.032315731048583984e-02 -2.544256299734115601e-02 9.994597434997558594e-01
1.403636734863555670e+09 3.643920660018920898e+00 -9.619674831628799438e-02 1.235686540603637695e+00 -1.160173118114471436e-02 1.159368921071290970e-02 -1.980154030025005341e-02 9.996694326400756836e-01
1.403636736463555574e+09 3.049662113189697266e+00 -3.542961552739143372e-02 8.530021309852600098e-01 -1.804757863283157349e-02 -4.679095745086669922e-02 -3.975737839937210083e-02 9.979500174522399902e-01
1.403636738763555765e+09 2.762281417846679688e+00 -2.917601764202117920e-01 6.627625823020935059e-01 -1.160576846450567245e-02 4.283455014228820801e-02 1.561758015304803848e-02 9.988927245140075684e-01
1.403636739063555717e+09 2.883742809295654297e+00 -1.599441915750503540e-01 7.410572767257690430e-01 -8.359535597264766693e-03 1.599858999252319336e-01 3.641324862837791443e-02 9.864120483398437500e-01
1.403636739463555574e+09 3.185971021652221680e+00 3.204501792788505554e-02 8.203107118606567383e-01 -9.701094590127468109e-03 2.442886084318161011e-01 4.782985895872116089e-02 9.684737324714660645e-01
1.403636741463555574e+09 3.548408269882202148e+00 9.705518484115600586e-01 9.598863124847412109e-01 -2.853426709771156311e-02 2.485576868057250977e-01 5.314675718545913696e-02 9.667369127273559570e-01
1.403636742863555670e+09 4.159538269042968750e+00 1.530560135841369629e+00 1.780187964439392090e+00 2.746148966252803802e-03 2.887628376483917236e-01 7.421214133501052856e-02 9.545161128044128418e-01
1.403636744763555765e+09 4.490282058715820312e+00 2.230103969573974609e+00 2.258612155914306641e+00 -4.333280492573976517e-03 2.896190881729125977e-01 7.815761119127273560e-02 9.539357423782348633e-01
1.403636746063555717e+09 4.437645435333251953e+00 1.399613618850708008e+00 2.932087898254394531e+00 6.059587467461824417e-04 3.156323730945587158e-01 9.440049529075622559e-02 9.441739320755004883e-01
1.403636749463555574e+09 4.404727935791015625e+00 6.457397341728210449e-01 2.710617303848266602e+00 -2.321203704923391342e-03 3.034600913524627686e-01 7.104296237230300903e-02 9.501892328262329102e-01
1.403636751663555622e+09 4.101554870605468750e+00 -2.235152125358581543e-01 2.328637838363647461e+00 -2.086130203679203987e-03 2.646113634109497070e-01 6.505379080772399902e-02 9.621562361717224121e-01
1.403636752563555717e+09 4.094683647155761719e+00 -4.988620877265930176e-01 2.234253644943237305e+00 -1.011417340487241745e-02 1.454865783452987671e-01 1.245037931948900223e-02 9.892302155494689941e-01
1.403636753163555622e+09 4.001427650451660156e+00 -4.898155629634857178e-01 2.223557233810424805e+00 -9.415582753717899323e-03 1.866530627012252808e-02 -3.430751711130142212e-02 9.991926550865173340e-01
1.403636754463555574e+09 3.345082044601440430e+00 -5.147233009338378906e-01 1.914519548416137695e+00 1.830327906645834446e-03 -4.068606719374656677e-02 -5.350420251488685608e-02 9.977367520332336426e-01
1.403636755263555765e+09 2.734435081481933594e+00 -4.294965863227844238e-01 1.463913321495056152e+00 -1.819016039371490479e-02 -5.574928596615791321e-02 -5.714440345764160156e-02 9.966421723365783691e-01
1.403636756263555765e+09 1.945166230201721191e+00 -3.087213933467864990e-01 9.954230785369873047e-01 -1.384769449941813946e-03 -6.051996350288391113e-02 -5.294700339436531067e-02 9.967607855796813965e-01
1.403636756963555574e+09 1.413289546966552734e+00 -2.350233942270278931e-01 5.721827149391174316e-01 -3.956947475671768188e-04 -6.615578383207321167e-02 -5.140719562768936157e-02 9.964841604232788086e-01
1.403636757563555717e+09 9.756522774696350098e-01 -1.034151464700698853e-01 1.857938319444656372e-01 -3.630821779370307922e-02 -8.244004100561141968e-02 -6.798649579286575317e-02 9.936112165451049805e-01
1.403636757963555574e+09 5.832411050796508789e-01 -1.625974327325820923e-01 -7.636503130197525024e-02 -1.303000748157501221e-02 -1.029411107301712036e-01 -6.243410333991050720e-02 9.926406145095825195e-01
1.403636758363555670e+09 2.077686488628387451e-01 -1.244105398654937744e-01 -2.654754519462585449e-01 -4.544879496097564697e-02 -1.115750968456268311e-01 -4.152984544634819031e-02 9.918471574783325195e-01
1.403636758863555670e+09 -1.968284398317337036e-01 -3.284279955551028252e-03 -3.327025473117828369e-01 -8.027918636798858643e-03 -1.139597073197364807e-01 -3.005780279636383057e-02 9.929981827735900879e-01
1.403636759563555717e+09 -3.141089081764221191e-01 2.403211444616317749e-01 -3.786846399307250977e-01 -1.332102902233600616e-02 -1.087651699781417847e-01 -5.922977998852729797e-02 9.922119379043579102e-01
1.403636760163555622e+09 -3.154202699661254883e-01 3.739900588989257812e-01 -4.431490600109100342e-01 -8.963841944932937622e-03 -1.070025712251663208e-01 -6.196961179375648499e-02 9.922851920127868652e-01
1.403636760763555765e+09 -3.371991813182830811e-01 5.006102919578552246e-01 -4.967357516288757324e-01 -2.072931267321109772e-02 -1.066428273916244507e-01 -7.083615660667419434e-02 9.915542602539062500e-01
1.403636761163555622e+09 -3.688526153564453125e-01 5.485682487487792969e-01 -5.141447782516479492e-01 -4.682075977325439453e-02 -1.077220514416694641e-01 -6.947544962167739868e-02 9.906447529792785645e-01
1.403636761463555574e+09 -4.396936595439910889e-01 5.638311505317687988e-01 -4.984692037105560303e-01 -1.650787331163883209e-02 -1.083847731351852417e-01 -6.642707437276840210e-02 9.917498230934143066e-01
1.403636761663555622e+09 -4.921149313449859619e-01 5.512059926986694336e-01 -4.879477620124816895e-01 -9.243859909474849701e-03 -1.131857410073280334e-01 -4.769235104322433472e-02 9.923855066299438477e-01
1.403636761963555574e+09 -5.528559684753417969e-01 5.068590641021728516e-01 -4.921761155128479004e-01 -1.901221461594104767e-02 -9.668251127004623413e-02 -8.578009903430938721e-02 9.914296865463256836e-01
1.403636762463555574e+09 -6.336953043937683105e-01 5.274532437324523926e-01 -4.791457355022430420e-01 -3.377448022365570068e-02 -1.107783541083335876e-01 -3.969288989901542664e-02 9.924777150154113770e-01
1.403636762663555622e+09 -6.736381649971008301e-01 5.904283523559570312e-01 -4.273577034473419189e-01 -1.482618320733308792e-02 -1.150537058711051941e-01 -2.824579179286956787e-02 9.928469657897949219e-01
1.403636762863555670e+09 -6.563386917114257812e-01 6.243207454681396484e-01 -4.196086823940277100e-01 2.612825483083724976e-03 -1.032279357314109802e-01 -4.705540463328361511e-02 9.935406446456909180e-01
1.403636763063555717e+09 -6.218045949935913086e-01 6.290916204452514648e-01 -4.352937936782836914e-01 1.701488159596920013e-02 -7.198830693960189819e-02 -1.523306313902139664e-02 9.971439838409423828e-01
