1.403636580863555584e+18 4.577419160711780677e+00 -1.731655010722837229e+00 7.680886849573865804e-01 -6.847994341939809271e-01 -4.799771890007176189e-01 3.153450915617824757e-01 4.485856731934980690e-01
1.403636580963555584e+18 4.570129056094027753e+00 -1.729031323370403994e+00 8.424814472391215503e-01 -6.775870528418664884e-01 -4.750522203460634252e-01 3.147215784784253012e-01 4.649209629661769094e-01
1.403636581163555584e+18 4.559645001083635130e+00 -1.726195513638356216e+00 9.685638705357541012e-01 -6.655912765968280409e-01 -4.631663028439164109e-01 3.291019530128501680e-01 4.838978538402811114e-01
1.403636581963555584e+18 4.581847118359123172e+00 -1.720842381803652232e+00 7.466038081126809001e-01 -6.752357796135256551e-01 -4.658517720029443088e-01 3.253256879667641432e-01 4.703211298680753938e-01
1.403636582363555584e+18 4.582344793514822712e+00 -1.734267786528623123e+00 7.272383885534964287e-01 -6.865161967525841291e-01 -4.756549160324498038e-01 3.164259459248875972e-01 4.498027714410733902e-01
1.403636583963555584e+18 4.574553997468061795e+00 -1.711062557533107986e+00 8.020889483946649356e-01 -6.872016255530816187e-01 -4.804102497984459319e-01 2.999620765750107276e-01 4.549534815149832157e-01
1.403636585963555584e+18 4.625703253829538397e+00 -1.729146229339080243e+00 8.123678606956128423e-01 -7.541082340289919639e-01 -4.833803477578063057e-01 2.470034514808688575e-01 3.696667495566179351e-01
1.403636587663555584e+18 4.654465969936606662e+00 -1.582987349363398133e+00 8.249164823214073516e-01 -7.634875299042894747e-01 -4.921954110697669971e-01 2.396968202046289298e-01 3.426016686858071592e-01
1.403636587963555584e+18 4.684857466052989139e+00 -1.449531709586115324e+00 8.197143843926891771e-01 -7.801913243989779811e-01 -4.693882949048109321e-01 2.225542274708513235e-01 3.484906623910829504e-01
1.403636589463555584e+18 4.618136617074484640e+00 -1.784645341466382540e+00 8.354791324225359084e-01 -7.576417286923589067e-01 -5.002266819505206685e-01 2.487481955017641078e-01 3.374560902450015054e-01
1.403636589663555584e+18 4.596712331616265246e+00 -1.871732268519435305e+00 8.332436874506652380e-01 -7.526098835661189090e-01 -5.053554079163008472e-01 2.540177436588363924e-01 3.371487220127277196e-01
1.403636589863555584e+18 4.580639008033418946e+00 -1.943424906430066601e+00 8.260468024693208289e-01 -7.493048578150404149e-01 -5.173406022225163214e-01 2.590419306358356932e-01 3.221772951641453386e-01
1.403636590163555584e+18 4.620738821518150630e+00 -1.865732073693290083e+00 8.364567420371717965e-01 -7.471354713338803633e-01 -5.105374880680776384e-01 2.547715242047645656e-01 3.409274573955853871e-01
1.403636590863555584e+18 4.645248715954565455e+00 -1.780084993186217490e+00 8.324618520861043480e-01 -7.548148568000856429e-01 -5.066544730956600295e-01 2.485767283007986050e-01 3.343133066351027249e-01
1.403636592963555584e+18 4.425147594132984530e+00 -1.562650009460706091e+00 7.883235778782687886e-01 -7.285373922800322255e-01 -5.133892032917404258e-01 2.901910914134134267e-01 3.485024023698749529e-01
1.403636593163555584e+18 4.419591250444566022e+00 -1.684079188433131868e+00 7.897209382476431117e-01 -7.039090412802062602e-01 -5.500245336062278279e-01 3.152641600519869858e-01 3.203023312777280029e-01
1.403636593363555584e+18 4.459105939901230720e+00 -1.804397877344053436e+00 7.960015050863522568e-01 -6.912321536273506872e-01 -5.663774472794886883e-01 3.358178418824087075e-01 2.977265088605745569e-01
1.403636593463555584e+18 4.533980286617528499e+00 -1.870396285432665451e+00 7.913339220373114546e-01 -6.964682719381917186e-01 -5.657207688363355969e-01 3.286670397952243250e-01 2.947370605181825476e-01
1.403636593663555584e+18 4.621059308305457414e+00 -1.872260013678299639e+00 7.799470816497414694e-01 -7.270382744347614334e-01 -5.397409189349211545e-01 3.063065103771700493e-01 2.937199510329050467e-01
1.403636593863555584e+18 4.663006726746425024e+00 -1.849751843792744044e+00 7.749952719418589098e-01 -7.464354514396864815e-01 -5.142051252393192717e-01 2.910460749646008871e-01 3.061362250034248000e-01
1.403636593963555584e+18 4.700308491170898328e+00 -1.814962071057651283e+00 7.728852677548364580e-01 -7.634727064709443400e-01 -4.832767950002991308e-01 2.764747488900456962e-01 3.272837898741038365e-01
1.403636594163555584e+18 4.749035716669994578e+00 -1.719836013258447149e+00 7.732472582407954320e-01 -7.927425534293414122e-01 -4.269341678973040954e-01 2.416612573390576613e-01 3.617821125559828599e-01
1.403636594363555584e+18 4.746872322809793765e+00 -1.600797558921493779e+00 7.681437628761549341e-01 -8.077496407639045417e-01 -4.006460692003588342e-01 2.116858109221713136e-01 3.771105441834091687e-01
1.403636594463555584e+18 4.726485335619954320e+00 -1.538579164741554983e+00 7.660418764813438086e-01 -8.058132982986458970e-01 -3.974196083340960639e-01 2.047107980048957221e-01 3.883504504655940215e-01
1.403636594663555584e+18 4.616775078331143867e+00 -1.435729868782360086e+00 7.629489762437932088e-01 -7.922779953022783817e-01 -3.992729019464140161e-01 2.220533007708551942e-01 4.044367188422192116e-01
1.403636594863555584e+18 4.529122756235408609e+00 -1.492283276068856912e+00 7.560872477606058739e-01 -7.650765655474083271e-01 -4.400455589888437324e-01 2.508970973192801712e-01 3.975781702019587915e-01
1.403636595163555584e+18 4.471528167569103651e+00 -1.627305292109425539e+00 7.517366015857698258e-01 -7.286612954323049562e-01 -4.986985617878882393e-01 2.908993385054898240e-01 3.684155749512703637e-01
1.403636595363555584e+18 4.467034078891806814e+00 -1.753480577468735646e+00 7.495741339508167345e-01 -7.022552745801666774e-01 -5.401143079505283939e-01 3.199487548783806479e-01 3.357779890392310063e-01
1.403636595463555584e+18 4.551994393257985827e+00 -1.790237168887023333e+00 7.456865587394304606e-01 -6.988366880645330292e-01 -5.529564611065937996e-01 3.193803360208716802e-01 3.222772664937165743e-01
1.403636595863555584e+18 4.634243830637498007e+00 -1.718472336438078507e+00 7.331693627387237955e-01 -7.192040868643269080e-01 -5.301497319075624270e-01 2.889228941794267924e-01 3.438172543881022891e-01
1.403636595963555584e+18 4.675139010625337654e+00 -1.676207206113707882e+00 7.268492370965913274e-01 -7.349484567843629357e-01 -5.102959753965018441e-01 2.708586064172598395e-01 3.550836502771091974e-01
1.403636596163555584e+18 4.802737450895920190e+00 -1.687670784071300556e+00 7.360765294480616783e-01 -7.705320827866458666e-01 -4.596540166263818339e-01 2.400620801719879627e-01 3.706328264727843380e-01
1.403636596463555584e+18 4.844705800639075299e+00 -1.779882359745372566e+00 7.588422331432274071e-01 -7.614701923179638676e-01 -4.650258477254350375e-01 2.430722118303260959e-01 3.805653780816072862e-01
1.403636597163555584e+18 4.677975371625196388e+00 -1.713357248034828029e+00 7.555564612897676113e-01 -7.498037258301927244e-01 -4.964472148306947608e-01 2.373178641952121415e-01 3.674435561441104503e-01
1.403636597363555584e+18 4.621435914660803057e+00 -1.679512638098290322e+00 7.600008106815664410e-01 -7.404028214094373617e-01 -5.074544025771220435e-01 2.464854159903776543e-01 3.654293790297812317e-01
1.403636597463555584e+18 4.566081764165539347e+00 -1.652945894513871750e+00 7.631945684506522554e-01 -7.291101640046754317e-01 -5.202572985169944264e-01 2.550703502703191572e-01 3.642386971449504962e-01
1.403636598163555584e+18 4.625243879008188230e+00 -1.767689894721815147e+00 7.385418821353401109e-01 -6.849870274393954350e-01 -5.813757458679995604e-01 2.891170108524058757e-01 3.304638685120327990e-01
1.403636598363555584e+18 4.653980938158800207e+00 -1.757589074316853850e+00 7.095268050687998374e-01 -6.926623427185308879e-01 -5.823360074521387597e-01 2.696087596475496562e-01 3.292639824300386819e-01
1.403636598663555584e+18 4.617493177073676236e+00 -1.722402675867601873e+00 6.836741966191692832e-01 -6.804776523078764905e-01 -5.802874253388321524e-01 2.887024105806892393e-01 3.418590160111162346e-01
1.403636598963555584e+18 4.517644810100740926e+00 -1.659476434710716486e+00 6.053302383902191552e-01 -6.426954617294572403e-01 -5.628442090101744011e-01 3.514912890327701045e-01 3.828874685728859695e-01
1.403636599463555584e+18 4.459677317765994964e+00 -1.631810979752669422e+00 5.472870146893565879e-01 -6.217672265291772637e-01 -5.230611420298949543e-01 3.876850170200856760e-01 4.353307768705685921e-01
1.403636600163555584e+18 4.482066580873778072e+00 -1.608808661157467013e+00 5.423784971557709111e-01 -6.284685875461059057e-01 -5.096824680612801473e-01 3.864727979178579353e-01 4.425943884509916937e-01
1.403636624963555584e+18 4.542040244497662194e+00 -1.570426416334856690e+00 5.637300573945316362e-01 -6.241012690661783546e-01 -5.428023004135683616e-01 3.420902337596488096e-01 4.459120323359670457e-01
1.403636625163555584e+18 4.561163473845506466e+00 -1.565817887389529650e+00 6.173677456394440766e-01 -6.288998339068553323e-01 -5.391264253254341998e-01 3.493455526326280647e-01 4.379330785446018948e-01
1.403636625963555584e+18 4.494074568149843962e+00 -1.574542300426338581e+00 7.697440683305444287e-01 -6.157265702197713964e-01 -5.270890675373163248e-01 3.775462326465767737e-01 4.477909644269476019e-01
1.403636626163555584e+18 4.527713268038939809e+00 -1.479123399303513331e+00 9.187833100147483334e-01 -6.216519376647835493e-01 -5.258511471401142723e-01 3.731199428434496812e-01 4.447594267708634974e-01
1.403636627863555584e+18 4.509864863500851584e+00 -1.360548142978665442e+00 9.899065098435219090e-01 -6.494548622071804056e-01 -4.842304210019108268e-01 3.616652890991349234e-01 4.614406787362852480e-01
1.403636628963555584e+18 4.498509202550471819e+00 -1.172765942742007406e+00 1.032685116420361648e+00 -6.727345535999935677e-01 -4.737278690385566815e-01 3.209022058428285251e-01 4.690755810890310795e-01
1.403636629463555584e+18 4.454064459660953545e+00 -9.894825680429106818e-01 9.954964617722542597e-01 -7.106050826121365072e-01 -4.208833774777382963e-01 2.914931911319670332e-01 4.826275154323806937e-01
1.403636629863555584e+18 4.393549198285230162e+00 -7.879336324075701947e-01 9.326501452368010092e-01 -7.330734366444069394e-01 -3.737290735108458883e-01 2.553569676616549988e-01 5.076639982958491837e-01
1.403636630363555584e+18 4.264883372191424549e+00 -4.679135626372881163e-01 1.004966859810601409e+00 -7.274558794753368529e-01 -3.761242526844248424e-01 2.469045519065179439e-01 5.180508007977485674e-01
1.403636631163555584e+18 3.945391641420508133e+00 9.408935164582010735e-02 9.242436868658332472e-01 -7.194569225830876880e-01 -3.860297588002745139e-01 2.560935999252983986e-01 5.174735065152381575e-01
1.403636633863555584e+18 2.935987449018524931e+00 9.624884159836741837e-01 7.860583800667768628e-01 -6.820898902857959190e-01 -4.561644697483424604e-01 3.159816962378188543e-01 4.762593051603246641e-01
1.403636634663555584e+18 2.487541586753879486e+00 1.353094646148280678e+00 7.946946967889000346e-01 -6.574554792957543192e-01 -4.901153943729290030e-01 3.262481301253398192e-01 4.702141539047686725e-01
1.403636635663555584e+18 2.062444453911963294e+00 1.658206380905805188e+00 8.419990241486621230e-01 -6.637782306949270295e-01 -4.758167698816256341e-01 3.489916617599627680e-01 4.595668416856770744e-01
1.403636636163555584e+18 1.752348514727471329e+00 1.950850411738231482e+00 9.915621623095951520e-01 -6.527616416298692714e-01 -4.829667184950414693e-01 3.361088439250549675e-01 4.771543074081723290e-01
1.403636639463555584e+18 1.591811719110922674e-01 2.965871436621179136e+00 9.783645656764305976e-01 -6.446012866938468644e-01 -5.020003847914425998e-01 3.346363490146428421e-01 4.695777984317725529e-01
1.403636639963555584e+18 -2.089315970261340638e-01 3.280883291992863882e+00 9.481594054116302406e-01 -6.270610048723241903e-01 -5.123429984684257921e-01 3.586749468599709778e-01 4.643828491491589494e-01
1.403636641363555584e+18 -7.257376776244335304e-01 3.772807333605183278e+00 8.829146795400473202e-01 -6.299855033727825848e-01 -5.073095489772819766e-01 3.582071691071040398e-01 4.663077428661067114e-01
1.403636642363555584e+18 -1.013378293528824248e+00 4.200416442202469902e+00 9.270661862100402217e-01 -6.723237714714882518e-01 -4.958115008893349551e-01 3.172227793858579670e-01 4.489113611159002981e-01
1.403636644363555584e+18 -1.414321311237125567e+00 4.660244185785578530e+00 7.025386591077000809e-01 -6.644839091956762367e-01 -4.841610005687265739e-01 3.261958023452941058e-01 4.665249816254554149e-01
1.403636646163555584e+18 -2.226319215688898900e+00 5.474543779237878383e+00 6.624596236031803365e-01 -6.991485830485228981e-01 -4.085465610681360826e-01 3.151174713651407888e-01 4.949565086965542760e-01
1.403636646463555584e+18 -2.467203093249466406e+00 5.780269911367429181e+00 7.083491662766894237e-01 -7.173191325912583460e-01 -3.625010069643255228e-01 2.676055262800430823e-01 5.314447894868814526e-01
1.403636647963555584e+18 -2.819855456157045914e+00 6.648150517692165806e+00 8.415982935310735158e-01 -7.411421619040955422e-01 -3.165068962202770009e-01 2.342253135224144911e-01 5.437556280154320909e-01
1.403636650463555584e+18 -2.274360453379260072e+00 7.670622940368332365e+00 1.035172569240627283e+00 -8.096001186841437214e-01 -7.452518517012968191e-02 4.711839044576807134e-02 5.803218950580603108e-01
1.403636651163555584e+18 -1.836833976877256802e+00 7.607146797354883638e+00 1.086851793254493881e+00 -7.988734192282410662e-01 -2.424084873233259274e-02 3.504371568490162459e-02 5.999879826249114867e-01
1.403636652163555584e+18 -1.682286852371449370e+00 7.534508402842316599e+00 1.021543637903750135e+00 -8.134519974047575985e-01 5.440686837419585892e-02 -3.918005492889346103e-02 5.777548475674544326e-01
1.403636652463555584e+18 -1.316967458795203605e+00 7.424828737134953727e+00 9.918320365394150961e-01 -8.175214437493466546e-01 1.141136592390619431e-01 -8.890714033262110683e-02 5.574336572031961534e-01
1.403636653363555584e+18 -7.484731286260988270e-01 7.364751424181303463e+00 1.008788725832956423e+00 -7.972849741263579038e-01 1.125749282842352372e-01 -9.221867880206532919e-02 5.857979778337697452e-01
1.403636655463555584e+18 -3.596387394016140604e-01 6.875264685082183469e+00 9.792536176788093627e-01 -7.739684780232966022e-01 2.623759287955821917e-01 -1.757230599164879559e-01 5.488652596298514430e-01
1.403636658463555584e+18 7.038774093581348090e-01 5.198045610019175200e+00 7.961504299476127589e-01 -7.649771500422659631e-01 3.008139835299962761e-01 -2.348909997707794017e-01 5.187939142402420156e-01
1.403636658863555584e+18 9.521559533452870205e-01 4.954051315850127146e+00 6.873874117536442618e-01 -7.477177236429952689e-01 2.985500023399014768e-01 -2.396665341365099566e-01 5.425366847209278642e-01
1.403636659463555584e+18 1.142888843214220351e+00 4.673099385749523549e+00 5.364651015269290557e-01 -7.515230288641927547e-01 3.022526157338202291e-01 -2.412641117920849010e-01 5.344605895012554120e-01
1.403636661863555584e+18 9.619993115921658955e-01 4.751679637179810456e+00 -5.411234535293107939e-02 -7.585039245619717985e-01 3.052893487512806647e-01 -2.405817738726323263e-01 5.230589068579210021e-01
1.403636662863555584e+18 8.483908861106854715e-01 4.956614048272339090e+00 -3.576762247840139519e-01 -7.704328243133365950e-01 2.810911211498206552e-01 -2.701162851211492133e-01 5.044385367353114713e-01
1.403636664663555584e+18 7.111830254975886056e-01 5.577815557915700495e+00 -4.919026274436557600e-01 -7.581258073824328481e-01 2.777318739194479247e-01 -2.276398580655028814e-01 5.443256023832098167e-01
1.403636665463555584e+18 3.956569185594260851e-01 6.222840908065237819e+00 -4.162717106163125180e-01 -7.668921047246103351e-01 2.714019805229887505e-01 -2.289283878261488825e-01 5.346113148134602477e-01
1.403636665963555584e+18 2.329856115371295999e-01 6.505531537005557752e+00 -3.598034445231470535e-01 -7.537172810614680696e-01 2.893016831322421933e-01 -2.122128219565173612e-01 5.506183020599759725e-01
1.403636666363555584e+18 6.740533830931205728e-02 6.729545752021885541e+00 -3.675888467943031479e-01 -7.547963968901274523e-01 2.906357631564699395e-01 -2.045503922953628984e-01 5.513369109972146020e-01
1.403636666863555584e+18 -1.172194123385761344e-01 6.949045604274168397e+00 -3.261423259066988933e-01 -7.740400586240941960e-01 2.998516064089637445e-01 -1.794126023204039855e-01 5.279792798091539341e-01
1.403636668363555584e+18 -4.215229807301268394e-01 7.804277098329437834e+00 -5.434822380765340633e-01 -7.660458981825617464e-01 2.763253397370369346e-01 -2.397437353136690208e-01 5.285271325814145937e-01
1.403636669163555584e+18 -6.140566280426167367e-01 8.194579547448483936e+00 -5.820052658963512648e-01 -7.510500898466122566e-01 2.856409690222053155e-01 -2.311903906195071912e-01 5.485289442159371198e-01
1.403636670863555584e+18 -1.115768751391119196e+00 7.944199480471607622e+00 -4.597080556913311078e-01 -7.559600864624673733e-01 2.071171331061887333e-01 -2.444563625198671944e-02 6.205072535577387249e-01
1.403636671663555584e+18 -3.140237249316850665e-01 6.693638697158331041e+00 -2.072278921697883192e-01 -8.461435086095987490e-01 2.547338069346352998e-02 -3.078319434609022923e-02 5.314552329780322104e-01
1.403636672463555584e+18 3.010254596423487250e-01 6.210617831354523943e+00 4.347184000501913559e-02 -8.255451838497226413e-01 2.220321420207624265e-03 -7.787153512782470088e-02 5.589331298215868271e-01
1.403636674663555584e+18 2.261110765867524464e-02 6.828751338335909971e+00 -3.249454832978075913e-01 -8.381590294851171130e-01 -7.955773996339711440e-02 4.764721298196573224e-02 5.374846513153040961e-01
1.403636675463555584e+18 -2.711618623743801137e-01 7.380623648590026953e+00 -3.480036977641525198e-01 -7.948303632984383693e-01 -1.337556954438686163e-01 7.600267951023254032e-02 5.870074107048942613e-01
1.403636675963555584e+18 -4.982411530340380423e-01 7.644033480475443731e+00 -4.604317532026120929e-01 -7.904736270769815443e-01 -2.086964586428756430e-01 1.216348809352308519e-01 5.628518355531550998e-01
1.403636676463555584e+18 -8.281534475022711561e-01 7.926397996612457142e+00 -5.479422138585303692e-01 -7.666696053190694693e-01 -2.896817583228366022e-01 1.834294034747311897e-01 5.428221155367528583e-01
1.403636677663555584e+18 -1.606613608037017471e+00 8.389484196010663197e+00 -6.350308066746577218e-01 -7.218625011516028867e-01 -3.601481678495394023e-01 2.716747782741743555e-01 5.247862817142329162e-01
1.403636677963555584e+18 -1.814467522639416686e+00 8.498177110980559945e+00 -6.102538089799796062e-01 -6.822358462340893936e-01 -4.449718013241567016e-01 3.094479691292006396e-01 4.907099963740336190e-01
1.403636679163555584e+18 -2.132871141317908226e+00 8.601128612973059973e+00 -5.768083229358027531e-01 -5.545696085335617420e-01 -5.869661303792066409e-01 4.174754062967728219e-01 4.166984475804257348e-01
1.403636679463555584e+18 -2.230200984234961936e+00 8.542827930140550308e+00 -4.692215165303199598e-01 -4.955970413116120854e-01 -6.332538187040505084e-01 4.510021318748270169e-01 3.872599266439466503e-01
1.403636680963555584e+18 -2.014485872896819352e+00 8.149636261143708538e+00 -2.610410843228998523e-01 -5.243545663605537754e-01 -6.301303115598468896e-01 4.357945408729136383e-01 3.715793284558392418e-01
1.403636681163555584e+18 -1.826138777232554133e+00 7.664941610072743217e+00 -2.898321881136958211e-01 -5.088608086424086796e-01 -6.311040997699586264e-01 4.398166187128654259e-01 3.864319274921856340e-01
1.403636681963555584e+18 -1.637057074548780911e+00 7.224760204454343970e+00 -2.488037639779636656e-01 -5.088800027205234722e-01 -6.339245931133722367e-01 4.454662312939157709e-01 3.751540881477904987e-01
1.403636684163555584e+18 -6.774537421359401179e-01 5.630601485811950191e+00 -1.926916301469412396e-01 -5.014423927989302143e-01 -6.349043797000588629e-01 4.565044772575836407e-01 3.702102343068696677e-01
1.403636684863555584e+18 -1.800688140860762232e-01 5.150778134380306739e+00 -2.267413956330188718e-01 -4.998994790241684250e-01 -6.430540177407683133e-01 4.393620097684307058e-01 3.788707767974012208e-01
1.403636685863555584e+18 3.062727773345281790e-01 4.698036983682730927e+00 -2.812122140859212305e-01 -5.105902086489153557e-01 -6.362140322628276889e-01 4.439362364552329465e-01 3.707424469165815362e-01
1.403636687963555584e+18 1.231680521670483586e+00 3.747068840360415098e+00 -4.535031702042335855e-01 -5.006081202109181616e-01 -6.374166672831794722e-01 4.502080715122581123e-01 3.747054771333200307e-01
1.403636689463555584e+18 1.798842372109764831e+00 3.108221595315830310e+00 -5.491595273106995023e-01 -4.966184599040172065e-01 -6.658825431462461752e-01 4.546725645564149709e-01 3.213151148877724239e-01
1.403636690863555584e+18 1.397015412761832831e+00 2.944303756439507147e+00 -4.487480704686628297e-01 -4.823489551737150660e-01 -6.131079900758121815e-01 5.198898599645770391e-01 3.480698370356672400e-01
1.403636691463555584e+18 1.333948018862637586e+00 3.230455782747606364e+00 -3.658808057766587130e-01 -4.758124958700267193e-01 -6.510311974128748513e-01 4.791213882656690237e-01 3.467038276042998524e-01
1.403636691863555584e+18 1.323811971994210968e+00 3.536774143559916705e+00 -2.638663406055563598e-01 -4.727438407245297403e-01 -6.513738950685683538e-01 4.802141055797273239e-01 3.487401936721437057e-01
1.403636692863555584e+18 1.471722506663924346e+00 4.339097636932569557e+00 2.823671302293040419e-01 -4.928621514275755011e-01 -6.781539669995576558e-01 4.370718002884830256e-01 3.258256253358977061e-01
1.403636693963555584e+18 1.095707094189810604e+00 4.523601033230538526e+00 3.114968236764263931e-01 -4.858690680339228796e-01 -6.552260194533044979e-01 4.678568568967965691e-01 3.401765330146621635e-01
1.403636695663555584e+18 1.063665663696237829e+00 4.306626318250523333e+00 3.588749312635954869e-01 -5.562032115296829948e-01 -5.979695048657199807e-01 4.100058506503245770e-01 4.061596498511587106e-01
1.403636698963555584e+18 1.173283632741969562e+00 3.880312579125954286e+00 1.877294957231403494e-01 -6.830642997916132053e-01 -4.508358289533615504e-01 3.183686939990983955e-01 4.783425470972004767e-01
1.403636699363555584e+18 1.198075901490425643e+00 3.738171054549035865e+00 1.944022398465656831e-01 -7.410497619583523710e-01 -3.581669711865130279e-01 2.715803175457371377e-01 4.988043726495441921e-01
1.403636700663555584e+18 1.548005930566685784e+00 3.784673422335579573e+00 -1.728742237751250688e-01 -7.868913899979873561e-01 -2.531963061040517493e-01 1.712427828137237928e-01 5.360685406331082703e-01
1.403636701963555584e+18 1.769751025290710711e+00 4.074822206597553453e+00 -2.227827192781739463e-01 -7.991869262879245372e-01 -1.784262856998573843e-01 1.249007407365779615e-01 5.602357739249310686e-01
1.403636704663555584e+18 1.905031956452364117e+00 5.307707254984449285e+00 -7.506387177354100215e-01 -8.114922548499238220e-01 -1.914480081032910452e-01 1.051953657209301618e-01 5.419980770655080660e-01
1.403636705363555584e+18 1.738455637826747946e+00 5.706804472512409632e+00 -8.088262177864762315e-01 -8.061583944273745805e-01 -1.907301458091217039e-01 1.064990543959952046e-01 5.498987233906508232e-01
1.403636705863555584e+18 1.553726408815450544e+00 6.044134113785247564e+00 -8.579705979376788250e-01 -7.962511791518938065e-01 -1.710267208383556281e-01 1.373573869366445377e-01 5.637968328329229228e-01
1.403636706363555584e+18 1.334509410114940398e+00 6.538953442069987965e+00 -9.389661590588369577e-01 -7.955434843597058991e-01 -1.967799904739817307e-01 1.096622119064880191e-01 5.624610200908632951e-01
1.403636706963555584e+18 1.040900681480174672e+00 7.018998341292795651e+00 -9.059346288438279160e-01 -7.998743494518575359e-01 -1.858221945488683358e-01 1.019623101811037852e-01 5.614933876765982879e-01
1.403636708163555584e+18 2.400485354654602332e-01 8.043225765832053398e+00 -8.814711622112318956e-01 -7.957506518304572340e-01 -1.644663724443115038e-01 1.443099649899989290e-01 5.647179353013299652e-01
1.403636708863555584e+18 -1.688512078767026026e-01 8.730759800898564293e+00 -9.779505761471387615e-01 -7.907042938308187496e-01 -1.758839121990874999e-01 9.534491413824548733e-02 5.785852715849412187e-01
1.403636709863555584e+18 -7.328835589338362766e-01 9.062124445720689536e+00 -1.035986439617221144e+00 -7.902919729146059558e-01 -1.873269594357765133e-01 1.010762260937714263e-01 5.745701039333035443e-01
1.403636710463555584e+18 -1.163930985130512852e+00 9.174140534478864240e+00 -1.196173917784934648e+00 -7.755619265067992263e-01 -2.320934785503344644e-01 1.676025352452625294e-01 5.626239468302322022e-01
1.403636712163555584e+18 -1.907342876770284690e+00 8.874749212020704547e+00 -1.059811935289438622e+00 -7.420535280644878773e-01 -2.991019116262866873e-01 2.009383112059321408e-01 5.652595890723617345e-01
1.403636712663555584e+18 -1.975294685985540255e+00 8.555803221080516607e+00 -9.034500951210158171e-01 -7.297187324067306857e-01 -3.230579148034677939e-01 2.280790173036518209e-01 5.577850097693106690e-01
1.403636713363555584e+18 -1.887662498249986776e+00 7.908033323175236440e+00 -6.238383247015208966e-01 -7.472025881327871710e-01 -3.129957119781103803e-01 2.394468101997958009e-01 5.351515688626199418e-01
1.403636714463555584e+18 -1.578619342523936986e+00 7.296808560327695758e+00 -5.357457366677640387e-01 -7.559388517635294846e-01 -3.272434629186477539e-01 2.295123729366829735e-01 5.184517711807153928e-01
1.403636714863555584e+18 -1.440661605562656433e+00 7.100491479122721827e+00 -4.898846382785468911e-01 -7.199031356166954998e-01 -4.051571387497058252e-01 2.640192452019827218e-01 4.978764971480142409e-01
1.403636718463555584e+18 -1.804554789763654910e-01 5.789192675123900678e+00 -4.176527674358618825e-01 -5.812748661623085011e-01 -5.725271963883258319e-01 4.119604247663831154e-01 4.057348244728503639e-01
1.403636718863555584e+18 1.658437437757953603e-03 5.456190388485733678e+00 -5.190488042106611299e-01 -5.525940595945947331e-01 -5.875103741403859825e-01 4.194862357017625776e-01 4.165365093661714813e-01
1.403636721163555584e+18 7.426031101842425208e-01 4.782040061085750082e+00 -6.739021691086894972e-01 -6.161982080558284780e-01 -5.247830979476797442e-01 3.845271740206824829e-01 4.438933666286189461e-01
1.403636721663555584e+18 1.194864292531434558e+00 4.682824720788513417e+00 -7.045309896617155676e-01 -6.377071905299982468e-01 -5.024895951642630587e-01 3.500384391441172527e-01 4.672331720025253987e-01
1.403636723663555584e+18 1.766816114437518959e+00 4.355216171490601695e+00 -6.736295372708968054e-01 -6.919542103498690366e-01 -4.429499507878175701e-01 3.002959534434240796e-01 4.845792527767402991e-01
1.403636724463555584e+18 2.420307859734507794e+00 3.916151840747167157e+00 -1.026200752953987383e-01 -6.932366380533218075e-01 -4.199587882960942875e-01 2.782731464399688659e-01 5.153849394033588327e-01
1.403636728663555584e+18 2.776075104391308557e+00 3.447780150391271725e+00 2.235381252761372561e-01 -6.747642204094910223e-01 -4.443355708268052484e-01 3.078134847948609254e-01 5.025037372315086515e-01
1.403636734863555584e+18 4.613632408756052072e+00 9.806429090688990602e-01 6.194041661138305344e-01 -6.636266282443412656e-01 -4.719373317135766577e-01 3.306365337320539277e-01 4.770265566839739790e-01
1.403636736463555584e+18 4.732300223760511848e+00 4.982985958025945017e-01 6.746113066553525162e-01 -6.357275507650562707e-01 -5.142501784070043769e-01 3.563634616177528969e-01 4.521087462441301663e-01
1.403636739463555584e+18 4.797657394855209034e+00 5.758881441052452477e-01 6.331392859771560744e-01 -7.553412342776126831e-01 -3.020801774783820615e-01 1.980878846027200879e-01 5.467800070853185979e-01
1.403636741463555584e+18 4.975388149161323881e+00 7.610620142622432915e-01 -3.479559358014761017e-02 -7.670438584468468601e-01 -3.023869686906883181e-01 1.884854409745795045e-01 5.335532578156080286e-01
1.403636742863555584e+18 4.703168071269952399e+00 1.291019936440667815e+00 -6.004968798638659067e-01 -7.680504929522902202e-01 -2.527414931709752177e-01 1.818521851257142996e-01 5.595980349058176095e-01
1.403636749463555584e+18 3.994646525555095806e+00 1.732790965203471423e+00 -2.120422610751038772e-01 -7.713059703176072812e-01 -2.476963649249521726e-01 1.667439635927735198e-01 5.620765620097950555e-01
1.403636751663555584e+18 3.998382830709798164e+00 1.529184734852497396e+00 4.599551800609128493e-01 -7.626574424628432824e-01 -2.754532431647380153e-01 1.940196958656543180e-01 5.521190939482729654e-01
1.403636753163555584e+18 3.990257648781934563e+00 1.464524809139856609e+00 6.634386508007222849e-01 -6.580969806259758803e-01 -4.772272045315121280e-01 3.199285426652922482e-01 4.866295171216750703e-01
1.403636754463555584e+18 4.031031377265375859e+00 9.643488411874767685e-01 7.618045424073236482e-01 -6.220205184907446894e-01 -5.133668366527079918e-01 3.548926935192187049e-01 4.728595369540204985e-01
1.403636756963555584e+18 4.495415273680402279e+00 -6.320442800044971943e-01 9.072165587192626557e-01 -6.142123381212559741e-01 -5.242208812675002161e-01 3.713127759316844356e-01 4.583257507195643288e-01
1.403636757963555584e+18 4.731322331573390549e+00 -1.328882124183454971e+00 1.017098749963438076e+00 -5.995664220056515781e-01 -5.516112564597670520e-01 3.833315158562057290e-01 4.350885844303446492e-01
1.403636758363555584e+18 4.772723467554147447e+00 -1.622421861550784161e+00 1.040837987001700382e+00 -6.209334565762886227e-01 -5.529068520315778557e-01 3.837337504206448924e-01 4.018507985171350660e-01
1.403636758863555584e+18 4.746016744705126023e+00 -1.916994953695244641e+00 9.835318871951829189e-01 -6.084526858298353602e-01 -5.337382820594596122e-01 4.083693824117457516e-01 4.220701634554688275e-01
1.403636760163555584e+18 4.862648944732033129e+00 -2.053832125461750646e+00 7.569264346967381485e-01 -5.961887316520716462e-01 -5.516228192943232189e-01 3.879916100304077187e-01 4.355844028783498190e-01
1.403636761163555584e+18 4.929611749976865909e+00 -2.120419557173982561e+00 6.562930587444734121e-01 -6.092804603026548138e-01 -5.695557774213760860e-01 3.669158400694546018e-01 4.120149310467327020e-01
1.403636761463555584e+18 4.906303629983585601e+00 -2.165617477905351418e+00 6.443693807288881636e-01 -5.968584637334743981e-01 -5.576506572328934208e-01 3.831403268000203588e-01 4.312646620545351195e-01
1.403636761663555584e+18 4.885074502821473708e+00 -2.197109020508599908e+00 6.518207553488907235e-01 -6.007763918787627500e-01 -5.452184270336026817e-01 3.987466691487662196e-01 4.275578178760202075e-01
1.403636761963555584e+18 4.865129184210273294e+00 -2.234377202161291542e+00 6.839041601375507318e-01 -5.930532080870559719e-01 -5.656962827841673924e-01 3.649660777309281512e-01 4.416733749361949624e-01
1.403636762463555584e+18 4.842243675835492311e+00 -2.287277184609864289e+00 6.692068105650005316e-01 -6.169620487130209607e-01 -5.474793197771427034e-01 3.896700293540367177e-01 4.096113927705302138e-01
1.403636762663555584e+18 4.812370820312458441e+00 -2.308591784401326841e+00 6.168183376777948146e-01 -6.120126915066947948e-01 -5.353843425082392971e-01 4.067685153154502742e-01 4.163453448518617539e-01
