1.403638518077829361e+09 -0.000000000000000000e+00 -0.000000000000000000e+00 -0.000000000000000000e+00 -0.000000000000000000e+00 -0.000000000000000000e+00 -0.000000000000000000e+00 1.000000000000000000e+00
1.403638522177829504e+09 -3.539395518600940704e-03 -1.191379316151142120e-02 -3.972323145717382431e-03 -4.841780755668878555e-03 -7.149733137339353561e-03 -1.297527458518743515e-03 9.999619126319885254e-01
1.403638522277829409e+09 -5.016642156988382339e-03 -3.409013524651527405e-02 -1.156861241906881332e-02 3.698365297168493271e-03 -1.253213454037904739e-02 7.838195888325572014e-04 9.999143481254577637e-01
1.403638522377829552e+09 -5.169740878045558929e-03 -6.840585917234420776e-02 -2.270968630909919739e-02 1.211241446435451508e-02 -1.890710927546024323e-02 2.779771573841571808e-03 9.997439980506896973e-01
1.403638522477829456e+09 -5.002253223210573196e-03 -1.096846684813499451e-01 -3.707187250256538391e-02 1.016304548829793930e-02 -2.791722863912582397e-02 7.065272424370050430e-03 9.995336532592773438e-01
1.403638522577829361e+09 -4.742006771266460419e-03 -1.536041647195816040e-01 -5.203545466065406799e-02 3.680854337289929390e-03 -3.614720329642295837e-02 1.471194904297590256e-02 9.992313981056213379e-01
1.403638522677829504e+09 -4.417893476784229279e-03 -1.982600837945938110e-01 -6.421151012182235718e-02 7.741720415651798248e-03 -4.194976016879081726e-02 1.418750174343585968e-02 9.989890456199645996e-01
1.403638522777829409e+09 -5.775476340204477310e-03 -2.448490113019943237e-01 -7.630352675914764404e-02 1.793131604790687561e-02 -4.883690550923347473e-02 9.918048977851867676e-03 9.985965490341186523e-01
1.403638522877829552e+09 -6.606776267290115356e-03 -2.940593957901000977e-01 -9.017930924892425537e-02 2.690392918884754181e-02 -5.869001522660255432e-02 1.839442364871501923e-02 9.977441430091857910e-01
1.403638523077829361e+09 2.182199154049158096e-03 -3.738263845443725586e-01 -1.176051199436187744e-01 3.919252753257751465e-02 -6.300648301839828491e-02 2.878015115857124329e-02 9.968279004096984863e-01
1.403638523577829361e+09 3.120821900665760040e-02 -2.623369991779327393e-01 -7.900747656822204590e-02 2.655999734997749329e-02 -4.565971344709396362e-02 9.270249865949153900e-03 9.985608458518981934e-01
1.403638523677829504e+09 3.756995126605033875e-02 -2.132286280393600464e-01 -6.486685574054718018e-02 1.031200401484966278e-02 -4.205813258886337280e-02 2.844795817509293556e-03 9.990578889846801758e-01
1.403638523877829552e+09 4.768793284893035889e-02 -1.232626363635063171e-01 -4.253427311778068542e-02 1.379059976898133755e-03 -3.979678824543952942e-02 -5.917541217058897018e-03 9.991893768310546875e-01
1.403638524077829361e+09 5.284401029348373413e-02 -7.279039174318313599e-02 -3.629772737622261047e-02 -4.142523277550935745e-03 -3.431748971343040466e-02 -2.696527540683746338e-02 9.990385770797729492e-01
1.403638524277829409e+09 5.478160083293914795e-02 -1.766427457332611084e-01 -7.708784192800521851e-02 -1.026252564042806625e-02 -4.953603446483612061e-02 -2.157673798501491547e-02 9.984865784645080566e-01
1.403638524477829456e+09 5.669581890106201172e-02 -2.946712076663970947e-01 -1.111099421977996826e-01 1.676996238529682159e-02 -5.520675703883171082e-02 -1.291277073323726654e-02 9.982506036758422852e-01
1.403638524677829504e+09 3.869952261447906494e-02 -1.315920799970626831e-01 -2.845321036875247955e-02 -1.434124819934368134e-02 -5.094378814101219177e-02 -1.476483233273029327e-02 9.984894394874572754e-01
1.403638525977829456e+09 9.641121327877044678e-02 -1.020932793617248535e-01 -2.590258605778217316e-02 -1.134701445698738098e-02 -2.342683449387550354e-02 -1.303647737950086594e-02 9.995761513710021973e-01
1.403638526277829409e+09 1.741893142461776733e-01 -1.237201988697052002e-01 -4.534952715039253235e-02 -2.141122939065098763e-03 -8.724593557417392731e-03 -1.465933048166334629e-03 9.999585747718811035e-01
1.403638526477829456e+09 2.721994817256927490e-01 -1.368664801120758057e-01 -6.840768456459045410e-02 1.593908853828907013e-02 5.841168574988842010e-03 1.562032662332057953e-02 9.997339248657226562e-01
1.403638526677829504e+09 3.951541781425476074e-01 -1.357397139072418213e-01 -9.055130928754806519e-02 2.958255819976329803e-02 2.427219040691852570e-02 1.962539367377758026e-02 9.990748763084411621e-01
1.403638526877829552e+09 5.199927687644958496e-01 -1.266200393438339233e-01 -1.147554889321327209e-01 2.472082339227199554e-02 3.964532539248466492e-02 2.041956223547458649e-02 9.986993074417114258e-01
1.403638527077829361e+09 6.639229655265808105e-01 -1.279595941305160522e-01 -1.351829469203948975e-01 1.343817543238401413e-02 8.610214293003082275e-02 3.987197950482368469e-02 9.953975081443786621e-01
1.403638527377829552e+09 4.209675192832946777e-01 -1.781710982322692871e-01 -4.690988734364509583e-02 2.419345267117023468e-02 7.395496964454650879e-02 3.366450220346450806e-02 9.963995814323425293e-01
1.403638528277829409e+09 2.513817548751831055e-01 -2.042438983917236328e-01 4.714910313487052917e-02 2.673123404383659363e-02 3.642760217189788818e-02 2.371204830706119537e-02 9.986973404884338379e-01
1.403638528777829409e+09 1.214057803153991699e-01 -1.922696977853775024e-01 1.827272772789001465e-02 -9.723875671625137329e-03 6.873618811368942261e-02 1.939166150987148285e-02 9.973990321159362793e-01
1.403638529577829361e+09 9.554672241210937500e-02 -1.304892748594284058e-01 -3.064930671826004982e-03 -3.562348708510398865e-02 6.491877883672714233e-02 1.510663703083992004e-02 9.971401095390319824e-01
1.403638529877829552e+09 7.143178582191467285e-02 -6.193429604172706604e-02 3.559468314051628113e-02 -1.765218190848827362e-02 6.865611672401428223e-02 1.928291097283363342e-02 9.972978234291076660e-01
1.403638530377829552e+09 8.971697837114334106e-02 -4.694142565131187439e-02 1.009852960705757141e-01 -2.263570576906204224e-02 8.537154644727706909e-02 3.317214921116828918e-02 9.955394864082336426e-01
1.403638538977829456e+09 9.106529504060745239e-02 -5.362347513437271118e-02 1.294662058353424072e-01 2.199588343501091003e-02 8.543426543474197388e-02 2.938574552536010742e-02 9.956674575805664062e-01
1.403638539277829409e+09 9.268800914287567139e-02 -9.617578238248825073e-02 1.324202716350555420e-01 2.688055299222469330e-02 8.429754525423049927e-02 2.864341065287590027e-02 9.956660866737365723e-01
1.403638539477829456e+09 9.552229940891265869e-02 -1.619337946176528931e-01 1.262909471988677979e-01 2.185834944248199463e-02 8.238440006971359253e-02 2.703591436147689819e-02 9.959940314292907715e-01
1.403638539777829409e+09 1.072200834751129150e-01 -3.136958181858062744e-01 2.311122864484786987e-01 6.586077157407999039e-03 7.576464116573333740e-02 2.326406165957450867e-02 9.968325495719909668e-01
1.403638540677829504e+09 8.628747612237930298e-02 -4.534913897514343262e-01 4.379405379295349121e-01 1.574749872088432312e-02 -2.903105132281780243e-02 -4.175229743123054504e-02 9.985820055007934570e-01
1.403638541177829504e+09 -1.992100626230239868e-01 -7.242656946182250977e-01 7.924066185951232910e-01 2.320618182420730591e-02 -1.127936467528343201e-01 -6.181257590651512146e-02 9.914223551750183105e-01
1.403638542077829361e+09 -4.147315025329589844e-01 -8.687759637832641602e-01 9.168437123298645020e-01 1.749513857066631317e-02 -2.009838074445724487e-01 -9.193524718284606934e-02 9.751140475273132324e-01
1.403638542377829552e+09 -7.841655015945434570e-01 -1.000010609626770020e+00 1.088950991630554199e+00 3.708934038877487183e-02 -2.655354738235473633e-01 -1.276505142450332642e-01 9.548929929733276367e-01
1.403638543477829456e+09 -1.392690181732177734e+00 -1.175713777542114258e+00 1.155277132987976074e+00 2.146133407950401306e-02 -2.978396713733673096e-01 -1.329783648252487183e-01 9.450649023056030273e-01
1.403638543777829409e+09 -1.736043930053710938e+00 -1.244806170463562012e+00 1.171691894531250000e+00 2.284032292664051056e-02 -3.811135292053222656e-01 -1.649605184793472290e-01 9.094057679176330566e-01
1.403638544277829409e+09 -2.803434610366821289e+00 -1.451030015945434570e+00 1.316671252250671387e+00 2.586551010608673096e-02 -4.126072824001312256e-01 -1.664721220731735229e-01 8.951945304870605469e-01
1.403638545677829504e+09 -3.305344820022583008e+00 -1.459574937820434570e+00 1.424093723297119141e+00 2.380497194826602936e-02 -4.737153053283691406e-01 -1.903678476810455322e-01 8.595273494720458984e-01
1.403638545977829456e+09 -3.810850620269775391e+00 -1.546701192855834961e+00 1.486810922622680664e+00 2.051193080842494965e-02 -5.424410700798034668e-01 -2.220019549131393433e-01 8.099704384803771973e-01
1.403638546777829409e+09 -4.555543899536132812e+00 -1.623130798339843750e+00 1.537119388580322266e+00 3.251151740550994873e-02 -5.596817135810852051e-01 -2.489778846502304077e-01 7.897528409957885742e-01
1.403638547777829409e+09 -5.517266750335693359e+00 -1.495064377784729004e+00 1.504615783691406250e+00 2.158114872872829437e-02 -5.698787569999694824e-01 -2.412525862455368042e-01 7.852195501327514648e-01
1.403638548377829552e+09 -6.349237918853759766e+00 -1.528077363967895508e+00 1.335959434509277344e+00 1.862765289843082428e-02 -6.304467916488647461e-01 -2.624947428703308105e-01 7.302646040916442871e-01
1.403638549277829409e+09 -7.399988174438476562e+00 -1.713515281677246094e+00 1.067425727844238281e+00 1.627643033862113953e-02 -6.344974637031555176e-01 -2.499251812696456909e-01 7.312219738960266113e-01
1.403638550177829504e+09 -8.617463111877441406e+00 -2.069820404052734375e+00 7.863111495971679688e-01 9.588555432856082916e-03 -6.367353796958923340e-01 -2.452016472816467285e-01 7.309941053390502930e-01
1.403638550877829552e+09 -9.280652999877929688e+00 -2.244862318038940430e+00 7.248907089233398438e-01 3.322330489754676819e-02 -6.455695629119873047e-01 -2.185391783714294434e-01 7.310107946395874023e-01
1.403638551477829456e+09 -9.896177291870117188e+00 -2.487584114074707031e+00 7.799587249755859375e-01 6.069289054721593857e-03 -6.001363396644592285e-01 -1.869215667247772217e-01 7.777274250984191895e-01
1.403638551777829409e+09 -1.019802951812744141e+01 -2.649608612060546875e+00 9.602937698364257812e-01 2.427211031317710876e-02 -5.389102697372436523e-01 -1.710847765207290649e-01 8.244493007659912109e-01
1.403638552377829552e+09 -1.053327941894531250e+01 -3.165594339370727539e+00 1.637834548950195312e+00 3.643533959984779358e-02 -5.349472761154174805e-01 -1.768295466899871826e-01 8.253696560859680176e-01
1.403638553377829552e+09 -1.040855312347412109e+01 -3.419257164001464844e+00 2.126084804534912109e+00 7.160700112581253052e-02 -5.413972735404968262e-01 -1.783159673213958740e-01 8.185138106346130371e-01
1.403638554077829361e+09 -9.909502029418945312e+00 -3.754898548126220703e+00 2.492095947265625000e+00 3.665301576256752014e-02 -5.305138230323791504e-01 -2.077360153198242188e-01 8.210100531578063965e-01
1.403638554977829456e+09 -9.278032302856445312e+00 -4.010374069213867188e+00 2.857105255126953125e+00 2.555911429226398468e-02 -5.214471817016601562e-01 -1.874211430549621582e-01 8.320534825325012207e-01
1.403638555377829552e+09 -8.963395118713378906e+00 -4.090867519378662109e+00 3.082783699035644531e+00 3.015688247978687286e-02 -4.921695291996002197e-01 -1.837714314460754395e-01 8.503457307815551758e-01
1.403638555977829456e+09 -8.359047889709472656e+00 -4.373716831207275391e+00 3.494668483734130859e+00 1.056887954473495483e-02 -4.875973463058471680e-01 -1.923836022615432739e-01 8.515431880950927734e-01
1.403638556877829552e+09 -7.871755599975585938e+00 -4.787869453430175781e+00 4.124748706817626953e+00 1.520739216357469559e-02 -4.939467310905456543e-01 -1.724856346845626831e-01 8.520764112472534180e-01
1.403638557577829361e+09 -7.570963382720947266e+00 -5.102264404296875000e+00 4.664993762969970703e+00 2.998178265988826752e-02 -4.858463108539581299e-01 -1.928043514490127563e-01 8.519864678382873535e-01
1.403638558177829504e+09 -7.354345321655273438e+00 -5.377613067626953125e+00 5.189104080200195312e+00 -4.534353036433458328e-03 -4.742740392684936523e-01 -2.142853587865829468e-01 8.538883924484252930e-01
1.403638558777829409e+09 -7.368093013763427734e+00 -5.781811714172363281e+00 5.732219696044921875e+00 1.263765618205070496e-02 -4.817840754985809326e-01 -1.875095963478088379e-01 8.558998703956604004e-01
1.403638559377829552e+09 -7.473195552825927734e+00 -6.024985313415527344e+00 6.380061626434326172e+00 3.428601101040840149e-02 -4.799323379993438721e-01 -2.002375423908233643e-01 8.534601926803588867e-01
1.403638559977829456e+09 -7.602276802062988281e+00 -6.175386905670166016e+00 6.881289005279541016e+00 3.241336718201637268e-02 -4.464335739612579346e-01 -1.771726012229919434e-01 8.765023946762084961e-01
1.403638560277829409e+09 -7.678009033203125000e+00 -6.218938827514648438e+00 7.188205718994140625e+00 4.577191919088363647e-02 -3.755638301372528076e-01 -1.384083926677703857e-01 9.152594804763793945e-01
1.403638560577829361e+09 -7.731875896453857422e+00 -6.233746528625488281e+00 7.481966495513916016e+00 4.465573281049728394e-02 -3.062819540500640869e-01 -8.716725558042526245e-02 9.468892216682434082e-01
1.403638560877829552e+09 -7.708720684051513672e+00 -6.312777042388916016e+00 7.802289009094238281e+00 5.991302058100700378e-02 -2.209893316030502319e-01 -4.524999484419822693e-02 9.723820090293884277e-01
1.403638561377829552e+09 -7.389503479003906250e+00 -6.420247554779052734e+00 8.230296134948730469e+00 4.478039965033531189e-02 -1.727873384952545166e-01 -6.657290458679199219e-02 9.816859364509582520e-01
1.403638562177829504e+09 -7.110965251922607422e+00 -6.448477745056152344e+00 8.443365097045898438e+00 4.855608195066452026e-02 -9.310282766819000244e-02 -2.937053330242633820e-02 9.940380454063415527e-01
1.403638562777829409e+09 -6.893631458282470703e+00 -6.503714084625244141e+00 8.499350547790527344e+00 4.774934053421020508e-02 -2.049929462373256683e-03 2.653362415730953217e-02 9.985047578811645508e-01
1.403638563077829361e+09 -6.550328731536865234e+00 -6.448477745056152344e+00 8.543151855468750000e+00 7.266823202371597290e-02 7.124746590852737427e-02 6.492821127176284790e-02 9.926870465278625488e-01
1.403638563877829552e+09 -5.563621520996093750e+00 -6.233523368835449219e+00 8.130321502685546875e+00 7.172412425279617310e-02 5.052345246076583862e-02 4.983536899089813232e-02 9.948967099189758301e-01
1.403638564777829409e+09 -4.928298950195312500e+00 -6.062695026397705078e+00 7.703804969787597656e+00 6.559297442436218262e-02 4.298190027475357056e-02 6.663852185010910034e-02 9.946906566619873047e-01
1.403638565277829409e+09 -4.492188930511474609e+00 -5.802996158599853516e+00 7.460436820983886719e+00 6.186220422387123108e-02 4.306189715862274170e-02 6.685694307088851929e-02 9.949114918708801270e-01
1.403638565477829456e+09 -3.853453874588012695e+00 -5.412004470825195312e+00 7.095588684082031250e+00 6.574457138776779175e-02 5.811893567442893982e-02 4.433558881282806396e-02 9.951553940773010254e-01
1.403638565877829552e+09 -3.215854167938232422e+00 -5.063372611999511719e+00 6.649709224700927734e+00 5.295808985829353333e-02 7.185862213373184204e-02 2.747101709246635437e-02 9.956290125846862793e-01
1.403638566277829409e+09 -2.639449834823608398e+00 -4.647827148437500000e+00 6.214579105377197266e+00 5.111604556441307068e-02 6.894505769014358521e-02 3.052666783332824707e-02 9.958422780036926270e-01
1.403638566677829504e+09 -2.242097377777099609e+00 -4.274285793304443359e+00 5.906088829040527344e+00 8.872392587363719940e-03 6.383176892995834351e-02 2.789464965462684631e-02 9.975313544273376465e-01
1.403638566977829456e+09 -1.736932992935180664e+00 -3.774000406265258789e+00 5.590607166290283203e+00 2.428226731717586517e-02 6.051116064190864563e-02 2.096612751483917236e-02 9.976519346237182617e-01
1.403638567477829456e+09 -1.171921491622924805e+00 -3.182529687881469727e+00 5.276010990142822266e+00 2.751616388559341431e-02 7.205124199390411377e-02 1.391712296754121780e-02 9.969242215156555176e-01
1.403638567877829552e+09 -7.100749611854553223e-01 -2.780143976211547852e+00 4.944296360015869141e+00 1.458961330354213715e-02 7.815289497375488281e-02 1.146564912050962448e-02 9.967687129974365234e-01
1.403638568577829361e+09 -1.715817004442214966e-01 -2.338651180267333984e+00 4.530244827270507812e+00 5.714801140129566193e-03 8.299373090267181396e-02 7.136939093470573425e-03 9.965081214904785156e-01
1.403638570577829361e+09 -2.593309432268142700e-02 -2.086088895797729492e+00 4.482086181640625000e+00 4.117089137434959412e-02 1.315587460994720459e-01 1.115229278802871704e-01 9.841544032096862793e-01
1.403638570877829552e+09 1.120400726795196533e-01 -1.926174163818359375e+00 4.485273838043212891e+00 4.892774671316146851e-02 2.293040007352828979e-01 1.382460445165634155e-01 9.622441530227661133e-01
1.403638571277829409e+09 4.114825725555419922e-01 -1.760885119438171387e+00 4.299062252044677734e+00 3.715531155467033386e-02 2.888148427009582520e-01 1.344544738531112671e-01 9.471681714057922363e-01
1.403638571877829552e+09 7.087937593460083008e-01 -1.606898784637451172e+00 4.088728904724121094e+00 2.772852778434753418e-02 3.539232611656188965e-01 1.745354384183883667e-01 9.184262752532958984e-01
1.403638572177829504e+09 9.720178842544555664e-01 -1.520267963409423828e+00 3.885295867919921875e+00 1.521227415651082993e-02 4.165168702602386475e-01 1.913361698389053345e-01 8.886353969573974609e-01
1.403638572477829456e+09 1.262693881988525391e+00 -1.417578220367431641e+00 3.674252510070800781e+00 3.125626128166913986e-03 4.565184712409973145e-01 1.964760571718215942e-01 8.677432537078857422e-01
1.403638572877829552e+09 1.802090644836425781e+00 -1.327699661254882812e+00 3.345170736312866211e+00 -1.548376586288213730e-02 4.618689715862274170e-01 1.875530779361724854e-01 8.667532205581665039e-01
1.403638573477829456e+09 2.416016817092895508e+00 -1.299064636230468750e+00 3.121411800384521484e+00 -2.140420116484165192e-02 4.653517603874206543e-01 1.831744164228439331e-01 8.657001852989196777e-01
1.403638573877829552e+09 2.952851057052612305e+00 -1.360711097717285156e+00 3.016837596893310547e+00 1.813888549804687500e-02 5.216723680496215820e-01 1.965715587139129639e-01 8.299931287765502930e-01
1.403638574177829504e+09 3.341071605682373047e+00 -1.362389564514160156e+00 2.953875541687011719e+00 4.310061782598495483e-02 5.801165699958801270e-01 2.349615395069122314e-01 7.787170410156250000e-01
1.403638574477829456e+09 3.704016447067260742e+00 -1.325861811637878418e+00 2.851538419723510742e+00 3.304696828126907349e-02 6.295769810676574707e-01 2.474480867385864258e-01 7.357378602027893066e-01
1.403638574877829552e+09 4.244420528411865234e+00 -1.297344803810119629e+00 2.634158372879028320e+00 1.550302002578973770e-02 6.367977261543273926e-01 2.647390663623809814e-01 7.239900827407836914e-01
1.403638575477829456e+09 4.797316551208496094e+00 -1.171481370925903320e+00 2.408370494842529297e+00 -4.782160744071006775e-03 6.273677945137023926e-01 2.614469826221466064e-01 7.335068583488464355e-01
1.403638575877829552e+09 5.308843612670898438e+00 -1.152437686920166016e+00 2.192325592041015625e+00 -1.888003572821617126e-02 6.244673728942871094e-01 2.547692060470581055e-01 7.380899190902709961e-01
1.403638576277829409e+09 5.892460823059082031e+00 -1.193551301956176758e+00 2.002330780029296875e+00 -2.559292688965797424e-02 6.307069063186645508e-01 2.399568259716033936e-01 7.375463247299194336e-01
1.403638576677829504e+09 6.518442630767822266e+00 -1.205912590026855469e+00 1.922732353210449219e+00 -2.312606014311313629e-02 6.375205516815185547e-01 2.223852127790451050e-01 7.372770905494689941e-01
1.403638577077829361e+09 7.291549205780029297e+00 -1.260269880294799805e+00 1.956164836883544922e+00 -8.742501027882099152e-03 6.375291943550109863e-01 2.249601036310195923e-01 7.367991805076599121e-01
1.403638577677829504e+09 8.166785240173339844e+00 -1.405107736587524414e+00 2.118019104003906250e+00 -9.183325804769992828e-03 6.342518925666809082e-01 2.282573729753494263e-01 7.386059761047363281e-01
1.403638578177829504e+09 8.725784301757812500e+00 -1.535150527954101562e+00 2.286770343780517578e+00 1.258803531527519226e-02 6.267496347427368164e-01 2.449253201484680176e-01 7.396202683448791504e-01
1.403638578677829504e+09 9.512746810913085938e+00 -1.648559808731079102e+00 2.539395332336425781e+00 3.513632982503622770e-04 6.340788006782531738e-01 2.289106547832489014e-01 7.386094927787780762e-01
1.403638579277829409e+09 1.022720623016357422e+01 -1.839047908782958984e+00 2.797693252563476562e+00 2.400556392967700958e-02 6.254344582557678223e-01 2.396183311939239502e-01 7.421850562095642090e-01
1.403638579777829409e+09 1.062220478057861328e+01 -1.908455610275268555e+00 2.986760139465332031e+00 1.971955411136150360e-02 5.621344447135925293e-01 1.918535381555557251e-01 8.042439222335815430e-01
1.403638580077829361e+09 1.084136581420898438e+01 -1.926573991775512695e+00 3.138092994689941406e+00 4.085658863186836243e-02 4.557642638683319092e-01 1.383670121431350708e-01 8.783304691314697266e-01
1.403638580377829552e+09 1.104145908355712891e+01 -1.887103915214538574e+00 3.321608066558837891e+00 3.067328222095966339e-02 3.442963063716888428e-01 1.309890300035476685e-01 9.291722774505615234e-01
1.403638580877829552e+09 1.160970020294189453e+01 -2.125916242599487305e+00 3.633428335189819336e+00 4.352208599448204041e-02 3.339414298534393311e-01 1.025477349758148193e-01 9.359877109527587891e-01
1.403638583577829361e+09 1.146566581726074219e+01 -2.909557580947875977e+00 3.784624576568603516e+00 1.837633363902568817e-02 3.363467156887054443e-01 1.048910692334175110e-01 9.356982111930847168e-01
1.403638584277829409e+09 1.061887359619140625e+01 -3.068900823593139648e+00 3.926994562149047852e+00 2.453527040779590607e-02 3.324385881423950195e-01 1.115067228674888611e-01 9.361884593963623047e-01
1.403638585877829552e+09 9.582361221313476562e+00 -3.300640106201171875e+00 4.027339935302734375e+00 2.638504840433597565e-02 3.360503613948822021e-01 1.090115904808044434e-01 9.351419806480407715e-01
1.403638587377829552e+09 8.719862937927246094e+00 -3.271199226379394531e+00 4.178543090820312500e+00 2.101878076791763306e-02 3.339972794055938721e-01 1.168520003557205200e-01 9.350666999816894531e-01
1.403638588477829456e+09 7.725571155548095703e+00 -3.229653358459472656e+00 4.334723949432373047e+00 2.522893808782100677e-02 3.347233533859252930e-01 1.157477945089340210e-01 9.348402023315429688e-01
1.403638589577829361e+09 6.579422950744628906e+00 -3.186709403991699219e+00 4.392765998840332031e+00 2.202977985143661499e-02 3.373796939849853516e-01 1.179265156388282776e-01 9.336931705474853516e-01
1.403638590677829504e+09 5.614726543426513672e+00 -3.152457237243652344e+00 4.382887363433837891e+00 -7.345753256231546402e-03 3.337983191013336182e-01 1.319535523653030396e-01 9.333343505859375000e-01
1.403638591577829361e+09 5.177479743957519531e+00 -3.274944543838500977e+00 4.680170059204101562e+00 2.198306284844875336e-02 3.103682994842529297e-01 1.338131129741668701e-01 9.408944249153137207e-01
1.403638592577829361e+09 5.279935836791992188e+00 -3.794875383377075195e+00 4.912919521331787109e+00 6.388948298990726471e-03 2.560737431049346924e-01 9.096465259790420532e-02 9.623466134071350098e-01
1.403638593677829504e+09 5.404150009155273438e+00 -4.258619785308837891e+00 5.200757026672363281e+00 3.478878736495971680e-02 2.410026490688323975e-01 6.997754424810409546e-02 9.673730731010437012e-01
1.403638596377829552e+09 4.515599727630615234e+00 -4.656620025634765625e+00 5.283461093902587891e+00 8.928359486162662506e-03 2.650775313377380371e-01 -9.298629127442836761e-03 9.641409516334533691e-01
1.403638597177829504e+09 3.712117195129394531e+00 -4.868629455566406250e+00 5.442893028259277344e+00 2.271938882768154144e-02 2.675177156925201416e-01 -4.852053243666887283e-03 9.632728099822998047e-01
1.403638597577829361e+09 2.832781314849853516e+00 -4.968061447143554688e+00 5.645035266876220703e+00 4.049424082040786743e-02 2.583199441432952881e-01 1.953184418380260468e-02 9.650127291679382324e-01
1.403638597977829456e+09 1.806111335754394531e+00 -5.025788784027099609e+00 5.839017391204833984e+00 3.880998864769935608e-02 2.306552678346633911e-01 2.128448709845542908e-02 9.720281958580017090e-01
1.403638598277829409e+09 9.741351008415222168e-01 -5.084760189056396484e+00 5.953511238098144531e+00 3.263645619153976440e-02 2.114424556493759155e-01 5.267143622040748596e-02 9.754244089126586914e-01
1.403638598677829504e+09 4.310057759284973145e-01 -5.093011856079101562e+00 6.029081344604492188e+00 2.815731614828109741e-02 1.967907100915908813e-01 4.933086410164833069e-02 9.787988066673278809e-01
1.403638598777829409e+09 -1.085603758692741394e-01 -5.096910476684570312e+00 6.098726272583007812e+00 2.923374064266681671e-02 1.674242913722991943e-01 3.824289888143539429e-02 9.847090840339660645e-01
1.403638598977829456e+09 -6.363310217857360840e-01 -5.108450412750244141e+00 6.152846813201904297e+00 2.957326546311378479e-02 1.301161348819732666e-01 2.312841825187206268e-02 9.907877445220947266e-01
1.403638599177829504e+09 -1.160128355026245117e+00 -5.139091014862060547e+00 6.192125320434570312e+00 2.873703278601169586e-02 9.005716443061828613e-02 5.833965260535478592e-03 9.955048561096191406e-01
1.403638599377829552e+09 -1.679044842720031738e+00 -5.180236339569091797e+00 6.214401245117187500e+00 2.199707366526126862e-02 5.459441617131233215e-02 -7.272270973771810532e-03 9.982398748397827148e-01
1.403638599577829361e+09 -2.441858291625976562e+00 -5.226521968841552734e+00 6.261114597320556641e+00 1.591251231729984283e-02 3.681990131735801697e-02 -1.314693875610828400e-02 9.991087913513183594e-01
1.403638599977829456e+09 -2.941775560379028320e+00 -5.243895530700683594e+00 6.310077667236328125e+00 1.343512069433927536e-02 3.579754009842872620e-02 -3.163998015224933624e-03 9.992638230323791504e-01
1.403638600077829361e+09 -3.424532890319824219e+00 -5.252904891967773438e+00 6.366484165191650391e+00 8.116234093904495239e-03 3.031546995043754578e-02 2.347918786108493805e-02 9.992316365242004395e-01
1.403638600377829552e+09 -3.884218931198120117e+00 -5.248317718505859375e+00 6.436898231506347656e+00 9.266319684684276581e-04 2.588600106537342072e-02 4.938741773366928101e-02 9.984437227249145508e-01
1.403638600577829361e+09 -4.296510219573974609e+00 -5.260445117950439453e+00 6.514235496520996094e+00 -2.655068412423133850e-03 2.593886479735374451e-02 5.774958431720733643e-02 9.979905486106872559e-01
1.403638600777829409e+09 -4.649633884429931641e+00 -5.309679508209228516e+00 6.594757080078125000e+00 -1.259484235197305679e-02 2.509241364896297455e-02 6.145167350769042969e-02 9.977151751518249512e-01
1.403638600977829456e+09 -5.214037418365478516e+00 -5.441053390502929688e+00 6.824616909027099609e+00 -2.058150246739387512e-02 4.104495421051979065e-02 5.862060934305191040e-03 9.989281296730041504e-01
1.403638601377829552e+09 -5.608684539794921875e+00 -5.543119430541992188e+00 7.062600135803222656e+00 8.552766405045986176e-03 2.713392861187458038e-02 -4.322960972785949707e-03 9.995858669281005859e-01
1.403638601577829361e+09 -5.871272087097167969e+00 -5.634925365447998047e+00 7.217183113098144531e+00 2.064858004450798035e-02 -1.011306885629892349e-02 -2.066252753138542175e-02 9.995220899581909180e-01
1.403638601777829409e+09 -6.134383678436279297e+00 -5.746337413787841797e+00 7.353229045867919922e+00 2.816092781722545624e-02 -6.265398859977722168e-02 -5.107752233743667603e-02 9.963295459747314453e-01
1.403638601977829456e+09 -6.671601772308349609e+00 -5.952094078063964844e+00 7.604679584503173828e+00 3.868042305111885071e-02 -1.371101438999176025e-01 -8.964915573596954346e-02 9.857320785522460938e-01
1.403638602377829552e+09 -7.093568801879882812e+00 -6.084166049957275391e+00 7.730066299438476562e+00 1.069481447339057922e-01 -2.260687202215194702e-01 -5.909283459186553955e-02 9.664176702499389648e-01
1.403638602677829504e+09 -7.413773059844970703e+00 -6.205014228820800781e+00 7.719962596893310547e+00 1.082344949245452881e-01 -2.913790345191955566e-01 -7.911855727434158325e-02 9.471662640571594238e-01
1.403638602977829456e+09 -7.651983261108398438e+00 -6.302200317382812500e+00 7.548546791076660156e+00 7.508464902639389038e-02 -3.678659796714782715e-01 -1.018326580524444580e-01 9.212312698364257812e-01
1.403638603377829552e+09 -7.747879028320312500e+00 -6.021677494049072266e+00 6.950996398925781250e+00 6.963692605495452881e-02 -3.759027123451232910e-01 -1.457479596138000488e-01 9.124721884727478027e-01
1.403638604577829361e+09 -7.678295135498046875e+00 -5.831955432891845703e+00 6.444808006286621094e+00 3.402021899819374084e-02 -3.778015971183776855e-01 -1.414662748575210571e-01 9.143828153610229492e-01
1.403638605077829361e+09 -7.597443580627441406e+00 -5.645605564117431641e+00 5.778050899505615234e+00 4.144245013594627380e-02 -3.651932775974273682e-01 -1.778552979230880737e-01 9.128438830375671387e-01
1.403638606077829361e+09 -7.774389266967773438e+00 -5.366301536560058594e+00 4.908394813537597656e+00 3.926732391119003296e-02 -3.561212420463562012e-01 -1.914940774440765381e-01 9.137646555900573730e-01
1.403638606577829361e+09 -7.996777057647705078e+00 -5.111695289611816406e+00 4.431439399719238281e+00 -9.236075915396213531e-03 -3.786725103855133057e-01 -1.765395998954772949e-01 9.084908962249755859e-01
1.403638606877829552e+09 -8.225914955139160156e+00 -4.929780960083007812e+00 4.120960712432861328e+00 -1.676342450082302094e-02 -4.314895570278167725e-01 -1.924268156290054321e-01 8.811967372894287109e-01
1.403638607177829504e+09 -8.509475708007812500e+00 -4.807137489318847656e+00 3.853303432464599609e+00 1.166406180709600449e-02 -4.733489453792572021e-01 -1.783095598220825195e-01 8.625603914260864258e-01
1.403638607577829361e+09 -8.967970848083496094e+00 -4.537978649139404297e+00 3.546192646026611328e+00 1.527904625982046127e-02 -4.818276166915893555e-01 -1.737165153026580811e-01 8.587381839752197266e-01
1.403638608277829409e+09 -9.559436798095703125e+00 -3.972688436508178711e+00 3.303534507751464844e+00 4.212290048599243164e-02 -4.767949283123016357e-01 -1.637815833091735840e-01 8.625937104225158691e-01
1.403638608977829456e+09 -9.834589958190917969e+00 -3.550388574600219727e+00 3.108645915985107422e+00 2.264345251023769379e-02 -4.800167977809906006e-01 -1.562148630619049072e-01 8.629415631294250488e-01
1.403638609777829409e+09 -9.796659469604492188e+00 -2.717179298400878906e+00 3.027270317077636719e+00 3.694881498813629150e-02 -4.795951545238494873e-01 -1.557833701372146606e-01 8.627600669860839844e-01
1.403638611477829456e+09 -9.153086662292480469e+00 -2.313195228576660156e+00 2.934886932373046875e+00 3.219030797481536865e-02 -4.747260510921478271e-01 -1.709021925926208496e-01 8.627812266349792480e-01
1.403638612477829456e+09 -8.219372749328613281e+00 -1.902870535850524902e+00 2.746140480041503906e+00 3.826113045215606689e-02 -4.638995528221130371e-01 -1.688797026872634888e-01 8.687997460365295410e-01
1.403638613777829409e+09 -7.491450309753417969e+00 -1.653840184211730957e+00 2.483985424041748047e+00 4.665310680866241455e-02 -4.372998476028442383e-01 -1.412475705146789551e-01 8.869281411170959473e-01
1.403638614177829504e+09 -7.111245632171630859e+00 -1.470623731613159180e+00 2.378723859786987305e+00 3.482097014784812927e-02 -3.708751797676086426e-01 -1.276328861713409424e-01 9.192110896110534668e-01
1.403638614577829361e+09 -6.706203937530517578e+00 -1.395279884338378906e+00 2.224733591079711914e+00 1.896598748862743378e-02 -3.348371982574462891e-01 -9.626846015453338623e-02 9.371535181999206543e-01
1.403638614977829456e+09 -6.374696731567382812e+00 -1.421010255813598633e+00 2.122162342071533203e+00 4.784890450537204742e-03 -2.703031003475189209e-01 -7.037219405174255371e-02 9.601880908012390137e-01
1.403638615177829504e+09 -6.136398315429687500e+00 -1.475533604621887207e+00 2.071699619293212891e+00 1.928398199379444122e-02 -2.066928893327713013e-01 -6.066995859146118164e-02 9.763326644897460938e-01
1.403638615377829552e+09 -5.897526264190673828e+00 -1.520929932594299316e+00 2.027993917465209961e+00 2.625922299921512604e-02 -1.425797194242477417e-01 -4.170682653784751892e-02 9.885555505752563477e-01
1.403638615577829361e+09 -5.665013313293457031e+00 -1.540806293487548828e+00 1.986057639122009277e+00 2.734713815152645111e-02 -9.328896552324295044e-02 -2.438533306121826172e-02 9.949647188186645508e-01
1.403638615777829409e+09 -5.321000576019287109e+00 -1.586172342300415039e+00 1.905157804489135742e+00 2.562048472464084625e-02 -5.590694397687911987e-02 -6.143101491034030914e-03 9.980883598327636719e-01
1.403638616077829361e+09 -4.978893756866455078e+00 -1.581809282302856445e+00 1.838107705116271973e+00 2.429300546646118164e-02 -6.018420215696096420e-03 1.363461557775735855e-02 9.995937943458557129e-01
1.403638616377829552e+09 -4.634621620178222656e+00 -1.475497364997863770e+00 1.802971839904785156e+00 1.850263401865959167e-02 4.959795624017715454e-02 3.609006106853485107e-02 9.979455471038818359e-01
1.403638616777829409e+09 -4.171264648437500000e+00 -1.303056597709655762e+00 1.781665802001953125e+00 -1.400922797620296478e-02 6.616303324699401855e-02 5.454700440168380737e-02 9.962183237075805664e-01
1.403638617177829504e+09 -3.551997423171997070e+00 -1.250815510749816895e+00 1.806944847106933594e+00 -1.756799966096878052e-02 6.403618305921554565e-02 2.833487838506698608e-02 9.973905682563781738e-01
1.403638617777829409e+09 -2.863354682922363281e+00 -1.471226692199707031e+00 1.930715680122375488e+00 -1.042956765741109848e-02 5.585809424519538879e-02 1.619017124176025391e-02 9.982529878616333008e-01
1.403638618377829552e+09 -2.271629571914672852e+00 -1.693132162094116211e+00 2.226596593856811523e+00 -7.048818748444318771e-03 5.710412934422492981e-02 1.294966973364353180e-02 9.982593655586242676e-01
1.403638618977829456e+09 -1.931489467620849609e+00 -1.879208564758300781e+00 2.489121913909912109e+00 8.750990964472293854e-03 9.325546771287918091e-02 2.315990626811981201e-02 9.953343868255615234e-01
1.403638619177829504e+09 -1.703111410140991211e+00 -1.973845958709716797e+00 2.715043544769287109e+00 1.663064211606979370e-02 1.673209220170974731e-01 5.369936674833297729e-02 9.842985272407531738e-01
1.403638619477829456e+09 -1.160034060478210449e+00 -2.044209241867065430e+00 3.274994134902954102e+00 3.595433011651039124e-02 2.235066741704940796e-01 1.055538952350616455e-01 9.683029055595397949e-01
1.403638620977829456e+09 -1.107781678438186646e-01 -2.122610092163085938e+00 3.683920860290527344e+00 2.947239205241203308e-02 2.151285260915756226e-01 7.021314650774002075e-02 9.736124873161315918e-01
1.403638622577829361e+09 3.486165106296539307e-01 -1.719464063644409180e+00 2.808605909347534180e+00 2.741700224578380585e-02 2.218682020902633667e-01 7.739192992448806763e-02 9.716137647628784180e-01
1.403638625077829361e+09 9.037496149539947510e-02 -1.114815354347229004e+00 1.291828870773315430e+00 1.680137589573860168e-02 1.931716799736022949e-01 8.090115338563919067e-02 9.776796102523803711e-01
1.403638626577829361e+09 4.266076534986495972e-02 -6.321272253990173340e-01 2.446260005235671997e-01 -4.882606212049722672e-03 1.958316564559936523e-01 7.259781658649444580e-02 9.779344201087951660e-01
1.403638628077829361e+09 2.410052902996540070e-02 -3.613309562206268311e-01 -3.947742655873298645e-02 -1.833492773585021496e-03 2.028043568134307861e-01 6.399136781692504883e-02 9.771245121955871582e-01
1.403638628777829409e+09 -2.807065285742282867e-02 -2.915035784244537354e-01 -8.772087842226028442e-02 1.457033399492502213e-02 2.035143971443176270e-01 6.657218933105468750e-02 9.766974449157714844e-01
1.403638629577829361e+09 -6.066707521677017212e-02 -1.959838122129440308e-01 -4.926305264234542847e-02 2.294030040502548218e-02 2.068054676055908203e-01 6.724308431148529053e-02 9.757990241050720215e-01
1.403638630377829552e+09 -6.317921727895736694e-02 -1.867109984159469604e-01 1.036085933446884155e-02 -1.000713650137186050e-02 1.982765942811965942e-01 7.002450525760650635e-02 9.775903224945068359e-01
