1.403638522277829376e+18 4.603469006279391706e+00 -1.406826115266623489e+00 5.654027198366632367e-01 -7.815739460639129499e-01 2.818710298768995481e-01 -1.834925746754753895e-01 5.253773542789839102e-01
1.403638522477829376e+18 4.607140848874744954e+00 -1.402352800881940142e+00 6.449731726900379547e-01 -7.790744283899817546e-01 2.774427224522039159e-01 -1.700042002827497623e-01 5.358797837886359883e-01
1.403638522577829376e+18 4.609377451191329023e+00 -1.400020251137164662e+00 6.912598391373343532e-01 -7.815804198177992435e-01 2.803097401401982713e-01 -1.576783906775192923e-01 5.345053994613286896e-01
1.403638522777829376e+18 4.616923056160053385e+00 -1.389379413527650708e+00 7.847770345144389204e-01 -7.775192958476526695e-01 2.670525668874073055e-01 -1.542388466457586815e-01 5.480484004983533497e-01
1.403638523077829376e+18 4.630539277269845044e+00 -1.385362424319142249e+00 9.196946809797517108e-01 -7.623957148078996937e-01 2.698341525839477173e-01 -1.391752156026254128e-01 5.714652776012003610e-01
1.403638523577829376e+18 4.647771117218876036e+00 -1.410172621389914616e+00 8.020099803373772485e-01 -7.725899928432639063e-01 2.665220840015113946e-01 -1.595399455529685206e-01 5.537306994116297787e-01
1.403638524077829376e+18 4.642269763704541141e+00 -1.450347847475952356e+00 6.107618879308914783e-01 -7.971595065191119378e-01 2.501450087268844991e-01 -1.784346125226302093e-01 5.197357836719841417e-01
1.403638524277829376e+18 4.645316137960498359e+00 -1.449475190556056337e+00 7.223094437325289219e-01 -8.012801408562858496e-01 2.474803041781452329e-01 -1.618759431032144314e-01 5.200959661040146509e-01
1.403638524477829376e+18 4.655965954504123872e+00 -1.439666542029832241e+00 8.443023008412881003e-01 -7.856651658688860174e-01 2.460326763734092537e-01 -1.607037775301075333e-01 5.444010150470942611e-01
1.403638525977829376e+18 4.688946390531556041e+00 -1.462772680842788775e+00 6.338212761628979619e-01 -7.952006111552037959e-01 2.682212449152120426e-01 -1.777435682914323967e-01 5.139266248459530839e-01
1.403638526277829376e+18 4.741757105826268415e+00 -1.520601750540273356e+00 6.614286520495089583e-01 -7.845534055108212002e-01 2.832260491397359248e-01 -1.859586218308258432e-01 5.193056421384698584e-01
1.403638526477829376e+18 4.805633881327125323e+00 -1.596626751375852304e+00 6.826525315904259372e-01 -7.672631500298520146e-01 3.005851656328292210e-01 -1.936489308337119852e-01 5.324057741936254473e-01
1.403638527077829376e+18 5.060751057540948672e+00 -1.900870611598384219e+00 7.009952674620666402e-01 -7.427140867769886912e-01 3.604020639335152598e-01 -2.422247540012283373e-01 5.097188501169349628e-01
1.403638528277829376e+18 4.876113859649537474e+00 -1.482346389375681861e+00 6.999452163285906359e-01 -7.526279324741091958e-01 3.203969182751813527e-01 -2.162643923902431708e-01 5.330353858831446967e-01
1.403638528777829376e+18 4.757078953243542685e+00 -1.421505067649284193e+00 6.998736127509205263e-01 -7.655476179062337128e-01 3.404298750148934682e-01 -2.329833769539058630e-01 4.937236990246561263e-01
1.403638529577829376e+18 4.709127778226726235e+00 -1.437848746686554158e+00 6.511460418226339142e-01 -7.807527318427368579e-01 3.400159662774772662e-01 -2.247016461323349257e-01 4.736280023625247804e-01
1.403638538977829376e+18 4.766001612433925061e+00 -1.364919938005739075e+00 5.289180076017186982e-01 -7.416395171466680925e-01 3.502912807357581038e-01 -2.496636781932957960e-01 5.147182656929454314e-01
1.403638539277829376e+18 4.779686899870228878e+00 -1.351343515424970887e+00 5.670028105503873705e-01 -7.395375878557302052e-01 3.481801671367343309e-01 -2.505695235561986034e-01 5.187192315944950671e-01
1.403638539477829376e+18 4.794662803060454337e+00 -1.338056992564496506e+00 6.300020853588433889e-01 -7.432314934321683220e-01 3.469937373640971656e-01 -2.485228469648111393e-01 5.152074222458269404e-01
1.403638539777829376e+18 4.904565594318089694e+00 -1.227525887870985599e+00 7.293012015717029728e-01 -7.541728291809203233e-01 3.437963962139738983e-01 -2.410625950030310660e-01 5.048922726344061696e-01
1.403638542077829376e+18 5.059244552549695406e+00 -2.442660400873217785e-01 9.743512091844080958e-01 -8.180910896397525223e-01 1.018481392781423467e-01 -8.354405711680157332e-02 5.597984602498360385e-01
1.403638543477829376e+18 4.536845905667390433e+00 6.495434969965934169e-01 1.163212695401807384e+00 -8.230532838324500222e-01 1.009960154334715865e-02 -2.451095100149512304e-02 5.673451359642458502e-01
1.403638543777829376e+18 4.303326748145034131e+00 9.048559116448910977e-01 1.219952219889466782e+00 -8.197435755040067829e-01 -6.864314721808015274e-02 3.043719786039673220e-02 5.677870778261081552e-01
1.403638544277829376e+18 3.631636749784165730e+00 1.761743957608469024e+00 1.352033921180936904e+00 -8.135730457615902855e-01 -9.084481917067060985e-02 5.612625763299964460e-02 5.715732334917128510e-01
1.403638545977829376e+18 2.992846138986546389e+00 2.564559581390866594e+00 1.372555332004517181e+00 -7.907901183531033107e-01 -2.251431074489001760e-01 1.467298457053340111e-01 5.499381076654231704e-01
1.403638546777829376e+18 2.476773022943610236e+00 3.106907547166794181e+00 1.422231578263470908e+00 -7.798713751585694132e-01 -2.633094902935665393e-01 1.466398933572042873e-01 5.486032192813053987e-01
1.403638547777829376e+18 1.694863838970765091e+00 3.672161333108959091e+00 1.315112393933227430e+00 -7.817351562945350496e-01 -2.617652494361302762e-01 1.626418696692535637e-01 5.421408689918967294e-01
1.403638549277829376e+18 5.762858812295945654e-02 4.655956778209194624e+00 1.682676209753107610e+00 -7.572451182811652526e-01 -3.166199492603573584e-01 2.205665712982461391e-01 5.269554309383753798e-01
1.403638551477829376e+18 -1.816087448146825878e+00 6.307760363080623378e+00 2.503354634864276118e+00 -7.740825626105564128e-01 -2.341823737960987140e-01 2.203877532187147881e-01 5.453292952856149123e-01
1.403638551777829376e+18 -1.896356772999221008e+00 6.678179712639063403e+00 2.582308886234742307e+00 -7.847831940478536827e-01 -1.800734772521341009e-01 1.665110304051632684e-01 5.691774397178657185e-01
1.403638554077829376e+18 -4.802193894804238639e-01 7.888389578037057426e+00 3.008077436011768135e+00 -7.846293281398605268e-01 -2.077331958130595180e-01 1.380275711427674801e-01 5.675844662995213064e-01
1.403638554977829376e+18 2.825266783719833086e-01 7.808264185539185220e+00 3.103218960689916095e+00 -7.914060971239803566e-01 -1.818331404364014192e-01 1.425549524488083086e-01 5.659427391586031586e-01
1.403638555977829376e+18 1.454293818829876628e+00 7.763565086435501250e+00 3.192666955941591223e+00 -8.093219963628857094e-01 -1.596400820165342904e-01 1.141014289069597759e-01 5.536188348840176410e-01
1.403638557577829376e+18 2.938179708237807386e+00 8.284581879476494493e+00 3.412084786151107441e+00 -7.993817300980868845e-01 -1.626723120439198256e-01 1.068289986565643113e-01 5.684312918248874968e-01
1.403638558777829376e+18 3.903506117025246969e+00 9.099815282246169090e+00 3.625278474363956338e+00 -8.091269964147683735e-01 -1.519575968677031319e-01 1.106514649588919152e-01 5.567572592516950580e-01
1.403638559977829376e+18 4.514334012682150288e+00 1.017225198496971750e+01 3.542377593617143994e+00 -8.051740758564874811e-01 -1.234077837129825411e-01 7.871794390119248030e-02 5.746901006591902394e-01
1.403638560277829376e+18 4.652024120408340124e+00 1.044909519108590246e+01 3.463451784474367745e+00 -8.036920566459623272e-01 -4.774586913413557399e-02 3.213178723273658888e-02 5.922558216801581121e-01
1.403638560577829376e+18 4.791204426951565232e+00 1.069401878247745685e+01 3.363164310478065300e+00 -8.008562127263061381e-01 3.757364394753860692e-02 -1.192121097662956477e-03 5.976756032041710132e-01
1.403638562777829376e+18 6.106263489918613452e+00 1.093998610022323703e+01 3.219198103492888485e+00 -7.481723866004493795e-01 2.985363208447405770e-01 -1.907619938563803741e-01 5.610026798198131104e-01
1.403638563077829376e+18 6.379373532754575749e+00 1.073092244346785940e+01 3.151895340693055658e+00 -7.055026796725581972e-01 3.600820997692318337e-01 -2.341849747605790344e-01 5.637058168912285616e-01
1.403638564777829376e+18 7.010266580153626137e+00 8.974355668323230617e+00 3.124341043775535898e+00 -7.156903440779893710e-01 3.486963144744407717e-01 -2.095566126065973866e-01 5.677008347521776965e-01
1.403638565277829376e+18 7.130122997943997731e+00 8.443634358698789200e+00 2.980005193477537340e+00 -7.177199011399745254e-01 3.496909074742379220e-01 -2.084720458804008303e-01 5.649193029308782199e-01
1.403638565477829376e+18 7.297951643015941237e+00 7.657309479849880418e+00 2.762065143528605660e+00 -7.194931542176528083e-01 3.392268869700451051e-01 -2.330875155329432125e-01 5.593969344689199152e-01
1.403638566277829376e+18 7.499042488083502711e+00 6.025366028245445094e+00 2.401130649221108637e+00 -7.295169434665925712e-01 3.370694394337923616e-01 -2.446223744796941213e-01 5.425395064867309936e-01
1.403638566977829376e+18 7.590414638002021874e+00 4.743542147427991296e+00 1.838965660289168191e+00 -7.492342232938256075e-01 3.309152245294156303e-01 -2.355991735407378940e-01 5.231024968845638945e-01
1.403638567477829376e+18 7.682118241320515573e+00 3.981141774304071568e+00 1.416612157206642575e+00 -7.467985290134367959e-01 3.305610194767458210e-01 -2.490658343440905198e-01 5.205646738190589096e-01
1.403638568577829376e+18 7.782163431007116827e+00 2.559306133865244970e+00 9.294241291186255971e-01 -7.576313314573326352e-01 3.350195758923381617e-01 -2.547635374546164400e-01 4.988508688443042405e-01
1.403638570577829376e+18 7.800456906903026066e+00 2.356258351485883029e+00 7.155142743642759484e-01 -6.901144331003773447e-01 4.313833500839335255e-01 -2.464081410243512682e-01 5.262447173452962090e-01
1.403638571277829376e+18 7.941093626102139424e+00 1.847557057614717779e+00 4.874089753892349997e-01 -6.263879169668056246e-01 5.209835732023111454e-01 -3.491039013580896633e-01 4.629695022222302114e-01
1.403638572477829376e+18 8.126153106427974393e+00 7.551969471034640780e-01 4.145398349591649101e-01 -5.317813576761395433e-01 6.400859837315149292e-01 -4.228501030181464615e-01 3.587426813694233330e-01
1.403638573477829376e+18 8.640237237228147293e+00 -4.170246969826056915e-01 5.215259842718671379e-01 -5.450460207726494088e-01 6.384108992885528799e-01 -4.291822551667647812e-01 3.334050850833736312e-01
1.403638574477829376e+18 9.462939158395244021e+00 -1.436023828653940182e+00 6.530368035011389072e-01 -3.650705343579636053e-01 7.258436372900148870e-01 -5.148331190458579343e-01 2.735349679340933760e-01
1.403638575477829376e+18 9.988289742016768002e+00 -2.503058190618692613e+00 6.843526542475917296e-01 -3.793386772809596574e-01 7.422797188956181680e-01 -4.945014017355144897e-01 2.461531038126167081e-01
1.403638576277829376e+18 1.058161614285783791e+01 -3.493213317205500879e+00 8.639436211342458316e-01 -3.988475031173542851e-01 7.323945201053093657e-01 -5.030331626608078865e-01 2.268844936090398667e-01
1.403638577077829376e+18 1.163299691936024516e+01 -4.416217633132437648e+00 9.457510856360826779e-01 -3.925345575431238854e-01 7.207540733263283483e-01 -5.208610711016902206e-01 2.348061573484172548e-01
1.403638579277829376e+18 1.451258379190469761e+01 -5.566899560640568900e+00 1.158228827166127850e+00 -3.778554194390284504e-01 7.211783981459057857e-01 -5.142916281660515621e-01 2.695016164080889509e-01
1.403638579777829376e+18 1.494344352617561356e+01 -5.671175037827176801e+00 1.149621515118413040e+00 -4.545440633572340738e-01 6.697479738818776784e-01 -5.003281340392813359e-01 3.074070660160329593e-01
1.403638580077829376e+18 1.520525983294384531e+01 -5.702572502377300623e+00 1.108053640375760152e+00 -5.373899342286081460e-01 5.900758068585703064e-01 -4.653305345531524306e-01 3.827402439807660040e-01
1.403638583577829376e+18 1.631416691301428656e+01 -5.366259321078530320e+00 1.764733812616007702e+00 -6.265398707216454088e-01 5.228500228286426799e-01 -3.939531578279240054e-01 4.229380019123349932e-01
1.403638584277829376e+18 1.579664878528566518e+01 -4.668587958034181362e+00 1.854990137017818119e+00 -6.225721952690168592e-01 5.249469029204567594e-01 -3.893387832229160406e-01 4.304066945002564815e-01
1.403638588477829376e+18 1.388484714906135054e+01 -2.453169533111128064e+00 1.840179667936171715e+00 -6.194951779911935796e-01 5.289234147053126778e-01 -3.888643025112593632e-01 4.304071329039085847e-01
1.403638589577829376e+18 1.303862531444927342e+01 -1.679429244859560244e+00 1.776122325959138548e+00 -6.191182615524751798e-01 5.322891993544118794e-01 -3.886657346798085833e-01 4.269657283069507314e-01
1.403638591577829376e+18 1.216879924678361213e+01 -5.400520732267694024e-01 1.743663711613386624e+00 -6.253896060214209074e-01 5.327764823203576805e-01 -3.606921566224325915e-01 4.415180955722837197e-01
1.403638592577829376e+18 1.251682240893359221e+01 -2.903660047366922736e-01 2.132937891070511682e+00 -6.730623800547431701e-01 4.803226984625544316e-01 -3.401299373300618600e-01 4.478713695119870275e-01
1.403638597577829376e+18 1.139263774624449965e+01 2.160634082668371647e+00 2.926494237568229462e+00 -6.776284352335587569e-01 4.198715145766706014e-01 -3.892948290225064500e-01 4.614944757051260282e-01
1.403638597977829376e+18 1.074401863768992627e+01 2.981452504376403745e+00 2.902763949723706549e+00 -6.888076139001582110e-01 4.092379224444628871e-01 -3.676348197783769756e-01 4.721366678759766344e-01
1.403638598277829376e+18 1.019582359356456536e+01 3.620342079212224728e+00 2.911321274647592272e+00 -6.893100001822040079e-01 4.259648736386236201e-01 -3.352131804070810905e-01 4.806638885502121927e-01
1.403638598777829376e+18 9.463946157204794929e+00 4.430043464806844966e+00 2.864378593285028085e+00 -7.109723189632143336e-01 3.951898464905057029e-01 -3.091106265437191802e-01 4.927412784176186111e-01
1.403638598977829376e+18 9.098589217890474146e+00 4.814740616612716906e+00 2.853132882116597546e+00 -7.270934166689012601e-01 3.657138960092308211e-01 -2.890689137479282578e-01 5.040115800327271689e-01
1.403638599577829376e+18 7.822254203535772277e+00 6.100234061383495998e+00 2.916906404491315108e+00 -7.691199546504328133e-01 2.940027101525363173e-01 -2.326501919699925369e-01 5.175816746734813734e-01
1.403638599977829376e+18 7.476414523566869086e+00 6.464921341717536407e+00 2.913085176111835928e+00 -7.678431650323795932e-01 3.017946966272693765e-01 -2.259876847853630744e-01 5.179443998404300586e-01
1.403638600077829376e+18 7.145974314148606510e+00 6.821179377545939282e+00 2.898698337651138157e+00 -7.639469123235331782e-01 3.207843800385660749e-01 -2.063419173133746731e-01 5.204858401859300265e-01
1.403638600577829376e+18 6.574464645383783612e+00 7.494175641347411876e+00 2.846886166607599300e+00 -7.595211544459198327e-01 3.470088018640135052e-01 -1.817972918877816257e-01 5.192901424447685654e-01
1.403638600777829376e+18 6.367031139759214753e+00 7.794826940907446655e+00 2.860458568796181211e+00 -7.635573733872829116e-01 3.512977420558535679e-01 -1.762947298301581756e-01 5.123379765413489384e-01
1.403638600977829376e+18 6.109442694407669627e+00 8.361686593336113305e+00 2.891511979271212063e+00 -7.816126979473663194e-01 3.180257433128784172e-01 -2.155271066071072494e-01 4.914155912415667515e-01
1.403638601577829376e+18 5.894735901801122502e+00 9.121229346884003775e+00 2.916963418762915428e+00 -7.781954800223056523e-01 2.629899329763548677e-01 -2.013229158493798077e-01 5.335889556389348254e-01
1.403638601777829376e+18 5.804590561704549678e+00 9.420511242741840263e+00 2.966491333175807821e+00 -7.906999190564841795e-01 2.095998768870422080e-01 -1.775994646198198468e-01 5.471014163569302147e-01
1.403638601977829376e+18 5.599275246737331457e+00 1.000675001704560962e+01 3.057794014408414807e+00 -8.024333039801264666e-01 1.357519950468634440e-01 -1.404245224450545171e-01 5.638733386146331794e-01
1.403638602977829376e+18 4.909021568275403702e+00 1.070882176485921811e+01 3.400603368395980652e+00 -7.811169109914525288e-01 -1.909724759751813342e-02 3.548409199447229156e-02 6.230830969563357913e-01
1.403638604577829376e+18 4.108367655066019530e+00 9.814964048981972056e+00 3.394809733714326150e+00 -8.104167064628539086e-01 -4.928514324820220532e-02 3.585320208390596619e-02 5.826751105386561713e-01
1.403638605077829376e+18 3.722687524008909676e+00 9.240896522283419401e+00 3.481559939813151594e+00 -8.134330729445686803e-01 -7.305152602287347252e-02 5.279222146792132350e-03 5.770288036131385745e-01
1.403638606077829376e+18 2.996113066345229559e+00 8.665195649642953413e+00 3.560808197189396118e+00 -8.174680111351811940e-01 -7.831755947019475306e-02 -8.434596222402572854e-03 5.705622387048487898e-01
1.403638606577829376e+18 2.476998985247283347e+00 8.401069656418972187e+00 3.510557150349630007e+00 -8.385391034500149221e-01 -7.050909951531943165e-02 3.195321215182795466e-02 5.393140375550815602e-01
1.403638607577829376e+18 1.064087147597798655e+00 8.244352520699653297e+00 3.323074203228530088e+00 -8.060036549775412285e-01 -1.408926639034459860e-01 1.165320556193708557e-01 5.629632718341038844e-01
1.403638608277829376e+18 3.274170619921257241e-01 8.292547423617071090e+00 2.894982620856054734e+00 -7.912548628328075484e-01 -1.345779214904875287e-01 1.092664501912648800e-01 5.864003478455102059e-01
1.403638608977829376e+18 -1.045044380335005130e-01 8.210554517967677768e+00 2.580739117633917612e+00 -8.000696115927687924e-01 -1.264840021177700280e-01 1.212620304072681010e-01 5.737472734537175656e-01
1.403638609777829376e+18 -3.336740364525914160e-01 7.882896908987128803e+00 1.844247302035016522e+00 -7.923009403566807496e-01 -1.287362692889826021e-01 1.170643213808810201e-01 5.847923884072943057e-01
1.403638611477829376e+18 -1.852319505499799845e-03 7.280188515612052491e+00 1.508746605358843640e+00 -7.982097986779539411e-01 -1.371009784738111414e-01 1.067853626674037243e-01 5.767679995596275422e-01
1.403638612477829376e+18 4.908336109386794988e-01 6.419397545971100350e+00 1.205245817027446487e+00 -7.970940475882702936e-01 -1.293374121303325075e-01 9.646421642991941103e-02 5.818999639726216699e-01
1.403638613777829376e+18 8.236668036593348674e-01 5.688796936107189950e+00 1.078528485337828524e+00 -7.938096045787954580e-01 -9.033409609223844172e-02 8.410123317771700524e-02 5.955107432613133689e-01
1.403638614577829376e+18 1.199378315301049547e+00 4.920111339745773193e+00 9.419996582704659449e-01 -8.147025901009139481e-01 1.778892527078063460e-02 2.568564867203866967e-02 5.790366925099560413e-01
1.403638614977829376e+18 1.395974361364901828e+00 4.640238896832754811e+00 1.006041450209746557e+00 -8.201548688004721699e-01 8.087885435306801929e-02 -1.165155842926358584e-02 5.662762958906056854e-01
1.403638615577829376e+18 1.883201976307839143e+00 4.118600331652061186e+00 1.170445201789702017e+00 -7.882565463415572848e-01 2.143270307638287797e-01 -1.393174786877118543e-01 5.597376002786841331e-01
1.403638615777829376e+18 2.107232701400623132e+00 3.851548923052809936e+00 1.244211077470414928e+00 -7.791288708268367946e-01 2.492072790101005075e-01 -1.591668881647367584e-01 5.527384882966216439e-01
1.403638616077829376e+18 2.325650441806832003e+00 3.580741047144614164e+00 1.266763524150505305e+00 -7.656774698599054796e-01 2.912315173039904947e-01 -1.877953967226969334e-01 5.418995335369040101e-01
1.403638616777829376e+18 2.835051353813269337e+00 2.933402277694031390e+00 1.033061250327491187e+00 -7.572016064051597661e-01 3.670492845915129809e-01 -2.112716393399473314e-01 4.972774319722491065e-01
1.403638617777829376e+18 3.959862869901426663e+00 2.236250499186809293e+00 1.132579970887938048e+00 -7.699854439314213206e-01 3.316299253312456341e-01 -2.245425461659152355e-01 4.967138549706989759e-01
1.403638618977829376e+18 5.105090247010286575e+00 2.140977894211951060e+00 1.293877507198325727e+00 -7.485396938751459617e-01 3.519393694543965223e-01 -2.551194123306604888e-01 5.007405439680343573e-01
1.403638619477829376e+18 6.204097651938813129e+00 2.237456102375604328e+00 1.142753400430742028e+00 -6.644437770710245328e-01 4.708505267778586023e-01 -3.167915263946834425e-01 4.862688323850603567e-01
1.403638620977829376e+18 7.266001631444412467e+00 1.863901290567937519e+00 1.058358914966062159e+00 -6.837648196782581955e-01 4.416704736062810888e-01 -3.277314698443143937e-01 4.795674590591482156e-01
1.403638622577829376e+18 6.988133040711011823e+00 8.335929258933664210e-01 1.026733383667638444e+00 -6.798999644411740650e-01 4.505954204792565476e-01 -3.282955541511274888e-01 4.763631330409777154e-01
1.403638625077829376e+18 5.729661727794509218e+00 -2.379726074909618294e-01 1.056710146817782636e+00 -6.946623923737639261e-01 4.422456457907260607e-01 -3.021584038914152393e-01 4.801700202620887148e-01
1.403638626577829376e+18 4.943576328948224408e+00 -1.082028608626975918e+00 1.017498688446404786e+00 -7.079934455520795478e-01 4.413882845447223424e-01 -3.023376341202354545e-01 4.609919937662046441e-01
1.403638628077829376e+18 4.690951958779299602e+00 -1.348661221806812582e+00 8.779356695669772170e-01 -7.069184940073162116e-01 4.374595805363682421e-01 -3.129742503297733291e-01 4.592847448564880142e-01
1.403638628777829376e+18 4.604848419261031722e+00 -1.369081231121664466e+00 8.321718272989555576e-01 -6.971937205666124404e-01 4.365612518754225513e-01 -3.168404005656024203e-01 4.721730084755761947e-01
1.403638629577829376e+18 4.579213279079064947e+00 -1.349174542843930791e+00 7.291566818051363752e-01 -6.913221359107650787e-01 4.369211808823810772e-01 -3.213055541288903916e-01 4.774267765658418150e-01
