1.413393218055760384e+18 -8.987982722743428354e-01 2.889827566968605765e-01 1.588988155395441471e+00 -5.666878570666795678e-01 -5.676877460382059315e-01 4.198967706335038352e-01 4.245965115998834305e-01
1.413393219055760384e+18 -6.111709349494904853e-01 3.486341216609034621e-02 1.601855818783894048e+00 -5.899827760078034666e-01 -5.757370083778481362e-01 4.072699752072895252e-01 3.931645819410813925e-01
1.413393219555760384e+18 -5.599240103607983077e-01 -5.270333325303311334e-02 1.646290448136287665e+00 -5.832889632046200923e-01 -5.729703462912915102e-01 4.175476934633645110e-01 3.963999134181803163e-01
1.413393219955760384e+18 -5.784541351592442648e-01 -8.680080755920605018e-02 1.712240943821856209e+00 -5.698214632948628289e-01 -5.696992046835578360e-01 4.235652567144497227e-01 4.139308993731261599e-01
1.413393222055760384e+18 -6.282259455501220113e-01 -1.791544613873093938e-01 2.098661823052903941e+00 -5.694284981460043804e-01 -5.702095873609304144e-01 4.191808442661803524e-01 4.182100330948021472e-01
1.413393222555760384e+18 -6.794859283424303786e-01 -1.988036081674703914e-01 2.015934212569328476e+00 -5.759642821920305522e-01 -5.818992578302558671e-01 4.111037043850972461e-01 4.008143505620360703e-01
1.413393223255760384e+18 -8.891593147269986064e-01 -2.356362056299942109e-01 2.108991447440568212e+00 -5.682778615986729953e-01 -5.905128732178374085e-01 4.127130133996214090e-01 3.975208009041258372e-01
1.413393224255760384e+18 -1.369044104068697587e+00 -3.724904304219723850e-01 1.990688656328262862e+00 -5.673672430785380305e-01 -5.708110131105919027e-01 4.157411523246373197e-01 4.235900058510600474e-01
1.413393224755760384e+18 -1.563449074155793150e+00 -5.003345965068697332e-01 1.805861220073016193e+00 -6.031018323387674629e-01 -5.320057709342710384e-01 4.094895579552880749e-01 4.307625116555948708e-01
1.413393224955760384e+18 -1.825813504977080282e+00 -5.988942225362507976e-01 1.710851211630826318e+00 -6.736724929894625236e-01 -4.610417911704436933e-01 3.575738347405365558e-01 4.535932006684612605e-01
1.413393225755760384e+18 -1.913266230706156090e+00 -5.567788836872569203e-01 1.720246106316947188e+00 -7.045199959271030155e-01 -4.066805995790527262e-01 2.993804110072860736e-01 4.986319632454434547e-01
1.413393226055760384e+18 -2.133937421238845999e+00 -4.591826671726881304e-01 1.636870328991492318e+00 -7.571702407558276171e-01 -3.213463093586981789e-01 2.335711607734198558e-01 5.185308947693120230e-01
1.413393227255760384e+18 -2.506165660609687595e+00 -2.813773295544570452e-01 1.593192903385213910e+00 -7.584307655155188010e-01 -2.991703263700138948e-01 2.343997594397363438e-01 5.294682639344844288e-01
1.413393227955760384e+18 -2.622625646533748522e+00 -1.671727517017808640e-01 1.586115596474380274e+00 -7.835335299079264626e-01 -2.284959404947210782e-01 1.866289718104802153e-01 5.468404150832492094e-01
1.413393229255760384e+18 -2.923932353961335551e+00 3.604630688236834524e-01 1.504044772377039818e+00 -8.031390193499069463e-01 -1.466407871090155135e-01 1.059290815584748163e-01 5.676647116334573306e-01
1.413393230455760384e+18 -3.261251921669386711e+00 9.613143246752935411e-01 1.440858868756231370e+00 -8.117122921033016469e-01 -1.335203076665306132e-01 1.109885922033053418e-01 5.576531311575034788e-01
1.413393231055760384e+18 -3.531709102808687106e+00 1.616752356769657339e+00 1.459399669901613183e+00 -8.077140692427302593e-01 -3.286407974755948397e-02 3.415031874263355083e-02 5.876663086645963485e-01
1.413393232955760384e+18 -3.398942282857499109e+00 2.533607905770272062e+00 1.219018965556315948e+00 -8.133688036511382835e-01 1.097358636306029617e-01 -8.261464998439684015e-02 5.652999638141836813e-01
1.413393233455760384e+18 -3.290033007382227037e+00 2.707348419435199993e+00 1.270616474682935593e+00 -7.933770272531889267e-01 1.369245091533033976e-01 -1.074523707978973230e-01 5.833168602311529227e-01
1.413393233955760384e+18 -3.100352370846852779e+00 3.034080106125013554e+00 1.546299088995546356e+00 -7.633712783726601669e-01 2.490514512069985364e-01 -1.703696324404655460e-01 5.711495901683543153e-01
1.413393235455760384e+18 -2.779217978256411925e+00 2.956358879087702896e+00 1.589367781956752879e+00 -6.363789102912650320e-01 4.981272405970794681e-01 -3.712803738462422953e-01 4.572111314351785527e-01
1.413393236555760384e+18 -2.695793701595292191e+00 3.029159755947080424e+00 1.626763486750190335e+00 -5.707885512902801661e-01 5.808037328128997645e-01 -4.086020972775912252e-01 4.122035659318085687e-01
1.413393237255760384e+18 -2.346948675842683407e+00 3.201712390817631260e+00 1.684128674910070123e+00 -5.799984786386507274e-01 5.779470573058356209e-01 -4.081170297133155933e-01 4.037566764604095804e-01
1.413393244255760384e+18 -5.593388070778795296e-01 3.203618841622771107e+00 1.525402558750696302e+00 -6.603864363354974287e-01 4.550444415889812744e-01 -3.472414930025740643e-01 4.860531415600740091e-01
1.413393245055760384e+18 -8.523444038682658208e-01 3.199208927207309205e+00 1.426511551043896819e+00 -6.627583740851396010e-01 4.753265836861376714e-01 -3.340315591282831398e-01 4.724816334288727826e-01
1.413393246455760384e+18 -1.004146549286813794e+00 3.217532549280297971e+00 1.290436228941140184e+00 -6.958003511731302160e-01 4.146180863088471114e-01 -3.149665263058088471e-01 4.947219432365925762e-01
1.413393247455760384e+18 -1.047150343735116174e+00 3.264872128195570600e+00 1.175711022890777446e+00 -7.084618631193955185e-01 4.318032762331494578e-01 -2.686093353330590849e-01 4.893636113480909766e-01
1.413393248055760384e+18 -8.997682542551908025e-01 3.234709727031606974e+00 1.110793947528237346e+00 -6.952686541973495116e-01 3.973255178116169573e-01 -3.013931564817970976e-01 5.175868010414060860e-01
1.413393248555760384e+18 -8.525575271952687828e-01 3.113330274262837261e+00 1.184712872837994979e+00 -6.882485667100396443e-01 4.063166796511380463e-01 -3.164257787184425186e-01 5.109749434378143551e-01
1.413393249055760384e+18 -8.600005011000737554e-01 2.984115337987696570e+00 1.189753916462995109e+00 -6.966599225979824839e-01 4.291324137653818038e-01 -3.181899794676548154e-01 4.788167297286549107e-01
1.413393250255760384e+18 -8.783517167296391870e-01 3.119209182734237640e+00 1.040803830586107148e+00 -6.743019417373642410e-01 4.289859329332284532e-01 -3.215631154635879563e-01 5.078239099215187125e-01
1.413393251555760384e+18 -9.351650845955181701e-01 3.206060671365061676e+00 1.095236751761245797e+00 -5.511375029417824312e-01 5.695210856539647537e-01 -4.385881210964647225e-01 4.237141086625500486e-01
1.413393251955760384e+18 -1.017764413065476159e+00 3.186693499673717511e+00 1.160925130259556459e+00 -5.063440037756258283e-01 6.364496020002701204e-01 -4.620837504008046270e-01 3.535905281108274179e-01
1.413393252455760384e+18 -1.090002340118448654e+00 3.165558542555007904e+00 1.194364548520621128e+00 -4.385999436619327230e-01 6.832268425146226232e-01 -4.963382745682782260e-01 3.073751588626398856e-01
1.413393253055760384e+18 -8.786170020635588607e-01 3.131856886984654587e+00 1.318550080204789143e+00 -3.883536451231310305e-01 7.111478887555632289e-01 -5.148023968376135295e-01 2.800511004233530721e-01
1.413393256055760384e+18 -8.866425658611865046e-02 2.817056936127920519e+00 1.617717351396289693e+00 -3.440096821857635545e-01 7.412465249058795003e-01 -5.277150899925729943e-01 2.317923891579218854e-01
1.413393257255760384e+18 3.839032343484891641e-01 2.472408097427531981e+00 1.493644226034323896e+00 -3.389811817632451540e-01 7.380411359224544610e-01 -5.319498614764286426e-01 2.396171633499875886e-01
1.413393258255760384e+18 6.712858990112757773e-01 2.290700810481666849e+00 1.459579681868606871e+00 -3.619834604397049183e-01 7.080118979150678005e-01 -5.455529839035488937e-01 2.646867366014664102e-01
1.413393258555760384e+18 8.242906348432625929e-01 2.250332800281631851e+00 1.453270907114337929e+00 -4.428846814119931086e-01 6.703113579001582778e-01 -4.957309860024668446e-01 3.298281855112829009e-01
1.413393258955760384e+18 9.416450325036977986e-01 2.226430822358740347e+00 1.458525799347705432e+00 -5.358099151327389009e-01 6.096740595837280008e-01 -4.420795197703936696e-01 3.817996518014675211e-01
1.413393259955760384e+18 1.308649843566367377e+00 2.139652965930094908e+00 1.532935888702104954e+00 -7.022772665645483636e-01 4.040468622199864801e-01 -2.984664817821898186e-01 5.044507243025535548e-01
1.413393260455760384e+18 1.454878288335391456e+00 2.090458357422706026e+00 1.520306956997671044e+00 -7.060344451681482836e-01 3.046954444687434704e-01 -3.336483434970264894e-01 5.453025135076770002e-01
1.413393265255760384e+18 1.764678221176690487e+00 2.955438695610017596e+00 1.142016042057779845e+00 -8.051985942488771864e-01 1.022186707740287831e-01 -9.356151249259411773e-02 5.765872098346621621e-01
1.413393266455760384e+18 1.676409998863579220e+00 2.947608473369543791e+00 1.244598645980752316e+00 -8.084896380480547373e-01 -7.651447405982614303e-02 4.360306715216995255e-02 5.818838483436339359e-01
1.413393267755760384e+18 1.797455002890359976e+00 2.837993704881594415e+00 1.296397275818985673e+00 -7.899776447181852124e-01 -1.974655443404048083e-01 1.375929505789153517e-01 5.639245158661256863e-01
1.413393270255760384e+18 1.789687443208353157e+00 2.734331303088057386e+00 1.015380630246670801e+00 -7.890241086518556823e-01 -2.252449779196412927e-01 1.480313960821198205e-01 5.520800319356820030e-01
1.413393273055760384e+18 1.167079571451827391e+00 2.650880652250684477e+00 1.201152831964793943e+00 -8.101763100361030201e-01 8.955929670505566320e-02 -8.431377306029647078e-02 5.731358187221566869e-01
1.413393273455760384e+18 1.038052920163018200e+00 2.628997706712816296e+00 1.263408279451194938e+00 -7.891582147207265585e-01 1.783733604071953138e-01 -1.492832331980757654e-01 5.684424093272503198e-01
1.413393274255760384e+18 7.975897360023611604e-01 2.569762525467121694e+00 1.429524112521069590e+00 -7.222910108248472572e-01 3.699196899567390728e-01 -2.614572609262976743e-01 5.225851312205967991e-01
1.413393275455760384e+18 6.782943844006177336e-01 2.429740315589409061e+00 1.400604385766265558e+00 -6.099363479151457268e-01 5.200787094657058907e-01 -3.818942052776375107e-01 4.600571740857666292e-01
1.413393275755760384e+18 6.106506576270520625e-01 2.297891546595276502e+00 1.453909370369258713e+00 -5.894206577344145437e-01 5.657977521158255030e-01 -4.026970807618430737e-01 4.126636076545868170e-01
1.413393277955760384e+18 8.649523171201163318e-01 1.939746660713551174e+00 1.398677189811737387e+00 -5.174380694958248261e-01 6.133579820667400817e-01 -4.453660474973950012e-01 3.971132254256946603e-01
1.413393278955760384e+18 9.376754062356429387e-01 1.423944066984284662e+00 1.435222238285235985e+00 -5.077304681283626442e-01 6.319349175436119737e-01 -4.738538986557803145e-01 3.439920267273934296e-01
1.413393279755760384e+18 1.167822778412255458e+00 1.081619524637458918e+00 1.403467012781579593e+00 -5.108866619216432259e-01 6.174790806246087671e-01 -4.585747602690509739e-01 3.839578009439713613e-01
1.413393280955760384e+18 1.232954235415766320e+00 8.466682382952065433e-01 1.391206306020197347e+00 -5.098376000660633789e-01 6.325586580568924866e-01 -4.193431113445274527e-01 4.050759442919702469e-01
1.413393281555760384e+18 1.314675713828313164e+00 3.502499842741509939e-01 1.428771464717111250e+00 -5.232775967178442400e-01 6.113776230212260021e-01 -4.669829509834635406e-01 3.665035911596074003e-01
1.413393281955760384e+18 1.374155196940580970e+00 1.451818285829398203e-01 1.515406071518092368e+00 -5.028057242110259839e-01 6.364050493446102852e-01 -4.483046663176319391e-01 3.757631475106981700e-01
1.413393282455760384e+18 1.423873800244435328e+00 -6.042851895085199487e-02 1.581132911252009610e+00 -5.157730681816354856e-01 6.106543850980412635e-01 -4.767966358918491743e-01 3.657107218844569685e-01
1.413393283055760384e+18 1.437904133722538891e+00 -1.745946258731510548e-01 1.589503578510649051e+00 -5.839345454752750131e-01 5.683256669480551970e-01 -4.228769369596402372e-01 3.964864172657933672e-01
1.413393283455760384e+18 1.483051880754663099e+00 -1.967748899581300281e-01 1.559265850366295059e+00 -6.533581327095695501e-01 4.820822872549861415e-01 -3.644485343617758222e-01 4.559573275415353399e-01
1.413393284255760384e+18 1.550762610774746530e+00 -9.420365409382736033e-02 1.444964212605451603e+00 -7.387112969937161822e-01 3.282908340257367219e-01 -2.646704376237064005e-01 5.258139475485826830e-01
1.413393284555760384e+18 1.552473565772145569e+00 -1.044111080550391701e-02 1.427446573042861822e+00 -7.693422957785305272e-01 2.610495352147053083e-01 -1.945035200217126448e-01 5.496671290786541153e-01
1.413393285455760384e+18 1.693431214030615140e+00 2.879521324187150899e-01 1.439811698840216092e+00 -8.058602651928882254e-01 -4.716916328750172388e-02 8.235930251213482989e-03 5.901664786065895507e-01
1.413393286055760384e+18 1.944940886472590780e+00 5.000031339814120512e-01 1.413588196847081369e+00 -8.107519149287559790e-01 -6.281015811213160049e-02 1.363642413862667900e-02 5.818507234798251382e-01
1.413393287255760384e+18 1.962004130290697868e+00 5.838700326678296637e-01 1.455013953545718719e+00 -8.022800314901714636e-01 -1.383852079933019785e-01 8.803862350993284236e-02 5.739734192898279241e-01
1.413393287555760384e+18 1.914439112192955594e+00 6.294326818035589355e-01 1.505111099197536495e+00 -7.808405302361249856e-01 -2.318002162714357939e-01 1.719896083025814204e-01 5.540544203532783429e-01
1.413393287955760384e+18 1.881443843801344329e+00 8.192250215574795602e-01 1.522818918509767361e+00 -7.499640113750143389e-01 -3.072756611329374721e-01 2.218261637407857034e-01 5.421520107844842729e-01
1.413393289555760384e+18 1.890520358903624576e+00 1.183865069445211526e+00 1.434609021435645282e+00 -7.401636017304160653e-01 -3.291690794627210592e-01 2.292359694368139023e-01 5.396817859771506631e-01
1.413393290555760384e+18 1.831578761903274843e+00 1.442842903825628298e+00 1.130341427258726661e+00 -7.390870072513100464e-01 -3.326360410015674063e-01 2.442077080869172190e-01 5.324154911815024427e-01
1.413393293255760384e+18 1.884577046487343921e+00 1.315011606522962451e+00 1.373524543766694528e+00 -7.018237462687315631e-01 -4.041913321746998800e-01 2.886498864773361928e-01 5.106408123179989600e-01
1.413393295055760384e+18 1.939322109534883154e+00 3.708312686435142336e-01 1.468337127074180959e+00 -7.157565916701476016e-01 -3.954261826053082629e-01 2.852709807389610663e-01 4.999511007480215707e-01
1.413393295955760384e+18 1.803725158833977549e+00 -6.027880222441184266e-02 1.434209819531246932e+00 -7.188209540627623628e-01 -3.992757771312310244e-01 2.714907317638357576e-01 5.001680441240610175e-01
1.413393298555760384e+18 9.294843531205160270e-01 -5.114020749681008615e-02 1.192938542063359364e+00 -7.206209602363568001e-01 -3.478000235102260973e-01 2.469393268640765471e-01 5.465908379786786897e-01
1.413393300255760384e+18 7.014941756288815000e-01 -1.046840981753361932e-01 1.275597545857245940e+00 -7.288646435707633042e-01 -3.618494710212956655e-01 2.821833608501831958e-01 5.081277816980369622e-01
1.413393300555760384e+18 6.388113367444505641e-01 -1.397054558079245945e-01 1.315301241315298686e+00 -6.699025755790999348e-01 -4.527095053735076258e-01 3.262172725001288298e-01 4.897621199108188050e-01
1.413393302555760384e+18 6.933468261671447141e-01 -6.602539807106337921e-01 1.211723568904909731e+00 -6.026881988372224663e-01 -5.489296778381530517e-01 4.033051576381836423e-01 4.156778723883268745e-01
1.413393303555760384e+18 6.335738767998146947e-01 -8.572383571292866433e-01 1.418614314355567618e+00 -5.981007685249430939e-01 -5.470758803215796107e-01 3.974406721909627405e-01 4.301445849346899331e-01
1.413393304555760384e+18 4.844911823917611438e-01 -1.034846596594417800e+00 1.404072600588122111e+00 -5.879167191877989751e-01 -5.669310148224125934e-01 3.914069884826740231e-01 4.239619382666421354e-01
1.413393305555760384e+18 1.930061556000681744e-01 -1.262316304151541946e+00 1.477153858467684433e+00 -6.042702271066492381e-01 -5.480297456353950825e-01 3.639290513300517116e-01 4.495292383475087972e-01
1.413393307555760384e+18 -6.272350846797529744e-01 -1.838217090264198328e+00 1.574116255047894208e+00 -7.709139969108190771e-01 -2.899784182257363341e-01 1.937728833950433660e-01 5.329692261200982273e-01
1.413393307955760384e+18 -8.651751794129374229e-01 -1.805897515135326037e+00 1.631817339055802396e+00 -7.917651310577863422e-01 -1.885681432484160314e-01 1.129877842736040638e-01 5.698980550921656230e-01
1.413393308555760384e+18 -1.070781361611681248e+00 -1.790184448491245472e+00 1.635635056190949621e+00 -8.159781493651987461e-01 -8.193043513061526451e-02 7.248724184416746597e-02 5.676377923708734174e-01
1.413393308955760384e+18 -1.222779405884897530e+00 -1.752906433856691093e+00 1.534032669012090233e+00 -8.089192845024265610e-01 4.259427315841725695e-03 6.898134165294806698e-03 5.878638143176200259e-01
1.413393309455760384e+18 -1.463090806535517041e+00 -1.714493666155083362e+00 1.441818697591499499e+00 -8.236084311022380255e-01 2.708653505406589251e-02 -2.167906570058770414e-03 5.665075215892354521e-01
1.413393310555760384e+18 -1.490958638016448790e+00 -1.214641969401944355e+00 1.295526219884268304e+00 -8.132552694239307822e-01 1.409016042180076013e-02 -3.861648425543324353e-02 5.804533583994907486e-01
1.413393313455760384e+18 -1.368306396068503350e+00 -5.884538264392986662e-01 1.319603027425056974e+00 -8.193433331019984722e-01 -1.030902314558153482e-01 4.329073706323309512e-02 5.622942457150135187e-01
1.413393315055760384e+18 -1.466967263182755277e+00 -3.663988945688666510e-01 1.254778145999666528e+00 -7.926325518441440510e-01 -1.558975994239659713e-01 6.865060162792514797e-02 5.854200809222457336e-01
1.413393315955760384e+18 -1.693900893896549853e+00 -2.375417224111009418e-01 1.415694042809964470e+00 -7.936495230601354756e-01 -1.433727428405230930e-01 8.421971479448553399e-02 5.852108430273144091e-01
1.413393316555760384e+18 -1.934440839184674132e+00 -1.784632840596774295e-01 1.604431105038488514e+00 -8.009162710271886532e-01 -1.547654197568229806e-01 9.574932673949484996e-02 5.704496981157328728e-01
1.413393318455760384e+18 -2.761627329581168411e+00 -3.873991105165460191e-01 1.254668367625887182e+00 -8.003662037109903205e-01 -1.192365854067218151e-01 1.057511891524979958e-01 5.779388052818704713e-01
1.413393319255760384e+18 -2.834877965981888792e+00 -5.419577140023048578e-01 1.212171246313786810e+00 -8.109551021232542789e-01 -1.269724964959267344e-01 1.074214228937248328e-01 5.609727670549982115e-01
1.413393320555760384e+18 -2.888826528937844529e+00 -5.710527640162780250e-01 9.260232703467423665e-01 -8.096319501197506430e-01 -1.409972406450811233e-01 8.364468349261300339e-02 5.635773686009609706e-01
1.413393320955760384e+18 -2.889277230080228964e+00 -5.777118378027209511e-01 9.163966521000583842e-01 -8.049498262585375041e-01 -1.427545871573304148e-01 7.378025634852083958e-02 5.711684329731792076e-01
1.413393321055760384e+18 -2.877789125452272501e+00 -5.882003046483342823e-01 8.932901969106921136e-01 -7.943646319294027647e-01 -1.326174447069239926e-01 9.219336021266719139e-02 5.855747853449362328e-01
1.413393321255760384e+18 -2.875018461722488539e+00 -5.898127186337231986e-01 8.943780798902587481e-01 -8.002802239682527130e-01 -1.285737655222521092e-01 8.423965163912364162e-02 5.795895366864995957e-01
