1.413393212255760431e+09 -0.000000000000000000e+00 -0.000000000000000000e+00 -0.000000000000000000e+00 -0.000000000000000000e+00 -0.000000000000000000e+00 -0.000000000000000000e+00 1.000000000000000000e+00
1.413393218055760384e+09 -6.571753323078155518e-02 -6.946418434381484985e-02 -8.619087934494018555e-02 -1.369635574519634247e-02 1.773934625089168549e-02 -9.638460353016853333e-03 9.997024536132812500e-01
1.413393218355760574e+09 -1.007153093814849854e-01 -7.382330298423767090e-02 -1.175052672624588013e-01 -1.707322709262371063e-02 8.248919621109962463e-03 2.035455964505672455e-02 9.996129870414733887e-01
1.413393218855760574e+09 -1.454759985208511353e-01 -4.895068332552909851e-02 -1.683719456195831299e-01 -2.839476056396961212e-02 1.775927841663360596e-02 -3.288186388090252876e-03 9.994336366653442383e-01
1.413393219055760384e+09 -1.645361334085464478e-01 -4.444818571209907532e-02 -1.892940253019332886e-01 -5.167290940880775452e-02 1.399543602019548416e-02 7.602554280310869217e-03 9.985370635986328125e-01
1.413393219555760384e+09 -1.984512507915496826e-01 -5.511770397424697876e-02 -2.113108634948730469e-01 -4.004948586225509644e-02 8.277378045022487640e-03 8.242376148700714111e-03 9.991294145584106445e-01
1.413393219955760479e+09 -2.116848975419998169e-01 -8.079029619693756104e-02 -2.106402218341827393e-01 -1.978573761880397797e-02 1.021905895322561264e-02 -2.750706393271684647e-03 9.997482895851135254e-01
1.413393221655760527e+09 -2.485391944646835327e-01 -2.017800062894821167e-01 -2.410558164119720459e-01 -3.885140269994735718e-02 2.012479305267333984e-02 -7.569230627268552780e-03 9.990137219429016113e-01
1.413393222055760384e+09 -2.492642849683761597e-01 -2.260143756866455078e-01 -2.293872535228729248e-01 -1.992809586226940155e-02 1.469451654702425003e-02 -6.980684120208024979e-03 9.996690750122070312e-01
1.413393222555760384e+09 -2.554856836795806885e-01 -2.008018046617507935e-01 -2.023548334836959839e-01 -4.209766536951065063e-02 7.398275192826986313e-03 -5.520522594451904297e-03 9.990708827972412109e-01
1.413393223255760431e+09 -2.681002318859100342e-01 -2.551527023315429688e-01 -1.346698552370071411e-01 -4.362123832106590271e-02 -2.354423049837350845e-03 -1.253946498036384583e-02 9.989667534828186035e-01
1.413393223655760527e+09 -2.787731587886810303e-01 -2.592428624629974365e-01 -5.803122371435165405e-02 -2.301544696092605591e-02 5.081270937807857990e-04 -1.614949107170104980e-02 9.996045231819152832e-01
1.413393224255760431e+09 -3.140410184860229492e-01 -2.585209906101226807e-01 5.339693278074264526e-02 -1.826539449393749237e-02 1.848789118230342865e-02 -1.229340583086013794e-02 9.995866417884826660e-01
1.413393224755760431e+09 -3.588310480117797852e-01 -2.095939517021179199e-01 1.438757330179214478e-01 -1.558397524058818817e-02 5.803366750478744507e-02 2.375471405684947968e-02 9.979103803634643555e-01
1.413393224955760479e+09 -3.926523327827453613e-01 -2.002509981393814087e-01 2.499523311853408813e-01 -3.026226162910461426e-02 1.607547253370285034e-01 7.140375673770904541e-02 9.839429259300231934e-01
1.413393225755760431e+09 -3.759804368019104004e-01 -2.125140577554702759e-01 2.804031074047088623e-01 -2.679641731083393097e-02 2.550177872180938721e-01 7.494503259658813477e-02 9.636551141738891602e-01
1.413393226055760384e+09 -3.362926244735717773e-01 -2.043837904930114746e-01 3.678598701953887939e-01 -3.710641711950302124e-02 3.619416058063507080e-01 1.160047948360443115e-01 9.242100715637207031e-01
1.413393227255760431e+09 -2.651820182800292969e-01 -2.260795831680297852e-01 5.057039260864257812e-01 -2.126030810177326202e-02 3.774744272232055664e-01 1.246213465929031372e-01 9.173498153686523438e-01
1.413393227955760479e+09 -2.208865880966186523e-01 -2.355901002883911133e-01 5.475018620491027832e-01 -1.776849478483200073e-02 4.545979499816894531e-01 1.506161093711853027e-01 8.776900172233581543e-01
1.413393228355760574e+09 -1.422053873538970947e-01 -2.457719743251800537e-01 5.893033742904663086e-01 -2.384417504072189331e-02 5.478423237800598145e-01 1.703576296567916870e-01 8.187054395675659180e-01
1.413393229255760431e+09 -1.815095543861389160e-02 -2.382323145866394043e-01 6.592000126838684082e-01 -2.367760427296161652e-02 5.543130636215209961e-01 1.644653975963592529e-01 8.155535459518432617e-01
1.413393229855760574e+09 9.342050552368164062e-02 -2.430812418460845947e-01 7.212340235710144043e-01 -4.301654174923896790e-02 5.460574626922607422e-01 1.668144464492797852e-01 8.198438286781311035e-01
1.413393230455760479e+09 2.124073207378387451e-01 -2.517036795616149902e-01 7.813116312026977539e-01 -2.420799061655998230e-02 5.551138520240783691e-01 1.831675767898559570e-01 8.109945654869079590e-01
1.413393230855760574e+09 2.926147282123565674e-01 -2.656161785125732422e-01 8.100945949554443359e-01 -2.338468842208385468e-02 6.057697534561157227e-01 1.995774656534194946e-01 7.698474526405334473e-01
1.413393231055760384e+09 4.622251391410827637e-01 -2.886788249015808105e-01 8.703972697257995605e-01 -4.632368218153715134e-03 6.552878618240356445e-01 1.917688101530075073e-01 7.306169867515563965e-01
1.413393231855760574e+09 6.175057888031005859e-01 -2.726631164550781250e-01 9.152706265449523926e-01 -3.086624201387166977e-04 7.081846594810485840e-01 2.300713658332824707e-01 6.674890518188476562e-01
1.413393232355760574e+09 6.932656168937683105e-01 -2.411254644393920898e-01 8.989593982696533203e-01 -2.417693845927715302e-03 7.551035881042480469e-01 2.475920021533966064e-01 6.070510745048522949e-01
1.413393232955760479e+09 8.088817000389099121e-01 -1.930348128080368042e-01 8.349514603614807129e-01 -2.234459109604358673e-02 7.700372934341430664e-01 2.356895208358764648e-01 5.924473404884338379e-01
1.413393233455760479e+09 8.729397058486938477e-01 -2.020731419324874878e-01 7.881762981414794922e-01 -5.914658308029174805e-03 7.966111302375793457e-01 2.212654948234558105e-01 5.625098943710327148e-01
1.413393233655760527e+09 9.278739690780639648e-01 -2.336081266403198242e-01 7.399021387100219727e-01 -1.622595824301242828e-02 8.292508721351623535e-01 2.284604310989379883e-01 5.097897648811340332e-01
1.413393233955760479e+09 9.920651912689208984e-01 -2.856689691543579102e-01 6.881766915321350098e-01 1.388345472514629364e-02 8.585329055786132812e-01 2.460630387067794800e-01 4.496461153030395508e-01
1.413393234355760574e+09 1.015140175819396973e+00 -3.019134402275085449e-01 6.555792093276977539e-01 7.561963051557540894e-02 8.821660876274108887e-01 2.333088517189025879e-01 4.020345211029052734e-01
1.413393234655760527e+09 1.001949548721313477e+00 -3.119318485260009766e-01 6.309628486633300781e-01 8.464665152132511139e-03 9.055933356285095215e-01 2.245635390281677246e-01 3.597224056720733643e-01
1.413393234855760574e+09 9.684073925018310547e-01 -3.282363414764404297e-01 6.071867346763610840e-01 -2.792084356769919395e-03 9.181434512138366699e-01 2.650828063488006592e-01 2.945095002651214600e-01
1.413393235155760527e+09 9.364112615585327148e-01 -2.996294200420379639e-01 5.991927981376647949e-01 -1.509573496878147125e-02 9.326726794242858887e-01 2.820308208465576172e-01 2.243936210870742798e-01
1.413393235455760479e+09 9.592261314392089844e-01 -2.693297266960144043e-01 5.678428411483764648e-01 5.405493357102386653e-05 9.545948505401611328e-01 2.799473404884338379e-01 1.018737331032752991e-01
1.413393236555760384e+09 9.855651855468750000e-01 -2.751467227935791016e-01 5.329246520996093750e-01 1.780554279685020447e-02 9.556679129600524902e-01 2.934333086013793945e-01 -1.669250056147575378e-02
1.413393237255760431e+09 1.046770691871643066e+00 -2.626637518405914307e-01 3.981735706329345703e-01 8.246968500316143036e-03 9.535078406333923340e-01 3.009638786315917969e-01 -1.325348112732172012e-02
1.413393238855760574e+09 1.067965507507324219e+00 -2.235369682312011719e-01 1.894613206386566162e-01 2.205107733607292175e-02 9.552344083786010742e-01 2.941411435604095459e-01 -2.284772880375385284e-02
1.413393240155760527e+09 1.077959418296813965e+00 -1.828536987304687500e-01 2.682758867740631104e-02 1.574888266623020172e-02 9.576268792152404785e-01 2.869826555252075195e-01 -1.854065433144569397e-02
1.413393240855760574e+09 1.075082898139953613e+00 -1.200629249215126038e-01 -1.096539348363876343e-01 2.884906716644763947e-02 9.592881798744201660e-01 2.783998548984527588e-01 -3.778347373008728027e-02
1.413393241655760527e+09 1.068091630935668945e+00 -4.429902136325836182e-02 -2.172025144100189209e-01 3.057612664997577667e-02 9.581852555274963379e-01 2.832158505916595459e-01 -2.711003459990024567e-02
1.413393243155760527e+09 1.040422439575195312e+00 -5.515141785144805908e-02 -2.601616084575653076e-01 -4.490653518587350845e-03 9.594132900238037109e-01 2.729775011539459229e-01 7.063509523868560791e-02
1.413393244255760431e+09 1.031258344650268555e+00 -2.887198328971862793e-02 -2.375922799110412598e-01 6.556648295372724533e-04 9.500162601470947266e-01 2.667238712310791016e-01 1.622561216354370117e-01
1.413393245055760384e+09 1.033295869827270508e+00 -2.164725959300994873e-02 -1.210670471191406250e-01 8.487883955240249634e-03 9.445113539695739746e-01 2.909111380577087402e-01 1.523058414459228516e-01
1.413393246455760479e+09 1.042834639549255371e+00 1.290324330329895020e-02 -5.260312557220458984e-02 -8.966061286628246307e-03 9.356104135513305664e-01 2.737699747085571289e-01 2.227168828248977661e-01
1.413393247455760479e+09 1.062075734138488770e+00 5.022242665290832520e-02 -2.621638774871826172e-02 1.647463999688625336e-02 9.194660782814025879e-01 3.122601807117462158e-01 2.383367717266082764e-01
1.413393248055760384e+09 1.049788236618041992e+00 8.855390548706054688e-02 -7.318842411041259766e-02 4.046642221510410309e-03 9.334535002708435059e-01 2.593843340873718262e-01 2.477253675460815430e-01
1.413393248555760384e+09 1.002908468246459961e+00 6.692704558372497559e-02 -9.623688459396362305e-02 -1.217016018927097321e-03 9.387832880020141602e-01 2.570848166942596436e-01 2.293292135000228882e-01
1.413393249055760384e+09 9.541828632354736328e-01 6.506630778312683105e-02 -9.251451492309570312e-02 -1.361876819282770157e-02 9.348918199539184570e-01 2.880416214466094971e-01 2.069394588470458984e-01
1.413393250255760431e+09 1.006579399108886719e+00 1.168037950992584229e-01 -7.277083396911621094e-02 9.969905950129032135e-03 9.431952238082885742e-01 2.611308991909027100e-01 2.051684707403182983e-01
1.413393250855760574e+09 1.044467449188232422e+00 1.134792491793632507e-01 -6.146574020385742188e-02 8.507477119565010071e-03 9.580963253974914551e-01 2.711142301559448242e-01 9.206630289554595947e-02
1.413393251555760384e+09 1.039455294609069824e+00 9.089686721563339233e-02 -5.842919647693634033e-02 1.056246180087327957e-02 9.655148983001708984e-01 2.584277093410491943e-01 -2.974235638976097107e-02
1.413393251955760479e+09 1.032411217689514160e+00 5.893264710903167725e-02 -3.456011414527893066e-02 6.425417494028806686e-03 9.473030567169189453e-01 2.917153835296630859e-01 -1.322040110826492310e-01
1.413393252455760479e+09 1.024867057800292969e+00 3.975120186805725098e-02 -1.127791404724121094e-02 1.027555111795663834e-02 9.300202131271362305e-01 2.857450842857360840e-01 -2.308824658393859863e-01
1.413393253055760384e+09 1.009039640426635742e+00 1.548311114311218262e-02 -1.001045107841491699e-01 1.793929561972618103e-02 9.144110679626464844e-01 2.773632705211639404e-01 -2.942793965339660645e-01
1.413393254355760574e+09 9.915432929992675781e-01 -1.079544425010681152e-02 -1.728661060333251953e-01 7.064952980726957321e-03 8.884241580963134766e-01 2.922489941120147705e-01 -3.538971245288848877e-01
1.413393254855760574e+09 9.842960834503173828e-01 -2.797816693782806396e-02 -2.631154656410217285e-01 2.050279639661312103e-02 9.000422358512878418e-01 2.586460709571838379e-01 -3.501512408256530762e-01
1.413393256055760384e+09 8.800055980682373047e-01 -1.406653225421905518e-02 -4.136515259742736816e-01 1.553036831319332123e-02 8.874138593673706055e-01 2.850938737392425537e-01 -3.619073629379272461e-01
1.413393257255760431e+09 7.463526129722595215e-01 7.955823838710784912e-02 -5.696331262588500977e-01 1.820124685764312744e-02 8.906306028366088867e-01 2.752409279346466064e-01 -3.615084290504455566e-01
1.413393258255760431e+09 6.752507686614990234e-01 1.212573125958442688e-01 -6.688807010650634766e-01 1.657074782997369766e-03 9.099705219268798828e-01 2.546716630458831787e-01 -3.272512853145599365e-01
1.413393258555760384e+09 6.585687398910522461e-01 1.388383209705352783e-01 -7.235395908355712891e-01 1.566689088940620422e-02 9.388331174850463867e-01 2.712813317775726318e-01 -2.115500569343566895e-01
1.413393258955760479e+09 6.483535766601562500e-01 1.486055105924606323e-01 -7.665365934371948242e-01 9.319088421761989594e-03 9.538511633872985840e-01 2.892734706401824951e-01 -8.001320809125900269e-02
1.413393259355760574e+09 6.389866471290588379e-01 1.526685059070587158e-01 -8.035972118377685547e-01 7.258108817040920258e-03 9.564183950424194336e-01 2.911973893642425537e-01 2.037993818521499634e-02
1.413393259655760527e+09 6.274716258049011230e-01 1.550441682338714600e-01 -8.450553417205810547e-01 1.666505006141960621e-03 9.495066404342651367e-01 2.875609695911407471e-01 1.254713535308837891e-01
1.413393259955760479e+09 6.113855838775634766e-01 1.580870449542999268e-01 -9.065569639205932617e-01 -1.604299410246312618e-03 9.303176999092102051e-01 2.741172611713409424e-01 2.436518520116806030e-01
1.413393260455760479e+09 5.914922356605529785e-01 1.773528903722763062e-01 -9.580231904983520508e-01 -4.406985267996788025e-02 9.331278204917907715e-01 1.879714578390121460e-01 3.033103346824645996e-01
1.413393260855760574e+09 6.116237640380859375e-01 1.726606488227844238e-01 -9.045186042785644531e-01 -1.938425563275814056e-02 9.041063189506530762e-01 2.729457318782806396e-01 3.282023370265960693e-01
1.413393261655760527e+09 6.400346755981445312e-01 1.647426784038543701e-01 -8.912142515182495117e-01 9.126661345362663269e-03 8.762845993041992188e-01 2.839448750019073486e-01 3.891237676143646240e-01
1.413393261855760574e+09 6.894513368606567383e-01 1.552772521972656250e-01 -9.207082390785217285e-01 -1.258662436157464981e-02 8.471632003784179688e-01 2.437368780374526978e-01 4.719623625278472900e-01
1.413393262855760574e+09 7.710658311843872070e-01 2.001704871654510498e-01 -9.807026982307434082e-01 -2.654558280482888222e-03 8.403429985046386719e-01 2.546601295471191406e-01 4.785027801990509033e-01
1.413393263655760527e+09 8.322845697402954102e-01 2.668425440788269043e-01 -1.035403013229370117e+00 -1.815232681110501289e-03 8.408780694007873535e-01 2.100522816181182861e-01 4.987974464893341064e-01
1.413393264155760527e+09 8.767973184585571289e-01 3.337281346321105957e-01 -1.052022337913513184e+00 -1.904283277690410614e-02 8.183363080024719238e-01 2.408798336982727051e-01 5.214785933494567871e-01
1.413393265255760431e+09 9.179855585098266602e-01 3.409685790538787842e-01 -1.043821573257446289e+00 -2.211456373333930969e-02 7.757659554481506348e-01 2.173202484846115112e-01 5.920050740242004395e-01
1.413393266155760527e+09 9.179327487945556641e-01 3.157950937747955322e-01 -1.030656814575195312e+00 -2.349912375211715698e-02 7.046299576759338379e-01 1.971987038850784302e-01 6.812174320220947266e-01
1.413393266455760479e+09 9.150428771972656250e-01 2.949368953704833984e-01 -1.021645545959472656e+00 -2.213767915964126587e-02 6.288376450538635254e-01 1.743238419294357300e-01 7.574194669723510742e-01
1.413393266655760527e+09 9.112408757209777832e-01 2.814763784408569336e-01 -1.014507412910461426e+00 -8.340044878423213959e-03 5.548604130744934082e-01 1.498349159955978394e-01 8.182969689369201660e-01
1.413393266855760574e+09 8.883034586906433105e-01 2.385689914226531982e-01 -1.042409896850585938e+00 -1.846110448241233826e-02 4.946563541889190674e-01 1.437644362449645996e-01 8.569166064262390137e-01
1.413393267755760431e+09 8.720616102218627930e-01 2.885747551918029785e-01 -1.069560527801513672e+00 -2.486000582575798035e-02 5.074489116668701172e-01 1.435384899377822876e-01 8.492786884307861328e-01
1.413393269355760574e+09 8.407140374183654785e-01 3.284407854080200195e-01 -1.047729253768920898e+00 -2.923798002302646637e-02 4.638730883598327637e-01 1.248454675078392029e-01 8.765732049942016602e-01
1.413393270255760431e+09 8.353648781776428223e-01 3.907961249351501465e-01 -1.037918210029602051e+00 -3.746351972222328186e-02 4.829021990299224854e-01 1.370758265256881714e-01 8.640673160552978516e-01
1.413393270855760574e+09 8.659039139747619629e-01 3.741365075111389160e-01 -1.001692175865173340e+00 -2.552653476595878601e-02 5.596500635147094727e-01 1.253016889095306396e-01 8.188038468360900879e-01
1.413393271855760574e+09 8.454051017761230469e-01 3.336853981018066406e-01 -9.189403057098388672e-01 -1.492585893720388412e-02 6.354692578315734863e-01 1.723907738924026489e-01 7.524875402450561523e-01
1.413393272655760527e+09 8.258823156356811523e-01 2.968065738677978516e-01 -8.737072348594665527e-01 -3.130245581269264221e-02 7.088808417320251465e-01 1.803438216447830200e-01 6.811639666557312012e-01
1.413393273055760384e+09 8.084422945976257324e-01 2.622658312320709229e-01 -8.283401727676391602e-01 -2.650152333080768585e-02 7.655585408210754395e-01 2.184448093175888062e-01 6.045656800270080566e-01
1.413393273455760479e+09 8.009334802627563477e-01 2.269967198371887207e-01 -7.871882915496826172e-01 -1.773965358734130859e-02 8.270632624626159668e-01 2.311251908540725708e-01 5.120866894721984863e-01
1.413393273855760574e+09 7.963722944259643555e-01 1.892648935317993164e-01 -7.479487061500549316e-01 -6.103263702243566513e-03 8.681061863899230957e-01 2.543871104717254639e-01 4.261942803859710693e-01
1.413393274255760431e+09 7.795592546463012695e-01 1.431117951869964600e-01 -7.152001857757568359e-01 5.953341722488403320e-03 9.144353866577148438e-01 2.737982571125030518e-01 2.980051934719085693e-01
1.413393274855760574e+09 7.543298006057739258e-01 1.504280567169189453e-01 -6.910434961318969727e-01 2.609361428767442703e-03 9.508318901062011719e-01 2.607643604278564453e-01 1.670743972063064575e-01
1.413393275455760479e+09 7.281371951103210449e-01 1.426778137683868408e-01 -6.672613024711608887e-01 1.641153730452060699e-02 9.596285223960876465e-01 2.716080248355865479e-01 7.122442126274108887e-02
1.413393275755760431e+09 6.786067485809326172e-01 1.173160970211029053e-01 -6.463143825531005859e-01 6.973681040108203888e-03 9.545834660530090332e-01 2.978203296661376953e-01 4.979243036359548569e-03
1.413393276355760574e+09 5.805528163909912109e-01 1.331322491168975830e-01 -7.095329165458679199e-01 1.237778645008802414e-02 9.619746804237365723e-01 2.726722061634063721e-01 1.007334794849157333e-02
1.413393277955760479e+09 5.414309501647949219e-01 1.644418388605117798e-01 -7.293733954429626465e-01 2.533080987632274628e-02 9.577473402023315430e-01 2.728349864482879639e-01 -8.740399032831192017e-02
1.413393278355760574e+09 4.605121612548828125e-01 1.689408421516418457e-01 -7.362936735153198242e-01 4.272308200597763062e-02 9.446662068367004395e-01 2.910612225532531738e-01 -1.451340317726135254e-01
1.413393278955760479e+09 3.457844853401184082e-01 1.611116081476211548e-01 -7.534505128860473633e-01 -8.147777989506721497e-03 9.471920728683471680e-01 2.892929613590240479e-01 -1.380958557128906250e-01
1.413393279755760431e+09 2.146197557449340820e-01 1.972168087959289551e-01 -8.301991224288940430e-01 1.509244460612535477e-02 9.565392732620239258e-01 2.717315256595611572e-01 -1.047227233648300171e-01
1.413393280955760479e+09 1.254281699657440186e-01 2.093854695558547974e-01 -8.499884009361267090e-01 5.611116066575050354e-02 9.523683190345764160e-01 2.866409718990325928e-01 -8.765318989753723145e-02
1.413393281155760527e+09 2.484959363937377930e-02 2.144657671451568604e-01 -8.556761145591735840e-01 -1.878761220723390579e-03 9.524035453796386719e-01 2.907137572765350342e-01 -9.170343726873397827e-02
1.413393281555760384e+09 -6.300088763236999512e-02 2.064628005027770996e-01 -8.776702284812927246e-01 -7.276336196810007095e-03 9.543177485466003418e-01 2.795027792453765869e-01 -1.053710356354713440e-01
1.413393281955760479e+09 -1.416853368282318115e-01 1.818685531616210938e-01 -9.054628610610961914e-01 2.804274670779705048e-02 9.505245685577392578e-01 2.856632173061370850e-01 -1.187990158796310425e-01
1.413393282455760479e+09 -2.203042805194854736e-01 1.639364063739776611e-01 -9.276389479637145996e-01 -1.043435838073492050e-02 9.557366967201232910e-01 2.711142897605895996e-01 -1.138223558664321899e-01
1.413393283055760384e+09 -2.635900974273681641e-01 1.628932058811187744e-01 -9.322430491447448730e-01 -1.003273203969001770e-02 9.553710222244262695e-01 2.948473393917083740e-01 -1.518852543085813522e-02
1.413393283455760479e+09 -2.721507549285888672e-01 1.784790158271789551e-01 -9.454644322395324707e-01 -1.098061259835958481e-02 9.508616924285888672e-01 2.839663922786712646e-01 1.229005604982376099e-01
1.413393283855760574e+09 -2.578212022781372070e-01 2.148141264915466309e-01 -9.534128904342651367e-01 -1.833942718803882599e-02 9.314177036285400391e-01 2.740004658699035645e-01 2.388481348752975464e-01
1.413393284255760431e+09 -2.331598997116088867e-01 2.262383401393890381e-01 -9.601029157638549805e-01 -1.930703781545162201e-02 9.078983068466186523e-01 2.570278644561767578e-01 3.305823504924774170e-01
1.413393284555760384e+09 -2.014245986938476562e-01 2.323314398527145386e-01 -9.599815607070922852e-01 -8.924076333642005920e-03 8.675584197044372559e-01 2.555312812328338623e-01 4.265754222869873047e-01
1.413393284855760574e+09 -1.690320968627929688e-01 2.345205545425415039e-01 -9.608091115951538086e-01 -3.473152406513690948e-03 8.143459558486938477e-01 2.506457567214965820e-01 5.234553217887878418e-01
1.413393285155760527e+09 -1.377534866333007812e-01 2.362209260463714600e-01 -9.730859994888305664e-01 -3.743678564205765724e-03 7.578597068786621094e-01 2.315749078989028931e-01 6.099244356155395508e-01
1.413393285455760479e+09 -9.031915664672851562e-02 2.400618791580200195e-01 -1.016032576560974121e+00 -2.339030988514423370e-02 6.643766164779663086e-01 1.707914471626281738e-01 7.272461056709289551e-01
1.413393286055760384e+09 -1.255726814270019531e-02 2.732114791870117188e-01 -1.107567787170410156e+00 -3.394531458616256714e-02 6.522913575172424316e-01 1.707415282726287842e-01 7.377066016197204590e-01
1.413393287255760431e+09 1.857542991638183594e-02 2.593330740928649902e-01 -1.118831396102905273e+00 -2.623449824750423431e-02 5.709384083747863770e-01 1.583269238471984863e-01 8.051545023918151855e-01
1.413393287555760384e+09 3.581717610359191895e-02 2.361432164907455444e-01 -1.106952548027038574e+00 -2.232555672526359558e-02 4.642738699913024902e-01 1.379442214965820312e-01 8.745986819267272949e-01
1.413393287955760479e+09 1.076079607009887695e-01 2.254003286361694336e-01 -1.098881244659423828e+00 -2.130302041769027710e-02 3.845225274562835693e-01 1.044592857360839844e-01 9.169388413429260254e-01
1.413393289555760384e+09 2.458435595035552979e-01 2.564409673213958740e-01 -1.097772359848022461e+00 -2.407773584127426147e-02 3.655069768428802490e-01 9.089023619890213013e-02 9.260475039482116699e-01
1.413393290555760384e+09 3.466781675815582275e-01 3.601090908050537109e-01 -1.049425840377807617e+00 -2.077716588973999023e-02 3.511197268962860107e-01 9.781548380851745605e-02 9.309754967689514160e-01
1.413393292155760527e+09 3.862739205360412598e-01 2.994461357593536377e-01 -1.068738698959350586e+00 -1.796285994350910187e-02 2.913031280040740967e-01 5.020853877067565918e-02 9.551433920860290527e-01
1.413393293255760431e+09 2.958965003490447998e-01 2.773986458778381348e-01 -1.091134667396545410e+00 -2.391019836068153381e-02 2.676341533660888672e-01 6.502480804920196533e-02 9.610266089439392090e-01
1.413393294155760527e+09 1.141591668128967285e-01 2.733817100524902344e-01 -1.116551399230957031e+00 -3.480434790253639221e-02 2.745948135852813721e-01 5.587877333164215088e-02 9.593039155006408691e-01
1.413393295055760384e+09 -6.169877201318740845e-02 2.534139156341552734e-01 -1.109393358230590820e+00 -3.374200314283370972e-02 2.733136415481567383e-01 8.108679205179214478e-02 9.579071998596191406e-01
1.413393295955760479e+09 -2.227535247802734375e-01 2.548707127571105957e-01 -1.051611423492431641e+00 -4.437220096588134766e-02 2.808792591094970703e-01 7.480617612600326538e-02 9.557938575744628906e-01
1.413393297155760527e+09 -3.002256155014038086e-01 2.768635749816894531e-01 -8.817546367645263672e-01 -1.979324780404567719e-02 3.353237509727478027e-01 1.102101504802703857e-01 9.354250431060791016e-01
1.413393298555760384e+09 -2.087094485759735107e-01 2.567009627819061279e-01 -7.094786763191223145e-01 -1.029372867196798325e-02 3.430895209312438965e-01 7.381209731101989746e-02 9.363415241241455078e-01
1.413393300255760431e+09 -2.273631393909454346e-01 2.044285088777542114e-01 -6.339036226272583008e-01 -2.156447805464267731e-02 2.994776964187622070e-01 1.023352518677711487e-01 9.483541250228881836e-01
1.413393300555760384e+09 -2.402930706739425659e-01 1.839807480573654175e-01 -6.145564913749694824e-01 -2.247717417776584625e-02 2.004865854978561401e-01 4.484745487570762634e-02 9.784113168716430664e-01
1.413393301155760527e+09 -2.620785832405090332e-01 2.304071038961410522e-01 -5.986129641532897949e-01 -1.379875373095273972e-02 1.018359214067459106e-01 1.304291933774948120e-02 9.946200251579284668e-01
1.413393301655760527e+09 -3.170108199119567871e-01 2.582233250141143799e-01 -6.106598377227783203e-01 -3.214402124285697937e-02 2.991220355033874512e-02 -1.846111565828323364e-02 9.988649487495422363e-01
1.413393302555760384e+09 -4.363839924335479736e-01 2.299543619155883789e-01 -6.181871891021728516e-01 -3.480137512087821960e-02 4.572493955492973328e-02 1.814263314008712769e-02 9.981828331947326660e-01
1.413393303555760384e+09 -5.118492841720581055e-01 1.497501730918884277e-01 -6.144357919692993164e-01 -2.728817798197269440e-02 5.590733140707015991e-02 7.749974727630615234e-03 9.980329275131225586e-01
1.413393304555760384e+09 -5.772809982299804688e-01 1.413504034280776978e-01 -5.566179752349853516e-01 -3.865636885166168213e-02 4.299257323145866394e-02 -8.877713233232498169e-03 9.982877969741821289e-01
1.413393305555760384e+09 -6.608587503433227539e-01 8.727324753999710083e-02 -4.549404382705688477e-01 -3.835342824459075928e-02 8.788715302944183350e-02 -1.187813468277454376e-02 9.953210353851318359e-01
1.413393306155760527e+09 -7.660592794418334961e-01 3.131726011633872986e-02 -3.720794618129730225e-01 -4.265734180808067322e-02 1.120985671877861023e-01 2.005946636199951172e-02 9.925784468650817871e-01
1.413393306655760527e+09 -8.473172783851623535e-01 1.853292807936668396e-02 -2.831474542617797852e-01 -2.685565687716007233e-02 1.952903121709823608e-01 8.379194140434265137e-02 9.767904281616210938e-01
1.413393307155760527e+09 -8.734737634658813477e-01 1.301322132349014282e-03 -2.117697149515151978e-01 -3.472053632140159607e-02 3.074672520160675049e-01 9.009668231010437012e-02 9.466471672058105469e-01
1.413393307555760384e+09 -8.709166049957275391e-01 -2.564074099063873291e-02 -1.588906943798065186e-01 -4.337061569094657898e-02 4.115047156810760498e-01 1.182626038789749146e-01 9.026609659194946289e-01
1.413393307955760479e+09 -8.568657636642456055e-01 -7.026778161525726318e-02 -7.823917269706726074e-02 -3.221321478486061096e-02 5.290742516517639160e-01 1.365913301706314087e-01 8.368904590606689453e-01
1.413393308555760384e+09 -8.489494919776916504e-01 -9.198316931724548340e-02 -3.882408142089843750e-03 -1.933458261191844940e-02 6.057099699974060059e-01 1.938893646001815796e-01 7.714586853981018066e-01
1.413393308955760479e+09 -8.325440287590026855e-01 -7.011969387531280518e-02 6.104576587677001953e-02 -3.994583152234554291e-03 6.866799592971801758e-01 2.017084956169128418e-01 6.984042525291442871e-01
1.413393309455760479e+09 -8.149213194847106934e-01 -6.037674844264984131e-02 1.572164297103881836e-01 -1.709787547588348389e-02 6.957362890243530273e-01 2.283871620893478394e-01 6.808068752288818359e-01
1.413393310555760384e+09 -6.248194575309753418e-01 -1.254622638225555420e-02 1.759163439273834229e-01 -3.126864507794380188e-02 7.139574289321899414e-01 1.938888132572174072e-01 6.720820665359497070e-01
1.413393312155760527e+09 -4.591278731822967529e-01 -1.860666275024414062e-02 1.926299035549163818e-01 -7.714085280895233154e-03 6.878122091293334961e-01 1.857786625623703003e-01 7.016702294349670410e-01
1.413393313455760479e+09 -3.899450302124023438e-01 -1.268475502729415894e-02 1.215651929378509521e-01 -4.953540861606597900e-02 6.116491556167602539e-01 1.741169840097427368e-01 7.701395750045776367e-01
1.413393315055760384e+09 -3.046479523181915283e-01 1.105666160583496094e-05 1.612936854362487793e-01 -3.447198122739791870e-02 5.766416788101196289e-01 1.299403607845306396e-01 8.058608174324035645e-01
1.413393315955760479e+09 -2.551388144493103027e-01 -8.167923241853713989e-02 2.266712486743927002e-01 -2.070350944995880127e-02 5.735107660293579102e-01 1.441138088703155518e-01 8.061562180519104004e-01
1.413393316555760384e+09 -2.320575118064880371e-01 -1.744653433561325073e-01 2.950866222381591797e-01 -3.052051365375518799e-02 5.571922659873962402e-01 1.531862765550613403e-01 8.155607581138610840e-01
1.413393317155760527e+09 -2.129330933094024658e-01 -1.876900047063827515e-01 3.942368626594543457e-01 -1.203336194157600403e-02 5.560508370399475098e-01 1.334569007158279419e-01 8.202755451202392578e-01
1.413393317855760574e+09 -2.452709078788757324e-01 -1.670649796724319458e-01 5.223147869110107422e-01 -2.236920967698097229e-02 5.672795176506042480e-01 1.530845612287521362e-01 8.088626265525817871e-01
1.413393318455760479e+09 -2.998573780059814453e-01 -1.272668838500976562e-01 6.332727670669555664e-01 -4.773920867592096329e-03 5.704387426376342773e-01 1.736010760068893433e-01 8.027699589729309082e-01
1.413393319255760431e+09 -3.571034669876098633e-01 -1.181406080722808838e-01 6.659378409385681152e-01 -2.115581929683685303e-02 5.613819956779479980e-01 1.834413558244705200e-01 8.066920638084411621e-01
1.413393319655760527e+09 -3.754096031188964844e-01 -7.608535140752792358e-02 6.764601469039916992e-01 -3.814554214477539062e-02 5.593830347061157227e-01 1.705714762210845947e-01 8.102721571922302246e-01
1.413393320155760527e+09 -3.665199875831604004e-01 -3.154749795794487000e-02 6.930029988288879395e-01 -2.157478220760822296e-02 5.669301748275756836e-01 1.521334052085876465e-01 8.093084692955017090e-01
1.413393320555760384e+09 -3.651674389839172363e-01 -1.900389976799488068e-02 7.140418887138366699e-01 -3.874817490577697754e-02 5.696868896484375000e-01 1.637674868106842041e-01 8.044474720954895020e-01
1.413393320855760574e+09 -3.650314211845397949e-01 -7.739539258182048798e-03 7.210914492607116699e-01 -2.093648165464401245e-02 5.747117996215820312e-01 1.539850383996963501e-01 8.034654259681701660e-01
1.413393320955760479e+09 -3.675954341888427734e-01 -1.550327893346548080e-02 7.152293324470520020e-01 -3.888732567429542542e-02 5.766757130622863770e-01 1.526682823896408081e-01 8.016391992568969727e-01
1.413393321055760384e+09 -3.714733123779296875e-01 -5.893755704164505005e-03 7.134354710578918457e-01 -1.155279017984867096e-02 5.740737318992614746e-01 1.536994427442550659e-01 8.041656613349914551e-01
1.413393321255760431e+09 -3.721179962158203125e-01 -6.008672527968883514e-03 7.123378515243530273e-01 -2.006884105503559113e-02 5.794465541839599609e-01 1.586122661828994751e-01 7.991752624511718750e-01
