1.403715273262143135e+09 -0.000000000000000000e+00 -0.000000000000000000e+00 -0.000000000000000000e+00 -0.000000000000000000e+00 -0.000000000000000000e+00 -0.000000000000000000e+00 1.000000000000000000e+00
1.403715278662142992e+09 -9.005143074318766594e-04 -9.724704548716545105e-03 4.141279961913824081e-03 1.932189241051673889e-02 4.736565519124269485e-03 4.818909801542758942e-03 9.997904896736145020e-01
1.403715278862143040e+09 -3.519819118082523346e-03 -3.045070171356201172e-02 7.332507055252790451e-03 3.243429958820343018e-02 2.565712202340364456e-03 1.141537167131900787e-02 9.994053840637207031e-01
1.403715280562143087e+09 -8.633434772491455078e-03 -1.015591397881507874e-01 2.962396480143070221e-02 1.040479820221662521e-02 2.044817060232162476e-02 6.388383335433900356e-04 9.997366070747375488e-01
1.403715280762143135e+09 -1.314799580723047256e-02 -1.162606999278068542e-01 3.901809081435203552e-02 1.542599406093358994e-02 5.593211576342582703e-02 2.488686516880989075e-02 9.980051517486572266e-01
1.403715280962142944e+09 -1.704315468668937683e-02 -1.285528540611267090e-01 5.021790042519569397e-02 1.633751206099987030e-02 9.938375651836395264e-02 4.357981309294700623e-02 9.939601421356201172e-01
1.403715281262143135e+09 -2.300716191530227661e-02 -1.439397186040878296e-01 6.695271283388137817e-02 1.616436429321765900e-02 1.360152214765548706e-01 5.698761343955993652e-02 9.889343380928039551e-01
1.403715281462142944e+09 -2.638118714094161987e-02 -1.520414501428604126e-01 7.923739403486251831e-02 1.189728640019893646e-02 1.643263250589370728e-01 6.709671020507812500e-02 9.840494990348815918e-01
1.403715281662142992e+09 -2.822320535778999329e-02 -1.582567989826202393e-01 9.346558153629302979e-02 9.095067158341407776e-03 2.097650617361068726e-01 8.215220272541046143e-02 9.742520451545715332e-01
1.403715281762143135e+09 -2.889098040759563446e-02 -1.606129109859466553e-01 1.014930456876754761e-01 7.171914912760257721e-03 2.371513247489929199e-01 9.211140871047973633e-02 9.670694470405578613e-01
1.403715281862143040e+09 -2.868712879717350006e-02 -1.619750410318374634e-01 1.095710471272468567e-01 6.237396970391273499e-03 2.652557194232940674e-01 1.031869798898696899e-01 9.586204290390014648e-01
1.403715281962142944e+09 -2.872324921190738678e-02 -1.626542359590530396e-01 1.185695677995681763e-01 5.121875554323196411e-03 2.931974232196807861e-01 1.137344539165496826e-01 9.492489099502563477e-01
1.403715282062143087e+09 -2.857770770788192749e-02 -1.637783497571945190e-01 1.279253959655761719e-01 3.954884130507707596e-03 3.196060359477996826e-01 1.249634101986885071e-01 9.392659664154052734e-01
1.403715282262143135e+09 -2.828640863299369812e-02 -1.643236875534057617e-01 1.481328308582305908e-01 2.025881782174110413e-03 3.688213527202606201e-01 1.416247636079788208e-01 9.186452627182006836e-01
1.403715282462142944e+09 -2.450385689735412598e-02 -1.655710786581039429e-01 1.931798160076141357e-01 9.366445592604577541e-04 4.585238397121429443e-01 1.720650196075439453e-01 8.718650937080383301e-01
1.403715282862143040e+09 -1.952181756496429443e-02 -1.666822880506515503e-01 2.463657259941101074e-01 1.143819745630025864e-02 5.360245704650878906e-01 2.047730237245559692e-01 8.189108371734619141e-01
1.403715283262143135e+09 -1.618108153343200684e-02 -1.662144958972930908e-01 3.107717037200927734e-01 6.068137008696794510e-03 6.265460252761840820e-01 2.485403418540954590e-01 7.386683821678161621e-01
1.403715284362143040e+09 3.366175293922424316e-02 -1.637303382158279419e-01 3.947040736675262451e-01 2.571069635450839996e-02 6.728151440620422363e-01 2.490441054105758667e-01 6.961578726768493652e-01
1.403715285362143040e+09 5.418598651885986328e-02 -2.321066558361053467e-01 3.474669754505157471e-01 -4.802206531167030334e-03 7.075471282005310059e-01 2.822711765766143799e-01 6.478248834609985352e-01
1.403715286462142944e+09 1.051264703273773193e-01 -2.592968046665191650e-01 2.892399430274963379e-01 2.669208217412233353e-03 7.247024774551391602e-01 2.735169827938079834e-01 6.324458122253417969e-01
1.403715286962142944e+09 1.965811550617218018e-01 -2.824949920177459717e-01 2.485337257385253906e-01 1.579204015433788300e-02 7.591596245765686035e-01 2.974184155464172363e-01 5.787655711174011230e-01
1.403715287862143040e+09 2.296170890331268311e-01 -2.955562770366668701e-01 2.215906381607055664e-01 1.388343423604965210e-02 8.131442070007324219e-01 3.050484657287597656e-01 4.955292642116546631e-01
1.403715288262143135e+09 2.469101548194885254e-01 -2.693185508251190186e-01 1.677925139665603638e-01 -9.064092300832271576e-03 8.493914604187011719e-01 3.202874064445495605e-01 4.193662703037261963e-01
1.403715289362143040e+09 2.530391216278076172e-01 -1.984882205724716187e-01 1.661921739578247070e-01 -1.837730780243873596e-02 8.763558864593505859e-01 3.430970311164855957e-01 3.375605940818786621e-01
1.403715290362143040e+09 3.277733325958251953e-01 -1.866068840026855469e-01 1.314906626939773560e-01 -7.984397932887077332e-03 8.644580245018005371e-01 3.485190272331237793e-01 3.621920049190521240e-01
1.403715290962142944e+09 4.154877960681915283e-01 -1.726850718259811401e-01 8.583745360374450684e-02 3.083437122404575348e-02 8.777179718017578125e-01 3.459278345108032227e-01 3.301430642604827881e-01
1.403715291662142992e+09 4.634829759597778320e-01 -8.734181523323059082e-02 -2.080547809600830078e-02 -1.643980480730533600e-02 8.794571161270141602e-01 3.524316847324371338e-01 3.194947242736816406e-01
1.403715292562143087e+09 4.987871944904327393e-01 -5.587415397167205811e-02 -7.038170099258422852e-02 -1.414940319955348969e-02 8.491925597190856934e-01 3.050925731658935547e-01 4.308019876480102539e-01
1.403715292862143040e+09 5.292643308639526367e-01 -5.811566114425659180e-02 -1.030676960945129395e-01 -4.037231206893920898e-03 8.041758537292480469e-01 2.965311706066131592e-01 5.151255130767822266e-01
1.403715293162142992e+09 5.683194398880004883e-01 -8.668574690818786621e-02 -1.428714394569396973e-01 1.887452416121959686e-02 7.521632909774780273e-01 2.732705473899841309e-01 5.993474721908569336e-01
1.403715293662142992e+09 6.005455255508422852e-01 -1.228739023208618164e-01 -2.014614045619964600e-01 9.345256723463535309e-03 6.729114651679992676e-01 2.598874866962432861e-01 6.925037503242492676e-01
1.403715294262143135e+09 6.131902933120727539e-01 -7.648649811744689941e-02 -2.314298748970031738e-01 1.311080344021320343e-02 5.763449668884277344e-01 2.189200669527053833e-01 7.872284054756164551e-01
1.403715294862143040e+09 6.128034591674804688e-01 -3.433674573898315430e-02 -2.455293089151382446e-01 5.189267452806234360e-03 5.062995553016662598e-01 1.865487545728683472e-01 8.419225215911865234e-01
1.403715295262143135e+09 6.054974794387817383e-01 -1.316725835204124451e-02 -2.718742489814758301e-01 1.624974608421325684e-02 3.909702003002166748e-01 1.401649564504623413e-01 9.095230102539062500e-01
1.403715295862143040e+09 5.834844708442687988e-01 4.601487517356872559e-02 -2.905944883823394775e-01 2.007354237139225006e-02 3.090117275714874268e-01 1.384652853012084961e-01 9.407104253768920898e-01
1.403715296462142944e+09 6.135996580123901367e-01 8.736573904752731323e-02 -3.494862616062164307e-01 2.576846629381179810e-03 2.120356112718582153e-01 9.411978721618652344e-02 9.727156162261962891e-01
1.403715297362143040e+09 6.490421891212463379e-01 1.026844233274459839e-01 -3.561528921127319336e-01 -8.469978347420692444e-03 1.141307726502418518e-01 6.280856579542160034e-02 9.914422035217285156e-01
1.403715297862143040e+09 7.295374274253845215e-01 1.037090271711349487e-01 -3.300757706165313721e-01 4.506422951817512512e-02 1.875204592943191528e-02 3.478998690843582153e-02 9.982020854949951172e-01
1.403715298262143135e+09 8.159952759742736816e-01 1.058921441435813904e-01 -3.206317722797393799e-01 3.446187451481819153e-02 -3.996073082089424133e-02 -7.060410827398300171e-02 9.961077570915222168e-01
1.403715299062143087e+09 7.864811420440673828e-01 8.464510738849639893e-02 -3.349374532699584961e-01 -6.254241336137056351e-03 -1.419099271297454834e-01 -4.183650761842727661e-02 9.889753460884094238e-01
1.403715299562143087e+09 7.631495594978332520e-01 6.761629134416580200e-02 -3.153256475925445557e-01 8.144718594849109650e-03 -2.183450162410736084e-01 -6.793078780174255371e-02 9.734703898429870605e-01
1.403715299862143040e+09 7.387030124664306641e-01 4.616889357566833496e-02 -2.731836438179016113e-01 3.227170556783676147e-02 -3.162106275558471680e-01 -1.087166145443916321e-01 9.418864250183105469e-01
1.403715300362143040e+09 7.479177713394165039e-01 1.395126432180404663e-02 -2.054072618484497070e-01 7.555742561817169189e-02 -3.123242259025573730e-01 -1.283313482999801636e-01 9.382301568984985352e-01
1.403715301662142992e+09 7.892549633979797363e-01 6.281802058219909668e-02 -2.608507871627807617e-01 3.912745043635368347e-02 -3.030754029750823975e-01 -1.253379136323928833e-01 9.438775181770324707e-01
1.403715302362143040e+09 7.986220121383666992e-01 1.036263555288314819e-01 -3.495393991470336914e-01 1.168193854391574860e-02 -2.861595451831817627e-01 -1.058867573738098145e-01 9.522417187690734863e-01
1.403715303062143087e+09 7.791891694068908691e-01 1.300476342439651489e-01 -3.929969668388366699e-01 -2.164814854040741920e-03 -3.392865359783172607e-01 -1.332592815160751343e-01 9.311938285827636719e-01
1.403715303362143040e+09 7.566947937011718750e-01 1.390170603990554810e-01 -4.062282443046569824e-01 2.805231511592864990e-02 -4.149943888187408447e-01 -1.717091202735900879e-01 8.930333852767944336e-01
1.403715303662142992e+09 7.291892170906066895e-01 1.467670649290084839e-01 -4.231877028942108154e-01 3.221633657813072205e-02 -4.969482123851776123e-01 -1.779520064592361450e-01 8.487270474433898926e-01
1.403715303962142944e+09 6.928426623344421387e-01 1.897840201854705811e-01 -4.491910934448242188e-01 3.330053389072418213e-02 -5.242508053779602051e-01 -1.887469440698623657e-01 8.297149538993835449e-01
1.403715305462142944e+09 7.001884579658508301e-01 1.315587162971496582e-01 -5.213661193847656250e-01 1.296288613229990005e-02 -5.368761420249938965e-01 -1.981180608272552490e-01 8.199666738510131836e-01
1.403715306462142944e+09 7.091619968414306641e-01 8.225164562463760376e-02 -5.184003114700317383e-01 3.324019536375999451e-02 -4.990170896053314209e-01 -1.338762193918228149e-01 8.555432558059692383e-01
1.403715306762143135e+09 7.429776787757873535e-01 5.205813050270080566e-02 -4.993714690208435059e-01 7.494430243968963623e-02 -4.181374609470367432e-01 -1.343160718679428101e-01 8.952673673629760742e-01
1.403715307062143087e+09 7.934145331382751465e-01 5.024638772010803223e-02 -4.887076914310455322e-01 6.710105389356613159e-02 -3.211410939693450928e-01 -1.568009406328201294e-01 9.315467476844787598e-01
1.403715307362143040e+09 8.352154493331909180e-01 7.733210921287536621e-02 -4.932396113872528076e-01 2.347568981349468231e-02 -2.583557367324829102e-01 -1.166133880615234375e-01 9.586983919143676758e-01
1.403715307762143135e+09 8.651452064514160156e-01 1.061563342809677124e-01 -4.994643032550811768e-01 7.402396295219659805e-03 -1.911940276622772217e-01 -8.367346972227096558e-02 9.779513478279113770e-01
1.403715307962142944e+09 8.863145709037780762e-01 1.334659308195114136e-01 -4.974312186241149902e-01 6.985701154917478561e-03 -1.160762161016464233e-01 -6.386502087116241455e-02 9.911603927612304688e-01
1.403715308362143040e+09 9.476004838943481445e-01 9.890825301408767700e-02 -4.062845408916473389e-01 3.023731522262096405e-02 -1.188510581851005554e-01 -1.034563686698675156e-02 9.923976063728332520e-01
1.403715310262143135e+09 9.986565113067626953e-01 9.028647840023040771e-02 -3.921993076801300049e-01 5.500337854027748108e-02 -6.323628127574920654e-02 -2.045899443328380585e-02 9.962716698646545410e-01
1.403715310562143087e+09 1.072830557823181152e+00 8.755534887313842773e-02 -4.060240983963012695e-01 1.264360547065734863e-02 -1.420656125992536545e-02 -7.225504377856850624e-04 9.998189210891723633e-01
1.403715311462142944e+09 1.157439231872558594e+00 7.680638879537582397e-02 -3.930243551731109619e-01 7.156753446906805038e-03 -8.789376588538289070e-04 3.181938547641038895e-03 9.999689459800720215e-01
1.403715312062143087e+09 1.235807418823242188e+00 4.829977825284004211e-02 -3.455364704132080078e-01 1.181073859333992004e-02 1.927351579070091248e-02 5.886752624064683914e-03 9.997271895408630371e-01
1.403715312662142992e+09 1.304487705230712891e+00 2.600077167153358459e-02 -2.843483090400695801e-01 4.984365031123161316e-02 1.859781332314014435e-02 -1.369743421673774719e-02 9.984899163246154785e-01
1.403715313862143040e+09 1.329720735549926758e+00 -4.305637255311012268e-02 -3.057137131690979004e-01 1.783751137554645538e-02 6.845097243785858154e-02 2.737994305789470673e-03 9.974912405014038086e-01
1.403715314462142944e+09 1.216371655464172363e+00 -5.662008374929428101e-02 -2.943900525569915771e-01 2.108488418161869049e-02 1.816389113664627075e-01 6.916432082653045654e-02 9.807033538818359375e-01
1.403715315962142944e+09 1.181275367736816406e+00 -5.357297882437705994e-02 -2.959756851196289062e-01 1.756557635962963104e-02 2.761517763137817383e-01 1.125653833150863647e-01 9.543378949165344238e-01
1.403715316262143135e+09 1.162577867507934570e+00 -3.565452620387077332e-02 -2.911910414695739746e-01 -2.150332741439342499e-02 3.585178554058074951e-01 1.221240535378456116e-01 9.252503514289855957e-01
1.403715316962142944e+09 1.134814143180847168e+00 -1.726785302162170410e-02 -2.361732721328735352e-01 1.104073226451873779e-02 4.462261497974395752e-01 1.606488525867462158e-01 8.803137540817260742e-01
1.403715317362143040e+09 1.113994479179382324e+00 -1.034973561763763428e-02 -1.925059854984283447e-01 7.440327201038599014e-03 5.389961600303649902e-01 2.044153660535812378e-01 8.170937895774841309e-01
1.403715317762143135e+09 1.096319079399108887e+00 -8.688330650329589844e-03 -1.539954543113708496e-01 2.366468496620655060e-02 6.122536063194274902e-01 2.542235255241394043e-01 7.483021020889282227e-01
1.403715318162142992e+09 1.078299880027770996e+00 1.826623082160949707e-02 -1.467322707176208496e-01 -1.172584015876054764e-02 6.816501021385192871e-01 2.734746932983398438e-01 6.785479187965393066e-01
1.403715318862143040e+09 1.120387434959411621e+00 4.880344867706298828e-02 -1.659368276596069336e-01 -2.300352789461612701e-02 7.527157664299011230e-01 2.852454483509063721e-01 5.928953886032104492e-01
1.403715319462142944e+09 1.182393789291381836e+00 5.821049213409423828e-02 -1.699333190917968750e-01 -1.555316336452960968e-02 7.990765571594238281e-01 2.932459115982055664e-01 5.246347188949584961e-01
1.403715319962142944e+09 1.276308536529541016e+00 1.911991834640502930e-02 -1.702785491943359375e-01 -1.434894558042287827e-02 8.193633556365966797e-01 3.003779649734497070e-01 4.880685806274414062e-01
1.403715320362143040e+09 1.354992866516113281e+00 -1.613086462020874023e-02 -1.596486568450927734e-01 1.734953187406063080e-02 8.697497844696044922e-01 3.125018179416656494e-01 3.815455734729766846e-01
1.403715320762143135e+09 1.398557186126708984e+00 -7.171216607093811035e-02 -1.396207809448242188e-01 3.391624242067337036e-02 8.939953446388244629e-01 3.528221249580383301e-01 2.741144001483917236e-01
1.403715321862143040e+09 1.347360014915466309e+00 -7.400754094123840332e-02 -1.680312156677246094e-01 4.882153868675231934e-02 9.053174257278442383e-01 3.412299454212188721e-01 2.481510639190673828e-01
1.403715322162142992e+09 1.305346012115478516e+00 -7.175174355506896973e-02 -1.847727298736572266e-01 1.635975018143653870e-02 9.077699780464172363e-01 3.494474589824676514e-01 2.314574271440505981e-01
1.403715322362143040e+09 1.261800289154052734e+00 -6.505063176155090332e-02 -2.031342387199401855e-01 -9.447017684578895569e-03 9.115699529647827148e-01 3.589877784252166748e-01 2.001967579126358032e-01
1.403715322562143087e+09 1.220157146453857422e+00 -4.575100541114807129e-02 -2.196183204650878906e-01 -1.789087429642677307e-02 9.126858115196228027e-01 3.692842721939086914e-01 1.741083860397338867e-01
1.403715322862143040e+09 1.158329248428344727e+00 -1.007273793220520020e-02 -2.677422165870666504e-01 -2.630408480763435364e-02 9.161947965621948242e-01 3.651264309883117676e-01 1.630271077156066895e-01
1.403715323362143040e+09 1.130421638488769531e+00 3.119713068008422852e-02 -3.763738870620727539e-01 -2.596071735024452209e-02 9.229590296745300293e-01 3.467026650905609131e-01 1.651364266872406006e-01
1.403715323762143135e+09 1.143622994422912598e+00 3.619414567947387695e-02 -4.343174695968627930e-01 -1.151638850569725037e-02 9.441733360290527344e-01 2.858202457427978516e-01 1.634347587823867798e-01
1.403715324362143040e+09 1.107400417327880859e+00 -2.608817815780639648e-02 -4.122244119644165039e-01 1.769369095563888550e-02 9.163619875907897949e-01 3.599940538406372070e-01 1.742759048938751221e-01
1.403715326262143135e+09 1.027605295181274414e+00 -6.337285041809082031e-03 -3.998157978057861328e-01 1.634046318940818310e-03 9.308677911758422852e-01 3.291124105453491211e-01 1.586430519819259644e-01
1.403715327162142992e+09 9.557865858078002930e-01 -3.826141357421875000e-03 -3.642346858978271484e-01 2.540584839880466461e-02 9.189812541007995605e-01 3.642818331718444824e-01 1.487508118152618408e-01
1.403715327862143040e+09 8.192447423934936523e-01 2.039277553558349609e-02 -3.734360933303833008e-01 -8.327164687216281891e-03 9.109998345375061035e-01 3.276869952678680420e-01 2.502623498439788818e-01
1.403715328562143087e+09 7.258542776107788086e-01 2.403104305267333984e-02 -3.554095625877380371e-01 -6.817229557782411575e-03 8.853873014450073242e-01 3.329601585865020752e-01 3.243154585361480713e-01
1.403715329162142992e+09 7.055757641792297363e-01 2.546182274818420410e-02 -3.294633030891418457e-01 1.671252772212028503e-03 8.413926959037780762e-01 3.253312110900878906e-01 4.315266311168670654e-01
1.403715330162142992e+09 6.870459318161010742e-01 3.724095225334167480e-02 -3.054470419883728027e-01 3.470046073198318481e-02 7.881105542182922363e-01 3.147762119770050049e-01 5.278196334838867188e-01
1.403715331362143040e+09 6.598490476608276367e-01 -7.218420505523681641e-03 -3.643773198127746582e-01 4.626693204045295715e-03 7.625030875205993652e-01 2.851297259330749512e-01 5.807484388351440430e-01
1.403715332162142992e+09 6.501274108886718750e-01 7.327169179916381836e-03 -4.960192739963531494e-01 2.191477641463279724e-02 7.520538568496704102e-01 2.855885624885559082e-01 5.936110019683837891e-01
1.403715333162142992e+09 6.444684863090515137e-01 4.279467463493347168e-02 -5.871607065200805664e-01 2.727864123880863190e-02 7.423051595687866211e-01 2.596109807491302490e-01 6.171233654022216797e-01
1.403715333862143040e+09 5.874683856964111328e-01 9.840075671672821045e-02 -7.005196809768676758e-01 9.316455572843551636e-03 6.969329118728637695e-01 2.785154879093170166e-01 6.607775092124938965e-01
1.403715334862143040e+09 5.867657065391540527e-01 1.472386419773101807e-01 -8.181445002555847168e-01 -9.742444672156125307e-05 6.966783404350280762e-01 2.660550773143768311e-01 6.662237644195556641e-01
1.403715335862143040e+09 6.358388066291809082e-01 2.022019624710083008e-01 -9.332188367843627930e-01 2.075473405420780182e-02 6.472471356391906738e-01 2.357308119535446167e-01 7.246180772781372070e-01
1.403715336662142992e+09 6.768863201141357422e-01 2.326309978961944580e-01 -1.003357648849487305e+00 7.652973756194114685e-03 6.435477733612060547e-01 2.384213954210281372e-01 7.272847294807434082e-01
1.403715337462142944e+09 7.426922321319580078e-01 2.349769771099090576e-01 -1.066321849822998047e+00 1.571689546108245850e-02 5.888394117355346680e-01 2.339936196804046631e-01 7.734780311584472656e-01
1.403715337962142944e+09 7.914826869964599609e-01 2.400859892368316650e-01 -1.100614905357360840e+00 1.783518865704536438e-02 5.972093939781188965e-01 2.290800660848617554e-01 7.684692740440368652e-01
1.403715338562143087e+09 8.614346981048583984e-01 2.476524412631988525e-01 -1.154597759246826172e+00 2.169756591320037842e-02 5.403189063072204590e-01 2.095731049776077271e-01 8.146557211875915527e-01
1.403715339162142992e+09 9.484044313430786133e-01 2.723286747932434082e-01 -1.221333861351013184e+00 1.187437120825052261e-02 5.065219998359680176e-01 1.890227496623992920e-01 8.411688208580017090e-01
1.403715339762143135e+09 1.012503862380981445e+00 3.025548756122589111e-01 -1.247929930686950684e+00 -8.518503978848457336e-03 5.261468887329101562e-01 1.644413620233535767e-01 8.342997431755065918e-01
1.403715340262143135e+09 1.048562049865722656e+00 2.920338213443756104e-01 -1.232845187187194824e+00 5.951134487986564636e-03 4.313555061817169189e-01 1.499400138854980469e-01 8.896150588989257812e-01
1.403715340562143087e+09 1.088141202926635742e+00 2.524560987949371338e-01 -1.191998958587646484e+00 8.609660901129245758e-03 3.733791112899780273e-01 1.662370860576629639e-01 9.126221537590026855e-01
1.403715341262143135e+09 1.137977480888366699e+00 2.300416976213455200e-01 -1.167594909667968750e+00 2.402325347065925598e-02 4.054981768131256104e-01 1.463985592126846313e-01 9.019765853881835938e-01
1.403715341662142992e+09 1.196556210517883301e+00 1.935306489467620850e-01 -1.118856310844421387e+00 5.535694304853677750e-03 4.048438072204589844e-01 1.610475182533264160e-01 9.000747799873352051e-01
1.403715342462142944e+09 1.229579925537109375e+00 1.703972667455673218e-01 -1.061048626899719238e+00 -2.151585940737277269e-04 3.333632051944732666e-01 1.076463833451271057e-01 9.366329312324523926e-01
1.403715343062143087e+09 1.258407354354858398e+00 1.471727788448333740e-01 -9.912640452384948730e-01 9.287324734032154083e-03 3.041983246803283691e-01 1.119710132479667664e-01 9.459596276283264160e-01
1.403715343662142992e+09 1.296552658081054688e+00 1.204836368560791016e-01 -8.927103877067565918e-01 1.157063525170087814e-02 3.158259093761444092e-01 1.003879830241203308e-01 9.434205889701843262e-01
1.403715344162142992e+09 1.306164979934692383e+00 1.001914888620376587e-01 -8.382440209388732910e-01 2.173467539250850677e-02 2.836813032627105713e-01 8.213007450103759766e-02 9.551478028297424316e-01
1.403715344462142944e+09 1.296211719512939453e+00 7.916933298110961914e-02 -7.674521207809448242e-01 2.794704213738441467e-02 2.555742561817169189e-01 4.183258861303329468e-02 9.654795527458190918e-01
1.403715344862143040e+09 1.243480205535888672e+00 6.180537119507789612e-02 -6.970452070236206055e-01 2.277211658656597137e-02 2.392173558473587036e-01 5.544452741742134094e-02 9.691143035888671875e-01
1.403715345262143135e+09 1.164787650108337402e+00 4.378620535135269165e-02 -6.290534138679504395e-01 2.669746987521648407e-02 2.328086048364639282e-01 7.248599827289581299e-02 9.694499969482421875e-01
1.403715345662142992e+09 1.076187849044799805e+00 3.250328451395034790e-02 -5.727965831756591797e-01 2.678228914737701416e-02 2.283238321542739868e-01 7.752203941345214844e-02 9.701243638992309570e-01
1.403715346062143087e+09 9.694405794143676758e-01 1.636641472578048706e-02 -5.073660016059875488e-01 7.335647940635681152e-03 2.278520166873931885e-01 8.773644268512725830e-02 9.697071313858032227e-01
1.403715346662142992e+09 8.503176569938659668e-01 -2.137509733438491821e-02 -4.248899221420288086e-01 1.766859181225299835e-02 2.478754222393035889e-01 1.151505112648010254e-01 9.617619514465332031e-01
1.403715347362143040e+09 7.990382909774780273e-01 -4.235224798321723938e-02 -3.927684724330902100e-01 1.813346520066261292e-02 2.140626609325408936e-01 6.520335376262664795e-02 9.744726419448852539e-01
1.403715347662142992e+09 7.401883602142333984e-01 -6.682591885328292847e-02 -3.619462847709655762e-01 3.070084936916828156e-02 1.593502610921859741e-01 5.279785022139549255e-02 9.853311777114868164e-01
1.403715347962142944e+09 6.930658817291259766e-01 -8.322995156049728394e-02 -3.437512814998626709e-01 3.277338296175003052e-02 8.718679845333099365e-02 6.214627251029014587e-02 9.937114119529724121e-01
1.403715348262143135e+09 6.563931107521057129e-01 -8.799147605895996094e-02 -3.238243758678436279e-01 1.385302469134330750e-02 3.555094357579946518e-03 2.485876530408859253e-02 9.995886683464050293e-01
1.403715348862143040e+09 7.104095220565795898e-01 -1.761251129209995270e-02 -2.334299534559249878e-01 4.062959924340248108e-02 -5.712899193167686462e-02 -1.921327598392963409e-02 9.973547458648681641e-01
1.403715349962142944e+09 7.786518335342407227e-01 2.299573644995689392e-02 -2.272031456232070923e-01 1.017081737518310547e-02 -1.399216502904891968e-01 -5.917117744684219360e-02 9.883406162261962891e-01
1.403715350462142944e+09 7.361097931861877441e-01 2.193537726998329163e-02 -1.113629564642906189e-01 3.913798183202743530e-02 -1.415118575096130371e-01 -7.719036191701889038e-02 9.861461520195007324e-01
1.403715351962142944e+09 6.817373633384704590e-01 7.147207856178283691e-03 -9.836623817682266235e-02 2.491614408791065216e-02 -1.930585950613021851e-01 -7.115152478218078613e-02 9.782868623733520508e-01
1.403715352162142992e+09 6.284751296043395996e-01 -1.024268940091133118e-02 -8.802591264247894287e-02 1.684951409697532654e-02 -2.293180078268051147e-01 -7.422291487455368042e-02 9.703712463378906250e-01
1.403715352562143087e+09 5.212247371673583984e-01 -6.221596151590347290e-02 -3.425789996981620789e-02 3.417073935270309448e-02 -2.456806302070617676e-01 -8.375102281570434570e-02 9.651213884353637695e-01
1.403715353962142944e+09 4.459623098373413086e-01 -7.820167392492294312e-02 1.203911565244197845e-02 1.837090961635112762e-02 -2.872622609138488770e-01 -1.024551689624786377e-01 9.521795511245727539e-01
1.403715355462142944e+09 4.396692514419555664e-01 -1.110807508230209351e-01 2.122878283262252808e-02 2.352247014641761780e-02 -3.664291501045227051e-01 -1.357971280813217163e-01 9.201823472976684570e-01
1.403715355962142944e+09 3.645279407501220703e-01 -1.674167662858963013e-01 6.116226315498352051e-02 4.293335601687431335e-03 -4.165237843990325928e-01 -1.547644883394241333e-01 8.958445787429809570e-01
1.403715357062143087e+09 3.179901242256164551e-01 -1.932398676872253418e-01 8.039708435535430908e-02 2.237342856824398041e-02 -4.885756671428680420e-01 -1.891764402389526367e-01 8.514726161956787109e-01
1.403715357762143135e+09 1.904132664203643799e-01 -2.288425564765930176e-01 1.194827556610107422e-01 2.465710043907165527e-02 -4.947570562362670898e-01 -2.152654528617858887e-01 8.415867686271667480e-01
1.403715358562143087e+09 7.989828288555145264e-02 -2.207037359476089478e-01 1.107345148921012878e-01 3.964987397193908691e-02 -5.342044830322265625e-01 -2.107315063476562500e-01 8.177076578140258789e-01
1.403715358962142944e+09 -2.532560378313064575e-02 -2.008894234895706177e-01 9.199583530426025391e-02 4.069234430789947510e-02 -5.670818090438842773e-01 -1.999386548995971680e-01 7.979893088340759277e-01
1.403715359762143135e+09 -1.245592162013053894e-01 -1.712280958890914917e-01 3.161524236202239990e-02 3.134273365139961243e-02 -5.579804182052612305e-01 -2.053831070661544800e-01 8.034259676933288574e-01
1.403715360762143135e+09 -1.702121943235397339e-01 -1.629889309406280518e-01 -2.836018055677413940e-02 1.297194883227348328e-02 -5.019893646240234375e-01 -1.640259921550750732e-01 8.490782380104064941e-01
1.403715360862143040e+09 -1.802865564823150635e-01 -1.714170277118682861e-01 -3.324302285909652710e-02 2.474538236856460571e-02 -3.954976797103881836e-01 -1.507423669099807739e-01 9.056743979454040527e-01
1.403715361262143135e+09 -1.955138444900512695e-01 -1.792259067296981812e-01 -3.738337755203247070e-02 2.458499185740947723e-02 -2.802413403987884521e-01 -1.224126890301704407e-01 9.517748951911926270e-01
1.403715361962142944e+09 -2.338034212589263916e-01 -1.694152653217315674e-01 -3.519545122981071472e-02 1.212626788765192032e-02 -1.873771697282791138e-01 -8.475486189126968384e-02 9.785497188568115234e-01
1.403715362362143040e+09 -2.800764441490173340e-01 -1.606784760951995850e-01 -1.753195747733116150e-02 1.382040418684482574e-02 -6.902606785297393799e-02 -4.584015533328056335e-02 9.964653253555297852e-01
1.403715362762143135e+09 -3.443071246147155762e-01 -1.634081155061721802e-01 3.899679752066731453e-03 2.418449148535728455e-02 2.408664673566818237e-02 4.443867132067680359e-02 9.984288811683654785e-01
1.403715363162142992e+09 -3.789871931076049805e-01 -1.826885342597961426e-01 2.041088044643402100e-02 2.802140265703201294e-02 1.411454677581787109e-01 1.033008694648742676e-01 9.841858744621276855e-01
1.403715363662142992e+09 -3.502556979656219482e-01 -1.924614459276199341e-01 1.396299246698617935e-02 3.013086318969726562e-02 2.465270757675170898e-01 1.071168407797813416e-01 9.627266526222229004e-01
1.403715364062143087e+09 -3.183444142341613770e-01 -1.983945518732070923e-01 -2.001199871301651001e-03 3.025417774915695190e-02 3.264819979667663574e-01 1.417676061391830444e-01 9.340215325355529785e-01
1.403715364762143135e+09 -2.688675224781036377e-01 -2.102286070585250854e-01 -5.245872586965560913e-02 1.478154864162206650e-02 3.658480346202850342e-01 1.355232149362564087e-01 9.206357002258300781e-01
1.403715365162142992e+09 -2.259768247604370117e-01 -2.200685888528823853e-01 -9.910233318805694580e-02 2.213011309504508972e-02 4.439665377140045166e-01 1.577920913696289062e-01 8.817628622055053711e-01
1.403715365762143135e+09 -2.098226994276046753e-01 -2.206182181835174561e-01 -1.377833485603332520e-01 3.759723529219627380e-02 5.198627114295959473e-01 2.186774164438247681e-01 8.249299526214599609e-01
1.403715366362143040e+09 -1.994431167840957642e-01 -1.922978460788726807e-01 -2.204622626304626465e-01 1.608103886246681213e-02 5.374896526336669922e-01 2.117945402860641479e-01 8.160816431045532227e-01
1.403715367062143087e+09 -1.347791552543640137e-01 -1.489511430263519287e-01 -3.657814562320709229e-01 7.565775886178016663e-04 5.072228908538818359e-01 2.229686230421066284e-01 8.324719071388244629e-01
1.403715367962142944e+09 -2.939505875110626221e-02 -1.296096146106719971e-01 -4.435256123542785645e-01 2.468642592430114746e-02 5.124301910400390625e-01 2.073645293712615967e-01 8.329500555992126465e-01
1.403715368662142992e+09 9.497755765914916992e-02 -7.698939740657806396e-02 -5.566726326942443848e-01 1.969954743981361389e-02 5.217593908309936523e-01 1.991145461797714233e-01 8.292964100837707520e-01
1.403715369362143040e+09 1.847066879272460938e-01 -3.011957369744777679e-02 -6.560338735580444336e-01 2.522461349144577980e-03 4.195369482040405273e-01 1.654908210039138794e-01 8.925218582153320312e-01
1.403715369762143135e+09 3.391990661621093750e-01 1.263967528939247131e-02 -7.344669699668884277e-01 1.774940267205238342e-02 3.539290428161621094e-01 1.390410959720611572e-01 9.247090816497802734e-01
1.403715370862143040e+09 4.558537900447845459e-01 2.880029752850532532e-02 -7.568366527557373047e-01 -1.465964410454034805e-02 3.648026585578918457e-01 1.497183293104171753e-01 9.188517928123474121e-01
1.403715371562143087e+09 6.099711656570434570e-01 3.191158175468444824e-02 -7.324921488761901855e-01 2.304078266024589539e-02 3.562784492969512939e-01 1.604602783918380737e-01 9.202104806900024414e-01
1.403715372262143135e+09 8.158279657363891602e-01 2.163791842758655548e-02 -7.074690461158752441e-01 2.165888994932174683e-02 3.149976432323455811e-01 1.188268288969993591e-01 9.413754343986511230e-01
1.403715373162142992e+09 1.007987141609191895e+00 -4.866937175393104553e-03 -6.878989934921264648e-01 2.549114450812339783e-02 3.074847161769866943e-01 1.198547407984733582e-01 9.436303377151489258e-01
1.403715373862143040e+09 1.122262954711914062e+00 -1.488040760159492493e-02 -6.694865822792053223e-01 2.336938492953777313e-02 2.194119840860366821e-01 6.989251822233200073e-02 9.728449583053588867e-01
1.403715374262143135e+09 1.170235753059387207e+00 -2.377501875162124634e-02 -6.526634693145751953e-01 1.748523861169815063e-02 1.158479228615760803e-01 3.594516217708587646e-02 9.924623370170593262e-01
1.403715375162142992e+09 1.242104887962341309e+00 -7.668658345937728882e-02 -5.210509300231933594e-01 1.714483462274074554e-02 1.191841438412666321e-01 3.670058771967887878e-02 9.920455217361450195e-01
1.403715375962142944e+09 1.235932946205139160e+00 -1.089324206113815308e-01 -4.000269770622253418e-01 3.187586739659309387e-02 1.258792132139205933e-01 4.644286260008811951e-02 9.904451370239257812e-01
1.403715376762143135e+09 1.198189735412597656e+00 -1.192994415760040283e-01 -3.104192614555358887e-01 5.145466327667236328e-02 1.178415566682815552e-01 2.268431149423122406e-02 9.914389252662658691e-01
1.403715377162142992e+09 1.118927478790283203e+00 -1.131170690059661865e-01 -2.812637090682983398e-01 4.251520335674285889e-02 9.755640476942062378e-02 2.036914601922035217e-02 9.941128492355346680e-01
1.403715377762143135e+09 1.045701861381530762e+00 -1.016087755560874939e-01 -2.802526652812957764e-01 3.487756848335266113e-02 9.408033639192581177e-02 2.287257462739944458e-02 9.946905970573425293e-01
1.403715378162142992e+09 9.656343460083007812e-01 -8.578950166702270508e-02 -2.892760038375854492e-01 3.185873851180076599e-02 8.070164173841476440e-02 4.801027104258537292e-02 9.950715303421020508e-01
1.403715378662142992e+09 8.727045059204101562e-01 -6.776703894138336182e-02 -3.105142414569854736e-01 -7.562314858660101891e-04 8.391968160867691040e-02 3.874247148633003235e-02 9.957188367843627930e-01
1.403715379462142944e+09 7.516474127769470215e-01 -1.014157682657241821e-01 -2.851740419864654541e-01 8.559042587876319885e-03 9.724277257919311523e-02 7.472819648683071136e-03 9.951958656311035156e-01
1.403715380062143087e+09 6.710023880004882812e-01 -1.288855373859405518e-01 -2.524303793907165527e-01 2.887827903032302856e-02 9.290588647127151489e-02 2.342112176120281219e-02 9.949804544448852539e-01
1.403715380462142944e+09 5.835699439048767090e-01 -1.494342684745788574e-01 -2.223553657531738281e-01 2.455384843051433563e-02 9.331444650888442993e-02 2.346384711563587189e-02 9.950572848320007324e-01
1.403715380862143040e+09 4.929800927639007568e-01 -1.701654791831970215e-01 -1.976480036973953247e-01 2.940469421446323395e-02 9.262323379516601562e-02 1.913957670331001282e-02 9.950829148292541504e-01
1.403715381262143135e+09 3.756570219993591309e-01 -1.850877702236175537e-01 -1.775053292512893677e-01 3.923919424414634705e-02 1.004714444279670715e-01 3.604290634393692017e-02 9.935123324394226074e-01
1.403715381862143040e+09 1.967403292655944824e-01 -1.895399093627929688e-01 -1.505493223667144775e-01 2.827986143529415131e-03 1.803971827030181885e-01 6.310456991195678711e-02 9.815634489059448242e-01
1.403715382762143135e+09 1.128946840763092041e-01 -2.033287584781646729e-01 -1.125618070363998413e-01 2.668071305379271507e-03 2.506248950958251953e-01 9.854295849800109863e-02 9.630521535873413086e-01
1.403715383562143087e+09 -9.912513196468353271e-03 -2.402399629354476929e-01 7.571870461106300354e-03 8.710192516446113586e-03 3.176801800727844238e-01 1.432338953018188477e-01 9.372766613960266113e-01
1.403715383862143040e+09 -3.683535009622573853e-02 -2.589222490787506104e-01 8.810520917177200317e-02 1.820499822497367859e-02 4.126611053943634033e-01 1.716841906309127808e-01 8.943735361099243164e-01
1.403715384262143135e+09 -4.280139505863189697e-02 -2.747122049331665039e-01 1.385961771011352539e-01 2.078934200108051300e-02 5.060921907424926758e-01 2.141593694686889648e-01 8.352091312408447266e-01
1.403715384662142992e+09 -2.496983110904693604e-02 -2.899338901042938232e-01 1.781841069459915161e-01 1.167153846472501755e-02 6.054403781890869141e-01 2.585115134716033936e-01 7.526471018791198730e-01
1.403715385262143135e+09 8.329595625400543213e-02 -3.193355798721313477e-01 1.688637435436248779e-01 2.784371376037597656e-02 6.404834985733032227e-01 2.414982616901397705e-01 7.284807562828063965e-01
1.403715386762143135e+09 1.186480224132537842e-01 -2.787605226039886475e-01 7.382888346910476685e-02 3.442922979593276978e-02 6.287083029747009277e-01 2.737796902656555176e-01 7.270387411117553711e-01
1.403715387462142944e+09 1.239227801561355591e-01 -2.173635512590408325e-01 -4.753858223557472229e-02 4.719161428511142731e-03 6.228225231170654297e-01 2.638975381851196289e-01 7.364971637725830078e-01
1.403715388162142992e+09 1.732436120510101318e-01 -1.409965157508850098e-01 -2.051514536142349243e-01 1.097498461604118347e-02 6.182790398597717285e-01 2.455205619335174561e-01 7.465456128120422363e-01
1.403715388762143135e+09 2.361405193805694580e-01 -4.930374026298522949e-02 -3.274969160556793213e-01 1.359082106500864029e-02 6.180366277694702148e-01 2.358794510364532471e-01 7.498046159744262695e-01
1.403715389362143040e+09 3.450337946414947510e-01 1.990116015076637268e-02 -5.360294580459594727e-01 -4.010464996099472046e-03 5.469725131988525391e-01 2.197434604167938232e-01 8.077856898307800293e-01
1.403715390462142944e+09 4.141326248645782471e-01 5.675689131021499634e-02 -5.898639559745788574e-01 -1.387412007898092270e-02 4.693338871002197266e-01 1.618483960628509521e-01 8.679506778717041016e-01
1.403715390862143040e+09 5.188526511192321777e-01 7.631868124008178711e-02 -5.989209413528442383e-01 2.276527229696512222e-03 3.875350356101989746e-01 1.708979010581970215e-01 9.058727622032165527e-01
1.403715391662142992e+09 7.012617588043212891e-01 6.593214720487594604e-02 -5.930248498916625977e-01 9.317955002188682556e-03 3.456857502460479736e-01 1.448670029640197754e-01 9.270534515380859375e-01
1.403715392262143135e+09 8.602923154830932617e-01 2.062201872467994690e-02 -5.897485613822937012e-01 2.698616683483123779e-02 3.018946349620819092e-01 1.154746711254119873e-01 9.459370970726013184e-01
1.403715392662142992e+09 9.789862036705017090e-01 -2.239421010017395020e-03 -5.817700028419494629e-01 3.222564235329627991e-02 2.234449535608291626e-01 7.477589696645736694e-02 9.713096618652343750e-01
1.403715393062143087e+09 1.073264956474304199e+00 -1.469912100583314896e-02 -5.737214088439941406e-01 1.985860802233219147e-02 1.271010339260101318e-01 2.484390698373317719e-02 9.913797378540039062e-01
1.403715393462142944e+09 1.137052059173583984e+00 -2.173056267201900482e-02 -5.589925050735473633e-01 3.733612224459648132e-02 1.416140701621770859e-02 -3.243132308125495911e-02 9.986760020256042480e-01
1.403715393762143135e+09 1.161452412605285645e+00 -2.322643622756004333e-02 -5.495526194572448730e-01 2.573814615607261658e-02 -1.127172932028770447e-01 -4.940767586231231689e-02 9.920641779899597168e-01
1.403715394162142992e+09 1.172142505645751953e+00 -2.193202823400497437e-02 -5.441142320632934570e-01 3.967269510030746460e-02 -2.329777628183364868e-01 -9.927202761173248291e-02 9.665880799293518066e-01
1.403715394562143087e+09 1.173355698585510254e+00 -1.637424528598785400e-02 -5.516337156295776367e-01 3.577313944697380066e-02 -3.592311441898345947e-01 -1.448651552200317383e-01 9.212422966957092285e-01
1.403715394962142944e+09 1.169304132461547852e+00 -7.985725998878479004e-03 -5.669405460357666016e-01 2.904720604419708252e-02 -4.584671258926391602e-01 -1.868783533573150635e-01 8.683551549911499023e-01
1.403715395262143135e+09 1.153723955154418945e+00 1.073873043060302734e-02 -5.893426537513732910e-01 2.308476716279983521e-02 -5.544100403785705566e-01 -2.247327864170074463e-01 8.009942770004272461e-01
1.403715395762143135e+09 1.059484243392944336e+00 7.018548250198364258e-02 -6.174291372299194336e-01 3.767243027687072754e-02 -6.203645467758178711e-01 -2.429562807083129883e-01 7.447824478149414062e-01
1.403715396962142944e+09 9.370117187500000000e-01 1.227781772613525391e-01 -6.126322150230407715e-01 -1.336099859327077866e-02 -6.553578376770019531e-01 -2.407290935516357422e-01 7.158052325248718262e-01
1.403715397862143040e+09 8.038491010665893555e-01 1.100868135690689087e-01 -5.502369403839111328e-01 4.385131597518920898e-02 -6.500980854034423828e-01 -2.305964529514312744e-01 7.226858735084533691e-01
1.403715398762143135e+09 7.893369197845458984e-01 1.589032709598541260e-01 -6.371223330497741699e-01 3.390492126345634460e-02 -5.766408443450927734e-01 -2.623006105422973633e-01 7.730034589767456055e-01
1.403715400562143087e+09 7.598155736923217773e-01 1.826835274696350098e-01 -7.154054045677185059e-01 1.183840632438659668e-02 -4.958989620208740234e-01 -2.165386825799942017e-01 8.408656716346740723e-01
1.403715400962142944e+09 6.692603826522827148e-01 2.215980589389801025e-01 -8.162763118743896484e-01 -8.933503180742263794e-03 -4.089135825634002686e-01 -1.765073984861373901e-01 8.952960968017578125e-01
1.403715401562143087e+09 5.774380564689636230e-01 2.216258943080902100e-01 -8.557665348052978516e-01 1.168091595172882080e-02 -4.118421077728271484e-01 -1.394867300987243652e-01 9.004405736923217773e-01
1.403715402062143087e+09 4.705621600151062012e-01 2.122271955013275146e-01 -8.743587732315063477e-01 5.031422153115272522e-02 -3.919960558414459229e-01 -1.378642171621322632e-01 9.081856012344360352e-01
1.403715402562143087e+09 3.534855246543884277e-01 2.246521711349487305e-01 -9.171028733253479004e-01 3.483357280492782593e-02 -3.290684819221496582e-01 -1.205984726548194885e-01 9.359255433082580566e-01
1.403715403162142992e+09 2.627238631248474121e-01 2.301580011844635010e-01 -9.559103846549987793e-01 3.089968347921967506e-03 -3.051407039165496826e-01 -1.168875545263290405e-01 9.451014995574951172e-01
1.403715403862143040e+09 1.830421388149261475e-01 2.103377133607864380e-01 -9.302512407302856445e-01 -6.425916217267513275e-03 -2.080012559890747070e-01 -7.163163274526596069e-02 9.754809737205505371e-01
1.403715404162142992e+09 1.173490062355995178e-01 1.819881200790405273e-01 -8.799155354499816895e-01 2.125316672027111053e-02 -1.307063549757003784e-01 -7.384511828422546387e-02 9.884386658668518066e-01
1.403715404762143135e+09 -9.965596720576286316e-03 1.577907800674438477e-01 -8.055993914604187012e-01 3.471819311380386353e-02 -1.000553146004676819e-01 -2.650574222207069397e-02 9.940227270126342773e-01
1.403715405262143135e+09 -7.764642685651779175e-02 1.507279276847839355e-01 -7.615422010421752930e-01 2.196981012821197510e-02 8.260580711066722870e-03 2.979436330497264862e-02 9.992804527282714844e-01
1.403715405662142992e+09 -1.197510063648223877e-01 1.464789658784866333e-01 -7.192950248718261719e-01 7.340165320783853531e-04 1.352844685316085815e-01 5.472823604941368103e-02 9.892939329147338867e-01
1.403715406062143087e+09 -1.507403552532196045e-01 1.405324488878250122e-01 -6.656841039657592773e-01 1.735855266451835632e-02 2.507163286209106445e-01 1.012055054306983948e-01 9.625992774963378906e-01
1.403715406462142944e+09 -1.725787818431854248e-01 1.438869982957839966e-01 -6.086450815200805664e-01 1.098916865885257721e-02 3.445875644683837891e-01 1.595361232757568359e-01 9.250335097312927246e-01
1.403715406862143040e+09 -1.713913977146148682e-01 1.503285914659500122e-01 -5.578579306602478027e-01 1.079489663243293762e-02 4.381546080112457275e-01 1.853253841400146484e-01 8.795217871665954590e-01
1.403715407262143135e+09 -1.413934230804443359e-01 1.483067572116851807e-01 -5.013971924781799316e-01 -1.318941079080104828e-02 4.906452596187591553e-01 2.111923098564147949e-01 8.452757000923156738e-01
1.403715407662142992e+09 -1.013986617326736450e-01 1.339457333087921143e-01 -4.647150635719299316e-01 -7.517231162637472153e-03 5.007530450820922852e-01 1.830477267503738403e-01 8.459808230400085449e-01
1.403715407962142944e+09 -7.266715168952941895e-02 1.163953840732574463e-01 -4.379997253417968750e-01 -5.478288512676954269e-04 4.970178604125976562e-01 1.858433187007904053e-01 8.476056456565856934e-01
1.403715408162142992e+09 -4.327145218849182129e-02 8.480763435363769531e-02 -4.142362773418426514e-01 6.889123003929853439e-03 4.935629367828369141e-01 1.883071213960647583e-01 8.490515947341918945e-01
1.403715408362143040e+09 -1.324777305126190186e-02 5.593492090702056885e-02 -3.888675272464752197e-01 1.621473953127861023e-02 4.896138906478881836e-01 1.853187233209609985e-01 8.518640398979187012e-01
1.403715408562143087e+09 1.449300348758697510e-02 4.262524098157882690e-02 -3.576875030994415283e-01 3.373074904084205627e-02 4.713369011878967285e-01 1.664432436227798462e-01 8.654481768608093262e-01
1.403715408762143135e+09 4.299752414226531982e-02 3.094862587749958038e-02 -3.137922286987304688e-01 4.271782189607620239e-02 4.084328413009643555e-01 1.380205899477005005e-01 9.012814164161682129e-01
1.403715409062143087e+09 5.549956858158111572e-02 1.374401338398456573e-02 -2.857612073421478271e-01 4.260993748903274536e-02 3.309454917907714844e-01 1.224578768014907837e-01 9.346997737884521484e-01
1.403715409462142944e+09 8.189433813095092773e-02 -5.397783592343330383e-02 -2.686227262020111084e-01 -1.309756771661341190e-03 3.295496106147766113e-01 1.296530365943908691e-01 9.351927638053894043e-01
1.403715410362143040e+09 1.097830533981323242e-01 -7.769601047039031982e-02 -1.813571900129318237e-01 2.601619064807891846e-02 3.135986328125000000e-01 1.216718927025794983e-01 9.413686990737915039e-01
1.403715412062143087e+09 6.295368820428848267e-02 -5.499305203557014465e-03 -1.615747362375259399e-01 2.732717990875244141e-02 3.028391897678375244e-01 1.219833642244338989e-01 9.448077678680419922e-01
1.403715413962142944e+09 5.626684054732322693e-02 2.761795371770858765e-02 -1.624200046062469482e-01 1.561211794614791870e-02 3.073609471321105957e-01 1.128008216619491577e-01 9.447547197341918945e-01
1.403715414762143135e+09 4.007457196712493896e-02 2.837380766868591309e-02 -1.418438404798507690e-01 2.765616215765476227e-02 3.040263652801513672e-01 1.388083547353744507e-01 9.420909881591796875e-01
1.403715415262143135e+09 4.597952216863632202e-02 5.299866572022438049e-02 -1.257341802120208740e-01 2.351570688188076019e-02 3.255882561206817627e-01 1.229118779301643372e-01 9.371936917304992676e-01
1.403715415662142992e+09 4.731188714504241943e-02 6.267061084508895874e-02 -1.228157132863998413e-01 1.789395138621330261e-02 3.361435830593109131e-01 1.118694320321083069e-01 9.349719882011413574e-01
