1.403715278662142976e+18 9.346867374634061365e-01 2.213732646255189174e+00 9.729283810403737132e-01 -6.395149850114800749e-01 5.150824529907356286e-01 -3.598737541686559127e-01 4.429464207185458968e-01
1.403715278862142976e+18 9.660470974780791531e-01 2.229836521154599627e+00 1.028865391414892194e+00 -6.309585628440663729e-01 5.136735104380709682e-01 -3.622551050907958370e-01 4.547549400321408419e-01
1.403715280562142976e+18 1.108302083515890324e+00 2.280433850477237900e+00 1.207244967850507278e+00 -6.400023574168279827e-01 5.222151741457211616e-01 -3.672954554877967959e-01 4.275305167714566479e-01
1.403715280962142976e+18 1.191992993015686064e+00 2.327029495524855829e+00 1.260170562598224464e+00 -5.839428412020700732e-01 5.792001446559548183e-01 -4.013051943509014508e-01 4.031030781653246464e-01
1.403715281462142976e+18 1.294692200211235988e+00 2.380743553876139007e+00 1.292807905783093902e+00 -5.445803565924807188e-01 6.189676255538457683e-01 -4.277625792237421121e-01 3.705812860165660361e-01
1.403715281662142976e+18 1.340762605156931020e+00 2.397172693066295324e+00 1.293582139807390785e+00 -5.157636797519106198e-01 6.442940055851915648e-01 -4.460355153033749298e-01 3.463024402221426268e-01
1.403715281862142976e+18 1.390168146168015761e+00 2.409848444686858659e+00 1.284926917381645550e+00 -4.765688927811687070e-01 6.748586070792503833e-01 -4.662207990940755997e-01 3.163639002422150570e-01
1.403715281962142976e+18 1.416295572904425537e+00 2.415838713800217974e+00 1.276059588267265843e+00 -4.557378576334886744e-01 6.893320394114728078e-01 -4.760476190663798235e-01 3.008371801185621974e-01
1.403715282062142976e+18 1.444075578328229081e+00 2.421631354734204766e+00 1.268052541747238804e+00 -4.347130435050721164e-01 7.032907214370939242e-01 -4.843407910428265128e-01 2.860432293885982746e-01
1.403715282462142976e+18 1.632904217775713152e+00 2.450923907415566649e+00 1.194831281147665125e+00 -3.192454032397490926e-01 7.601325490623822567e-01 -5.295430982424960131e-01 1.996621833747034558e-01
1.403715282862142976e+18 1.787557579984863754e+00 2.469627636325516296e+00 1.134190562045884088e+00 -2.362384581399454564e-01 7.838522499977104152e-01 -5.529277758841448787e-01 1.550416580309972037e-01
1.403715284362142976e+18 2.239170635900775252e+00 2.400175471180459041e+00 9.487497772199380286e-01 -7.942344106486576294e-02 8.032942891730793233e-01 -5.875832003006967730e-01 5.617993161018060289e-02
1.403715285362142976e+18 2.200129972622343555e+00 2.327879556157803620e+00 1.203661511887740065e+00 -3.177166574369244545e-02 8.256105531989821333e-01 -5.632718673973577950e-01 9.087304387788399523e-03
1.403715286462142976e+18 2.103213768929753424e+00 2.143749244227639572e+00 1.353757257042569107e+00 1.705820837098777701e-02 -8.167448946414409550e-01 5.767284553421309079e-01 4.591666690144603248e-03
1.403715286962142976e+18 2.079207842282496443e+00 1.845927957704132094e+00 1.472443214314237192e+00 -4.798157466087982909e-02 -8.148712685966198466e-01 5.769419199269375520e-01 2.864620637739905690e-02
1.403715287862142976e+18 2.041508079096855166e+00 1.731998926722838394e+00 1.543562168189566375e+00 -1.242199668661313344e-01 -8.007790954498226199e-01 5.788248795203788655e-01 9.101647636862096602e-02
1.403715289362142976e+18 1.788392466832815941e+00 1.597018760694660866e+00 1.330593528581431650e+00 -2.550438952255649205e-01 -7.824760002216443189e-01 5.318461665807081573e-01 1.995584517847184547e-01
1.403715290362142976e+18 1.728732732417995965e+00 1.343663759011733072e+00 1.340252314869034400e+00 -2.421125983889740318e-01 -7.899830955557276546e-01 5.357149904951320485e-01 1.741196352980612649e-01
1.403715290962142976e+18 1.644859518683696065e+00 1.043202935207762971e+00 1.357581192368581213e+00 -2.830393710013641706e-01 -7.639038925279153514e-01 5.543554514029488400e-01 1.703807235096867490e-01
1.403715291662142976e+18 1.278108781891185153e+00 8.043735548578010430e-01 1.240862356161448687e+00 -2.735664269734605636e-01 -7.798890452730525835e-01 5.245405340081189527e-01 2.044302210499659989e-01
1.403715292562142976e+18 1.126232214886977001e+00 6.561333172843397676e-01 1.210687443705785293e+00 -1.669444106629468794e-01 -7.926864071871471129e-01 5.652413553321588013e-01 1.558205180051649985e-01
1.403715292862142976e+18 1.057939307666142081e+00 5.431995305561287957e-01 1.257394487225993007e+00 -9.618248455125565088e-02 -8.077373085629525606e-01 5.742267093242536813e-01 9.259080040513803511e-02
1.403715293162142976e+18 1.006284204131151050e+00 4.073573036487792010e-01 1.388954714493658482e+00 -2.096900438977970446e-02 -8.056669860541836314e-01 5.915669920011360494e-01 2.257216010923389360e-02
1.403715293662142976e+18 9.058244347053918677e-01 2.827286971356279821e-01 1.564917757372022544e+00 -7.846039706979816841e-02 8.142295116962917634e-01 -5.732383656138503314e-01 4.766596860264934316e-02
1.403715294862142976e+18 6.868287568158425449e-01 1.914641738825411110e-01 1.362620719581109530e+00 -2.737294749763831692e-01 7.732220380179839481e-01 -5.462024959190480144e-01 1.698902230979493777e-01
1.403715295862142976e+18 4.456447385245716486e-01 2.287966681664637125e-01 1.183930206356427206e+00 -4.254244658683650204e-01 7.026491968758087348e-01 -4.804432875435524775e-01 3.073635915731403601e-01
1.403715296462142976e+18 2.523693872666599169e-01 8.759467678055488093e-02 1.136269007367641803e+00 -5.105959167153425460e-01 6.545581046184540952e-01 -4.384513722000171754e-01 3.443920610697023266e-01
1.403715297362142976e+18 2.403654700377805264e-01 -2.922850313650382503e-02 1.101102606736172884e+00 -5.779154290027797014e-01 6.054541004204626597e-01 -3.889327373682966993e-01 3.849291038721091573e-01
1.403715297862142976e+18 3.686732553970266668e-01 -2.585947285797280948e-01 1.069151737276331504e+00 -6.070007174341106593e-01 5.308672187713512347e-01 -3.688380146325569431e-01 4.622646904429962844e-01
1.403715299062142976e+18 4.168456341935571352e-01 -4.297414770837080233e-01 1.131744359816373890e+00 -7.187722183763503025e-01 4.247590070807044094e-01 -2.673692715662855379e-01 4.811028545085431762e-01
1.403715299562142976e+18 4.757552297932554075e-01 -3.411842332812495826e-01 1.156631782582299595e+00 -7.426084626645418352e-01 3.617465471515339259e-01 -2.308060225305191560e-01 5.141990730899760331e-01
1.403715299862142976e+18 6.025411173697350353e-01 -2.337038646102094219e-01 1.167136452601322594e+00 -7.668344975490438697e-01 2.682090589185132656e-01 -1.860185573338680454e-01 5.526534632210106102e-01
1.403715300362142976e+18 8.375635040563874645e-01 -2.095453147012649175e-01 1.178896994606568160e+00 -7.545648959151018964e-01 2.400996016605974614e-01 -2.181028454382977211e-01 5.704517051835079622e-01
1.403715301662142976e+18 6.530430286080681768e-01 -3.850118517781893068e-01 1.105714099292491870e+00 -7.691821769440876366e-01 2.616703795819275702e-01 -2.059890108983803703e-01 5.453951947992493610e-01
1.403715302362142976e+18 3.619891537311413776e-01 -4.815772758289091904e-01 1.094858552614275116e+00 -7.705170918617115783e-01 2.955484798480551012e-01 -1.973691774733653814e-01 5.291501818878658892e-01
1.403715303062142976e+18 1.951573692041873587e-01 -4.575118071727461988e-01 1.070272059411205401e+00 -7.954454142152062035e-01 2.487450367475690094e-01 -1.600268003760013658e-01 5.289460491003492582e-01
1.403715303362142976e+18 1.317477241507253316e-01 -3.998916456184558044e-01 1.059623377461818006e+00 -8.038175694017068995e-01 1.607618318808092250e-01 -1.295339010725066464e-01 5.579013506027714620e-01
1.403715303662142976e+18 5.576747392242709100e-02 -3.289809342199818687e-01 1.056833740281344802e+00 -8.049526035199958685e-01 9.700372548312914678e-02 -6.547259779156337778e-02 5.816828364901257542e-01
1.403715303962142976e+18 -9.301284700297152153e-02 -2.471923519055403418e-01 9.628170003678951927e-01 -8.071922669499514980e-01 6.798831216443794456e-02 -4.624861883771093363e-02 5.845334026733056687e-01
1.403715305462142976e+18 -2.233516367980353801e-01 -2.980207870738911247e-01 1.218030234215266461e+00 -8.188529398040881313e-01 5.849252983221785163e-02 -2.814503747765209618e-02 5.703212636693557602e-01
1.403715306462142976e+18 -1.512025683477379312e-01 -3.090075368630778030e-01 1.357121380522466891e+00 -7.869019432215467180e-01 1.280195771668106997e-01 -4.802543792636166514e-02 6.017390438787942886e-01
1.403715307062142976e+18 2.845829646286968106e-02 -5.378306553119980293e-01 1.416318327298099256e+00 -7.716411748004211590e-01 2.172292102939715475e-01 -2.179273024167847350e-01 5.566767988779727228e-01
1.403715307362142976e+18 1.316156908380206048e-02 -6.761639685114175791e-01 1.344789764341588256e+00 -7.654829387817206898e-01 2.997634567047404719e-01 -2.284735808189915507e-01 5.215146817935935042e-01
1.403715307962142976e+18 -2.860814976371661711e-02 -8.511928322329733732e-01 1.189239347850974182e+00 -7.168565034277185610e-01 4.180422014492949367e-01 -3.013190404563003688e-01 4.696427441782816681e-01
1.403715308362142976e+18 3.112416212742767918e-01 -9.704202226948952514e-01 1.181180279992800397e+00 -6.809494956261591403e-01 4.442727747254894277e-01 -2.888787932920971468e-01 5.054488389840215978e-01
1.403715310562142976e+18 4.123667097668910486e-01 -1.348889643373128333e+00 1.217365142707662162e+00 -6.518869675186679258e-01 5.056454698838656059e-01 -3.464688521560301271e-01 4.464587045303547996e-01
1.403715311462142976e+18 5.204227798857046228e-01 -1.595592244821297356e+00 1.235272797035487091e+00 -6.476824409714982966e-01 5.159307829448753768e-01 -3.506935637048207433e-01 4.374207439560931499e-01
1.403715312062142976e+18 7.420568063846938456e-01 -1.796263589564471186e+00 1.262778895343973140e+00 -6.370880215883780728e-01 5.246354938921329314e-01 -3.649897512273805877e-01 4.308815763015854672e-01
1.403715312662142976e+18 9.883149602641364551e-01 -1.960564051271543207e+00 1.255585687951690232e+00 -6.302371784525010456e-01 4.976617882851381292e-01 -3.922155598414439059e-01 4.486655747829679242e-01
1.403715313862142976e+18 1.026257800934362363e+00 -2.030691325843004602e+00 1.481472256909950991e+00 -6.174977407767322513e-01 5.405290972360125012e-01 -4.007515166388283534e-01 4.073365403306361543e-01
1.403715314462142976e+18 9.951269662929084214e-01 -1.673815474109989765e+00 1.503657359369343194e+00 -5.313268565024203971e-01 6.228460700269832229e-01 -4.417410516839202494e-01 3.669051483263524038e-01
1.403715315962142976e+18 9.626803186248888977e-01 -1.568662916332106860e+00 1.495725231607087924e+00 -4.602429454072347603e-01 6.795069564521785122e-01 -4.736418426433263718e-01 3.195467606366937385e-01
1.403715316962142976e+18 1.056514997016302360e+00 -1.399883530251393893e+00 1.317543501891514923e+00 -3.305886787363602752e-01 7.482249922003227915e-01 -5.346155899050374360e-01 2.122655355178116598e-01
1.403715317362142976e+18 1.157017670766455675e+00 -1.310851473494572428e+00 1.244403607480478069e+00 -2.359252840893520664e-01 7.853564756537063651e-01 -5.523198972815527297e-01 1.499906581859108967e-01
1.403715318162142976e+18 1.227782385157360379e+00 -1.181504603539095033e+00 1.105626962159403925e+00 -6.837482215544843367e-02 8.269993790030991665e-01 -5.573198886604502356e-01 2.813276607806141846e-02
1.403715318862142976e+18 1.167306055246943197e+00 -1.330989848544368748e+00 1.041794590079982985e+00 -1.349945191205232167e-02 -8.249936451271241422e-01 5.628717859430690806e-01 4.877092255836766588e-02
1.403715319462142976e+18 1.188211080545926279e+00 -1.525412157378908340e+00 1.021274924746596646e+00 -8.153853120890552919e-02 -8.123284950363667267e-01 5.696853884369841303e-01 9.451159866200904702e-02
1.403715319962142976e+18 1.298211282311274584e+00 -1.800582382710719020e+00 1.137363889780708792e+00 -1.166681104435710881e-01 -8.064114883298029168e-01 5.677020372077726806e-01 1.174881289551587271e-01
1.403715320362142976e+18 1.424062390500422604e+00 -2.023499236873604001e+00 1.228706293806603345e+00 -2.236504089327269185e-01 -7.699377132300068149e-01 5.745412799578998309e-01 1.645561604884783480e-01
1.403715321862142976e+18 1.462675243860738217e+00 -1.988474580158553273e+00 1.405708601284234138e+00 -3.514678747972738160e-01 -7.240954029208365172e-01 5.550631605830214088e-01 2.099072848140020320e-01
1.403715322162142976e+18 1.383625890713824802e+00 -1.871555966079198718e+00 1.418093357744608429e+00 -3.534588304518569979e-01 -7.332129747747625492e-01 5.305192761342814034e-01 2.366746425950759236e-01
1.403715322362142976e+18 1.293756932724968500e+00 -1.752296116686726801e+00 1.419544417380890211e+00 -3.689727489055635301e-01 -7.339244587010110843e-01 5.046394887115110972e-01 2.656181204633530357e-01
1.403715322562142976e+18 1.195799130910093044e+00 -1.641362398748269502e+00 1.382409561848405577e+00 -3.880547073691916760e-01 -7.305855796972166027e-01 4.874603533141309009e-01 2.793575822739671199e-01
1.403715322862142976e+18 9.755121709416288978e-01 -1.493653986821153357e+00 1.335448005635322843e+00 -3.907292341588259887e-01 -7.265968401566773593e-01 4.833272163759875784e-01 2.928864956911267359e-01
1.403715323362142976e+18 6.017781997878455247e-01 -1.489249541029540325e+00 1.346151696491923122e+00 -3.823416656629833321e-01 -7.184690876102273194e-01 4.965961721082337021e-01 3.016774149551681994e-01
1.403715324362142976e+18 5.515820238940001285e-01 -1.424800252042235815e+00 1.554041660226201049e+00 -3.997717021904058088e-01 -7.137816099680603932e-01 5.123103400949489128e-01 2.612211990459173960e-01
1.403715327162142976e+18 5.553455461160203832e-01 -9.386092153181166964e-01 1.427511832314851015e+00 -4.228725069939389125e-01 -7.018260435673171482e-01 5.072477855380043144e-01 2.670556710989265281e-01
1.403715327862142976e+18 4.061356126298228952e-01 -5.350675743961645914e-01 1.364594378730849433e+00 -3.204329696304718533e-01 -7.387470664893369676e-01 5.358138002486525497e-01 2.539272635821018809e-01
1.403715328562142976e+18 3.877065899529623105e-01 -2.399011038997556078e-01 1.329628131600652852e+00 -2.665794393774021387e-01 -7.688815286399448556e-01 5.434585635964597206e-01 2.059353953821544680e-01
1.403715329162142976e+18 4.450482448782805411e-01 -1.620906910498667308e-01 1.293674506975631244e+00 -1.810302586283924486e-01 -7.973750308785313434e-01 5.598560538821317767e-01 1.340981152884948013e-01
1.403715330162142976e+18 4.860900341220253940e-01 -9.387822543885482318e-02 1.230210035257787382e+00 -1.084301942781148859e-01 -8.057501281839873908e-01 5.803300995168172438e-01 4.718685722846001351e-02
1.403715331362142976e+18 3.529752669459266246e-01 -3.503628178818418704e-02 1.428707541951439008e+00 -3.669051652519588619e-02 -8.132199872805357943e-01 5.793434308952711831e-01 4.108828741935786899e-02
1.403715332162142976e+18 -4.176215186959542081e-02 -9.276163507943557818e-02 1.544815114403509604e+00 -3.234799487849847333e-02 -8.096274632509109503e-01 5.857533459034232060e-01 1.870817308505906551e-02
1.403715333162142976e+18 -3.439511361977609649e-01 -1.434714820438172111e-01 1.551889355788563796e+00 -2.502189426547641541e-03 -7.987613510270201722e-01 6.015739789165093221e-01 9.098958408636786607e-03
1.403715333862142976e+18 -7.679835410866330259e-01 -5.753269936868399270e-02 1.526017368450800049e+00 -3.977500170646595945e-02 8.203510217254796899e-01 -5.697851563955913523e-01 2.805398268452133359e-02
1.403715334862142976e+18 -1.156964419598180527e+00 -1.440123793210732472e-01 1.526493084125765565e+00 -5.391366172508420956e-02 8.182147958122418796e-01 -5.720279613946287478e-01 2.004685451710380012e-02
1.403715335862142976e+18 -1.511270171898058567e+00 -3.825103374032630121e-01 1.507685722409806139e+00 -1.159217245537185054e-01 8.000235086973164211e-01 -5.840206059562134122e-01 7.378665954401308902e-02
1.403715336662142976e+18 -1.715887844846441634e+00 -5.609429227253697192e-01 1.505422964777814343e+00 -1.232107642081537446e-01 8.061327365991793892e-01 -5.746081446254347469e-01 6.924304078011081498e-02
1.403715337462142976e+18 -1.850282210839007790e+00 -8.020988172638303659e-01 1.576362210952646947e+00 -1.712360463033738289e-01 8.007112698052413213e-01 -5.611268860971215799e-01 1.211457657213636380e-01
1.403715337962142976e+18 -1.918939686550519053e+00 -9.740694780775425166e-01 1.604318275244257741e+00 -1.666746687671412097e-01 7.977888407227585743e-01 -5.680508028421221711e-01 1.143276248332884409e-01
1.403715338562142976e+18 -2.031230227734549754e+00 -1.223739109458331864e+00 1.649497088736117778e+00 -2.250607715718826174e-01 7.830553882390638432e-01 -5.574750954728501240e-01 1.593531486252299234e-01
1.403715339162142976e+18 -2.187589505629055076e+00 -1.538401735790371205e+00 1.661114770585850664e+00 -2.689992812588498650e-01 7.722090703966190128e-01 -5.484722794714329552e-01 1.746731145048425471e-01
1.403715340562142976e+18 -1.984488409390100294e+00 -1.940258990727572019e+00 1.687349014680222137e+00 -3.752384813258555774e-01 7.380010268055238187e-01 -4.947182689788060528e-01 2.642052249764785810e-01
1.403715341662142976e+18 -1.634143451394380442e+00 -2.207431597778485077e+00 1.772722432544590720e+00 -3.600835593589138406e-01 7.427732562741011790e-01 -5.115080838974628286e-01 2.387199198871546579e-01
1.403715342462142976e+18 -1.421249986094360374e+00 -2.264861203993014716e+00 1.770949519197032140e+00 -4.389420641473583129e-01 6.980244870658780521e-01 -4.977056849704590280e-01 2.690366720849785565e-01
1.403715343062142976e+18 -1.177416659374955987e+00 -2.301904204474284565e+00 1.754903745312977437e+00 -4.488691487272740144e-01 6.897723933609716251e-01 -4.849866799779234960e-01 2.958351786416220097e-01
1.403715343662142976e+18 -8.419780514193289100e-01 -2.348188985965862674e+00 1.714522547956713439e+00 -4.481568445727538430e-01 6.851238172841951357e-01 -4.978578504788155890e-01 2.861788922494780119e-01
1.403715344162142976e+18 -6.581080293011605242e-01 -2.337154510361617810e+00 1.707870954428511778e+00 -4.720733281385924296e-01 6.618697445481551700e-01 -4.941128134967657237e-01 3.081034593285554846e-01
1.403715344462142976e+18 -4.409914998513305706e-01 -2.255921955654243583e+00 1.683103406865185114e+00 -5.067638344779368254e-01 6.266420254933753320e-01 -4.999753995135127194e-01 3.170722123303789663e-01
1.403715344862142976e+18 -2.589964927339246659e-01 -2.045526878489223765e+00 1.646966441584622576e+00 -5.100393668696369120e-01 6.321495860584557258e-01 -4.820333096832227771e-01 3.284670964422172768e-01
1.403715345662142976e+18 8.952276393527136555e-03 -1.448199602575055867e+00 1.577123224811566304e+00 -5.013616870908109702e-01 6.409722293598508758e-01 -4.678342212571680037e-01 3.448509842346662579e-01
1.403715346062142976e+18 1.379038871712614522e-01 -1.076549062307504023e+00 1.541829330051902147e+00 -5.043614192201616442e-01 6.540002081150715352e-01 -4.529274640773131577e-01 3.357975563820584375e-01
1.403715346662142976e+18 3.314966468551359124e-01 -6.500320580359622014e-01 1.548050199064973320e+00 -4.735711690508860872e-01 6.728003860908648992e-01 -4.567312544036102318e-01 3.383290551676952918e-01
1.403715347362142976e+18 4.108220024770682377e-01 -4.671702607078627167e-01 1.568458952904498549e+00 -5.192688109632676019e-01 6.320544092576975137e-01 -4.608940493795123383e-01 3.441566517521528201e-01
1.403715347662142976e+18 4.852985597681553909e-01 -2.610079206836513066e-01 1.600304282856475968e+00 -5.464333111627963646e-01 6.015980125551754210e-01 -4.408471849364714035e-01 3.809779879138878167e-01
1.403715347962142976e+18 5.229312899286409078e-01 -1.009621138853100675e-01 1.624386951178782290e+00 -5.713553674320668296e-01 5.801845663846053602e-01 -3.937517154828484300e-01 4.264956032481337922e-01
1.403715348862142976e+18 7.693274659344353505e-01 -1.035372431347649780e-01 1.302657262096176938e+00 -6.627452605062693625e-01 4.640398053563334901e-01 -3.400530819166842078e-01 4.793742590088643230e-01
1.403715349962142976e+18 7.869682210346637952e-01 -3.197103542636683393e-01 1.179915052837340994e+00 -7.195396709012580327e-01 4.082524532894761249e-01 -2.844067826838955759e-01 4.844640114041792733e-01
1.403715350462142976e+18 1.085066473769149553e+00 -1.165146716603824295e-01 1.042328184700059168e+00 -7.154841545257183411e-01 3.845738386956898403e-01 -3.053426441080168141e-01 4.969419049573146618e-01
1.403715351962142976e+18 1.101118520490856900e+00 6.188794500733862947e-02 1.067784481921873141e+00 -7.313580772827172893e-01 3.671862630019699925e-01 -2.590320576942189978e-01 5.130224207017407556e-01
1.403715352162142976e+18 1.113493292534401213e+00 2.359930122929205787e-01 1.103983609563156776e+00 -7.439143945527043611e-01 3.482726816287594063e-01 -2.297801667815219662e-01 5.220139727653390072e-01
1.403715352562142976e+18 1.251051820919263591e+00 6.123637614471955093e-01 1.186200062949893441e+00 -7.436552283111561579e-01 3.262464145319994291e-01 -2.303369709606397364e-01 5.361763312746790078e-01
1.403715353962142976e+18 1.347812940480802135e+00 8.758574480058869405e-01 1.174425987009901640e+00 -7.662037743700667036e-01 2.949445631628434539e-01 -1.986051774388426505e-01 5.352527106855503591e-01
1.403715355462142976e+18 1.407705799953463899e+00 9.105302056934976296e-01 1.258133164386649350e+00 -7.879709902141435185e-01 2.207322987695423400e-01 -1.528520989959204490e-01 5.540895294926597714e-01
1.403715355962142976e+18 1.533710374209528160e+00 1.181513478761433866e+00 1.370547406883144026e+00 -8.076732797269394748e-01 1.808957896060350290e-01 -1.099335274879082724e-01 5.503228198539503735e-01
1.403715357062142976e+18 1.585673381168900775e+00 1.343204507116554147e+00 1.420597552884806269e+00 -8.138658774116377392e-01 9.814769629629653547e-02 -7.164431820360200875e-02 5.682045890045731573e-01
1.403715358562142976e+18 1.537548541430534099e+00 2.096662216608974560e+00 1.456348293643225711e+00 -8.114579833770696471e-01 4.093919421878910309e-02 -4.832840988816245603e-02 5.809684056710980871e-01
1.403715358962142976e+18 1.388393567337301349e+00 2.399954384514279671e+00 1.418555279333939989e+00 -8.040450481181674602e-01 2.324752076544414278e-02 -1.589228949241355826e-02 5.939011268802265597e-01
1.403715360862142976e+18 8.932158782172412437e-01 2.784884607244707322e+00 1.479545671622476410e+00 -7.958490479705329079e-01 1.905279929516082160e-01 -1.359095348796023339e-01 5.584370824677014067e-01
1.403715361962142976e+18 8.481376415098016430e-01 2.946299368107654804e+00 1.474527704997972810e+00 -7.420914660028488097e-01 3.653638851108806929e-01 -2.620854323080247239e-01 4.971123753381540000e-01
1.403715362362142976e+18 8.555215913519133020e-01 3.096019118862447073e+00 1.426671004108182261e+00 -6.916363489089960570e-01 4.504411831588504000e-01 -3.296123066686714176e-01 4.583640787352843415e-01
1.403715363162142976e+18 9.193141610475034087e-01 3.428144204512221016e+00 1.441645992117918773e+00 -5.270970718015832723e-01 6.270255797380347440e-01 -4.054140909135214854e-01 4.057671920463024606e-01
1.403715363662142976e+18 9.325413481245805603e-01 3.339314025520992324e+00 1.478479491830730908e+00 -4.734484059038638892e-01 6.631297899862613754e-01 -4.660925908477869806e-01 3.447654062354062465e-01
1.403715364062142976e+18 9.166806392844691898e-01 3.233647760925188575e+00 1.515769004289309496e+00 -4.088697723817097396e-01 7.053268772538247022e-01 -4.933388294166388133e-01 3.032429798787056874e-01
1.403715365162142976e+18 7.325976526043717074e-01 2.896994822277838999e+00 1.697939217609838902e+00 -3.290166186418567729e-01 7.422668108163218426e-01 -5.406099428701180987e-01 2.202928412091803567e-01
1.403715366362142976e+18 3.766303330712906794e-01 2.731281883413460232e+00 1.764556412369988836e+00 -2.282518890108753140e-01 7.859808922752241633e-01 -5.522674885649365706e-01 1.585425280969987860e-01
1.403715367062142976e+18 -3.850546680204236516e-02 2.429556291144697955e+00 1.816151832067494087e+00 -2.503357729598758574e-01 7.940337481307513379e-01 -5.255119066927523841e-01 1.751560547916068689e-01
1.403715367962142976e+18 -2.068480450008998162e-01 2.053347688572270791e+00 1.856967180741948997e+00 -2.465752869109721079e-01 7.780000984293390376e-01 -5.481688444850891795e-01 1.828315964613112243e-01
1.403715368662142976e+18 -5.005905327992437037e-01 1.587078376861606355e+00 1.844839498774463626e+00 -2.473507160863487320e-01 7.764949633166111642e-01 -5.539581389268527500e-01 1.703043614010041895e-01
1.403715369362142976e+18 -7.728766960364674699e-01 1.236872736080645296e+00 1.831703199789319614e+00 -3.490341490974145366e-01 7.491550724363056357e-01 -5.149812111401677051e-01 2.274559130455922062e-01
1.403715370862142976e+18 -9.370500386009974481e-01 3.288519401674705467e-01 1.790880016045174772e+00 -4.008635710067697255e-01 7.348695245315391977e-01 -4.863977319095489915e-01 2.503845557292548873e-01
1.403715371562142976e+18 -7.648308056412264078e-01 -1.267833986637496579e-01 1.757170248022484005e+00 -3.829167493623531482e-01 7.257454686574716929e-01 -4.961626677206286140e-01 2.837091555471286664e-01
1.403715373162142976e+18 -3.192743989708510810e-01 -1.301832817602702530e+00 1.821523281553723894e+00 -4.351423325340673665e-01 6.894726697831947693e-01 -4.912908188679751542e-01 3.064505169760348702e-01
1.403715373862142976e+18 -1.761786198998058772e-01 -1.635825567368610844e+00 1.831673326186568307e+00 -5.116598506498327703e-01 6.347508030213514507e-01 -4.644981800481021716e-01 3.457413137430084271e-01
1.403715375162142976e+18 3.976720896467020872e-01 -1.889477004778197688e+00 1.835106390924409414e+00 -5.789915883091016902e-01 5.819808912488650954e-01 -4.169329493145056964e-01 3.901716271903790112e-01
1.403715375962142976e+18 7.720842117742751087e-01 -1.784766289748442869e+00 1.782420601108774871e+00 -5.642252928673865409e-01 5.852535753250988071e-01 -4.241518427926140866e-01 3.990279259820423419e-01
1.403715377162142976e+18 1.030251441889910691e+00 -1.351678459360630136e+00 1.648131789158691296e+00 -5.853862532951670250e-01 5.542200574798248347e-01 -4.237025797888140932e-01 4.130849624718983537e-01
1.403715378162142976e+18 8.691082030856593921e-01 -8.972065912485347461e-01 1.574309496781400863e+00 -5.822045163053097827e-01 5.691917247975850636e-01 -3.956200458794750241e-01 4.249040608348809700e-01
1.403715378662142976e+18 7.235549984444238358e-01 -6.324640785480744043e-01 1.545063226241376153e+00 -6.003564781284846941e-01 5.762511112271153646e-01 -3.850870663905407443e-01 3.990171766696316014e-01
1.403715379462142976e+18 7.500035691634581170e-01 -2.373181508537065554e-01 1.608157573535100138e+00 -6.075080885454672286e-01 5.580834779274740365e-01 -4.118901138149397845e-01 3.870701333837621716e-01
1.403715380062142976e+18 8.182259923786245892e-01 3.741795023477356708e-02 1.645697187870632128e+00 -5.918780017468913135e-01 5.594119565934151384e-01 -4.126097197349231083e-01 4.080342057336636130e-01
1.403715380462142976e+18 8.661268946653121192e-01 3.291355707650354123e-01 1.666259457250149234e+00 -5.936281887686516434e-01 5.611647322363654267e-01 -4.106499147839103858e-01 4.050510637948079307e-01
1.403715380862142976e+18 8.969164911903325654e-01 6.271492929442807895e-01 1.693713948229684574e+00 -5.940289641941971510e-01 5.563672440139193487e-01 -4.145794021222662384e-01 4.070737019541673107e-01
1.403715381862142976e+18 8.461252488236417069e-01 1.566168388827421154e+00 1.684211069634973246e+00 -5.433248094766129910e-01 6.251741040836776842e-01 -4.344101600669516561e-01 3.538973068857377280e-01
1.403715383562142976e+18 1.207119348177321916e+00 2.311231855979937855e+00 1.634238070321954117e+00 -4.225960588096125403e-01 7.116876147907842398e-01 -4.769697411805844944e-01 2.956571934354263465e-01
1.403715383862142976e+18 1.437150259957228560e+00 2.449685615406678618e+00 1.590488555564883111e+00 -3.426782506175931053e-01 7.457134587936834480e-01 -5.165767646377398270e-01 2.441956186421714026e-01
1.403715384662142976e+18 1.735463084343823459e+00 2.479481932123911658e+00 1.572008753046713059e+00 -1.409335144623857783e-01 8.145057032928434415e-01 -5.520212268411174295e-01 1.095023694791069646e-01
1.403715387462142976e+18 1.118235649154158962e+00 1.861488605331337975e+00 1.638453803478723936e+00 -1.245508563993256435e-01 8.195938822099668730e-01 -5.518059383942708340e-01 9.090191839014120923e-02
1.403715388162142976e+18 6.192388715796769416e-01 1.589083645446426996e+00 1.609027712856682779e+00 -1.394879118260773654e-01 8.086601639552800647e-01 -5.635063245328366666e-01 9.524958738867585206e-02
1.403715389362142976e+18 -3.814937769090799291e-01 8.088741443481541893e-01 1.547602250276641112e+00 -2.240887367485857595e-01 7.979776569325007785e-01 -5.417467782150944267e-01 1.397366286715979178e-01
1.403715390462142976e+18 -5.281435419164621781e-01 5.532801968611402721e-01 1.507992765491205089e+00 -3.245863935254454935e-01 7.612768212940544954e-01 -5.319786791566116779e-01 1.791646154276884118e-01
1.403715390862142976e+18 -5.036295799538956786e-01 2.223900458974250594e-01 1.465502583345051901e+00 -3.662196756363299555e-01 7.458667233673762498e-01 -4.963120969168300367e-01 2.514762068348690982e-01
1.403715391662142976e+18 -3.479619272453264855e-01 -3.272129133152890113e-01 1.493810351906881495e+00 -4.050506867947467060e-01 7.193337887709734257e-01 -4.912753750592918633e-01 2.777433119264138828e-01
1.403715392662142976e+18 -4.342603477623241393e-02 -1.147155320530076850e+00 1.685372844030652129e+00 -5.029090135866439715e-01 6.357906410020620624e-01 -4.690631689150718819e-01 3.504747186814575199e-01
1.403715393062142976e+18 5.940222424480878782e-02 -1.425975409949420403e+00 1.714465172942935656e+00 -5.807515395470103092e-01 5.763716078388765318e-01 -4.283784055518433664e-01 3.834258215716123130e-01
1.403715393462142976e+18 1.535040768749522666e-01 -1.609171221596702672e+00 1.718939157659664652e+00 -6.469805747246881733e-01 4.879925976956517308e-01 -3.910022398289761392e-01 4.363445988801585851e-01
1.403715394162142976e+18 2.200871257714125395e-01 -1.706752621691705496e+00 1.702658444890241096e+00 -7.458270539979089397e-01 3.204402836613196026e-01 -2.486684845401976318e-01 5.284165165173537737e-01
1.403715394562142976e+18 1.932532816194241221e-01 -1.716835323580573114e+00 1.695692090888816006e+00 -7.855538342668125784e-01 2.141954399034829704e-01 -1.681566472233480269e-01 5.556517155447872058e-01
1.403715394962142976e+18 1.375055869535714015e-01 -1.716608304206607372e+00 1.689765193378809149e+00 -8.103037472518793694e-01 1.190244165360462569e-01 -9.962779701266551158e-02 5.650799302047628814e-01
1.403715396962142976e+18 -3.055190626285680944e-01 -1.075401940513260879e+00 1.360226200102081062e+00 -8.256410216214534747e-01 -6.502431867665996179e-02 8.069610019891490515e-02 5.545961420792659968e-01
1.403715397862142976e+18 -2.075239526607355334e-01 -6.261098433953571352e-01 1.317851345893441550e+00 -7.983865483401897389e-01 -7.255729733108916280e-02 4.966992985385981080e-02 5.956905707678761264e-01
1.403715400562142976e+18 -7.883742954070097619e-01 -6.174261695876692713e-01 1.305637824316785434e+00 -8.281864362766439003e-01 7.534133248555316409e-02 -6.952201411717000290e-02 5.509969146372654114e-01
1.403715400962142976e+18 -1.181080856551179448e+00 -4.163427485386876903e-01 1.311947967154417416e+00 -8.215990492430396142e-01 1.743302988712299717e-01 -1.172455965775578007e-01 5.299409582789138540e-01
1.403715401562142976e+18 -1.356300000832368013e+00 -1.612033422368206459e-01 1.356663448972409203e+00 -7.979564394550971995e-01 1.926746242333155779e-01 -1.118200567153870423e-01 5.600341818361288526e-01
1.403715402062142976e+18 -1.472097133275188874e+00 1.558181698281846383e-01 1.403009465020617075e+00 -7.785846928014863444e-01 1.928114653598794748e-01 -1.467288883383211229e-01 5.788784399923625479e-01
1.403715402562142976e+18 -1.688528426480397027e+00 4.822852194459050779e-01 1.415090015061045481e+00 -7.724692249995201987e-01 2.509419943558776622e-01 -1.820008733169144743e-01 5.542518326620272662e-01
1.403715403162142976e+18 -1.867478857564648376e+00 7.330080122817297372e-01 1.443195556209572405e+00 -7.818738318072897542e-01 2.794983483355474863e-01 -1.828031724821485293e-01 5.264380158605080906e-01
1.403715403862142976e+18 -1.827479689399892138e+00 9.980825957736949583e-01 1.467197397558582583e+00 -7.485054607773291568e-01 3.699168000372387577e-01 -2.323195254687399625e-01 4.989276243331360883e-01
1.403715404162142976e+18 -1.698247874876509300e+00 1.238576444289483547e+00 1.486552955958461375e+00 -7.191919058076678972e-01 3.988403087021634152e-01 -3.025047531314927762e-01 4.818508950992537176e-01
1.403715405662142976e+18 -1.369126087917846846e+00 2.073616098858225953e+00 1.388800265029300540e+00 -5.693395957317227696e-01 6.049843823332079484e-01 -4.102183887319358901e-01 3.762541633140020214e-01
1.403715406062142976e+18 -1.232662096958750730e+00 2.203730691373301021e+00 1.340545659654408972e+00 -4.804656607539040114e-01 6.654724215442068269e-01 -4.647290197291496505e-01 3.321537945319716356e-01
1.403715406462142976e+18 -1.091024825004824894e+00 2.305359713761656604e+00 1.261576895742535953e+00 -3.958157494455636916e-01 7.267993542297980225e-01 -4.843925670489028779e-01 2.836484305787179139e-01
1.403715406862142976e+18 -9.545870680252053209e-01 2.331900714108120720e+00 1.181898337696929646e+00 -3.202432402647600318e-01 7.605132636537549340e-01 -5.183079433287162141e-01 2.245455827973418250e-01
1.403715407662142976e+18 -6.242649641297699503e-01 2.182026726108208248e+00 1.119208384151907598e+00 -2.855996844419774194e-01 7.750783247379556817e-01 -5.389452119709614575e-01 1.649983916940487017e-01
1.403715407962142976e+18 -5.084992243960400060e-01 2.116419391565372177e+00 1.138597697776795759e+00 -2.835128342565335080e-01 7.736984322543809522e-01 -5.394723492944294430e-01 1.731496262938199138e-01
1.403715408162142976e+18 -3.842074613484584011e-01 2.051054278154702981e+00 1.202097269912812960e+00 -2.811813936806397130e-01 7.719674696539960967e-01 -5.405045313776051241e-01 1.812680369069369635e-01
1.403715408362142976e+18 -2.581232064714756858e-01 1.983987975088246536e+00 1.255843054672759918e+00 -2.819165031610893490e-01 7.665149432932447660e-01 -5.450182513978123477e-01 1.895601028614639361e-01
1.403715408562142976e+18 -1.354138455166077337e-01 1.922972684001674759e+00 1.257584159874643559e+00 -2.993537656953408899e-01 7.472319737347398183e-01 -5.550300457355533679e-01 2.096982325230556943e-01
1.403715409062142976e+18 1.295322672001690822e-01 1.851797808630582853e+00 1.255658403740871787e+00 -4.124049539909969142e-01 6.906980737175609786e-01 -5.111974738253032280e-01 3.025482897673738569e-01
1.403715409462142976e+18 2.752375686635668561e-01 1.802039221887997256e+00 1.431392321127932243e+00 -4.284337458286228140e-01 7.103689250150314605e-01 -4.846612333865832345e-01 2.773517706098876379e-01
1.403715410362142976e+18 5.682592166004607481e-01 1.779039290122829797e+00 1.395709962405922600e+00 -4.303685878596556491e-01 6.919421053357378559e-01 -4.939764187729152045e-01 3.032924317280556448e-01
1.403715412062142976e+18 5.071633642570605449e-01 1.913115972922423191e+00 1.162021205007084390e+00 -4.356395661878623704e-01 6.888253907527103204e-01 -4.887031184706163156e-01 3.112989100898392314e-01
1.403715413962142976e+18 4.614768615207137659e-01 1.923231444365485210e+00 1.067200785133145535e+00 -4.438237274303870605e-01 6.888475859633825804e-01 -4.895391656831598048e-01 2.980954671652236154e-01
1.403715415662142976e+18 5.259492024784924169e-01 1.965228633539714664e+00 9.180517953637570283e-01 -4.268977515639117426e-01 6.947998564458277571e-01 -5.064761073780115197e-01 2.801667750604107665e-01
