1.413394881655760527e+09 -0.000000000000000000e+00 -0.000000000000000000e+00 -0.000000000000000000e+00 -0.000000000000000000e+00 -0.000000000000000000e+00 -0.000000000000000000e+00 1.000000000000000000e+00
1.413394888255760431e+09 -8.201290667057037354e-02 -3.517272472381591797e-01 -4.222466424107551575e-02 -3.952788189053535461e-02 1.755511388182640076e-02 -1.527712959796190262e-02 9.989474415779113770e-01
1.413394888655760527e+09 -1.833083033561706543e-01 -4.904651939868927002e-01 6.277123838663101196e-02 -4.994589090347290039e-02 1.180779468268156052e-02 -9.017466567456722260e-03 9.986414909362792969e-01
1.413394888855760574e+09 -2.403267920017242432e-01 -5.175189971923828125e-01 1.486834138631820679e-01 -3.100466169416904449e-02 7.161691784858703613e-03 2.897555939853191376e-03 9.994894266128540039e-01
1.413394889155760527e+09 -3.109739124774932861e-01 -5.741812586784362793e-01 2.778855860233306885e-01 -1.732931472361087799e-02 2.520864363759756088e-03 1.270654704421758652e-02 9.997659325599670410e-01
1.413394889355760574e+09 -3.386832475662231445e-01 -6.322687864303588867e-01 3.454978168010711670e-01 4.338275641202926636e-02 6.585997529327869415e-03 8.345047826878726482e-04 9.990364909172058105e-01
1.413394889455760479e+09 -3.510082662105560303e-01 -6.581813097000122070e-01 3.590800166130065918e-01 9.264381229877471924e-02 7.967309094965457916e-03 -2.431826433166861534e-03 9.956645369529724121e-01
1.413394889655760527e+09 -3.743403851985931396e-01 -6.935534477233886719e-01 3.225986063480377197e-01 4.609362035989761353e-02 1.071108039468526840e-02 -7.529710885137319565e-03 9.988513588905334473e-01
1.413394889755760431e+09 -3.876940906047821045e-01 -6.995954513549804688e-01 2.791068255901336670e-01 -2.216217294335365295e-02 1.198064815253019333e-02 -7.867000997066497803e-03 9.996517300605773926e-01
1.413394889855760574e+09 -4.014762043952941895e-01 -7.068950533866882324e-01 2.335820347070693970e-01 -8.171226829290390015e-02 1.207580231130123138e-02 -4.890474025160074234e-03 9.965708255767822266e-01
1.413394889955760479e+09 -4.154205620288848877e-01 -7.181525826454162598e-01 1.978850066661834717e-01 -1.261261999607086182e-01 1.245177071541547775e-02 -5.751636344939470291e-04 9.919359087944030762e-01
1.413394890055760384e+09 -4.280916154384613037e-01 -7.250270843505859375e-01 1.827149093151092529e-01 -1.593952327966690063e-01 1.319993846118450165e-02 5.587890627793967724e-04 9.871264696121215820e-01
1.413394890255760431e+09 -4.491667747497558594e-01 -7.476770877838134766e-01 2.363554984331130981e-01 -1.241965666413307190e-01 1.197418291121721268e-02 1.805263012647628784e-02 9.920212030410766602e-01
1.413394890355760574e+09 -4.531319141387939453e-01 -7.583751082420349121e-01 2.946243286132812500e-01 -6.525924056768417358e-02 1.014539506286382675e-02 2.936153113842010498e-02 9.973847270011901855e-01
1.413394890455760479e+09 -4.456930756568908691e-01 -7.555817365646362305e-01 4.203800261020660400e-01 5.172143131494522095e-02 7.454640232026576996e-03 3.571904450654983521e-02 9.979947805404663086e-01
1.413394890655760527e+09 -3.426378071308135986e-01 -6.766918897628784180e-01 4.389125406742095947e-01 -7.551401853561401367e-02 8.976479992270469666e-03 -3.898525843396782875e-03 9.970967173576354980e-01
1.413394891155760527e+09 -2.263656407594680786e-01 -7.787376642227172852e-01 8.192688822746276855e-01 -2.353733405470848083e-02 1.271697506308555603e-02 -2.838545478880405426e-02 9.992389678955078125e-01
1.413394891955760479e+09 -2.561477124691009521e-01 -9.312424063682556152e-01 1.020591735839843750e+00 4.572375491261482239e-02 -2.209282945841550827e-03 -3.758463636040687561e-02 9.982444047927856445e-01
1.413394892255760431e+09 -3.322515785694122314e-01 -1.028455615043640137e+00 1.114881515502929688e+00 4.735523462295532227e-02 -8.155183494091033936e-02 -5.465188995003700256e-02 9.940422773361206055e-01
1.413394892555760384e+09 -4.464242458343505859e-01 -1.026043176651000977e+00 1.109145402908325195e+00 1.226382981985807419e-02 -1.944359242916107178e-01 -7.971405982971191406e-02 9.775939583778381348e-01
1.413394892855760574e+09 -5.285667181015014648e-01 -1.033572673797607422e+00 1.055297851562500000e+00 -1.607907563447952271e-02 -2.757940888404846191e-01 -1.034470573067665100e-01 9.554987549781799316e-01
1.413394893055760384e+09 -6.559032201766967773e-01 -1.050188422203063965e+00 9.688888192176818848e-01 -3.132726624608039856e-02 -3.672285676002502441e-01 -1.526327580213546753e-01 9.169870018959045410e-01
1.413394893355760574e+09 -8.255528211593627930e-01 -1.081081509590148926e+00 8.838682174682617188e-01 1.155395805835723877e-02 -4.090879857540130615e-01 -1.748917102813720703e-01 8.955034613609313965e-01
1.413394893755760431e+09 -1.114213585853576660e+00 -1.008324623107910156e+00 6.839513182640075684e-01 5.400488898158073425e-02 -3.985124528408050537e-01 -1.880812346935272217e-01 8.960450887680053711e-01
1.413394894055760384e+09 -1.273470878601074219e+00 -9.292562007904052734e-01 4.946981668472290039e-01 5.484902858734130859e-02 -4.292653203010559082e-01 -1.657802164554595947e-01 8.861375451087951660e-01
1.413394894255760431e+09 -1.426102995872497559e+00 -8.229855895042419434e-01 2.460902333259582520e-01 2.319319173693656921e-02 -4.891729056835174561e-01 -1.357582211494445801e-01 8.612442612648010254e-01
1.413394894455760479e+09 -1.550697803497314453e+00 -6.944808363914489746e-01 -1.088142395019531250e-02 9.468829957768321037e-04 -5.384679436683654785e-01 -1.460111290216445923e-01 8.298988342285156250e-01
1.413394894655760527e+09 -1.644715309143066406e+00 -5.563354492187500000e-01 -2.500408291816711426e-01 3.423635149374604225e-03 -5.755069255828857422e-01 -1.639390289783477783e-01 8.011892437934875488e-01
1.413394894855760574e+09 -1.720232486724853516e+00 -4.203463494777679443e-01 -4.820826649665832520e-01 -5.513952113687992096e-03 -5.935112237930297852e-01 -1.761043071746826172e-01 7.853033542633056641e-01
1.413394895055760384e+09 -1.778915047645568848e+00 -2.969623208045959473e-01 -7.023552656173706055e-01 -2.935769408941268921e-02 -5.994698405265808105e-01 -1.702944785356521606e-01 7.815202474594116211e-01
1.413394895355760574e+09 -1.910257935523986816e+00 -1.303710639476776123e-01 -1.203155755996704102e+00 -2.328145317733287811e-03 -5.685116648674011230e-01 -1.992522478103637695e-01 7.981777787208557129e-01
1.413394895855760574e+09 -1.966686606407165527e+00 -1.468037366867065430e-01 -1.438721656799316406e+00 -1.937089674174785614e-02 -5.709897279739379883e-01 -1.841795295476913452e-01 7.997958660125732422e-01
1.413394896055760384e+09 -2.029539823532104492e+00 -1.426161229610443115e-01 -1.661152839660644531e+00 -1.935718022286891937e-02 -5.748999714851379395e-01 -1.803513616323471069e-01 7.978651523590087891e-01
1.413394896255760431e+09 -2.095525503158569336e+00 -9.237897396087646484e-02 -1.861293792724609375e+00 -2.608596347272396088e-02 -5.807943940162658691e-01 -1.741458028554916382e-01 7.947770953178405762e-01
1.413394896355760574e+09 -2.164597034454345703e+00 -3.103391081094741821e-02 -2.038906574249267578e+00 -6.367737799882888794e-02 -5.946873426437377930e-01 -1.330546140670776367e-01 7.903092503547668457e-01
1.413394896555760384e+09 -2.269297361373901367e+00 9.934476017951965332e-02 -2.167335271835327148e+00 -1.275009810924530029e-01 -6.106147170066833496e-01 -5.194414779543876648e-02 7.798686027526855469e-01
1.413394897055760384e+09 -2.271586179733276367e+00 1.277460455894470215e-01 -1.932410359382629395e+00 -1.293599158525466919e-01 -6.101065278053283691e-01 -3.893285989761352539e-02 7.807177305221557617e-01
1.413394897255760431e+09 -2.224420547485351562e+00 7.778871059417724609e-02 -1.602697491645812988e+00 -7.393402606248855591e-02 -5.953454375267028809e-01 -1.064761132001876831e-01 7.929441928863525391e-01
1.413394897455760479e+09 -2.194456577301025391e+00 3.641813993453979492e-02 -1.410364985466003418e+00 -3.853455185890197754e-02 -5.863330364227294922e-01 -1.411984860897064209e-01 7.967382073402404785e-01
1.413394897555760384e+09 -2.162071943283081055e+00 -1.447275280952453613e-02 -1.216584324836730957e+00 -1.987586915493011475e-02 -5.803999900817871094e-01 -1.619810760021209717e-01 7.978113889694213867e-01
1.413394897655760527e+09 -2.127281188964843750e+00 -7.019174098968505859e-02 -1.023536920547485352e+00 -1.046508643776178360e-02 -5.785919427871704102e-01 -1.707627475261688232e-01 7.974722981452941895e-01
1.413394897755760431e+09 -2.053497314453125000e+00 -1.973384618759155273e-01 -6.551924943923950195e-01 5.138604901731014252e-03 -5.813091993331909180e-01 -1.673152446746826172e-01 7.962780594825744629e-01
1.413394897955760479e+09 -1.962844014167785645e+00 -3.332644999027252197e-01 -3.134766221046447754e-01 1.392542943358421326e-02 -5.810776948928833008e-01 -1.688337624073028564e-01 7.960213422775268555e-01
1.413394898155760527e+09 -1.855855941772460938e+00 -4.671314656734466553e-01 -4.935979843139648438e-03 2.433918416500091553e-02 -5.773049592971801758e-01 -1.892199218273162842e-01 7.939285635948181152e-01
1.413394898355760574e+09 -1.687297701835632324e+00 -6.548996567726135254e-01 3.522762060165405273e-01 5.294736474752426147e-02 -5.933905839920043945e-01 -2.446653693914413452e-01 7.649987339973449707e-01
1.413394898855760574e+09 -1.432098269462585449e+00 -9.022009968757629395e-01 4.653577804565429688e-01 2.386721409857273102e-02 -6.160293817520141602e-01 -3.158715367317199707e-01 7.212234735488891602e-01
1.413394899455760479e+09 -1.475126743316650391e+00 -8.264489173889160156e-01 2.459532022476196289e-01 -1.197489351034164429e-02 -6.485168337821960449e-01 -2.649092674255371094e-01 7.135163545608520508e-01
1.413394899655760527e+09 -1.542016983032226562e+00 -7.227663993835449219e-01 5.703651905059814453e-02 -1.653052121400833130e-02 -6.869471669197082520e-01 -2.654664218425750732e-01 6.762824058532714844e-01
1.413394899855760574e+09 -1.640798091888427734e+00 -6.342580318450927734e-01 -1.556265354156494141e-01 -7.076255977153778076e-03 -7.390239834785461426e-01 -2.603531479835510254e-01 6.212968826293945312e-01
1.413394900055760384e+09 -1.749661326408386230e+00 -5.793675780296325684e-01 -4.054747819900512695e-01 -1.668270793743431568e-03 -7.884171009063720703e-01 -2.407405376434326172e-01 5.660740137100219727e-01
1.413394900255760431e+09 -1.859011173248291016e+00 -5.442064404487609863e-01 -6.412575244903564453e-01 8.914959616959095001e-03 -8.259285092353820801e-01 -2.289799451828002930e-01 5.151027441024780273e-01
1.413394900455760479e+09 -1.949903845787048340e+00 -4.752873182296752930e-01 -8.539519309997558594e-01 4.468965530395507812e-02 -8.457571864128112793e-01 -2.517488598823547363e-01 4.683163464069366455e-01
1.413394900655760527e+09 -2.004721641540527344e+00 -3.901392221450805664e-01 -1.067345619201660156e+00 8.333882689476013184e-02 -8.599444627761840820e-01 -2.733218967914581299e-01 4.229012131690979004e-01
1.413394900855760574e+09 -1.984429955482482910e+00 -3.450851440429687500e-01 -1.328264951705932617e+00 8.876635134220123291e-02 -8.821715116500854492e-01 -2.829696238040924072e-01 3.658171892166137695e-01
1.413394901055760384e+09 -1.886682510375976562e+00 -3.372782468795776367e-01 -1.630498409271240234e+00 8.732274174690246582e-02 -9.107864499092102051e-01 -2.735668420791625977e-01 2.966546714305877686e-01
1.413394901255760431e+09 -1.727610826492309570e+00 -3.123606443405151367e-01 -1.932543039321899414e+00 3.757236525416374207e-02 -9.431256055831909180e-01 -2.399548888206481934e-01 2.269893437623977661e-01
1.413394901455760479e+09 -1.540445446968078613e+00 -2.664061784744262695e-01 -2.197926998138427734e+00 -2.997172530740499496e-03 -9.636473059654235840e-01 -2.081560790538787842e-01 1.674693673849105835e-01
1.413394901655760527e+09 -1.348833799362182617e+00 -1.892788410186767578e-01 -2.374843597412109375e+00 7.113214116543531418e-03 -9.649317264556884766e-01 -2.394186854362487793e-01 1.074009165167808533e-01
1.413394901855760574e+09 -1.168413996696472168e+00 -1.280990839004516602e-01 -2.500938653945922852e+00 4.273223504424095154e-02 -9.678551554679870605e-01 -2.463645637035369873e-01 2.710683457553386688e-02
1.413394902055760384e+09 -9.528777599334716797e-01 -1.078201532363891602e-01 -2.593870162963867188e+00 5.018810555338859558e-02 -9.668685793876647949e-01 -2.453260272741317749e-01 -4.961398243904113770e-02
1.413394902255760431e+09 -7.163354158401489258e-01 -8.898514509201049805e-02 -2.645423412322998047e+00 4.625751823186874390e-02 -9.665641188621520996e-01 -2.237104475498199463e-01 -1.164806187152862549e-01
1.413394902455760479e+09 -4.729285240173339844e-01 -6.989312171936035156e-02 -2.632923126220703125e+00 7.093937601894140244e-03 -9.631510972976684570e-01 -2.113510519266128540e-01 -1.661936491727828979e-01
1.413394902655760527e+09 -2.573685646057128906e-01 -8.105909824371337891e-02 -2.574525117874145508e+00 -6.227384507656097412e-02 -9.499979615211486816e-01 -2.397655248641967773e-01 -1.901008188724517822e-01
1.413394902855760574e+09 -3.939056396484375000e-02 -6.726944446563720703e-02 -2.402968168258666992e+00 -5.246828496456146240e-02 -9.391630291938781738e-01 -2.955496013164520264e-01 -1.669442504644393921e-01
1.413394903355760574e+09 -3.162777423858642578e-02 6.320333480834960938e-02 -2.300139904022216797e+00 -2.279744483530521393e-02 -9.493460655212402344e-01 -3.017553985118865967e-01 -8.465250581502914429e-02
1.413394903755760431e+09 -1.439864039421081543e-01 1.574420928955078125e-02 -2.319280147552490234e+00 7.941089570522308350e-03 -9.523858428001403809e-01 -3.044232726097106934e-01 -1.498617790639400482e-02
1.413394904255760431e+09 -2.035348117351531982e-01 7.350599765777587891e-02 -2.339781284332275391e+00 -1.290930341929197311e-02 -9.340447783470153809e-01 -3.432030081748962402e-01 9.800767898559570312e-02
1.413394904555760384e+09 -2.721619606018066406e-01 1.351356506347656250e-01 -2.393031120300292969e+00 -2.825627336278557777e-03 -9.309846162796020508e-01 -3.114605247974395752e-01 1.903999596834182739e-01
1.413394904755760431e+09 -3.444036245346069336e-01 1.837995052337646484e-01 -2.476259708404541016e+00 4.453573841601610184e-03 -9.191657304763793945e-01 -2.767909169197082520e-01 2.801807224750518799e-01
1.413394904955760479e+09 -4.099135398864746094e-01 2.109383940696716309e-01 -2.554219484329223633e+00 1.460172049701213837e-02 -9.045564532279968262e-01 -2.221568375825881958e-01 3.636080920696258545e-01
1.413394905155760527e+09 -4.484965801239013672e-01 2.369419634342193604e-01 -2.587591171264648438e+00 -4.534837603569030762e-02 -8.515129685401916504e-01 -2.533635199069976807e-01 4.568107724189758301e-01
1.413394905455760479e+09 -4.825720787048339844e-01 2.384221553802490234e-01 -2.585922956466674805e+00 -1.018720418214797974e-01 -7.985516190528869629e-01 -3.547882735729217529e-01 4.754604995250701904e-01
1.413394905755760431e+09 -7.081415653228759766e-01 2.090755105018615723e-01 -2.667032003402709961e+00 9.850102476775646210e-03 -8.391229510307312012e-01 -2.510508000850677490e-01 4.824408590793609619e-01
1.413394905955760479e+09 -8.628199100494384766e-01 1.647444367408752441e-01 -2.757474184036254883e+00 6.406936049461364746e-02 -8.699268102645874023e-01 -1.387625485658645630e-01 4.689001142978668213e-01
1.413394906155760527e+09 -8.996019363403320312e-01 4.474663734436035156e-02 -2.707747936248779297e+00 -4.737491160631179810e-02 -8.352373838424682617e-01 -2.328031659126281738e-01 4.959202706813812256e-01
1.413394906555760384e+09 -9.009935855865478516e-01 1.628303527832031250e-02 -2.592705488204956055e+00 -6.046401336789131165e-02 -7.709617614746093750e-01 -3.268058896064758301e-01 5.432863831520080566e-01
1.413394906755760431e+09 -9.714040756225585938e-01 -3.663301467895507812e-03 -2.516849994659423828e+00 3.416813677176833153e-03 -7.609390020370483398e-01 -2.590600252151489258e-01 5.948513150215148926e-01
1.413394906955760479e+09 -1.029941082000732422e+00 -1.099389791488647461e-02 -2.475000381469726562e+00 9.216052293777465820e-02 -7.675309777259826660e-01 -1.345509290695190430e-01 6.199182271957397461e-01
1.413394907155760527e+09 -8.089084625244140625e-01 -2.159984409809112549e-02 -2.325839042663574219e+00 -8.424571901559829712e-02 -7.383093237876892090e-01 -2.181828022003173828e-01 6.326122879981994629e-01
1.413394907555760384e+09 -6.894841194152832031e-01 -2.065666019916534424e-02 -2.206784248352050781e+00 -1.906534433364868164e-01 -6.941318511962890625e-01 -2.468079626560211182e-01 6.487820148468017578e-01
1.413394907755760431e+09 -6.873370409011840820e-01 -2.284169942140579224e-02 -2.019263744354248047e+00 -5.434051156044006348e-02 -6.873655319213867188e-01 -2.342721670866012573e-01 6.853410005569458008e-01
1.413394907955760479e+09 -7.131222486495971680e-01 -9.206771850585937500e-03 -1.830403327941894531e+00 6.515098363161087036e-02 -6.996467709541320801e-01 -1.757186204195022583e-01 6.894727945327758789e-01
1.413394908155760527e+09 -6.841897964477539062e-01 3.432014584541320801e-02 -1.668051958084106445e+00 9.891400113701820374e-03 -6.852650642395019531e-01 -2.403642237186431885e-01 6.874147653579711914e-01
1.413394908355760574e+09 -6.576222181320190430e-01 7.218350470066070557e-02 -1.542497396469116211e+00 -7.720362395048141479e-02 -6.645763516426086426e-01 -3.084600567817687988e-01 6.761880517005920410e-01
1.413394908655760527e+09 -8.106700181961059570e-01 1.410633325576782227e-03 -1.454747080802917480e+00 1.482038293033838272e-02 -7.058984041213989258e-01 -2.320086508989334106e-01 6.690738797187805176e-01
1.413394908855760574e+09 -9.286321401596069336e-01 -1.158096790313720703e-01 -1.448185801506042480e+00 9.371271729469299316e-02 -7.356107831001281738e-01 -1.413186192512512207e-01 6.558381915092468262e-01
1.413394909155760527e+09 -9.110432863235473633e-01 -2.726966738700866699e-01 -1.438594341278076172e+00 -2.334424480795860291e-02 -7.216389179229736328e-01 -2.033156305551528931e-01 6.613283157348632812e-01
1.413394909355760574e+09 -8.762578964233398438e-01 -3.833149373531341553e-01 -1.368356943130493164e+00 -8.054777979850769043e-02 -6.595326066017150879e-01 -2.089550793170928955e-01 7.175421118736267090e-01
1.413394909655760527e+09 -9.026597738265991211e-01 -4.679552316665649414e-01 -1.278352499008178711e+00 -1.987424120306968689e-02 -6.482753753662109375e-01 -1.344591379165649414e-01 7.491760849952697754e-01
1.413394909855760574e+09 -8.950093984603881836e-01 -5.700707435607910156e-01 -1.167949318885803223e+00 5.939634889364242554e-02 -6.391350626945495605e-01 -1.098440214991569519e-01 7.588891983032226562e-01
1.413394910055760384e+09 -8.099892139434814453e-01 -6.298018693923950195e-01 -1.068266391754150391e+00 -1.192304422147572041e-03 -6.145093441009521484e-01 -1.962721049785614014e-01 7.641034722328186035e-01
1.413394910255760431e+09 -7.233685851097106934e-01 -6.637439727783203125e-01 -9.730619192123413086e-01 -8.736673742532730103e-02 -5.965701937675476074e-01 -2.556986212730407715e-01 7.557045817375183105e-01
1.413394910455760479e+09 -7.438606619834899902e-01 -6.768351197242736816e-01 -8.094873428344726562e-01 -1.972290500998497009e-02 -6.227744221687316895e-01 -2.095813006162643433e-01 7.535507678985595703e-01
1.413394910755760431e+09 -7.891445159912109375e-01 -6.826856732368469238e-01 -7.068546414375305176e-01 6.609798222780227661e-02 -6.541746258735656738e-01 -1.163125112652778625e-01 7.444179654121398926e-01
1.413394910955760479e+09 -6.211954951286315918e-01 -6.625193357467651367e-01 -5.083844065666198730e-01 -3.173786774277687073e-02 -6.363207697868347168e-01 -2.141612023115158081e-01 7.404212951660156250e-01
1.413394911355760574e+09 -5.105567574501037598e-01 -6.241829991340637207e-01 -3.953518867492675781e-01 -8.361665159463882446e-02 -6.064696907997131348e-01 -2.744930684566497803e-01 7.415230274200439453e-01
1.413394911655760527e+09 -5.018759369850158691e-01 -5.509080886840820312e-01 -2.337661087512969971e-01 8.413385599851608276e-03 -6.192967891693115234e-01 -1.945122927427291870e-01 7.606350779533386230e-01
1.413394911855760574e+09 -4.041806161403656006e-01 -5.257537364959716797e-01 -1.273740679025650024e-01 -4.890277609229087830e-02 -5.759716629981994629e-01 -2.386431992053985596e-01 7.803297638893127441e-01
1.413394912355760574e+09 -4.415967166423797607e-01 -6.028523445129394531e-01 -1.157424673438072205e-01 -5.301780253648757935e-02 -5.090826153755187988e-01 -1.752273589372634888e-01 8.410228490829467773e-01
1.413394912755760431e+09 -6.138216853141784668e-01 -7.162561416625976562e-01 -6.358881294727325439e-02 -1.939297653734683990e-02 -4.570121467113494873e-01 -1.410217136144638062e-01 8.779959082603454590e-01
1.413394913355760574e+09 -8.346649408340454102e-01 -8.259736299514770508e-01 -5.406016111373901367e-02 2.573137916624546051e-02 -5.364884138107299805e-01 -1.857731491327285767e-01 8.228039741516113281e-01
1.413394913655760527e+09 -9.615802168846130371e-01 -7.658274173736572266e-01 -1.308940649032592773e-01 1.933979988098144531e-02 -6.338494420051574707e-01 -2.459177523851394653e-01 7.330657839775085449e-01
1.413394913955760479e+09 -1.048639774322509766e+00 -6.640545129776000977e-01 -2.150366902351379395e-01 -7.685595192015171051e-03 -7.011506557464599609e-01 -2.440043836832046509e-01 6.699183583259582520e-01
1.413394914155760527e+09 -1.143252253532409668e+00 -5.573793053627014160e-01 -3.186708688735961914e-01 1.024471595883369446e-02 -7.523498535156250000e-01 -2.600781619548797607e-01 6.051645874977111816e-01
1.413394914355760574e+09 -1.233016848564147949e+00 -5.100429058074951172e-01 -4.580372571945190430e-01 3.225358575582504272e-02 -7.956019639968872070e-01 -2.775783240795135498e-01 5.375198125839233398e-01
1.413394914555760384e+09 -1.306021451950073242e+00 -4.938731193542480469e-01 -6.479213237762451172e-01 2.277967520058155060e-02 -8.288439512252807617e-01 -2.759042084217071533e-01 4.861848056316375732e-01
1.413394914755760431e+09 -1.366644859313964844e+00 -4.393758773803710938e-01 -8.461278676986694336e-01 6.313988473266363144e-03 -8.534359931945800781e-01 -2.693673074245452881e-01 4.461485147476196289e-01
1.413394914955760479e+09 -1.433875799179077148e+00 -2.885217666625976562e-01 -1.132357358932495117e+00 5.236554518342018127e-02 -8.812980651855468750e-01 -2.798437476158142090e-01 3.771723210811614990e-01
1.413394915255760431e+09 -1.421353340148925781e+00 -1.786908507347106934e-01 -1.342141985893249512e+00 8.542928099632263184e-02 -9.003420472145080566e-01 -2.930520474910736084e-01 3.101719617843627930e-01
1.413394915455760479e+09 -1.337682723999023438e+00 -7.247090339660644531e-02 -1.584232568740844727e+00 9.616536647081375122e-02 -9.244965910911560059e-01 -2.829409837722778320e-01 2.366489320993423462e-01
1.413394915655760527e+09 -1.172358632087707520e+00 3.594934940338134766e-03 -1.841989278793334961e+00 4.017961397767066956e-02 -9.569311738014221191e-01 -2.491898685693740845e-01 1.434324681758880615e-01
1.413394915855760574e+09 -9.737676978111267090e-01 6.251698732376098633e-02 -2.051904678344726562e+00 2.780594304203987122e-02 -9.754495620727539062e-01 -2.134261429309844971e-01 4.662948101758956909e-02
1.413394916055760384e+09 -7.669310569763183594e-01 9.936106204986572266e-02 -2.196618080139160156e+00 1.841842196881771088e-02 -9.771937727928161621e-01 -2.091083973646163940e-01 -3.204485028982162476e-02
1.413394916255760431e+09 -5.556156635284423828e-01 1.227756738662719727e-01 -2.271497249603271484e+00 9.439527057111263275e-03 -9.609286785125732422e-01 -2.604921162128448486e-01 -9.311757981777191162e-02
1.413394916455760479e+09 -3.525509834289550781e-01 1.427534818649291992e-01 -2.313617467880249023e+00 -5.543767288327217102e-02 -9.427121877670288086e-01 -2.886997759342193604e-01 -1.577112674713134766e-01
1.413394916655760527e+09 -1.989850997924804688e-01 2.020480632781982422e-01 -2.355679035186767578e+00 -1.052876636385917664e-01 -9.216684699058532715e-01 -2.867807447910308838e-01 -2.391623407602310181e-01
1.413394916955760479e+09 -1.407845020294189453e-01 3.194004893302917480e-01 -2.396003246307373047e+00 -5.896980315446853638e-02 -8.944597244262695312e-01 -3.018027842044830322e-01 -3.246220946311950684e-01
1.413394917155760527e+09 -1.290352344512939453e-01 4.643988311290740967e-01 -2.473903656005859375e+00 1.880076900124549866e-02 -8.618448376655578613e-01 -2.942183911800384521e-01 -4.126809537410736084e-01
1.413394917355760574e+09 -3.473234176635742188e-02 7.149001955986022949e-01 -2.700871229171752930e+00 7.835418730974197388e-02 -8.049958944320678711e-01 -2.674126923084259033e-01 -5.237677693367004395e-01
1.413394917755760431e+09 2.688622474670410156e-01 8.491696119308471680e-01 -2.897258758544921875e+00 1.180840954184532166e-01 -8.088499903678894043e-01 -2.019621431827545166e-01 -5.394712090492248535e-01
1.413394918155760527e+09 4.888017177581787109e-01 8.739770054817199707e-01 -2.910300731658935547e+00 9.101549535989761353e-02 -7.887879014015197754e-01 -2.167309373617172241e-01 -5.679416060447692871e-01
1.413394918355760574e+09 7.379248142242431641e-01 8.882570266723632812e-01 -2.871960163116455078e+00 3.168879449367523193e-02 -7.514206767082214355e-01 -2.604724466800689697e-01 -6.054065227508544922e-01
1.413394918555760384e+09 1.003558874130249023e+00 9.052954912185668945e-01 -2.853651046752929688e+00 -2.327816095203161240e-03 -7.154468894004821777e-01 -2.752557098865509033e-01 -6.421562433242797852e-01
1.413394918755760431e+09 1.552693605422973633e+00 9.453267455101013184e-01 -2.924870967864990234e+00 3.230937197804450989e-02 -6.790242791175842285e-01 -1.690020710229873657e-01 -7.136669754981994629e-01
1.413394919155760527e+09 1.800617694854736328e+00 8.850733041763305664e-01 -2.968690872192382812e+00 -1.002675620838999748e-03 -6.507545113563537598e-01 -1.440966874361038208e-01 -7.454889416694641113e-01
1.413394919355760574e+09 1.987280845642089844e+00 7.635011076927185059e-01 -3.013446569442749023e+00 -2.259339764714241028e-02 -6.104557514190673828e-01 -1.111238077282905579e-01 -7.838909029960632324e-01
1.413394919555760384e+09 2.093742132186889648e+00 6.261842250823974609e-01 -3.047783374786376953e+00 9.371842257678508759e-03 -5.705064535140991211e-01 -6.872577220201492310e-02 -8.183588385581970215e-01
1.413394919755760431e+09 2.135995388031005859e+00 5.048333406448364258e-01 -3.051378965377807617e+00 4.395405575633049011e-02 -5.044423937797546387e-01 -1.115541309118270874e-01 -8.550799489021301270e-01
1.413394919955760479e+09 2.163875818252563477e+00 4.182203412055969238e-01 -3.019125223159790039e+00 6.075607612729072571e-02 -4.313732385635375977e-01 -1.481683254241943359e-01 -8.878468871116638184e-01
1.413394920155760527e+09 2.302385807037353516e+00 3.624695539474487305e-01 -2.863433837890625000e+00 8.343697339296340942e-02 -2.835548520088195801e-01 -9.235766530036926270e-02 -9.508444070816040039e-01
1.413394920555760384e+09 2.498728275299072266e+00 3.232304453849792480e-01 -2.558545351028442383e+00 6.944108754396438599e-02 -2.198863029479980469e-01 1.931423321366310120e-02 -9.728592038154602051e-01
1.413394920955760479e+09 2.534635305404663086e+00 2.364722192287445068e-01 -2.085087299346923828e+00 5.962710455060005188e-02 -2.107640504837036133e-01 -4.167509078979492188e-02 -9.748263359069824219e-01
1.413394921355760574e+09 2.527163505554199219e+00 2.317759394645690918e-01 -1.795591354370117188e+00 3.962979093194007874e-02 -2.070594727993011475e-01 -1.203083023428916931e-01 -9.700937271118164062e-01
1.413394921555760384e+09 2.692288160324096680e+00 3.359972834587097168e-01 -1.224841117858886719e+00 4.358529299497604370e-02 -2.512702047824859619e-01 -7.528258860111236572e-02 -9.640001058578491211e-01
1.413394921955760479e+09 2.813820838928222656e+00 3.711262941360473633e-01 -9.498221874237060547e-01 -4.423054866492748260e-03 -2.388761490583419800e-01 -3.986875712871551514e-02 -9.702211618423461914e-01
1.413394922155760527e+09 2.896255493164062500e+00 3.692554831504821777e-01 -7.208020687103271484e-01 -3.206830471754074097e-02 -1.765268743038177490e-01 -4.134814068675041199e-02 -9.829039573669433594e-01
1.413394922355760574e+09 3.025249719619750977e+00 2.101235985755920410e-01 -4.393439888954162598e-01 4.210115969181060791e-02 -8.810177445411682129e-02 2.457025647163391113e-02 -9.949180483818054199e-01
1.413394922755760431e+09 3.102820158004760742e+00 -2.461852878332138062e-01 -8.127528242766857147e-03 7.657388597726821899e-02 -5.812051892280578613e-02 -9.252097457647323608e-03 -9.953255653381347656e-01
1.413394923355760574e+09 3.141265153884887695e+00 -3.860993683338165283e-01 1.995675563812255859e-01 4.978657141327857971e-02 -6.797991693019866943e-02 1.907762512564659119e-02 -9.962611198425292969e-01
1.413394923555760384e+09 3.152288198471069336e+00 -6.511850953102111816e-01 6.581766605377197266e-01 5.613562464714050293e-02 4.219295457005500793e-03 3.759850934147834778e-02 -9.977061152458190918e-01
1.413394923955760479e+09 3.129802942276000977e+00 -7.441677451133728027e-01 9.232754707336425781e-01 3.383367508649826050e-02 6.232923269271850586e-02 6.773254275321960449e-02 -9.951797127723693848e-01
1.413394924155760527e+09 3.068657636642456055e+00 -8.160734176635742188e-01 1.195040583610534668e+00 2.368070930242538452e-02 1.295682042837142944e-01 7.886274158954620361e-02 -9.881457686424255371e-01
1.413394924355760574e+09 2.987994670867919922e+00 -8.897318243980407715e-01 1.449738383293151855e+00 3.203139081597328186e-02 2.096353173255920410e-01 6.610180437564849854e-02 -9.750167131423950195e-01
1.413394924555760384e+09 2.853075027465820312e+00 -1.050767779350280762e+00 1.950909972190856934e+00 1.366382651031017303e-02 3.421574532985687256e-01 1.266516000032424927e-01 -9.309678077697753906e-01
1.413394924905760527e+09 2.768630743026733398e+00 -1.165977716445922852e+00 2.213152408599853516e+00 -3.770064935088157654e-02 4.002639055252075195e-01 1.792679876089096069e-01 -8.979034423828125000e-01
1.413394925205760717e+09 2.569434165954589844e+00 -1.308555841445922852e+00 2.431523799896240234e+00 -2.972309850156307220e-02 4.410012066364288330e-01 2.401200383901596069e-01 -8.642781972885131836e-01
1.413394925605760574e+09 2.330509424209594727e+00 -1.306505680084228516e+00 2.429553985595703125e+00 -3.361916402354836464e-03 4.667206406593322754e-01 2.053807526826858521e-01 -8.602205514907836914e-01
1.413394925805760622e+09 2.140621662139892578e+00 -1.271656751632690430e+00 2.387499094009399414e+00 2.301834709942340851e-02 4.800002276897430420e-01 1.672878414392471313e-01 -8.608627915382385254e-01
1.413394926005760670e+09 1.847638130187988281e+00 -1.214742660522460938e+00 2.311551094055175781e+00 1.811145991086959839e-02 4.876392483711242676e-01 1.937397271394729614e-01 -8.510845303535461426e-01
1.413394926305760622e+09 1.635301113128662109e+00 -1.183098673820495605e+00 2.244550228118896484e+00 3.290983289480209351e-02 4.930096268653869629e-01 1.955511718988418579e-01 -8.471235036849975586e-01
1.413394926505760670e+09 1.398767828941345215e+00 -1.159476995468139648e+00 2.164385318756103516e+00 4.649826139211654663e-02 5.173552632331848145e-01 1.859302222728729248e-01 -8.340332508087158203e-01
1.413394926705760717e+09 1.147770404815673828e+00 -1.143749952316284180e+00 2.086787700653076172e+00 6.736902147531509399e-02 5.805978775024414062e-01 1.557127982378005981e-01 -7.963172197341918945e-01
1.413394926905760527e+09 9.023752212524414062e-01 -1.130491137504577637e+00 2.053385496139526367e+00 9.029374271631240845e-02 6.424436569213867188e-01 1.369890719652175903e-01 -7.485634088516235352e-01
1.413394927105760574e+09 4.291729927062988281e-01 -1.084186553955078125e+00 2.167875289916992188e+00 1.717095822095870972e-02 6.625055670738220215e-01 2.219322323799133301e-01 -7.152186036109924316e-01
1.413394927605760574e+09 -4.336285591125488281e-02 -1.218357443809509277e+00 2.230343580245971680e+00 2.573094330728054047e-02 6.678380370140075684e-01 2.228869795799255371e-01 -7.096841931343078613e-01
1.413394928005760670e+09 -5.350835323333740234e-01 -1.273975610733032227e+00 2.282577991485595703e+00 -1.598057895898818970e-02 6.713541150093078613e-01 2.228295207023620605e-01 -7.066649794578552246e-01
1.413394928305760622e+09 -1.119969367980957031e+00 -1.285262346267700195e+00 2.207671403884887695e+00 3.687016200274229050e-03 6.725698709487915039e-01 1.959099322557449341e-01 -7.136214971542358398e-01
1.413394929205760717e+09 -1.483209133148193359e+00 -1.177115201950073242e+00 2.070429801940917969e+00 -8.858203887939453125e-03 6.752386689186096191e-01 1.672150790691375732e-01 -7.183407545089721680e-01
1.413394929605760574e+09 -1.632664680480957031e+00 -9.538397789001464844e-01 1.934177041053771973e+00 3.775853291153907776e-02 6.647914052009582520e-01 1.872336566448211670e-01 -7.221981883049011230e-01
1.413394930605760574e+09 -1.598593473434448242e+00 -8.764320611953735352e-01 1.945893168449401855e+00 1.177888140082359314e-01 6.396073698997497559e-01 2.484194338321685791e-01 -7.178552150726318359e-01
1.413394930905760527e+09 -1.686769962310791016e+00 -7.838154435157775879e-01 1.997825860977172852e+00 1.999015919864177704e-03 6.521590352058410645e-01 2.114584445953369141e-01 -7.279903888702392578e-01
1.413394931105760574e+09 -1.642992615699768066e+00 -8.472805023193359375e-01 1.814146876335144043e+00 -8.883226662874221802e-03 6.650453209877014160e-01 2.640353143215179443e-01 -6.985135078430175781e-01
1.413394932005760670e+09 -1.604923725128173828e+00 -8.304948806762695312e-01 1.688713550567626953e+00 -2.281587338075041771e-03 7.285953760147094727e-01 2.447056025266647339e-01 -6.397365331649780273e-01
1.413394932205760717e+09 -1.559745669364929199e+00 -8.633075356483459473e-01 1.526602864265441895e+00 9.165854193270206451e-03 7.974367737770080566e-01 2.107245922088623047e-01 -5.653368234634399414e-01
1.413394932405760527e+09 -1.494275212287902832e+00 -9.039741158485412598e-01 1.387879848480224609e+00 -8.716791868209838867e-03 8.494459986686706543e-01 1.964211612939834595e-01 -4.896776378154754639e-01
1.413394932605760574e+09 -1.400880098342895508e+00 -9.242390990257263184e-01 1.304584264755249023e+00 -2.295464836061000824e-02 8.834395408630371094e-01 2.055094391107559204e-01 -4.204445481300354004e-01
1.413394932805760622e+09 -1.198027849197387695e+00 -9.438105225563049316e-01 1.244310617446899414e+00 5.644470918923616409e-03 9.005492329597473145e-01 2.782714366912841797e-01 -3.339824676513671875e-01
1.413394933105760574e+09 -9.979412555694580078e-01 -9.168248772621154785e-01 1.206180691719055176e+00 9.680439718067646027e-03 9.226596951484680176e-01 2.910875976085662842e-01 -2.527322173118591309e-01
1.413394933405760527e+09 -8.128091096878051758e-01 -7.968975305557250977e-01 1.186958789825439453e+00 1.597154652699828148e-03 9.429817199707031250e-01 2.808234095573425293e-01 -1.786649376153945923e-01
1.413394933705760717e+09 -5.718365907669067383e-01 -6.408191323280334473e-01 1.195928454399108887e+00 -1.756191370077431202e-03 9.560561180114746094e-01 2.770525217056274414e-01 -9.589367359876632690e-02
1.413394934105760574e+09 -3.826299905776977539e-01 -5.653894543647766113e-01 1.237666368484497070e+00 -2.090791938826441765e-03 9.638519883155822754e-01 2.662052810192108154e-01 -1.094755623489618301e-02
1.413394934405760527e+09 -2.580731809139251709e-01 -4.724641740322113037e-01 1.294059395790100098e+00 1.003324892371892929e-02 9.574638009071350098e-01 2.837338149547576904e-01 5.155175551772117615e-02
1.413394934605760574e+09 -9.695947170257568359e-02 -3.178302645683288574e-01 1.378292083740234375e+00 2.577046630904078484e-03 9.530582427978515625e-01 2.871324419975280762e-01 9.606457501649856567e-02
1.413394935105760574e+09 1.913195252418518066e-01 -2.640926241874694824e-01 1.549417495727539062e+00 9.862709557637572289e-04 9.628309607505798340e-01 2.652463316917419434e-01 5.098989978432655334e-02
1.413394936005760670e+09 3.198207020759582520e-01 -2.636969089508056641e-01 1.796735763549804688e+00 -6.294045597314834595e-03 9.513829946517944336e-01 3.048197031021118164e-01 4.376886785030364990e-02
1.413394936255760431e+09 4.155895709991455078e-01 -2.232799530029296875e-01 1.958658099174499512e+00 -1.246563438326120377e-02 9.446042180061340332e-01 2.910581231117248535e-01 1.511710286140441895e-01
1.413394936605760574e+09 4.993627071380615234e-01 -1.945804357528686523e-01 2.060583591461181641e+00 -3.202737495303153992e-02 9.272325634956359863e-01 2.645415663719177246e-01 2.631195783615112305e-01
1.413394936805760622e+09 6.093277931213378906e-01 -1.879990398883819580e-01 2.176699638366699219e+00 -3.432434052228927612e-02 8.979035019874572754e-01 2.645149528980255127e-01 3.501756489276885986e-01
1.413394937005760670e+09 7.237989902496337891e-01 -1.937467157840728760e-01 2.291580677032470703e+00 -4.294595122337341309e-02 8.671140074729919434e-01 2.644518017768859863e-01 4.199217259883880615e-01
1.413394937205760717e+09 8.600935935974121094e-01 -2.039215862751007080e-01 2.398635387420654297e+00 -5.232262983918190002e-02 8.310657739639282227e-01 2.617394924163818359e-01 4.879390001296997070e-01
1.413394937305760622e+09 1.078454971313476562e+00 -2.291788458824157715e-01 2.526455163955688477e+00 -3.535969927906990051e-02 7.970911860466003418e-01 2.706530690193176270e-01 5.386486053466796875e-01
1.413394937655760527e+09 1.282475471496582031e+00 -2.417777776718139648e-01 2.600179195404052734e+00 -2.674712240695953369e-02 7.927380204200744629e-01 2.625249326229095459e-01 5.494831800460815430e-01
1.413394937855760574e+09 1.721415996551513672e+00 -2.804442942142486572e-01 2.669391393661499023e+00 4.893030039966106415e-03 8.072080016136169434e-01 2.858064770698547363e-01 5.164358615875244141e-01
1.413394938255760431e+09 2.161048173904418945e+00 -4.419389963150024414e-01 2.521600484848022461e+00 7.601107936352491379e-03 8.445516824722290039e-01 2.873715460300445557e-01 4.517657160758972168e-01
1.413394938655760527e+09 2.374851226806640625e+00 -5.362743735313415527e-01 2.378367900848388672e+00 -1.281328033655881882e-02 8.705881237983703613e-01 2.808127105236053467e-01 4.038024544715881348e-01
1.413394938855760574e+09 2.588885545730590820e+00 -5.816132426261901855e-01 2.238576889038085938e+00 -1.040404569357633591e-02 8.905000090599060059e-01 3.043472766876220703e-01 3.380448520183563232e-01
1.413394939055760384e+09 2.800289392471313477e+00 -5.862216949462890625e-01 2.083743810653686523e+00 5.055147409439086914e-02 9.121941924095153809e-01 3.180363774299621582e-01 2.533756196498870850e-01
1.413394939255760431e+09 2.972862958908081055e+00 -5.315397977828979492e-01 1.911337971687316895e+00 7.239902019500732422e-02 9.325736165046691895e-01 3.128866553306579590e-01 1.648237705230712891e-01
1.413394939455760479e+09 3.179970502853393555e+00 -4.141364693641662598e-01 1.515975236892700195e+00 1.146127562969923019e-02 9.523302912712097168e-01 2.946786284446716309e-01 7.810378819704055786e-02
1.413394939855760574e+09 3.283414125442504883e+00 -4.223292171955108643e-01 1.081622123718261719e+00 2.340519614517688751e-02 9.453092217445373535e-01 3.251559436321258545e-01 1.078927796334028244e-02
1.413394940255760431e+09 3.274225950241088867e+00 -2.656028270721435547e-01 6.305587291717529297e-01 3.084579296410083771e-02 9.463993906974792480e-01 3.019212186336517334e-01 -1.105459332466125488e-01
1.413394940655760527e+09 3.227691173553466797e+00 -8.496224880218505859e-02 1.749982833862304688e-01 -1.942302472889423370e-02 9.260388016700744629e-01 2.983412742614746094e-01 -2.303637415170669556e-01
1.413394941005760670e+09 3.198807001113891602e+00 -6.128609180450439453e-02 -3.938815593719482422e-01 8.653931319713592529e-02 9.043276906013488770e-01 3.135070502758026123e-01 -2.764339745044708252e-01
1.413394941505760670e+09 2.964819431304931641e+00 -6.453517079353332520e-02 -9.308779239654541016e-01 -8.863394148647785187e-03 8.976181745529174805e-01 3.281759023666381836e-01 -2.941152453422546387e-01
1.413394941805760622e+09 2.828992605209350586e+00 -6.778961420059204102e-02 -1.254428029060363770e+00 2.316735312342643738e-02 9.017422795295715332e-01 2.963611185550689697e-01 -3.138380646705627441e-01
1.413394942005760670e+09 2.683414697647094727e+00 -7.707810401916503906e-02 -1.566809773445129395e+00 1.164553761482238770e-01 9.000734090805053711e-01 2.636659443378448486e-01 -3.267817199230194092e-01
1.413394942305760622e+09 2.302420377731323242e+00 -1.383897066116333008e-01 -1.931275725364685059e+00 1.774092763662338257e-01 8.773577213287353516e-01 2.424827963113784790e-01 -3.741277754306793213e-01
1.413394942505760670e+09 1.904011011123657227e+00 -1.913085579872131348e-01 -2.064072847366333008e+00 1.520357728004455566e-01 8.553084731101989746e-01 2.297741621732711792e-01 -4.387897849082946777e-01
1.413394942705760717e+09 1.452236413955688477e+00 -1.915297806262969971e-01 -2.109073638916015625e+00 7.908215373754501343e-02 8.256930708885192871e-01 2.115987539291381836e-01 -5.169168114662170410e-01
1.413394942905760527e+09 9.977552890777587891e-01 -1.311395466327667236e-01 -2.080315351486206055e+00 -5.201739445328712463e-02 7.833256721496582031e-01 1.930237412452697754e-01 -5.885889530181884766e-01
1.413394943105760574e+09 6.337343454360961914e-01 -2.207267284393310547e-02 -2.040235042572021484e+00 -1.040163859724998474e-01 7.301596999168395996e-01 1.728598475456237793e-01 -6.528146266937255859e-01
1.413394943305760622e+09 3.899379968643188477e-01 1.119984611868858337e-01 -2.022618055343627930e+00 -1.128521934151649475e-01 6.735213398933410645e-01 1.583577692508697510e-01 -7.131313085556030273e-01
1.413394943505760670e+09 2.528390884399414062e-01 2.567105293273925781e-01 -2.110816001892089844e+00 -5.566246435046195984e-02 5.950253009796142578e-01 1.834076195955276489e-01 -7.805179953575134277e-01
1.413394943805760622e+09 2.554155588150024414e-01 4.098835885524749756e-01 -2.304763555526733398e+00 1.498852856457233429e-02 5.762404799461364746e-01 1.553596705198287964e-01 -8.022378683090209961e-01
1.413394944205760717e+09 3.277168273925781250e-01 5.720005035400390625e-01 -2.540205240249633789e+00 4.072496667504310608e-02 5.534357428550720215e-01 1.873661279678344727e-01 -8.105210661888122559e-01
1.413394944605760574e+09 3.376790285110473633e-01 6.543872356414794922e-01 -2.697685003280639648e+00 1.171275973320007324e-01 4.537328779697418213e-01 1.864591836929321289e-01 -8.635048270225524902e-01
1.413394944905760527e+09 2.135373651981353760e-01 7.500839233398437500e-01 -2.658575534820556641e+00 1.055484488606452942e-01 3.357092142105102539e-01 1.463299095630645752e-01 -9.245249629020690918e-01
1.413394945205760717e+09 7.585634291172027588e-02 7.979752421379089355e-01 -2.561849594116210938e+00 6.459902226924896240e-02 2.521518170833587646e-01 1.243359372019767761e-01 -9.574899673461914062e-01
1.413394945405760527e+09 -9.046573936939239502e-02 8.170737624168395996e-01 -2.450027227401733398e+00 1.196674164384603500e-02 1.783169955015182495e-01 7.039355486631393433e-02 -9.813789725303649902e-01
1.413394945605760574e+09 -3.099047839641571045e-01 8.383256196975708008e-01 -2.304967164993286133e+00 7.125352974981069565e-03 6.526876240968704224e-02 -4.449262842535972595e-02 -9.968498945236206055e-01
1.413394945905760527e+09 -3.694605827331542969e-01 8.651968240737915039e-01 -2.170250892639160156e+00 7.060443516820669174e-03 -1.265071928501129150e-01 -8.633290231227874756e-02 -9.881765246391296387e-01
1.413394946255760431e+09 -2.746483385562896729e-01 8.785208463668823242e-01 -2.124115705490112305e+00 -2.420061267912387848e-03 -2.869138717651367188e-01 -1.363072544336318970e-01 -9.482061266899108887e-01
1.413394946655760527e+09 -1.694616377353668213e-01 8.932195901870727539e-01 -2.138111114501953125e+00 -1.037404686212539673e-02 -3.920851349830627441e-01 -1.585952341556549072e-01 -9.060956239700317383e-01
1.413394946855760574e+09 -3.455603122711181641e-02 9.136909246444702148e-01 -2.189865589141845703e+00 -1.474366337060928345e-02 -5.056956410408020020e-01 -1.488061845302581787e-01 -8.496536612510681152e-01
1.413394947055760384e+09 9.058868885040283203e-02 9.343091249465942383e-01 -2.265380144119262695e+00 -1.666502095758914948e-02 -6.066007614135742188e-01 -1.562674343585968018e-01 -7.793191671371459961e-01
1.413394947255760431e+09 1.814908981323242188e-01 9.203062653541564941e-01 -2.357103586196899414e+00 -1.152111100964248180e-03 -6.889696717262268066e-01 -1.828394979238510132e-01 -7.013481259346008301e-01
1.413394947455760479e+09 2.422680854797363281e-01 8.414361476898193359e-01 -2.453491210937500000e+00 -6.857426371425390244e-03 -7.488015294075012207e-01 -1.857648193836212158e-01 -6.361923217773437500e-01
1.413394947655760527e+09 2.992100715637207031e-01 6.609224677085876465e-01 -2.586355924606323242e+00 5.703448504209518433e-02 -7.379307746887207031e-01 -2.628274559974670410e-01 -6.189725995063781738e-01
1.413394948055760384e+09 5.264973640441894531e-01 4.843724966049194336e-01 -2.686440944671630859e+00 7.745544612407684326e-02 -6.719166040420532227e-01 -2.416592687368392944e-01 -6.957941651344299316e-01
1.413394948455760479e+09 7.392029762268066406e-01 4.137545824050903320e-01 -2.727392911911010742e+00 5.678538698703050613e-03 -6.795699000358581543e-01 -1.510252803564071655e-01 -7.178745865821838379e-01
1.413394948655760527e+09 9.207053184509277344e-01 3.374892771244049072e-01 -2.743011236190795898e+00 -6.617421656847000122e-02 -6.876593828201293945e-01 -8.407414704561233521e-02 -7.181066274642944336e-01
1.413394949055760384e+09 9.474973678588867188e-01 1.958477497100830078e-01 -2.733982563018798828e+00 2.836176380515098572e-02 -6.788433194160461426e-01 -1.717832386493682861e-01 -7.133428454399108887e-01
1.413394949255760431e+09 1.235921859741210938e+00 3.444913029670715332e-02 -2.405001878738403320e+00 -4.244505986571311951e-02 -7.006058096885681152e-01 -1.229751482605934143e-01 -7.015889883041381836e-01
1.413394950055760384e+09 1.294713258743286133e+00 -7.543188333511352539e-02 -2.164258003234863281e+00 -4.886046051979064941e-02 -6.261214017868041992e-01 -2.078606635332107544e-01 -7.499191164970397949e-01
1.413394950455760479e+09 1.449977993965148926e+00 -2.176049500703811646e-01 -2.002493143081665039e+00 1.561914850026369095e-02 -6.156576275825500488e-01 -1.353503912687301636e-01 -7.761455774307250977e-01
1.413394951055760384e+09 1.543199777603149414e+00 -3.188495039939880371e-01 -1.919582843780517578e+00 -8.242659270763397217e-02 -5.977408289909362793e-01 -4.824924096465110779e-02 -7.959797382354736328e-01
1.413394951255760431e+09 1.346976876258850098e+00 -4.906002581119537354e-01 -1.759687066078186035e+00 2.956118993461132050e-02 -4.908006489276885986e-01 -1.616730988025665283e-01 -8.556300401687622070e-01
1.413394951655760527e+09 1.251796722412109375e+00 -6.051495671272277832e-01 -1.735574245452880859e+00 1.360739022493362427e-01 -4.575573801994323730e-01 -2.316779345273971558e-01 -8.476145267486572266e-01
1.413394951855760574e+09 1.407221674919128418e+00 -8.650177717208862305e-01 -1.560714244842529297e+00 1.075041014701128006e-02 -5.060055255889892578e-01 -1.266720741987228394e-01 -8.531102538108825684e-01
1.413394952255760431e+09 1.540832042694091797e+00 -1.001107215881347656e+00 -1.442686796188354492e+00 -4.624048247933387756e-02 -5.143629908561706543e-01 -9.642197191715240479e-02 -8.508791923522949219e-01
1.413394952455760479e+09 1.694499254226684570e+00 -1.104393720626831055e+00 -1.221407771110534668e+00 3.860767558217048645e-02 -4.561613202095031738e-01 -1.550335139036178589e-01 -8.754375576972961426e-01
1.413394952855760574e+09 1.910075187683105469e+00 -1.276117563247680664e+00 -1.058769464492797852e+00 -7.623179256916046143e-02 -4.564211368560791016e-01 -5.543815344572067261e-02 -8.847571015357971191e-01
1.413394953255760431e+09 1.602322816848754883e+00 -1.359232425689697266e+00 -1.101953148841857910e+00 3.254792466759681702e-02 -4.547771513462066650e-01 -1.129974052309989929e-01 -8.828080892562866211e-01
1.413394953855760574e+09 1.411674141883850098e+00 -1.217443704605102539e+00 -1.113819003105163574e+00 1.289315223693847656e-01 -4.433464109897613525e-01 -1.604502648115158081e-01 -8.723968863487243652e-01
1.413394954055760384e+09 1.191160917282104492e+00 -8.953130245208740234e-01 -9.679625034332275391e-01 -1.996031589806079865e-02 -4.602356255054473877e-01 -7.371779531240463257e-02 -8.845058083534240723e-01
1.413394954455760479e+09 8.336561918258666992e-01 -6.701484918594360352e-01 -8.803424835205078125e-01 3.347748890519142151e-02 -4.402585625648498535e-01 -1.422220021486282349e-01 -8.859032392501831055e-01
1.413394954855760574e+09 6.396126747131347656e-01 -5.490879416465759277e-01 -8.347789049148559570e-01 1.172108575701713562e-01 -4.325396418571472168e-01 -2.098785340785980225e-01 -8.689775466918945312e-01
1.413394955055760384e+09 4.388381540775299072e-01 -3.564573526382446289e-01 -6.725884079933166504e-01 -2.109962888062000275e-02 -4.391742050647735596e-01 -7.384286075830459595e-02 -8.951134681701660156e-01
1.413394955455760479e+09 2.955652475357055664e-01 -2.851840853691101074e-01 -6.071245670318603516e-01 -8.209269493818283081e-03 -3.627345263957977295e-01 -1.298794746398925781e-01 -9.227609038352966309e-01
1.413394955655760527e+09 1.939933001995086670e-01 -2.563990652561187744e-01 -5.795024037361145020e-01 8.989959210157394409e-02 -3.045101463794708252e-01 -1.928070783615112305e-01 -9.284487962722778320e-01
1.413394955855760574e+09 2.647588551044464111e-01 -3.612113893032073975e-01 -4.355143606662750244e-01 5.410639103502035141e-03 -3.408207297325134277e-01 -6.421460211277008057e-02 -9.379171133041381836e-01
1.413394956305760622e+09 2.650009095668792725e-01 -4.842394292354583740e-01 -3.039934337139129639e-01 -4.023236781358718872e-02 -2.547541558742523193e-01 -6.669647246599197388e-02 -9.638637900352478027e-01
1.413394956655760527e+09 2.302630692720413208e-01 -4.684451818466186523e-01 -2.840450406074523926e-01 9.884174168109893799e-02 -1.935367584228515625e-01 -6.500888615846633911e-02 -9.739341139793395996e-01
1.413394957055760384e+09 2.438730150461196899e-01 -5.519534349441528320e-01 -9.781631082296371460e-02 2.036510780453681946e-02 -1.766478717327117920e-01 -3.661049157381057739e-02 -9.833821654319763184e-01
1.413394957255760431e+09 2.542554438114166260e-01 -6.407270431518554688e-01 1.095420680940151215e-02 -7.866682112216949463e-02 -1.741616576910018921e-01 -3.351801261305809021e-02 -9.809974431991577148e-01
1.413394957455760479e+09 2.254445403814315796e-01 -7.062313556671142578e-01 2.986446022987365723e-03 4.217113181948661804e-02 -1.455973982810974121e-01 -5.558229610323905945e-02 -9.868807792663574219e-01
1.413394957855760574e+09 2.333729118108749390e-01 -7.363848090171813965e-01 -3.588488325476646423e-03 -6.073573231697082520e-02 -3.831640630960464478e-02 -2.659078687429428101e-02 -9.970636367797851562e-01
1.413394958355760574e+09 3.253069519996643066e-01 -7.058422565460205078e-01 -1.588261425495147705e-01 9.245055168867111206e-02 5.894085764884948730e-02 2.420696429908275604e-02 -9.936764240264892578e-01
1.413394958755760431e+09 4.068372547626495361e-01 -7.861878275871276855e-01 -1.551267951726913452e-01 1.239824201911687851e-02 1.484858840703964233e-01 8.862434327602386475e-02 -9.848573803901672363e-01
1.413394959255760431e+09 4.065852761268615723e-01 -9.063022136688232422e-01 -1.404080092906951904e-01 1.119106858968734741e-01 2.368856966495513916e-01 1.154033392667770386e-01 -9.581457972526550293e-01
1.413394959755760431e+09 2.777494788169860840e-01 -1.004098534584045410e+00 -3.723992407321929932e-02 3.393549006432294846e-03 3.325855135917663574e-01 1.382992118597030640e-01 -9.328712821006774902e-01
1.413394960155760527e+09 1.494365334510803223e-01 -1.004334449768066406e+00 3.553321957588195801e-02 -3.762965276837348938e-02 4.364264011383056641e-01 1.291977316141128540e-01 -8.896201848983764648e-01
1.413394960455760479e+09 1.014983206987380981e-01 -9.677151441574096680e-01 3.427151218056678772e-02 5.958146601915359497e-02 4.839633107185363770e-01 1.932793557643890381e-01 -8.513945937156677246e-01
1.413394960655760527e+09 -1.271542608737945557e-01 -8.824154734611511230e-01 9.019486606121063232e-02 1.015728898346424103e-02 5.774422883987426758e-01 2.014249712228775024e-01 -7.911290526390075684e-01
1.413394961055760384e+09 -5.257830023765563965e-01 -8.114889860153198242e-01 1.396550834178924561e-01 3.690864145755767822e-02 5.685847997665405273e-01 2.660864889621734619e-01 -7.775262594223022461e-01
1.413394961655760527e+09 -7.053495049476623535e-01 -8.004125952720642090e-01 1.180765628814697266e-01 -3.646363317966461182e-02 5.933728814125061035e-01 1.933778524398803711e-01 -7.805024385452270508e-01
1.413394961855760574e+09 -9.560441374778747559e-01 -7.488678693771362305e-01 -4.676431417465209961e-02 2.792430855333805084e-02 5.811840891838073730e-01 1.999232321977615356e-01 -7.883375287055969238e-01
1.413394962455760479e+09 -1.042196273803710938e+00 -7.709157466888427734e-01 -1.746966838836669922e-01 -6.234109029173851013e-02 5.929006934165954590e-01 1.430883854627609253e-01 -7.900050878524780273e-01
1.413394962655760527e+09 -1.004797220230102539e+00 -7.631188631057739258e-01 -3.536095619201660156e-01 1.419806107878684998e-02 5.914540290832519531e-01 1.756099462509155273e-01 -7.868555784225463867e-01
1.413394962955760479e+09 -8.739721775054931641e-01 -6.873100996017456055e-01 -5.817548036575317383e-01 -5.369852110743522644e-02 6.234353780746459961e-01 1.516216844320297241e-01 -7.651507854461669922e-01
1.413394963355760574e+09 -7.561419606208801270e-01 -5.601466298103332520e-01 -6.963278651237487793e-01 1.487025525420904160e-02 6.091471910476684570e-01 2.123557627201080322e-01 -7.639526128768920898e-01
1.413394963555760384e+09 -6.150531172752380371e-01 -3.721986413002014160e-01 -8.660036325454711914e-01 1.630246080458164215e-02 6.021069884300231934e-01 2.216381430625915527e-01 -7.668623924255371094e-01
1.413394963855760574e+09 -5.062388181686401367e-01 -2.038180977106094360e-01 -1.063196659088134766e+00 2.156185731291770935e-02 6.042340397834777832e-01 1.944955438375473022e-01 -7.724039554595947266e-01
1.413394964155760527e+09 -4.269217848777770996e-01 -9.296514093875885010e-02 -1.198671698570251465e+00 6.964868307113647461e-02 5.809962153434753418e-01 2.471103370189666748e-01 -7.723528146743774414e-01
1.413394964355760574e+09 -4.066870212554931641e-01 -3.377774357795715332e-02 -1.339724421501159668e+00 -8.127589710056781769e-03 6.027572154998779297e-01 1.803463846445083618e-01 -7.772341370582580566e-01
1.413394964555760384e+09 -3.317500352859497070e-01 4.948832094669342041e-02 -1.566639900207519531e+00 7.701240479946136475e-02 6.029052138328552246e-01 1.874889135360717773e-01 -7.716361880302429199e-01
1.413394964855760574e+09 -2.955791950225830078e-01 7.860079407691955566e-02 -1.679834365844726562e+00 1.531911492347717285e-01 5.856637358665466309e-01 2.151304036378860474e-01 -7.663220167160034180e-01
1.413394965055760384e+09 -3.772097826004028320e-01 2.741045132279396057e-02 -1.751947999000549316e+00 5.094370804727077484e-03 6.227350234985351562e-01 1.520017385482788086e-01 -7.675092816352844238e-01
1.413394965355760574e+09 -3.978666067123413086e-01 -5.516466498374938965e-02 -1.826927900314331055e+00 -4.553924314677715302e-03 7.061786651611328125e-01 1.877843290567398071e-01 -6.826624274253845215e-01
1.413394965755760431e+09 -3.168807029724121094e-01 -1.037404835224151611e-01 -1.878107070922851562e+00 -9.844503365457057953e-03 7.778988480567932129e-01 2.195651233196258545e-01 -5.886999368667602539e-01
1.413394966055760384e+09 -1.430249214172363281e-01 -9.231850504875183105e-02 -1.888767957687377930e+00 -3.650721628218889236e-03 8.293548226356506348e-01 2.327394038438796997e-01 -5.079267621040344238e-01
1.413394966355760574e+09 9.383678436279296875e-03 -3.926363587379455566e-02 -1.873242378234863281e+00 7.119771093130111694e-02 8.150838017463684082e-01 3.500532805919647217e-01 -4.561053514480590820e-01
1.413394966555760384e+09 1.024043560028076172e-01 1.420438289642333984e-03 -1.932515382766723633e+00 9.923974052071571350e-03 8.821645379066467285e-01 2.471506893634796143e-01 -4.007540941238403320e-01
1.413394966855760574e+09 2.014119625091552734e-01 3.732299804687500000e-02 -1.978892445564270020e+00 1.335090026259422302e-02 8.971680998802185059e-01 2.885269224643707275e-01 -3.341606855392456055e-01
1.413394967155760527e+09 3.002891540527343750e-01 4.084056615829467773e-02 -2.040460109710693359e+00 9.293814218835905194e-05 9.276609420776367188e-01 2.698602378368377686e-01 -2.581098973751068115e-01
1.413394967455760479e+09 4.250447750091552734e-01 -8.205354213714599609e-03 -2.099663734436035156e+00 1.109684258699417114e-02 9.467163085937500000e-01 2.668615877628326416e-01 -1.799722909927368164e-01
1.413394967755760431e+09 5.600110292434692383e-01 -9.225416183471679688e-02 -2.116892576217651367e+00 4.259505774825811386e-03 9.589220881462097168e-01 2.673413157463073730e-01 -9.475737065076828003e-02
1.413394968055760384e+09 6.854024529457092285e-01 -1.482599973678588867e-01 -2.101470947265625000e+00 4.284800495952367783e-03 9.493938684463500977e-01 3.138892054557800293e-01 -1.032446324825286865e-02
1.413394968455760479e+09 8.423734307289123535e-01 -1.208064556121826172e-01 -2.111876010894775391e+00 1.313699758611619473e-03 9.449186325073242188e-01 3.224758207798004150e-01 5.600433424115180969e-02
1.413394968955760479e+09 1.022981286048889160e+00 -9.178042411804199219e-02 -2.243470430374145508e+00 -2.133697038516402245e-03 9.554502367973327637e-01 2.827280759811401367e-01 8.470720797777175903e-02
1.413394969255760431e+09 1.209614634513854980e+00 3.770172595977783203e-02 -2.343821287155151367e+00 8.076407946646213531e-03 9.642493128776550293e-01 2.340711206197738647e-01 1.239714175462722778e-01
1.413394969655760527e+09 1.381580352783203125e+00 2.080180644989013672e-01 -2.319618701934814453e+00 -6.861541420221328735e-02 9.487369060516357422e-01 2.851499319076538086e-01 1.178127750754356384e-01
1.413394970055760384e+09 1.719643115997314453e+00 2.107089757919311523e-01 -2.340756177902221680e+00 -9.463968686759471893e-03 9.446260929107666016e-01 3.082278966903686523e-01 1.121944487094879150e-01
1.413394970455760479e+09 1.903880715370178223e+00 1.892846822738647461e-01 -2.389974832534790039e+00 3.934828564524650574e-02 9.621518850326538086e-01 2.447209507226943970e-01 1.132573485374450684e-01
1.413394970655760527e+09 2.124654531478881836e+00 2.411143779754638672e-01 -2.335709333419799805e+00 -1.946900971233844757e-02 9.512097239494323730e-01 2.893970310688018799e-01 1.052164137363433838e-01
1.413394971255760431e+09 2.280677795410156250e+00 1.799604892730712891e-01 -2.404945611953735352e+00 2.001551911234855652e-02 9.236773252487182617e-01 3.713555335998535156e-01 9.227538108825683594e-02
1.413394971855760574e+09 2.342575311660766602e+00 1.818404197692871094e-01 -2.579832792282104492e+00 5.207215994596481323e-02 9.503632783889770508e-01 2.976633608341217041e-01 7.412619143724441528e-02
1.413394972055760384e+09 2.309900760650634766e+00 2.555763721466064453e-01 -2.886292934417724609e+00 6.146013736724853516e-02 9.736102819442749023e-01 2.139078229665756226e-01 -5.048900842666625977e-02
1.413394972455760479e+09 2.210176467895507812e+00 3.180506825447082520e-01 -2.946054220199584961e+00 6.489706784486770630e-02 9.629381895065307617e-01 2.133097201585769653e-01 -1.517808288335800171e-01
1.413394972655760527e+09 2.075428009033203125e+00 3.827417492866516113e-01 -2.939191102981567383e+00 5.880133807659149170e-02 9.270547032356262207e-01 2.590175569057464600e-01 -2.646164298057556152e-01
1.413394972855760574e+09 1.899768829345703125e+00 4.124225080013275146e-01 -2.907531261444091797e+00 1.121322344988584518e-02 8.853344321250915527e-01 2.769508659839630127e-01 -3.733033537864685059e-01
1.413394973005760670e+09 1.794026613235473633e+00 4.334475398063659668e-01 -2.889064550399780273e+00 -5.795001517981290817e-03 8.503239750862121582e-01 2.679435014724731445e-01 -4.529038369655609131e-01
1.413394973105760574e+09 1.645176887512207031e+00 4.483368992805480957e-01 -2.872673034667968750e+00 1.380726695060729980e-02 7.994509339332580566e-01 2.513756453990936279e-01 -5.454337596893310547e-01
1.413394973305760622e+09 1.504835367202758789e+00 4.647701084613800049e-01 -2.870529174804687500e+00 3.497078269720077515e-02 7.418367862701416016e-01 2.299011498689651489e-01 -6.289680004119873047e-01
1.413394973505760670e+09 1.359574437141418457e+00 4.711030125617980957e-01 -2.857857227325439453e+00 4.477148130536079407e-02 6.736950278282165527e-01 2.078562527894973755e-01 -7.077614665031433105e-01
1.413394973705760717e+09 1.211122274398803711e+00 4.687777757644653320e-01 -2.835592269897460938e+00 3.642949834465980530e-02 5.969291925430297852e-01 1.848948001861572266e-01 -7.798477411270141602e-01
1.413394973905760527e+09 1.065873146057128906e+00 4.579502940177917480e-01 -2.805941581726074219e+00 3.759289532899856567e-02 5.171266198158264160e-01 1.539988666772842407e-01 -8.411012291908264160e-01
1.413394974105760574e+09 8.761700391769409180e-01 4.251769185066223145e-01 -2.749342203140258789e+00 4.423798993229866028e-02 3.950467407703399658e-01 9.743317216634750366e-02 -9.124076962471008301e-01
1.413394974405760527e+09 7.444033026695251465e-01 3.657965064048767090e-01 -2.657380342483520508e+00 5.050233379006385803e-02 2.688509821891784668e-01 4.443639144301414490e-02 -9.608299732208251953e-01
1.413394974705760717e+09 6.887457966804504395e-01 2.997237145900726318e-01 -2.529218912124633789e+00 3.391554951667785645e-02 1.478680521249771118e-01 3.403205797076225281e-02 -9.878394007682800293e-01
1.413394975005760670e+09 6.676731705665588379e-01 3.805830180644989014e-01 -2.302385091781616211e+00 9.384608129039406776e-04 1.574316434562206268e-02 2.197454869747161865e-02 -9.996341466903686523e-01
1.413394975605760574e+09 3.481617867946624756e-01 5.287737846374511719e-01 -2.143962144851684570e+00 -3.970208764076232910e-02 -2.426646463572978973e-02 2.691861428320407867e-02 -9.985541105270385742e-01
1.413394976855760574e+09 1.770564913749694824e-01 5.752606391906738281e-01 -2.310531139373779297e+00 5.565471947193145752e-02 -8.407678455114364624e-03 -3.485104814171791077e-02 -9.978062510490417480e-01
1.413394977105760574e+09 1.287531554698944092e-01 5.812850594520568848e-01 -2.419323444366455078e+00 1.658042222261428833e-01 -1.902047544717788696e-02 -7.190567255020141602e-02 -9.833498001098632812e-01
1.413394977405760527e+09 2.278994619846343994e-01 3.915166854858398438e-01 -2.241315603256225586e+00 1.722808778285980225e-01 -5.552048608660697937e-02 1.318024098873138428e-02 -9.833936095237731934e-01
1.413394977805760622e+09 2.788411974906921387e-01 2.030921876430511475e-01 -1.981559991836547852e+00 1.504386961460113525e-01 -5.861196294426918030e-02 2.055963687598705292e-02 -9.866662025451660156e-01
1.413394978005760670e+09 3.162848055362701416e-01 -2.770146913826465607e-02 -1.634679794311523438e+00 7.875300943851470947e-02 -6.033473089337348938e-02 3.115247562527656555e-02 -9.945788979530334473e-01
1.413394978155760527e+09 3.230541348457336426e-01 -1.750272661447525024e-01 -1.361948370933532715e+00 4.039168357849121094e-02 -6.323789060115814209e-02 4.083483666181564331e-02 -9.963443279266357422e-01
1.413394978255760431e+09 2.734546661376953125e-01 -4.176392555236816406e-01 -8.008447885513305664e-01 2.857547998428344727e-02 -6.236171722412109375e-02 4.636576399207115173e-02 -9.965664744377136230e-01
1.413394978655760527e+09 8.998648077249526978e-02 -6.543138027191162109e-01 -7.962431758642196655e-02 2.684161439538002014e-02 -4.164484888315200806e-02 -2.007608069106936455e-03 -9.987698793411254883e-01
1.413394979055760384e+09 -5.366351455450057983e-02 -8.169872164726257324e-01 4.262952804565429688e-01 -1.669132709503173828e-02 -4.476018622517585754e-02 -1.809393987059593201e-02 -9.986944198608398438e-01
1.413394979255760431e+09 -1.542045176029205322e-01 -8.989852666854858398e-01 8.314429521560668945e-01 -1.007695123553276062e-01 -3.135205060243606567e-02 -5.439467355608940125e-02 -9.929268956184387207e-01
1.413394979555760384e+09 -1.905805319547653198e-01 -9.771421551704406738e-01 5.115259289741516113e-01 -2.170324698090553284e-02 -7.150596380233764648e-02 3.259504213929176331e-02 -9.966711997985839844e-01
1.413394980555760384e+09 -3.592712283134460449e-01 -8.813518881797790527e-01 1.215365231037139893e-01 2.437714859843254089e-02 -6.404303014278411865e-02 -1.010232884436845779e-02 -9.975982308387756348e-01
1.413394981055760384e+09 -5.783233046531677246e-01 -7.029480934143066406e-01 -4.313209950923919678e-01 4.027949646115303040e-02 -5.728970468044281006e-02 -3.388892486691474915e-02 -9.969689249992370605e-01
1.413394981655760527e+09 -6.329720020294189453e-01 -5.044323801994323730e-01 -7.658348679542541504e-01 6.428917497396469116e-02 -9.232361614704132080e-02 -2.978574857115745544e-02 -9.932049512863159180e-01
1.413394982055760384e+09 -5.856429934501647949e-01 -4.283528029918670654e-01 -9.171328544616699219e-01 4.286002740263938904e-02 -1.614730805158615112e-01 -1.037406325340270996e-01 -9.804730415344238281e-01
1.413394982355760574e+09 -4.163671433925628662e-01 -4.130437970161437988e-01 -1.012677073478698730e+00 2.628694474697113037e-02 -2.486215978860855103e-01 -1.465689688920974731e-01 -9.570860862731933594e-01
1.413394982655760527e+09 -2.252108752727508545e-01 -4.239686727523803711e-01 -1.105836987495422363e+00 1.815075241029262543e-02 -3.119993507862091064e-01 -1.632472723722457886e-01 -9.357762932777404785e-01
1.413394982855760574e+09 8.333894610404968262e-02 -4.367362260818481445e-01 -1.257917881011962891e+00 1.610440202057361603e-02 -3.899840712547302246e-01 -1.607167124748229980e-01 -9.065447449684143066e-01
1.413394983205760717e+09 3.701638579368591309e-01 -4.465558826923370361e-01 -1.402627706527709961e+00 1.961298845708370209e-02 -4.269846975803375244e-01 -1.439338326454162598e-01 -8.925146460533142090e-01
1.413394983405760527e+09 6.485224962234497070e-01 -4.588966369628906250e-01 -1.549346089363098145e+00 2.266989275813102722e-02 -4.393406510353088379e-01 -1.275103241205215454e-01 -8.889359235763549805e-01
1.413394983605760574e+09 9.230155944824218750e-01 -4.578575193881988525e-01 -1.688030123710632324e+00 4.019450396299362183e-02 -4.437380731105804443e-01 -9.354438632726669312e-02 -8.903540968894958496e-01
1.413394983805760622e+09 1.394204378128051758e+00 -3.617781996726989746e-01 -1.864485740661621094e+00 4.432078823447227478e-02 -4.404851198196411133e-01 -6.941828876733779907e-02 -8.939740657806396484e-01
1.413394984405760527e+09 1.738190531730651855e+00 -2.258228361606597900e-01 -1.900653362274169922e+00 5.723463743925094604e-02 -4.075067341327667236e-01 -6.821122765541076660e-02 -9.088507294654846191e-01
1.413394984605760574e+09 2.049779176712036133e+00 -1.773879081010818481e-01 -1.693969964981079102e+00 6.404109299182891846e-02 -2.992302775382995605e-01 -4.618190973997116089e-02 -9.509086012840270996e-01
1.413394985205760717e+09 2.162562847137451172e+00 -2.883981168270111084e-01 -1.416198134422302246e+00 5.868291854858398438e-02 -2.358733266592025757e-01 -6.124538555741310120e-02 -9.680749773979187012e-01
1.413394985605760574e+09 2.299117088317871094e+00 -5.736315250396728516e-01 -1.110625267028808594e+00 6.153938919305801392e-02 -2.316539138555526733e-01 -3.596330434083938599e-02 -9.701834917068481445e-01
1.413394986005760670e+09 2.424255847930908203e+00 -7.565612792968750000e-01 -7.096673250198364258e-01 5.597995966672897339e-02 -2.359586954116821289e-01 -3.703945875167846680e-02 -9.694420695304870605e-01
1.413394986405760527e+09 2.462330341339111328e+00 -8.644410967826843262e-01 -4.838165044784545898e-01 4.648000746965408325e-02 -2.277749627828598022e-01 -7.791108638048171997e-02 -9.694782495498657227e-01
1.413394986605760574e+09 2.590171575546264648e+00 -1.110840439796447754e+00 -2.894949913024902344e-02 5.678162723779678345e-02 -2.447160333395004272e-01 -2.312485687434673309e-02 -9.676545262336730957e-01
1.413394987005760670e+09 2.655457973480224609e+00 -1.337520360946655273e+00 4.773871898651123047e-01 2.282360196113586426e-02 -2.330672591924667358e-01 -7.607667893171310425e-02 -9.692116379737854004e-01
1.413394987405760527e+09 2.697528600692749023e+00 -1.461016893386840820e+00 9.662817716598510742e-01 7.418776862323284149e-03 -2.579441666603088379e-01 -2.156747970730066299e-03 -9.661290049552917480e-01
1.413394987805760622e+09 2.555044651031494141e+00 -1.614333987236022949e+00 1.360570669174194336e+00 -3.109813295304775238e-02 -2.602933347225189209e-01 9.789672680199146271e-03 -9.649790525436401367e-01
1.413394988205760717e+09 2.384064197540283203e+00 -1.706066966056823730e+00 1.494047403335571289e+00 -4.393682256340980530e-02 -2.522759139537811279e-01 -1.694272458553314209e-02 -9.665089249610900879e-01
1.413394988405760527e+09 2.177031040191650391e+00 -1.775178670883178711e+00 1.581678032875061035e+00 -4.899374768137931824e-02 -2.527061402797698975e-01 -8.210325241088867188e-02 -9.628075361251831055e-01
1.413394988605760574e+09 1.815530657768249512e+00 -1.781891822814941406e+00 1.598547458648681641e+00 -2.589438669383525848e-02 -3.774469792842864990e-01 -1.314783841371536255e-01 -9.162842035293579102e-01
1.413394989005760670e+09 1.460483670234680176e+00 -1.678738594055175781e+00 1.504064321517944336e+00 7.056304602883756161e-04 -4.453058242797851562e-01 -1.035830751061439514e-01 -8.893665075302124023e-01
1.413394989405760527e+09 1.040239214897155762e+00 -1.604223132133483887e+00 1.347817659378051758e+00 7.828127592802047729e-03 -4.310199916362762451e-01 -1.329875439405441284e-01 -8.924543857574462891e-01
1.413394989805760622e+09 6.331201195716857910e-01 -1.412514090538024902e+00 1.177325010299682617e+00 3.090193308889865875e-02 -3.301047384738922119e-01 -1.407073885202407837e-01 -9.328866600990295410e-01
1.413394990155760527e+09 4.490600228309631348e-01 -1.223031878471374512e+00 1.066685914993286133e+00 5.161339417099952698e-02 -2.252369523048400879e-01 -6.675118952989578247e-02 -9.706434011459350586e-01
1.413394990405760527e+09 2.787666916847229004e-01 -1.049416422843933105e+00 1.004671454429626465e+00 6.590887159109115601e-02 -1.277647167444229126e-01 -1.580570638179779053e-02 -9.894859790802001953e-01
1.413394990605760574e+09 2.987076342105865479e-02 -8.427681326866149902e-01 9.823443889617919922e-01 7.058700174093246460e-02 -8.122615516185760498e-02 -1.473848242312669754e-02 -9.940838813781738281e-01
1.413394991305760622e+09 -1.985668689012527466e-01 -7.309208512306213379e-01 1.089270353317260742e+00 6.233113259077072144e-02 -1.020833551883697510e-01 -3.782267123460769653e-02 -9.921004772186279297e-01
1.413394991505760670e+09 -3.486004769802093506e-01 -6.915986537933349609e-01 1.284460663795471191e+00 4.829676821827888489e-02 -1.999671161174774170e-01 -6.790919601917266846e-02 -9.762524962425231934e-01
1.413394991805760622e+09 -4.772311449050903320e-01 -6.936753988265991211e-01 1.546690464019775391e+00 1.663828454911708832e-02 -2.888021469116210938e-01 -1.266562938690185547e-01 -9.488281011581420898e-01
1.413394992405760527e+09 -4.619007110595703125e-01 -7.321329116821289062e-01 1.652452230453491211e+00 1.457596197724342346e-02 -3.846786916255950928e-01 -1.318272352218627930e-01 -9.134722352027893066e-01
1.413394993305760622e+09 -4.467469453811645508e-01 -5.198065638542175293e-01 1.783274412155151367e+00 3.102342411875724792e-02 -4.108209609985351562e-01 -1.120137572288513184e-01 -9.042768478393554688e-01
1.413394994005760670e+09 -4.483982920646667480e-01 -3.936920166015625000e-01 1.859485268592834473e+00 1.469648443162441254e-02 -4.708209931850433350e-01 -1.642965525388717651e-01 -8.666708469390869141e-01
1.413394994205760717e+09 -4.195044040679931641e-01 -3.188240230083465576e-01 1.869446277618408203e+00 2.308388613164424896e-02 -5.625840425491333008e-01 -1.673195660114288330e-01 -8.093024492263793945e-01
1.413394994605760574e+09 -4.753197431564331055e-01 -2.944554984569549561e-01 1.997929096221923828e+00 3.273360431194305420e-02 -5.982245802879333496e-01 -2.057259976863861084e-01 -7.737782597541809082e-01
1.413394995605760574e+09 -4.859576225280761719e-01 -2.118442952632904053e-01 2.042520284652709961e+00 4.532936215400695801e-02 -5.987688899040222168e-01 -2.023804932832717896e-01 -7.736039757728576660e-01
1.413394995805760622e+09 -4.684828519821166992e-01 -1.520722061395645142e-01 2.080445289611816406e+00 2.289029210805892944e-02 -6.040263772010803223e-01 -1.857274025678634644e-01 -7.746829390525817871e-01
1.413394996005760670e+09 -4.468953609466552734e-01 -8.410360664129257202e-02 2.115140914916992188e+00 1.827682740986347198e-02 -6.107529997825622559e-01 -1.734453141689300537e-01 -7.723751068115234375e-01
1.413394996205760717e+09 -4.638421535491943359e-01 -8.933219313621520996e-02 2.117014646530151367e+00 1.192388124763965607e-02 -6.094422340393066406e-01 -1.615997701883316040e-01 -7.760950922966003418e-01
