1.413394888255760384e+18 -1.137787027571728560e+00 9.098687477146634450e-02 1.709209184604095544e+00 -5.717335139918162668e-01 -5.829594589487436807e-01 4.029367954379375893e-01 4.134259269602751363e-01
1.413394889455760384e+18 -1.596711336506166701e+00 -1.878139230485431077e-01 1.906634199566209054e+00 -5.175196155453830604e-01 -5.195661961697920495e-01 4.868768939957359154e-01 4.745264011796153092e-01
1.413394889755760384e+18 -1.529131840778392926e+00 -2.214451661377188074e-01 1.967941975323769244e+00 -5.665686666344686984e-01 -5.738954176043132849e-01 4.192678128669187210e-01 4.169634237371446228e-01
1.413394889955760384e+18 -1.454698713686147116e+00 -2.463152193102258469e-01 2.007328499099589436e+00 -6.101833383775686626e-01 -6.112227702386220374e-01 3.599190214865765625e-01 3.529041182536347132e-01
1.413394890055760384e+18 -1.441460978659063308e+00 -2.584135412708893909e-01 2.018114564134283029e+00 -6.224239286492949663e-01 -6.222627689815712904e-01 3.390575225371487700e-01 3.322912815514965645e-01
1.413394890255760384e+18 -1.498500838098152599e+00 -2.809952608972313692e-01 2.026541792049463719e+00 -6.197344547909127144e-01 -6.002497692345973856e-01 3.691214449579954815e-01 3.455123426897289129e-01
1.413394890455760384e+18 -1.678338039567087270e+00 -2.834480085187047749e-01 1.986640139972835506e+00 -5.572978433911028873e-01 -5.179458979096209781e-01 4.810661165738516765e-01 4.355761151334816561e-01
1.413394891955760384e+18 -2.308772212412366187e+00 -1.118042658674709422e-01 1.998015176050143671e+00 -5.142681470719906445e-01 -5.655909430824818118e-01 4.524383179059016657e-01 4.592763073583134847e-01
1.413394892255760384e+18 -2.422742178979303773e+00 -1.899467361170284474e-01 2.068989607990944890e+00 -4.665410536229517291e-01 -6.052564552849972745e-01 4.885122631243531410e-01 4.211411134018482327e-01
1.413394892555760384e+18 -2.413282059086554909e+00 -3.038901041561655747e-01 2.070228885441375510e+00 -4.080527866271044801e-01 -6.727425647254942076e-01 5.137467425802534349e-01 3.420155689739833860e-01
1.413394893055760384e+18 -2.278039079354799767e+00 -5.084227638159977136e-01 2.133569791723277209e+00 -2.750376116180641706e-01 -7.707893245151794526e-01 5.279502003541541866e-01 2.269509095704886625e-01
1.413394893755760384e+18 -1.978846449451796108e+00 -9.575947605233735560e-01 2.175026226650961014e+00 -1.937586559220934868e-01 -7.540950079914283677e-01 5.694568046611149237e-01 2.636612406153472921e-01
1.413394894055760384e+18 -1.771070378312411098e+00 -1.111391381490191010e+00 2.150385616607904282e+00 -1.868988642837187408e-01 -7.486032009677471288e-01 5.920218212463559393e-01 2.327492753983280704e-01
1.413394894255760384e+18 -1.499143046953462566e+00 -1.256907882820601285e+00 2.114659086463400062e+00 -1.767998511167725439e-01 -7.569312867122098831e-01 6.090686649100298666e-01 1.575823634357584324e-01
1.413394894455760384e+18 -1.214203779486971335e+00 -1.374357843048369165e+00 2.059099289838023594e+00 -1.411017603724808167e-01 -7.754253113209230719e-01 6.057896910752723629e-01 1.087415742462921608e-01
1.413394895055760384e+18 -4.371969298303297613e-01 -1.583940785961801989e+00 1.857665677703982388e+00 -8.620090548676437314e-02 -8.005747064659788359e-01 5.910658313258834173e-01 4.786153256234570996e-02
1.413394896055760384e+18 5.357440112895210937e-01 -1.804708677944058648e+00 1.960504279555302709e+00 -9.628270308983886971e-02 -8.006874880158539876e-01 5.860465031269682656e-01 7.860460414777063753e-02
1.413394896255760384e+18 7.438885479136916334e-01 -1.864638194681907057e+00 1.964815549189761867e+00 -9.828552010537400241e-02 -8.009332539349580671e-01 5.867628604506747170e-01 6.749240605074130483e-02
1.413394896555760384e+18 1.093967297119996962e+00 -2.030281453128361946e+00 1.861746561797761323e+00 1.883593243974127363e-01 7.818075066889065283e-01 -5.907067101452785352e-01 6.605580963675961037e-02
1.413394897055760384e+18 8.745293662301039106e-01 -2.040525525537724150e+00 1.773748609204758075e+00 1.971864447067639692e-01 7.756533507509152381e-01 -5.952032737750514446e-01 7.219728790090039483e-02
1.413394897255760384e+18 5.418860876128555049e-01 -2.003636196219487520e+00 1.736085179865016093e+00 -1.491224251724504457e-01 -7.894755602400815864e-01 5.953880878870163595e-01 1.966442610036982837e-03
1.413394897455760384e+18 3.446132006629503142e-01 -1.979543153470050720e+00 1.725882732862383362e+00 -1.207613121435474196e-01 -7.915248499450877606e-01 5.974911900984088975e-01 4.369662645516080024e-02
1.413394897555760384e+18 1.434117956809999317e-01 -1.952980792882489158e+00 1.724458811520835466e+00 -1.044178506698614090e-01 -7.929666349150289451e-01 5.964919851153231978e-01 6.706817476421557400e-02
1.413394897755760384e+18 -4.490609742115434511e-01 -1.860919970043984906e+00 1.754290450793829503e+00 -8.966300870206993234e-02 -7.843965978233474745e-01 6.082161632310163490e-01 8.219258469103053744e-02
1.413394897955760384e+18 -8.167666906648969327e-01 -1.780081233314049882e+00 1.795778410144728721e+00 -8.508109798307664229e-02 -7.811167516632435692e-01 6.123013110556967398e-01 8.777773929950785647e-02
1.413394899455760384e+18 -1.498489667696988992e+00 -1.305863079929471482e+00 2.118937287323588325e+00 3.406459852262864324e-02 -8.277001002850487010e-01 5.584726949783628269e-01 4.313230899472784291e-02
1.413394900055760384e+18 -7.976894610682139231e-01 -1.561505146386236387e+00 2.053339661850806408e+00 -1.686240228870073410e-01 7.850425285983176904e-01 -5.871424029428938818e-01 1.026545949473600394e-01
1.413394900255760384e+18 -5.577725899185702607e-01 -1.663456255107868209e+00 2.082202486193759583e+00 -2.113648293982123283e-01 7.607485258509866233e-01 -5.964064203169399114e-01 1.445197948855061199e-01
1.413394900455760384e+18 -3.319591634558535231e-01 -1.748059531039460657e+00 2.072161768097785739e+00 -2.740295211968415967e-01 7.394936431874385985e-01 -5.974340604275347744e-01 1.453599554178112707e-01
1.413394901055760384e+18 4.517126941807763085e-01 -1.660945209538599254e+00 2.138020620803547711e+00 -4.285149264305819772e-01 6.630795329721174136e-01 -5.727111368170226813e-01 2.206863034839855464e-01
1.413394901255760384e+18 7.452114955917548134e-01 -1.492364752911447878e+00 2.188959106116910469e+00 -4.417389460239596333e-01 6.405551998899741140e-01 -5.459101766992752180e-01 3.107053563035608312e-01
1.413394901455760384e+18 1.007935634568977390e+00 -1.297118431750001299e+00 2.209604655134023155e+00 -4.489665613556336199e-01 6.157606992249393674e-01 -5.214412788914590813e-01 3.838838115140461582e-01
1.413394902055760384e+18 1.414268515590209052e+00 -6.985949251184681019e-01 2.147802504439558557e+00 -6.145176262795372102e-01 4.916581538593382539e-01 -4.417682255538533109e-01 4.306752623803578595e-01
1.413394902255760384e+18 1.462083146372819442e+00 -4.607011566161814953e-01 2.138577994081249933e+00 -6.377433016255783516e-01 4.434600207074707590e-01 -4.188905328260990046e-01 4.702737636467748672e-01
1.413394902455760384e+18 1.447915801788537626e+00 -2.180397252626092852e-01 2.112455330036203449e+00 -6.405067311924265150e-01 4.243715371538101522e-01 -3.780780882645539132e-01 5.164464008250277960e-01
1.413394903755760384e+18 1.157691050443701464e+00 9.959949701263395849e-02 1.942798302274339362e+00 -6.045195538100183175e-01 5.567138759285022998e-01 -4.003684600127558890e-01 4.053774360235339880e-01
1.413394904255760384e+18 1.194133924315282425e+00 4.016442234164635527e-02 1.893380466240372151e+00 -5.466873502218821956e-01 6.436598448444391662e-01 -4.120566017753758969e-01 3.421173806978226595e-01
1.413394904555760384e+18 1.263460731988857111e+00 -2.731494512894619420e-02 1.848840894825610315e+00 -4.802018602186596263e-01 6.724486462069104720e-01 -4.701853407120686890e-01 3.100721481147707959e-01
1.413394904755760384e+18 1.358488791833524445e+00 -9.729587431770028716e-02 1.824625940312423644e+00 -4.084702055500893936e-01 6.957005371399467286e-01 -5.219274788688725852e-01 2.770280863064968901e-01
1.413394904955760384e+18 1.442672317900348222e+00 -1.605008764379502462e-01 1.819721187024139653e+00 -3.289657086461479363e-01 7.018127822696601514e-01 -5.792986082596828235e-01 2.522964598369364375e-01
1.413394905455760384e+18 1.482486357564460233e+00 -2.323633166582311504e-01 1.802681161326476378e+00 -2.459649275833830362e-01 8.458620062357548042e-01 -4.483224522678185830e-01 1.517422142921828754e-01
1.413394905755760384e+18 1.559737084178656419e+00 -4.548540496259526611e-01 1.856082428490112068e+00 -2.482366600438206949e-01 7.596994532708541970e-01 -5.805933558522280435e-01 1.553919446126525161e-01
1.413394905955760384e+18 1.640079879003451868e+00 -6.060373503370127812e-01 1.925068422516088340e+00 -2.286786504532843101e-01 6.785006675976078538e-01 -6.694577682706430721e-01 1.979121406042462505e-01
1.413394906555760384e+18 1.443716183920389806e+00 -6.480478201992079246e-01 2.026671375374109019e+00 -1.975691730883856467e-01 8.387397782549611547e-01 -4.980615017387879373e-01 9.703992324653734625e-02
1.413394906755760384e+18 1.367349354964583430e+00 -7.206885886154500431e-01 2.027659078200544585e+00 -1.529442517098435206e-01 7.977311206616323203e-01 -5.797576824155945552e-01 6.414159864667429156e-02
1.413394906955760384e+18 1.326735826224221926e+00 -7.804820845133244589e-01 2.025015592683089061e+00 -1.087655130986813490e-01 7.061347241653079809e-01 -6.968335621491755782e-01 6.298254639863701265e-02
1.413394907555760384e+18 1.055415022148911142e+00 -4.488780912081348218e-01 1.958924600010488515e+00 -5.126509123740866959e-03 8.791347854015442165e-01 -4.619014281044708792e-01 1.172297688995239673e-01
1.413394907755760384e+18 8.737184963271258376e-01 -4.528292388362456511e-01 1.912620337800054138e+00 -3.184732956985322772e-02 8.297364946466203595e-01 -5.565547842566973546e-01 2.774651639015914689e-02
1.413394907955760384e+18 6.956232043221199923e-01 -4.849017896846994358e-01 1.851199954183025298e+00 5.198621383022847264e-02 -7.518224830892670241e-01 6.572680952301485080e-01 7.683650539903904772e-03
1.413394910055760384e+18 -1.978736630339579250e-01 -6.002383228763543688e-01 2.255841802854195333e+00 -4.337746102675206494e-02 -7.990530272674682966e-01 5.967625211588605261e-01 5.922118564911911520e-02
1.413394910255760384e+18 -3.010765585083245988e-01 -5.164281463047067922e-01 2.262483186935767332e+00 -4.918175394426071989e-02 -8.579473294463837441e-01 5.094704393561105826e-01 4.412942779002885368e-02
1.413394910455760384e+18 -4.618153293891470446e-01 -5.421122929356663178e-01 2.233305840796639963e+00 -3.410029669361636095e-02 -8.121530960497466145e-01 5.806517683666118090e-01 4.569510077617623678e-02
1.413394910755760384e+18 -5.611213680391393677e-01 -5.906590373265672156e-01 2.213309538565459533e+00 -3.185603927369586724e-02 -7.303160925120901759e-01 6.816760832145229987e-01 3.068086297631516038e-02
1.413394910955760384e+18 -7.524040987807877334e-01 -4.294910356762651760e-01 2.139554667063681581e+00 -2.325519236085340363e-02 -8.182731034133582382e-01 5.736822647467719749e-01 2.787442149258287719e-02
1.413394912755760384e+18 -1.195998588480598146e+00 -4.360870826090483821e-01 2.076581987612764468e+00 -2.152148734311206124e-01 -7.746621197734966380e-01 5.723047709735260558e-01 1.613951906439589357e-01
1.413394913955760384e+18 -1.023710631706843621e+00 -8.662423596068884457e-01 2.073185265242583064e+00 -7.157958166822382673e-02 8.116022640686728629e-01 -5.796900425925879397e-01 1.172957654010888667e-02
1.413394914555760384e+18 -5.543040232032949710e-01 -1.111087067151979468e+00 2.025178539147802770e+00 -2.610711371851731077e-01 7.656258847338967000e-01 -5.734122228483747863e-01 1.298356216235145022e-01
1.413394914755760384e+18 -3.470813421865818205e-01 -1.165764124241423616e+00 2.024777469175402800e+00 -2.836282539571962635e-01 7.569544113525752405e-01 -5.628464055313220360e-01 1.725658033085893939e-01
1.413394914955760384e+18 -2.977211015395142546e-02 -1.225157483369524458e+00 1.954126469140625044e+00 -3.595578746686402538e-01 7.151475739641962592e-01 -5.694986572431846028e-01 1.869581814607342574e-01
1.413394915255760384e+18 2.008169621289381812e-01 -1.206919311358035429e+00 1.901922248926364745e+00 -4.265896822364064200e-01 6.780203241922003743e-01 -5.636330303108646467e-01 2.015626208758393711e-01
1.413394915455760384e+18 4.596123910866813933e-01 -1.116483447831174702e+00 1.860237958580587714e+00 -4.769767591151259922e-01 6.362372945001437685e-01 -5.548913723394135467e-01 2.445216580478098145e-01
1.413394916055760384e+18 1.078850829242888887e+00 -5.278384330584564577e-01 1.841785109964238831e+00 -5.755223255361583412e-01 4.997917793584782387e-01 -4.525138329924763836e-01 4.628320008875744795e-01
1.413394916255760384e+18 1.151101129297768866e+00 -3.144424895339080761e-01 1.834616079107403763e+00 -6.275939485839618914e-01 4.910400811936012078e-01 -3.898591284928936140e-01 4.615358429124811201e-01
1.413394916455760384e+18 1.191069556651044525e+00 -1.103263133937442131e-01 1.822466949226539512e+00 -6.442373520588112745e-01 4.912828539275256312e-01 -3.026984104204422099e-01 5.019691862833955964e-01
1.413394916955760384e+18 1.310153795161856261e+00 1.021989080348308099e-01 1.669207043273004398e+00 -7.217421954186076238e-01 3.856147684311534984e-01 -1.945924395606362933e-01 5.408541727545016498e-01
1.413394917755760384e+18 1.919237376647471960e+00 5.225475337343876703e-01 1.279274876326426114e+00 -8.213172344622932108e-01 9.453469498552702355e-02 -1.938748992292208262e-01 5.281228221427886060e-01
1.413394918555760384e+18 1.870412040521023833e+00 1.254817636241774226e+00 1.200360596187714179e+00 -8.281282524512280085e-01 9.137687819916143206e-02 2.243179133527939233e-03 5.530360130859706125e-01
1.413394918755760384e+18 1.933665088546382194e+00 1.805546051020223253e+00 1.170012669299486552e+00 -8.063300024458255333e-01 -3.874051546866168899e-02 -9.991558335250325107e-03 5.901112339033804943e-01
1.413394919555760384e+18 1.954247667924691845e+00 2.353551721430117816e+00 1.500102140592191269e+00 -7.503832450751444227e-01 -1.890558068867498609e-01 6.759860998424034595e-02 6.297724313758855663e-01
1.413394919755760384e+18 1.925139368250768479e+00 2.397138178520188401e+00 1.617478589266259981e+00 -7.803210683674899339e-01 -2.289381260102681670e-01 1.190154267938312999e-01 5.696680550160834189e-01
1.413394919955760384e+18 1.870807131230600717e+00 2.424835225994081522e+00 1.692313845194735267e+00 -7.939982961340524836e-01 -2.651248552261922242e-01 1.800238571919986208e-01 5.165916450342831201e-01
1.413394920555760384e+18 1.391851352535868003e+00 2.745432941789736070e+00 1.659124485572174956e+00 -6.568829896840834293e-01 -4.988697955920163296e-01 2.601945501677234152e-01 5.019287409311161685e-01
1.413394920955760384e+18 9.112227447094889410e-01 2.766755672903689511e+00 1.620133284057490908e+00 -6.842881491530679039e-01 -4.655202800412461817e-01 2.972525840573655986e-01 4.761108054541582923e-01
1.413394921555760384e+18 1.017344236355002263e-01 2.895226676094023066e+00 1.299186227328409826e+00 -7.084235985726965446e-01 -4.166281955343939525e-01 2.930727284849664049e-01 4.885338550084764586e-01
1.413394921955760384e+18 -1.582563204802782675e-01 3.007354524758850012e+00 1.192079691647833339e+00 -6.662774768345289811e-01 -4.238351615972151265e-01 3.149971137603140847e-01 5.265120112395803575e-01
1.413394922755760384e+18 -1.235431467011343765e+00 3.271765564040680196e+00 1.540165216758661693e+00 -6.170309562299632899e-01 -5.666256718885452903e-01 3.681104545201132061e-01 4.033644013591027866e-01
1.413394923555760384e+18 -1.984904613707674237e+00 3.303601685805634514e+00 1.758590642939935833e+00 -5.557719194543868646e-01 -6.111496657495751883e-01 3.957687917790801424e-01 4.012240310025010359e-01
1.413394923955760384e+18 -2.264263339076493686e+00 3.273429248934619284e+00 1.780432476458263302e+00 -5.023134564287522474e-01 -6.410000042983701185e-01 4.269647657443203514e-01 3.930665017436460462e-01
1.413394924555760384e+18 -3.327786244468905696e+00 2.966463051324688127e+00 1.816562403735599407e+00 -3.011721048108395582e-01 -7.459105389635662942e-01 5.410434398581427384e-01 2.453259613929148486e-01
1.413394924905760512e+18 -3.608341169608143773e+00 2.874688267180265822e+00 1.861746308050066023e+00 -2.058327848681858474e-01 -7.581783840236512306e-01 5.657364715138526456e-01 2.504808325436262972e-01
1.413394925605760512e+18 -3.840958842618366287e+00 2.431198046609040819e+00 1.949686535214225858e+00 -1.551324708800581598e-01 -7.944579754268685789e-01 5.557295053581569055e-01 1.895657105957386790e-01
1.413394925805760512e+18 -3.785859959490261772e+00 2.242437448027233327e+00 1.930348143205864453e+00 -1.822005003308537208e-01 -7.908419507926293113e-01 5.644703045941743547e-01 1.508153234159398670e-01
1.413394926305760512e+18 -3.610346874386196170e+00 1.741171925098775830e+00 1.890929858886324144e+00 -1.569833175115558643e-01 -8.086367249984824923e-01 5.482039943571181961e-01 1.446902400913619435e-01
1.413394926905760512e+18 -3.390992510703547680e+00 1.014375121176862793e+00 1.902843697680008050e+00 9.322594419799423715e-02 8.083603214817413063e-01 -5.799584399661886769e-01 3.886800605013050053e-02
1.413394927105760512e+18 -3.475909226092383619e+00 5.372401651521259147e-01 1.837240636586955578e+00 1.284110915770558282e-02 -8.129000515798501247e-01 5.820918821962082212e-01 1.405890245903352112e-02
1.413394927605760512e+18 -3.557252002061124685e+00 6.431381928922499935e-02 1.959380995994197239e+00 1.522917616353141636e-02 -8.163229907377791417e-01 5.773782393551898373e-01 4.383572220128284166e-03
1.413394928305760512e+18 -3.521551419087377788e+00 -1.010239183272031660e+00 2.049565187772472541e+00 9.128984314202741659e-03 -7.957734272337303461e-01 6.055142878573587240e-01 3.709629990972756856e-03
1.413394929605760512e+18 -3.157009080210777086e+00 -1.517097922627272499e+00 1.809357632466722210e+00 1.826675325600470717e-02 8.075851852924427199e-01 -5.893634620950398695e-01 1.109971932094867657e-02
1.413394930605760512e+18 -3.149302491413795480e+00 -1.484220317826518754e+00 1.730937347191174869e+00 2.596072666360816142e-02 8.639978752103502080e-01 -5.025646660392831810e-01 1.620088738068516110e-02
1.413394930905760512e+18 -3.172967566796983441e+00 -1.574986767999546400e+00 1.629688389941000848e+00 1.602832856550307460e-03 -8.032435218691535983e-01 5.949386038635706697e-01 2.907461323797133970e-02
1.413394931105760512e+18 -3.013272363335086634e+00 -1.524592268208661228e+00 1.737577571727022541e+00 5.796960131399244570e-02 -8.164492818513867656e-01 5.731929276120070194e-01 3.872935867565734797e-02
1.413394932405760512e+18 -2.620615411867208699e+00 -1.361472000442019104e+00 1.899586545665271853e+00 -2.174327055600381864e-01 7.382080223936170471e-01 -6.117979351183309156e-01 1.829623480705613314e-01
1.413394932605760512e+18 -2.548119825593897936e+00 -1.265206177050228753e+00 1.938940736517664742e+00 -2.820942701905830852e-01 7.121123160618457737e-01 -6.043585048646611391e-01 2.192479638136405062e-01
1.413394932805760512e+18 -2.500836688392748641e+00 -1.060305596390474392e+00 1.969682323073477903e+00 -3.668994423147671768e-01 7.235778061033499853e-01 -5.290150987709434371e-01 2.489236489692054355e-01
1.413394933105760512e+18 -2.462824288243203430e+00 -8.593676208014704443e-01 1.949788891025518556e+00 -4.274444188646363552e-01 6.958620991929407307e-01 -4.977644261757996902e-01 2.920578431101338301e-01
1.413394933405760512e+18 -2.418619360561629961e+00 -6.749425178408556825e-01 1.835511740178022100e+00 -4.752422730886303182e-01 6.532521018222675613e-01 -4.852145269327402533e-01 3.346241715533701533e-01
1.413394934105760512e+18 -2.420181702183074712e+00 -2.490364531327202979e-01 1.590924525616561169e+00 -5.711078109774403444e-01 5.574838131981655343e-01 -4.309270034762163748e-01 4.211289398006244911e-01
1.413394934405760512e+18 -2.454218758996844052e+00 -1.273427355209703071e-01 1.484332790737718621e+00 -6.078935393226790884e-01 5.346119110885808601e-01 -3.855548772742848351e-01 4.427222447336170985e-01
1.413394934605760512e+18 -2.500246900519199400e+00 2.934716355561173273e-02 1.310280773551485645e+00 -6.357691670659563199e-01 5.062147233626533849e-01 -3.662196544084379002e-01 4.532409787123144462e-01
1.413394935105760512e+18 -2.659925665180034926e+00 3.113238976747008668e-01 1.208948477452292281e+00 -6.033007482322709780e-01 5.228907721826953070e-01 -4.016516341248317912e-01 4.486528862644466598e-01
1.413394936255760384e+18 -3.051019699157435205e+00 5.216908992654692989e-01 1.059845223658747448e+00 -6.712304392162153910e-01 4.670764943012781778e-01 -3.440145441055353359e-01 4.614577330424696755e-01
1.413394936605760512e+18 -3.144442204946304109e+00 6.017955327988162573e-01 1.004294438736881956e+00 -7.190867465622873267e-01 3.731456356449633360e-01 -3.070410512691833516e-01 4.994020207739409689e-01
1.413394936805760512e+18 -3.258039477569004028e+00 7.078398358459853101e-01 9.659690333284217667e-01 -7.555312242842017190e-01 3.106394157261855304e-01 -2.535538425617455682e-01 5.180600075773881263e-01
1.413394937305760512e+18 -3.619956095405910901e+00 1.165700136202856729e+00 9.069324301837161650e-01 -8.197913012666369070e-01 1.648616387006402451e-01 -1.121634523902144964e-01 5.368260634510974016e-01
1.413394938255760384e+18 -3.701521200736623385e+00 2.249993643550797895e+00 1.093890220427768067e+00 -7.838393657700163386e-01 2.621315249933769409e-01 -1.456965682412373064e-01 5.437420549089722055e-01
1.413394939055760384e+18 -3.334477092923150643e+00 2.904624463914401211e+00 1.334519420079903540e+00 -7.026218528240880667e-01 4.386150365067030266e-01 -2.338990084867196562e-01 5.091469684808099805e-01
1.413394939255760384e+18 -3.158855803895748160e+00 3.082164154131527223e+00 1.323015496499167831e+00 -6.502699523718564745e-01 5.039729050190880910e-01 -2.741906381318645058e-01 4.979756962039066925e-01
1.413394939455760384e+18 -2.752736219591340294e+00 3.300852112266024818e+00 1.307809295181495468e+00 -6.259890075516219010e-01 5.241827735102303487e-01 -3.655690589077774666e-01 4.469110040589072130e-01
1.413394940255760384e+18 -1.862116083189076843e+00 3.422427528689677256e+00 1.391019361614455496e+00 -5.143270950212722736e-01 6.408702229167997366e-01 -4.316464921617251815e-01 3.720676047575608436e-01
1.413394941805760512e+18 2.200749662758094694e-02 3.036944614890090488e+00 1.694365923441989441e+00 -3.815134905937802579e-01 7.305101292259369439e-01 -5.032945634563109616e-01 2.598018283010650187e-01
1.413394942305760512e+18 6.725373506662297718e-01 2.533489512928244203e+00 1.946812664567968199e+00 -2.420827362985123743e-01 7.925192517793294700e-01 -4.518122158165093771e-01 3.304162616826424870e-01
1.413394942905760512e+18 8.560091761173325153e-01 1.234376942505302832e+00 2.002138853306341115e+00 -1.493896090031893165e-01 7.453434696786445102e-01 -6.445901541346308328e-01 8.154379266361305723e-02
1.413394943105760512e+18 8.560076946344581383e-01 8.681459754485530977e-01 1.893106104570122072e+00 -1.005522463769650682e-01 7.251375576262465428e-01 -6.812077894005171830e-01 4.551475414450915566e-03
1.413394943305760512e+18 8.806857342094343011e-01 6.225467063000149626e-01 1.763514128920830704e+00 3.746080580482827327e-02 -7.234933491635108238e-01 6.874070794390777506e-01 5.124030524553852689e-02
1.413394943805760512e+18 1.233991206080038872e+00 4.942648240144618121e-01 1.551012550240847387e+00 -1.104117902652617389e-01 -7.878783332696250863e-01 6.016696016208575859e-01 7.106798871570089993e-02
1.413394944605760512e+18 1.674205117955953170e+00 5.868027030797549060e-01 1.414685631694712953e+00 -2.238988405443287366e-01 -8.335821528131439617e-01 4.898139613890766242e-01 1.228510762779432414e-01
1.413394944905760512e+18 1.664756969677041010e+00 4.604790827405073061e-01 1.314427791261906009e+00 -3.278364051977509241e-01 -7.911256338187023784e-01 4.744484552753335249e-01 2.038190036007972716e-01
1.413394945405760512e+18 1.489475497771708401e+00 1.491634361361681982e-01 1.201481359536351157e+00 -4.327056976117776288e-01 -6.736434840924403478e-01 4.966654934881386541e-01 3.351024069926777371e-01
1.413394945605760512e+18 1.361235950772721193e+00 -7.509823118966318933e-02 1.147547320282657157e+00 -5.541486502008894366e-01 -5.689061279063686305e-01 4.914725247807666952e-01 3.573791383065513805e-01
1.413394945905760512e+18 1.239818270285607094e+00 -1.392900651694146397e-01 1.087926986971965215e+00 -6.576784056674290779e-01 -4.602956767485424372e-01 3.984690603540446685e-01 4.436320689782412008e-01
1.413394946255760384e+18 1.195974667654784440e+00 -4.617500450874567619e-02 1.061419050505534756e+00 -7.305735253111542704e-01 -3.384658433470952299e-01 3.178251186338112433e-01 5.006899149844898922e-01
1.413394947055760384e+18 1.336246601082052177e+00 3.228879227918459716e-01 1.037286080902355190e+00 -7.831444867855243963e-01 -9.163634113141880255e-02 8.166256801041102409e-02 6.096053795591281910e-01
1.413394947255760384e+18 1.418570406527818184e+00 4.168733054765142443e-01 1.072811008125552634e+00 -7.976583256993882154e-01 -5.122831628257603492e-03 3.733259543710817311e-03 6.030762926958216363e-01
1.413394947455760384e+18 1.489505004796191967e+00 4.815666340006740653e-01 1.172750950983016960e+00 -7.870923447959291552e-01 6.091748738999173962e-02 -5.391392675386404154e-02 6.114474539939763753e-01
1.413394948055760384e+18 1.613958287322255325e+00 7.768817538232152264e-01 1.572559245842987341e+00 -8.532130626761559311e-01 -1.113078886800988529e-02 -8.980390755463864630e-03 5.213664045561713367e-01
1.413394948455760384e+18 1.629108265218850882e+00 9.915212676337610276e-01 1.647445747708121466e+00 -7.875936920265060870e-01 -3.912673388517490941e-02 -9.268906086863867595e-04 6.149507426203625338e-01
1.413394949055760384e+18 1.573142740200935918e+00 1.202136551103839324e+00 1.855826234319892354e+00 -8.059859677660281552e-01 -3.534071723234828710e-02 -6.638031867269376940e-03 5.908414254287619460e-01
1.413394949255760384e+18 1.205438792659700775e+00 1.481306800479095021e+00 1.921585426240630001e+00 -7.518045731154023859e-01 -1.545514541660261178e-02 -4.404284793210628754e-03 6.591901278071294890e-01
1.413394950055760384e+18 9.428826001089529729e-01 1.533331003816600591e+00 1.964545958897871758e+00 -7.910569325317776679e-01 -2.389857929235301992e-02 9.762127130541581321e-02 6.034300910544121432e-01
1.413394950455760384e+18 7.454569427062320841e-01 1.684679544715091959e+00 2.057308655364776140e+00 -7.870969794651104801e-01 -1.119563545091395301e-01 4.821176648534481607e-02 6.046649859006932859e-01
1.413394951055760384e+18 6.365422107800657869e-01 1.776176246341553577e+00 2.132013495468853659e+00 -6.999115999330314253e-01 -1.358274100503074622e-01 8.582684025980662212e-02 6.959227115486513737e-01
1.413394951255760384e+18 4.434306164757229052e-01 1.576606095318498157e+00 2.260263545156826925e+00 -7.968796769098746013e-01 -2.007098647485846821e-01 1.559928471741970912e-01 5.480552548339504559e-01
1.413394952255760384e+18 -1.905748288382191902e-04 1.765222247628883023e+00 2.668075433541619912e+00 -7.360084680378552457e-01 -1.909713820026948949e-01 1.562483194331614755e-01 6.304029892908686872e-01
1.413394952455760384e+18 -2.449878462567858239e-01 1.912634548267656553e+00 2.707950619107926116e+00 -7.926389093348406023e-01 -2.341142562222332246e-01 1.761329305386130084e-01 5.346880073667867883e-01
1.413394953255760384e+18 -4.235265890455026661e-01 1.819219127849335926e+00 2.924990119058168414e+00 -7.698415666807961744e-01 -2.595787789905496523e-01 1.659623263797996573e-01 5.589448326363142261e-01
1.413394954055760384e+18 -4.211446251561273835e-01 1.399182537918701730e+00 2.449813940298552151e+00 -7.289965522540816645e-01 -2.569097650825716284e-01 1.768723328247592541e-01 6.093255101241104033e-01
1.413394954455760384e+18 -4.372365248874218180e-01 1.036725750791607892e+00 2.216250048375524528e+00 -7.820484448440252478e-01 -2.515573036625396441e-01 1.871373003693380943e-01 5.386081912685234396e-01
1.413394955055760384e+18 -5.453748946137727538e-01 6.321521565354211170e-01 1.866862771161469148e+00 -7.251868485085476435e-01 -2.711583509874415099e-01 1.939792781205186001e-01 6.024526729128644176e-01
1.413394955455760384e+18 -5.860297647354539841e-01 4.860981495576628397e-01 1.783748828704641465e+00 -7.438577380727280364e-01 -2.933262331663668010e-01 2.649532115009449740e-01 5.389203857353052074e-01
1.413394956305760512e+18 -9.292906366479867231e-01 4.476946471009413675e-01 1.898391043777233556e+00 -6.699002177902882993e-01 -3.828301707819518618e-01 3.348260342953328639e-01 5.408939686312339568e-01
1.413394957055760384e+18 -1.145263806392050610e+00 4.205432307937437275e-01 1.910999415710281424e+00 -6.546544443037543015e-01 -4.701242132552564401e-01 3.400809746776806142e-01 4.845159577627424219e-01
1.413394957255760384e+18 -1.273533575645609428e+00 4.282776468485596233e-01 1.968502623892292247e+00 -6.089670136226799091e-01 -4.277774470997496303e-01 3.950619107625825133e-01 5.386016326905378460e-01
1.413394957455760384e+18 -1.281935434282814201e+00 4.004132600704289335e-01 2.034361207595688725e+00 -6.627394256418036589e-01 -4.841932321067628497e-01 3.545442705860800681e-01 4.479193318852882633e-01
1.413394958755760384e+18 -1.155163307918212645e+00 5.876769526612077854e-01 2.149066432795540660e+00 -4.377060280230064548e-01 -6.734417052392642766e-01 4.737118411297658316e-01 3.612295589375306148e-01
1.413394959255760384e+18 -1.200408663332690029e+00 5.881727463610387785e-01 2.261301827822601140e+00 -4.103602162529373376e-01 -7.542896406392544106e-01 4.436685378110389877e-01 2.565343242097671839e-01
1.413394959755760384e+18 -1.321579039885016904e+00 4.570454242238410902e-01 2.331514377240491598e+00 -2.955760094533268489e-01 -7.449181127400104074e-01 5.374760640403281053e-01 2.623953287145667224e-01
1.413394960455760384e+18 -1.376137189009340789e+00 2.781917862932103969e-01 2.281146809152019728e+00 -1.758225480167952270e-01 -8.177792790262478073e-01 5.309404529462100619e-01 1.357413637380500693e-01
1.413394961055760384e+18 -1.419404200182068809e+00 -3.537587236369654775e-01 2.114531423917548114e+00 -4.667457171335255561e-02 -8.420281170144274796e-01 5.276876578110413218e-01 1.017637966391320842e-01
1.413394962455760384e+18 -1.090464341404738136e+00 -8.600265815157561722e-01 2.165886206046613527e+00 -7.075640488821968721e-02 -7.469483973886232864e-01 6.543681488255306267e-01 9.414854544022530081e-02
1.413394962955760384e+18 -6.806625900206910718e-01 -6.794721601145556900e-01 2.187056684290712649e+00 -4.223055606955435776e-02 -7.542763317336023121e-01 6.519213584813358109e-01 6.543957423766227910e-02
1.413394963555760384e+18 -3.322391254140635297e-01 -4.146501269100553166e-01 1.951255735037834782e+00 -4.239769365971864795e-02 -8.162091997632248130e-01 5.719084732911998703e-01 7.018316017351799996e-02
1.413394964555760384e+18 4.450852449628797114e-01 -1.129599999141985833e-01 1.719476528791109127e+00 -8.944411930576756653e-02 -8.270607144214533468e-01 5.544801166520889613e-01 2.285004200819970924e-02
1.413394965055760384e+18 6.196265038361092881e-01 -1.521203437282750703e-01 1.789440296947367504e+00 -6.828414920053259285e-02 -7.815078563541635326e-01 6.191999325951166311e-01 3.426643983378941521e-02
1.413394965755760384e+18 7.058108620236678288e-01 -8.636886576815416827e-02 1.947570864952695713e+00 -1.442451160839825774e-01 7.765413471086405339e-01 -6.066671275421071652e-01 9.017693206372603965e-02
1.413394966055760384e+18 7.140348437453916119e-01 8.761635807983830793e-02 1.936105400015565525e+00 -2.167903682028226309e-01 7.625497570402770542e-01 -5.905925148402846325e-01 1.507324971826829729e-01
1.413394966555760384e+18 7.734122741730302675e-01 3.333713875948315364e-01 1.852348948693340214e+00 -3.022331329504566733e-01 7.381616706948632700e-01 -5.589168895551765992e-01 2.266812560267971177e-01
1.413394967455760384e+18 9.230037133840569563e-01 6.613760166832163279e-01 1.898861655936006754e+00 -4.642950211943545069e-01 6.519827498377551711e-01 -4.883570394926878833e-01 3.476435375295651720e-01
1.413394967755760384e+18 9.140213181260943287e-01 7.976847948307935754e-01 1.982025099882454455e+00 -5.202586084489549956e-01 6.062034860016349835e-01 -4.611554320078342650e-01 3.862434224991928566e-01
1.413394968055760384e+18 8.810351052882792189e-01 9.230721825156003035e-01 2.029851893247391459e+00 -5.893314713106529990e-01 5.804303165108170015e-01 -3.990129825388620266e-01 3.956990072813119652e-01
1.413394968455760384e+18 8.936426899786278355e-01 1.080010237878341384e+00 2.003143359826234704e+00 -6.303703374178458718e-01 5.445489298436945180e-01 -3.652896884728645266e-01 4.155275492734457621e-01
1.413394968955760384e+18 1.022994356207125977e+00 1.264510011444171855e+00 2.005747038716066299e+00 -6.299909554048297444e-01 5.091003926919700495e-01 -3.770776023410828404e-01 4.491555054562860194e-01
1.413394969255760384e+18 1.147963229431855581e+00 1.452985219672904948e+00 1.903141946187578037e+00 -6.239662453810487230e-01 4.680353712268971456e-01 -3.792530791217254560e-01 4.977711501104373770e-01
1.413394970055760384e+18 1.174980116181986833e+00 1.960846708077161216e+00 1.725894233255407473e+00 -6.579864934948332911e-01 4.999887014545906783e-01 -3.523574584547103372e-01 4.392144058059378464e-01
1.413394970455760384e+18 1.211647415873623013e+00 2.146801713521871324e+00 1.755914466809558760e+00 -6.099830514661026548e-01 4.929562124687445479e-01 -3.606890472091129340e-01 5.047952661584238498e-01
1.413394971255760384e+18 1.212809766738137229e+00 2.523962274070467693e+00 1.761886471943243215e+00 -6.609472709438478644e-01 5.506255539973293756e-01 -3.063819728386754093e-01 4.075417660025720812e-01
1.413394972055760384e+18 1.696295538825263405e+00 2.568102803051851790e+00 1.812484003246670028e+00 -4.972248540712678744e-01 5.828869239440320760e-01 -4.398529571296398433e-01 4.685505890436826304e-01
1.413394972455760384e+18 1.773026329474711504e+00 2.469748331083062354e+00 1.769377519818060129e+00 -4.343488269332366758e-01 6.368230573371697067e-01 -4.769834182474199658e-01 4.222372661223399715e-01
1.413394973105760512e+18 1.752158363422914089e+00 1.901352648589693217e+00 1.634935344105123312e+00 -1.859083332486282103e-01 7.892914237900604535e-01 -5.728468933704206068e-01 1.195975614970221923e-01
1.413394973305760512e+18 1.758388744995531328e+00 1.760855252398941362e+00 1.621077031403348911e+00 -9.294753939114783203e-02 8.097307252365693042e-01 -5.747380673090817238e-01 7.330116994162717836e-02
1.413394973905760512e+18 1.706940076975203446e+00 1.320111818410262927e+00 1.619037767653927151e+00 -1.684114543314735035e-01 -7.942848742196936263e-01 5.737398279819041491e-01 1.075719778709019608e-01
1.413394974105760512e+18 1.649297963938633815e+00 1.129007716087107038e+00 1.639567293674582871e+00 -2.967923450428874843e-01 -7.548437912388592519e-01 5.572567159906922640e-01 1.777360605936726679e-01
1.413394974405760512e+18 1.548960488018197967e+00 9.949241298060138572e-01 1.675615495052097170e+00 -4.120783339579502935e-01 -7.025672400622293701e-01 5.270888074385124966e-01 2.424213458976510749e-01
1.413394975605760512e+18 1.106766142780521101e+00 5.804939918387971298e-01 1.392986764087380980e+00 -5.346903660796389346e-01 -5.513913428185335253e-01 4.389075001921918240e-01 4.662981940362160294e-01
1.413394977105760512e+18 1.392562802569623504e+00 3.696626541757664364e-01 1.417314589011434034e+00 -6.658873859757500346e-01 -5.808081214638888268e-01 3.604366817420729396e-01 2.989001734605293836e-01
1.413394977405760512e+18 1.168774248496212920e+00 4.648821063706402024e-01 1.552890237044043165e+00 -6.366879055289991207e-01 -6.157548884185546356e-01 3.008123519522926670e-01 3.535340963113453028e-01
1.413394977805760512e+18 8.677897130949634441e-01 5.092437887436922495e-01 1.666961180119014063e+00 -6.265504307655123117e-01 -6.107630140792669193e-01 3.097838527716577639e-01 3.720713142696003839e-01
1.413394978255760384e+18 -4.325640994607762302e-01 4.716762222237328994e-01 1.962077378661631011e+00 -5.680541012786292088e-01 -5.752960485950991965e-01 3.700993644062272048e-01 4.575756275824806596e-01
1.413394979055760384e+18 -1.711242179153178888e+00 1.087869867529329959e-01 2.037254624631860356e+00 -5.789004276983511499e-01 -5.279933047937525048e-01 4.334317943588062438e-01 4.452350441536951364e-01
1.413394979255760384e+18 -2.120738803820168883e+00 -4.078018962203500131e-03 2.013785191585810264e+00 -5.550270991742800586e-01 -4.729950066478925685e-01 5.010629101916376227e-01 4.660006468864937856e-01
1.413394979555760384e+18 -1.830973558119060485e+00 -2.919398392600514036e-02 2.172479570966639795e+00 -5.588561072727471490e-01 -5.416382501821681572e-01 3.992330083657396611e-01 4.846863545993338462e-01
1.413394980555760384e+18 -1.424772735401184542e+00 -1.860388655653062440e-01 2.183643696824516311e+00 -5.995126413591357339e-01 -5.418874564921025705e-01 3.956627224844593282e-01 4.363411364784411384e-01
1.413394981055760384e+18 -8.385025908918216642e-01 -3.887454039428605013e-01 2.157942752923918128e+00 -6.162823196613543830e-01 -5.381501693746014725e-01 4.001311285060219491e-01 4.128989920978314854e-01
1.413394982055760384e+18 -2.982297107016923521e-01 -3.830146489813829325e-01 2.018151167165912252e+00 -6.936837945141971495e-01 -4.474165744164496084e-01 3.626746983643477917e-01 4.325370103611532735e-01
1.413394983405760512e+18 2.686932245559752186e-01 8.713721120151762811e-01 2.188160565126384682e+00 -7.704890393152306061e-01 -2.570682472150261355e-01 1.889269108955757281e-01 5.518778659344317772e-01
1.413394983605760512e+18 3.949463021815533548e-01 1.150219683526632508e+00 2.217909420436879664e+00 -7.613792472467271200e-01 -2.826765090127797975e-01 1.629669889493139956e-01 5.602119184979459376e-01
1.413394983805760512e+18 5.765504889233477037e-01 1.625908884561840129e+00 2.161995257290742600e+00 -7.500566078128334535e-01 -3.013377897547114270e-01 1.539325699361817623e-01 5.682564433905636925e-01
1.413394984405760512e+18 6.366716645069379066e-01 1.969484215114695180e+00 2.033699239920543356e+00 -7.484954440992567237e-01 -3.299454229523032245e-01 1.710616265119038470e-01 5.492071630729008502e-01
1.413394984605760512e+18 4.406144600548687063e-01 2.273650819557732294e+00 1.927889495671170073e+00 -7.144654746467643536e-01 -4.143650690241585388e-01 2.368364928331617714e-01 5.116142597434765182e-01
1.413394985605760512e+18 -2.322634749052692182e-01 2.507857594029216930e+00 2.155599632013419420e+00 -6.885100791636350470e-01 -4.581646806633494218e-01 2.800984064890706948e-01 4.874257676457198762e-01
1.413394986405760512e+18 -9.173761414379505430e-01 2.653493869484004453e+00 2.271826596256539599e+00 -7.037885288944507600e-01 -4.293883712692665444e-01 3.080380671840715068e-01 4.747840376221723613e-01
1.413394986605760512e+18 -1.423963506907594878e+00 2.768935735866044467e+00 2.390158445681887844e+00 -6.836271855786372198e-01 -4.563039533250435320e-01 2.690161259872987931e-01 5.020666263321567069e-01
1.413394987405760512e+18 -2.478553314019784182e+00 2.847332728261006807e+00 2.469711020589467232e+00 -6.560849755089942503e-01 -4.397543268775477854e-01 2.800762107110378318e-01 5.456426972823732457e-01
1.413394987805760512e+18 -2.894783565255429014e+00 2.693632759355413242e+00 2.518703258701618264e+00 -6.335876666493260867e-01 -4.277485898022014288e-01 2.950123091651443707e-01 5.732063764763434266e-01
1.413394988405760512e+18 -3.138931653362415197e+00 2.310269228071119674e+00 2.623954778763883944e+00 -6.734384321194862855e-01 -3.706445067076190591e-01 3.469074504201493658e-01 5.373625858160442359e-01
1.413394988605760512e+18 -3.146513584794368601e+00 1.948498411554945742e+00 2.632704696479935880e+00 -7.402439193470760070e-01 -2.747946177012672297e-01 2.645631569058481403e-01 5.536543993865719049e-01
1.413394989405760512e+18 -2.836100916327055188e+00 1.180026096121155721e+00 2.539953993265739562e+00 -7.656431805906089849e-01 -2.529365602527057222e-01 2.057940077807604851e-01 5.544929601574373201e-01
1.413394989805760512e+18 -2.610171663843137146e+00 7.767488996715090632e-01 2.406202232553554587e+00 -7.575871283219499652e-01 -3.239816309615775047e-01 2.700338365794193729e-01 4.981760460947285418e-01
1.413394990405760512e+18 -2.339389436961278435e+00 4.245249055759690027e-01 2.106484428472796822e+00 -6.437885157948485260e-01 -5.257709186719230487e-01 3.355367770678559514e-01 4.433016571641305026e-01
1.413394990605760512e+18 -2.257238591601713473e+00 1.743905610444027032e-01 1.917182434093309018e+00 -6.271401510770312493e-01 -5.505387816149656111e-01 3.603827598128573895e-01 4.168051670440949819e-01
1.413394991305760512e+18 -2.324984089333194781e+00 -5.854617529586703117e-02 1.785737569287854321e+00 -6.448335144762923354e-01 -5.241774419985845146e-01 3.622377054855081546e-01 4.221511490361816721e-01
1.413394991805760512e+18 -2.748994750472818716e+00 -3.523551033727355120e-01 1.636856968997269179e+00 -7.342911600224989455e-01 -3.518196188888669806e-01 3.022363505659585448e-01 4.956739215192547676e-01
1.413394992405760512e+18 -2.861499419279939449e+00 -3.400917780023440806e-01 1.646441544291192605e+00 -7.590367247420479746e-01 -2.878644920258661699e-01 2.365780292674994068e-01 5.338802494862124881e-01
1.413394993305760512e+18 -2.933389322582157455e+00 -3.313865916770154518e-01 1.407312668252357790e+00 -7.611722156138651663e-01 -2.900076886371234508e-01 2.003654689403111255e-01 5.443951483666639168e-01
1.413394994605760512e+18 -3.081598989640113029e+00 -3.692512314227031078e-01 1.134775873511367328e+00 -8.250079168338356750e-01 -8.631729252457093216e-02 7.670206357605251213e-02 5.531980256796815709e-01
1.413394995605760512e+18 -3.103000442711936202e+00 -3.821825628718448220e-01 1.043666554944782332e+00 -8.285416607934974476e-01 -9.341902292474019154e-02 6.780376999845834363e-02 5.478998551371738746e-01
1.413394995805760512e+18 -3.124679191148481472e+00 -3.665666647840363779e-01 9.758244453215330072e-01 -8.126509656581035745e-01 -9.117808318572281912e-02 7.104991677317099019e-02 5.711714930632083576e-01
