1.413393886005760670e+09 -0.000000000000000000e+00 -0.000000000000000000e+00 -0.000000000000000000e+00 -0.000000000000000000e+00 -0.000000000000000000e+00 -0.000000000000000000e+00 1.000000000000000000e+00
1.413393889705760717e+09 3.030545543879270554e-03 -3.801550250500440598e-03 -4.152638837695121765e-03 -2.957845479249954224e-02 6.002758163958787918e-03 -4.469918552786111832e-03 9.995344877243041992e-01
1.413393889805760622e+09 4.805501550436019897e-03 -1.306541915982961655e-02 -6.674352567642927170e-03 -3.819930180907249451e-02 1.036153361201286316e-02 -1.255404669791460037e-02 9.991375803947448730e-01
1.413393889905760527e+09 5.830402486026287079e-03 -3.030741401016712189e-02 -9.326849132776260376e-03 -4.142327606678009033e-02 1.522890292108058929e-02 -2.558284625411033630e-02 9.986980557441711426e-01
1.413393890005760670e+09 3.729608375579118729e-03 -5.625472590327262878e-02 -1.068828906863927841e-02 -3.187564387917518616e-02 2.010241523385047913e-02 -3.917418420314788818e-02 9.985215067863464355e-01
1.413393890205760717e+09 -9.472149424254894257e-03 -1.147714704275131226e-01 -1.046896073967218399e-02 -1.371095050126314163e-02 1.689339615404605865e-02 -2.419792860746383667e-02 9.994704127311706543e-01
1.413393890505760670e+09 -4.178896918892860413e-02 -1.496988534927368164e-01 9.559417143464088440e-03 2.758335787802934647e-03 1.132414210587739944e-02 -2.511790022253990173e-03 9.999289512634277344e-01
1.413393891205760717e+09 -1.238576620817184448e-01 -1.813179105520248413e-01 2.313377894461154938e-02 -7.644558791071176529e-03 1.248682197183370590e-02 -8.650662377476692200e-03 9.998553991317749023e-01
1.413393891405760527e+09 -1.502346247434616089e-01 -1.867581307888031006e-01 2.310181595385074615e-02 5.454590916633605957e-02 9.890886954963207245e-03 -6.216262001544237137e-03 9.984429478645324707e-01
1.413393891505760670e+09 -1.634867638349533081e-01 -1.813141852617263794e-01 1.864700764417648315e-02 1.077735349535942078e-01 7.012940943241119385e-03 -2.486459910869598389e-03 9.941475987434387207e-01
1.413393892005760670e+09 -2.292336523532867432e-01 -1.247094720602035522e-01 -1.760656088590621948e-01 5.746053531765937805e-02 9.162527509033679962e-03 -7.066431920975446701e-03 9.982807040214538574e-01
1.413393892105760574e+09 -2.418484389781951904e-01 -1.118161156773567200e-01 -2.423218935728073120e-01 1.615101657807826996e-02 1.025670580565929413e-02 -7.885236293077468872e-03 9.997859001159667969e-01
1.413393892205760717e+09 -2.558377981185913086e-01 -1.004680171608924866e-01 -3.138602077960968018e-01 -8.132914081215858459e-03 1.216060575097799301e-02 -9.506548754870891571e-03 9.998478293418884277e-01
1.413393892405760527e+09 -2.842527329921722412e-01 -7.121825218200683594e-02 -4.479665160179138184e-01 -2.496366575360298157e-02 1.652020215988159180e-02 -1.053152885288000107e-02 9.994964003562927246e-01
1.413393892605760574e+09 -3.312950432300567627e-01 -8.921664557419717312e-04 -6.194550395011901855e-01 -5.556610599160194397e-02 2.221342548727989197e-02 -1.122311316430568695e-02 9.981448054313659668e-01
1.413393892805760622e+09 -3.668200373649597168e-01 4.328830540180206299e-02 -7.096751928329467773e-01 -1.088178828358650208e-01 2.332030795514583588e-02 -1.316944602876901627e-02 9.937008619308471680e-01
1.413393893105760574e+09 -4.906543195247650146e-01 4.161130636930465698e-02 -7.485150694847106934e-01 -9.853281080722808838e-02 1.212265342473983765e-02 1.081800553947687149e-02 9.950011968612670898e-01
1.413393893705760717e+09 -5.540580749511718750e-01 -3.554235026240348816e-02 -6.116980910301208496e-01 -6.611726433038711548e-02 4.796131048351526260e-03 3.127076849341392517e-02 9.973102807998657227e-01
1.413393894005760670e+09 -5.679147243499755859e-01 -1.136261448264122009e-01 -4.624740779399871826e-01 -3.276364505290985107e-02 4.327809903770685196e-03 2.820041216909885406e-02 9.990558624267578125e-01
1.413393894405760527e+09 -5.512027144432067871e-01 -1.845685839653015137e-01 -2.349554747343063354e-01 -2.527213841676712036e-02 7.825797423720359802e-03 1.916824467480182648e-02 9.994661808013916016e-01
1.413393894805760622e+09 -5.056495070457458496e-01 -2.214239090681076050e-01 9.261589497327804565e-03 -2.778933616355061531e-03 7.203803863376379013e-03 8.981863036751747131e-03 9.999299049377441406e-01
1.413393895205760717e+09 -4.493029117584228516e-01 -2.691487073898315430e-01 2.300592511892318726e-01 5.963008385151624680e-03 5.455449689179658890e-03 2.852462232112884521e-03 9.999632835388183594e-01
1.413393895605760574e+09 -3.869874775409698486e-01 -2.907629311084747314e-01 4.280483424663543701e-01 1.660586148500442505e-02 5.167662352323532104e-02 1.290356181561946869e-02 9.984424710273742676e-01
1.413393895905760527e+09 -3.351857960224151611e-01 -3.116045594215393066e-01 5.436038374900817871e-01 1.393966842442750931e-02 1.545338481664657593e-01 3.550303727388381958e-02 9.872510433197021484e-01
1.413393896205760717e+09 -3.053969740867614746e-01 -3.273591697216033936e-01 6.042068600654602051e-01 2.747442200779914856e-02 2.398480623960494995e-01 5.173926800489425659e-02 9.690414071083068848e-01
1.413393896405760527e+09 -2.806936800479888916e-01 -3.571094274520874023e-01 6.596475839614868164e-01 3.932611644268035889e-02 3.540224730968475342e-01 1.262750774621963501e-01 9.258381128311157227e-01
1.413393896705760717e+09 -2.606743276119232178e-01 -3.799165487289428711e-01 6.691206097602844238e-01 1.895206980407238007e-02 4.455538094043731689e-01 2.194166183471679688e-01 8.677436709403991699e-01
1.413393897005760670e+09 -2.068388462066650391e-01 -3.772512972354888916e-01 6.434276700019836426e-01 -8.133681118488311768e-02 5.192652940750122070e-01 2.074951827526092529e-01 8.250416517257690430e-01
1.413393897305760622e+09 -7.861840724945068359e-02 -3.901265263557434082e-01 6.609758138656616211e-01 -3.573731333017349243e-02 5.510288476943969727e-01 1.397127658128738403e-01 8.219309449195861816e-01
1.413393897905760527e+09 5.979758501052856445e-02 -4.481948912143707275e-01 7.690543532371520996e-01 -4.127237945795059204e-02 5.812165737152099609e-01 1.272297054529190063e-01 8.026809096336364746e-01
1.413393898205760717e+09 1.040393114089965820e-01 -4.912599325180053711e-01 8.316584825515747070e-01 2.560604922473430634e-02 6.282643079757690430e-01 1.126113384962081909e-01 7.693809270858764648e-01
1.413393898405760527e+09 1.136506795883178711e-01 -5.399361252784729004e-01 9.014405012130737305e-01 1.155137866735458374e-01 6.448380351066589355e-01 1.202774122357368469e-01 7.459047436714172363e-01
1.413393898605760574e+09 8.003282546997070312e-02 -5.590706467628479004e-01 9.621950387954711914e-01 6.998413056135177612e-02 6.243714690208435059e-01 2.160485088825225830e-01 7.473858594894409180e-01
1.413393898805760622e+09 3.215360641479492188e-02 -5.604702830314636230e-01 1.002241253852844238e+00 -3.910461068153381348e-02 5.981931090354919434e-01 3.106251955032348633e-01 7.376638054847717285e-01
1.413393899005760670e+09 7.934707403182983398e-02 -6.088018417358398438e-01 1.020055055618286133e+00 -1.143209263682365417e-02 6.554937362670898438e-01 1.718043833971023560e-01 7.353098988533020020e-01
1.413393899405760527e+09 1.179961562156677246e-01 -6.587630510330200195e-01 1.032381892204284668e+00 1.173490881919860840e-01 6.668509840965270996e-01 8.799859136343002319e-02 7.306129336357116699e-01
1.413393899605760574e+09 7.808446884155273438e-03 -7.032945752143859863e-01 1.025295019149780273e+00 7.514153420925140381e-02 6.000876426696777344e-01 2.392853349447250366e-01 7.595993280410766602e-01
1.413393900005760670e+09 -8.294403553009033203e-02 -6.942215561866760254e-01 9.901510477066040039e-01 -3.977854922413825989e-02 5.687457323074340820e-01 3.445346951484680176e-01 7.458162307739257812e-01
1.413393900205760717e+09 -1.265906095504760742e-01 -6.683386564254760742e-01 9.279298782348632812e-01 -1.082956492900848389e-01 5.871745944023132324e-01 3.213318586349487305e-01 7.350128889083862305e-01
1.413393900405760527e+09 -1.108576059341430664e-01 -6.391844749450683594e-01 8.652104139328002930e-01 -8.117634803056716919e-02 6.319327950477600098e-01 2.185897231101989746e-01 7.391142845153808594e-01
1.413393900605760574e+09 -7.830286026000976562e-02 -6.076616644859313965e-01 8.233388662338256836e-01 3.300203755497932434e-02 6.634453535079956055e-01 1.171046793460845947e-01 7.382667064666748047e-01
1.413393900805760622e+09 -1.263076663017272949e-01 -5.217765569686889648e-01 7.659188508987426758e-01 4.274877905845642090e-02 6.302912831306457520e-01 2.102569490671157837e-01 7.461215853691101074e-01
1.413393901205760717e+09 -1.839665174484252930e-01 -4.811015129089355469e-01 7.213911414146423340e-01 -6.979222595691680908e-02 6.141572594642639160e-01 2.599032521247863770e-01 7.418828606605529785e-01
1.413393901405760527e+09 -2.014487385749816895e-01 -4.439617991447448730e-01 6.570996046066284180e-01 -1.303207725286483765e-01 6.125372648239135742e-01 2.631016075611114502e-01 7.338883280754089355e-01
1.413393901705760717e+09 -1.202229857444763184e-01 -4.436016976833343506e-01 6.289954185485839844e-01 -5.459809303283691406e-02 6.437232494354248047e-01 1.770560890436172485e-01 7.424893975257873535e-01
1.413393902205760717e+09 4.485523700714111328e-02 -4.739702939987182617e-01 6.699510216712951660e-01 -4.213709756731987000e-02 6.473570466041564941e-01 1.796336024999618530e-01 7.395169138908386230e-01
1.413393902605760574e+09 1.757528185844421387e-01 -5.167352557182312012e-01 7.614595293998718262e-01 -3.585317730903625488e-02 6.466630101203918457e-01 1.863524913787841797e-01 7.387924790382385254e-01
1.413393903005760670e+09 3.158806562423706055e-01 -6.135921478271484375e-01 8.675717711448669434e-01 -1.742872595787048340e-02 6.342458128929138184e-01 2.371762245893478394e-01 7.356466054916381836e-01
1.413393903305760622e+09 4.489460587501525879e-01 -6.616748571395874023e-01 9.290422201156616211e-01 -5.217963363975286484e-03 6.781803965568542480e-01 2.239912152290344238e-01 6.999086141586303711e-01
1.413393903605760574e+09 6.154438853263854980e-01 -6.698024272918701172e-01 1.003163814544677734e+00 5.477670952677726746e-02 7.411102652549743652e-01 2.602232098579406738e-01 6.164730191230773926e-01
1.413393904305760622e+09 7.821769118309020996e-01 -6.769422292709350586e-01 9.489114284515380859e-01 1.176542323082685471e-02 7.747954726219177246e-01 2.619959712028503418e-01 5.752493143081665039e-01
1.413393904705760717e+09 8.396707773208618164e-01 -6.772643923759460449e-01 8.735173940658569336e-01 -6.431880593299865723e-02 8.096377253532409668e-01 2.850574254989624023e-01 5.090108513832092285e-01
1.413393905005760670e+09 9.328807592391967773e-01 -6.573815345764160156e-01 8.124552965164184570e-01 -3.380801528692245483e-02 8.663833141326904297e-01 2.545498311519622803e-01 4.283005893230438232e-01
1.413393905305760622e+09 1.033207654953002930e+00 -6.153711676597595215e-01 7.839973568916320801e-01 -1.560671371407806873e-03 9.000614285469055176e-01 2.713778316974639893e-01 3.409415781497955322e-01
1.413393905605760574e+09 1.135391116142272949e+00 -5.830776095390319824e-01 7.487419843673706055e-01 5.877967923879623413e-02 9.181565046310424805e-01 3.242127597332000732e-01 2.200448065996170044e-01
1.413393906005760670e+09 1.165589690208435059e+00 -5.612379312515258789e-01 6.879269480705261230e-01 1.156060770153999329e-02 9.317117333412170410e-01 3.334557414054870605e-01 1.434816718101501465e-01
1.413393906305760622e+09 1.188905596733093262e+00 -4.847865402698516846e-01 5.973526835441589355e-01 -1.138995029032230377e-02 9.552841782569885254e-01 2.857489883899688721e-01 7.516627758741378784e-02
1.413393906805760622e+09 1.182691812515258789e+00 -3.204995989799499512e-01 5.369729399681091309e-01 -3.739820048213005066e-02 9.581586718559265137e-01 2.815133929252624512e-01 3.582730516791343689e-02
1.413393907805760622e+09 1.228059411048889160e+00 -1.995735466480255127e-01 6.026544570922851562e-01 -1.403504051268100739e-02 9.562056064605712891e-01 2.909810543060302734e-01 2.835222519934177399e-02
1.413393908705760717e+09 1.233426451683044434e+00 -2.326944023370742798e-01 7.468784451484680176e-01 -1.913514547049999237e-02 9.558935761451721191e-01 2.929307222366333008e-01 9.643838740885257721e-03
1.413393909605760574e+09 1.213052392005920410e+00 -2.641656100749969482e-01 8.698462247848510742e-01 -2.716688998043537140e-02 9.460462331771850586e-01 3.228090703487396240e-01 -7.274758070707321167e-03
1.413393909805760622e+09 1.225413084030151367e+00 -2.283116579055786133e-01 9.460532665252685547e-01 -2.709454298019409180e-02 9.287824630737304688e-01 3.688433766365051270e-01 -2.415870502591133118e-02
1.413393910205760717e+09 1.295401096343994141e+00 -1.810723543167114258e-01 8.726223111152648926e-01 2.279389090836048126e-02 9.095067977905273438e-01 4.132582247257232666e-01 -3.867305070161819458e-02
1.413393910705760717e+09 1.308757901191711426e+00 -1.481314897537231445e-01 7.761059999465942383e-01 2.728818915784358978e-02 9.230561256408691406e-01 3.828946650028228760e-01 -2.478885464370250702e-02
1.413393910905760527e+09 1.311737298965454102e+00 -9.188801050186157227e-02 6.627059578895568848e-01 1.419505663216114044e-02 9.397001266479492188e-01 3.416994512081146240e-01 -1.902830670587718487e-03
1.413393911105760574e+09 1.307307124137878418e+00 1.306894421577453613e-02 4.866788983345031738e-01 4.295481834560632706e-03 9.513977766036987305e-01 3.064008355140686035e-01 3.069777227938175201e-02
1.413393911405760527e+09 1.300900220870971680e+00 7.606770098209381104e-02 3.731598854064941406e-01 -9.019329212605953217e-03 9.625276923179626465e-01 2.690051496028900146e-01 3.309543430805206299e-02
1.413393911605760574e+09 1.298681378364562988e+00 1.204683631658554077e-01 2.277323305606842041e-01 -1.904442906379699707e-02 9.626408815383911133e-01 2.692314386367797852e-01 2.178112044930458069e-02
1.413393912005760670e+09 1.309460282325744629e+00 8.609755337238311768e-02 4.871988296508789062e-02 3.917538374662399292e-02 9.198823571205139160e-01 3.902048468589782715e-01 4.674551077187061310e-03
1.413393912405760527e+09 1.299413681030273438e+00 6.432538479566574097e-02 -7.798581570386886597e-02 3.972008824348449707e-02 9.202475547790527344e-01 3.893015980720520020e-01 -3.315512090921401978e-03
1.413393912505760670e+09 1.289137721061706543e+00 5.464603751897811890e-02 -1.536161601543426514e-01 3.631540015339851379e-02 9.323775768280029297e-01 3.596107661724090576e-01 -5.785882938653230667e-03
1.413393912605760574e+09 1.263722777366638184e+00 5.242229253053665161e-02 -3.096061050891876221e-01 2.635300531983375549e-02 9.484369158744812012e-01 3.158320784568786621e-01 -4.805214237421751022e-03
1.413393912805760622e+09 1.228459119796752930e+00 7.145509123802185059e-02 -4.573361873626708984e-01 8.979604579508304596e-03 9.569543600082397461e-01 2.898644804954528809e-01 -1.167671475559473038e-02
1.413393913005760670e+09 1.187654614448547363e+00 1.053384765982627869e-01 -5.918847322463989258e-01 2.319121360778808594e-02 9.571861028671264648e-01 2.842306792736053467e-01 -4.969834163784980774e-02
1.413393913205760717e+09 1.139332771301269531e+00 1.472679227590560913e-01 -7.119563817977905273e-01 5.252739787101745605e-02 9.556604623794555664e-01 2.675827741622924805e-01 -1.111460700631141663e-01
1.413393913405760527e+09 1.073563933372497559e+00 1.936994343996047974e-01 -8.097650408744812012e-01 7.271306216716766357e-02 9.444453716278076172e-01 2.603941857814788818e-01 -1.868973225355148315e-01
1.413393913605760574e+09 9.847826957702636719e-01 2.217824310064315796e-01 -8.854308724403381348e-01 6.059248000383377075e-02 9.325855970382690430e-01 2.309640347957611084e-01 -2.706812620162963867e-01
1.413393913805760622e+09 8.863880634307861328e-01 2.290916442871093750e-01 -9.314820170402526855e-01 4.862231016159057617e-02 9.119114875793457031e-01 2.092567533254623413e-01 -3.496640622615814209e-01
1.413393914005760670e+09 7.854094505310058594e-01 2.201323062181472778e-01 -9.422659873962402344e-01 1.346713211387395859e-02 8.824641704559326172e-01 2.001332044601440430e-01 -4.254670739173889160e-01
1.413393914205760717e+09 6.953761577606201172e-01 1.999159008264541626e-01 -9.281459450721740723e-01 -1.080451626330614090e-02 8.328104019165039062e-01 2.356144785881042480e-01 -5.007952451705932617e-01
1.413393914405760527e+09 6.202701330184936523e-01 1.696016788482666016e-01 -9.089136123657226562e-01 -3.769002214539796114e-04 7.866838574409484863e-01 2.454598844051361084e-01 -5.664609074592590332e-01
1.413393914605760574e+09 5.161799192428588867e-01 1.151284873485565186e-01 -8.742996454238891602e-01 3.087546117603778839e-02 7.328531742095947266e-01 2.147924304008483887e-01 -6.448543667793273926e-01
1.413393914905760527e+09 3.745776116847991943e-01 3.974108397960662842e-02 -7.990636825561523438e-01 3.094798699021339417e-02 6.720519065856933594e-01 2.496295720338821411e-01 -6.964722871780395508e-01
1.413393915405760527e+09 1.566844582557678223e-01 -1.474955864250659943e-02 -7.210119366645812988e-01 -2.777231298387050629e-02 7.052157521247863770e-01 2.530985474586486816e-01 -6.616951823234558105e-01
1.413393916005760670e+09 -3.973960876464843750e-02 -4.276900738477706909e-02 -7.287958860397338867e-01 -5.640153586864471436e-02 7.178346514701843262e-01 2.597128748893737793e-01 -6.434916257858276367e-01
1.413393916405760527e+09 -1.562933921813964844e-01 -5.640356242656707764e-02 -8.003944754600524902e-01 -1.109690684825181961e-02 6.634234786033630371e-01 2.235301882028579712e-01 -7.139891386032104492e-01
1.413393916705760717e+09 -2.338479757308959961e-01 -7.026031613349914551e-02 -8.587750792503356934e-01 8.860781788825988770e-03 5.628324151039123535e-01 1.967149376869201660e-01 -8.027729988098144531e-01
1.413393917005760670e+09 -3.089656531810760498e-01 -9.173810482025146484e-02 -9.154173135757446289e-01 1.495878305286169052e-02 4.619509577751159668e-01 1.127810478210449219e-01 -8.795782923698425293e-01
1.413393917305760622e+09 -3.585134148597717285e-01 -1.102283149957656860e-01 -9.434632062911987305e-01 4.307039827108383179e-02 3.387528657913208008e-01 6.991072744131088257e-02 -9.372853636741638184e-01
1.413393917605760574e+09 -3.815110325813293457e-01 -1.082856431603431702e-01 -9.267778992652893066e-01 3.756703436374664307e-02 1.834048032760620117e-01 4.630484431982040405e-02 -9.812274575233459473e-01
1.413393917905760527e+09 -3.866995871067047119e-01 -1.119768097996711731e-01 -8.854608535766601562e-01 1.783802546560764313e-02 4.394288733601570129e-02 -1.902502030134201050e-02 -9.986936450004577637e-01
1.413393918205760717e+09 -3.605929911136627197e-01 -1.278095543384552002e-01 -8.410933017730712891e-01 2.773586288094520569e-02 -8.489959686994552612e-02 -8.106288313865661621e-02 -9.926992058753967285e-01
1.413393918505760670e+09 -3.164550960063934326e-01 -1.444406956434249878e-01 -8.084707260131835938e-01 2.826297096908092499e-02 -1.791864037513732910e-01 -1.154018044471740723e-01 -9.766145348548889160e-01
1.413393918705760717e+09 -2.487062215805053711e-01 -1.632097959518432617e-01 -7.753783464431762695e-01 4.131952300667762756e-03 -2.847893834114074707e-01 -1.548058688640594482e-01 -9.459984302520751953e-01
1.413393918905760527e+09 -1.573710441589355469e-01 -1.811468005180358887e-01 -7.568911314010620117e-01 -3.553885966539382935e-02 -4.039307832717895508e-01 -1.815687119960784912e-01 -8.958849310874938965e-01
1.413393919105760574e+09 -6.271514296531677246e-02 -1.923706531524658203e-01 -7.607799172401428223e-01 -5.661308020353317261e-02 -5.218771100044250488e-01 -1.911841630935668945e-01 -8.293899893760681152e-01
1.413393919305760622e+09 1.895648241043090820e-02 -1.952731609344482422e-01 -7.867636084556579590e-01 -9.642092883586883545e-02 -6.155734658241271973e-01 -2.008956521749496460e-01 -7.559188604354858398e-01
1.413393919505760670e+09 7.678645849227905273e-02 -1.712948679924011230e-01 -8.313528895378112793e-01 -1.085172668099403381e-01 -6.679422855377197266e-01 -2.349630445241928101e-01 -6.977604031562805176e-01
1.413393919705760717e+09 1.111362576484680176e-01 -8.756406605243682861e-02 -9.334247112274169922e-01 -8.049651235342025757e-02 -7.285894751548767090e-01 -1.911544948816299438e-01 -6.527922749519348145e-01
1.413393920005760670e+09 8.172023296356201172e-02 3.306914120912551880e-02 -1.035210490226745605e+00 -3.490666300058364868e-02 -7.339538931846618652e-01 -1.819437593221664429e-01 -6.534444689750671387e-01
1.413393920405760527e+09 2.561926841735839844e-03 1.567844748497009277e-01 -1.121911644935607910e+00 -3.569598542526364326e-03 -7.207797169685363770e-01 -2.031732648611068726e-01 -6.627100110054016113e-01
1.413393920705760717e+09 -1.245975494384765625e-01 2.900226414203643799e-01 -1.213449716567993164e+00 2.572026289999485016e-02 -7.095914483070373535e-01 -2.126540988683700562e-01 -6.712650060653686523e-01
1.413393921005760670e+09 -1.819307804107666016e-01 3.498346507549285889e-01 -1.246533751487731934e+00 5.938443168997764587e-02 -7.001593708992004395e-01 -2.341069728136062622e-01 -6.718961596488952637e-01
1.413393921305760622e+09 -2.299180030822753906e-01 4.664646387100219727e-01 -1.296100616455078125e+00 3.074945136904716492e-02 -7.083863615989685059e-01 -2.144771069288253784e-01 -6.717461943626403809e-01
1.413393922205760717e+09 -2.191666364669799805e-01 5.865002274513244629e-01 -1.266692638397216797e+00 2.847466804087162018e-02 -7.145074605941772461e-01 -2.151486724615097046e-01 -6.651160120964050293e-01
1.413393922305760622e+09 -2.168145179748535156e-01 6.335603594779968262e-01 -1.240602493286132812e+00 6.659200787544250488e-02 -7.020165920257568359e-01 -2.603693008422851562e-01 -6.595044732093811035e-01
1.413393922605760574e+09 -1.416693925857543945e-01 7.001159191131591797e-01 -1.202599763870239258e+00 4.230089485645294189e-03 -7.008218169212341309e-01 -2.771408259868621826e-01 -6.572852730751037598e-01
1.413393923005760670e+09 2.434253692626953125e-03 7.362906336784362793e-01 -1.223198413848876953e+00 7.360414415597915649e-02 -7.050069570541381836e-01 -2.632481455802917480e-01 -6.544066071510314941e-01
1.413393923305760622e+09 1.128717660903930664e-01 7.266358137130737305e-01 -1.240167379379272461e+00 3.553371876478195190e-02 -7.017376422882080078e-01 -2.713958024978637695e-01 -6.577582955360412598e-01
1.413393923505760670e+09 2.352927923202514648e-01 7.155710458755493164e-01 -1.261167645454406738e+00 -1.571542769670486450e-02 -6.678155064582824707e-01 -2.670468091964721680e-01 -6.945945024490356445e-01
1.413393923705760717e+09 3.579306602478027344e-01 7.128920555114746094e-01 -1.295844197273254395e+00 9.836286306381225586e-03 -6.130636334419250488e-01 -2.218355536460876465e-01 -7.581854462623596191e-01
1.413393923905760527e+09 4.807776212692260742e-01 7.119662761688232422e-01 -1.337526679039001465e+00 3.423894941806793213e-02 -5.421115756034851074e-01 -1.903326213359832764e-01 -8.177507519721984863e-01
1.413393924105760574e+09 6.090390682220458984e-01 7.108486890792846680e-01 -1.378425598144531250e+00 6.036945059895515442e-02 -4.827322065830230713e-01 -1.437673568725585938e-01 -8.617749810218811035e-01
1.413393924305760622e+09 7.386326193809509277e-01 7.039889097213745117e-01 -1.403468608856201172e+00 8.436717838048934937e-02 -4.472376108169555664e-01 -6.090534105896949768e-02 -8.883418440818786621e-01
1.413393924505760670e+09 8.523187637329101562e-01 6.794948577880859375e-01 -1.394827723503112793e+00 9.253432601690292358e-02 -4.352122247219085693e-01 3.176611426169984043e-05 -8.955600857734680176e-01
1.413393924705760717e+09 9.274194836616516113e-01 6.223573088645935059e-01 -1.341841220855712891e+00 7.012690603733062744e-02 -4.401923716068267822e-01 3.929918259382247925e-02 -8.942977786064147949e-01
1.413393924905760527e+09 9.432950615882873535e-01 5.193071961402893066e-01 -1.248769044876098633e+00 5.045086517930030823e-02 -4.295011162757873535e-01 -4.085206612944602966e-02 -9.007300734519958496e-01
1.413393925105760574e+09 9.376755952835083008e-01 4.551802575588226318e-01 -1.193513154983520508e+00 4.254862666130065918e-02 -4.133425951004028320e-01 -8.440185338258743286e-02 -9.056566357612609863e-01
1.413393925205760717e+09 9.282823204994201660e-01 3.867390155792236328e-01 -1.135996699333190918e+00 3.833570703864097595e-02 -3.871056139469146729e-01 -1.246079429984092712e-01 -9.127719402313232422e-01
1.413393925305760622e+09 9.202027320861816406e-01 3.167203962802886963e-01 -1.077312111854553223e+00 3.928631171584129333e-02 -3.543009757995605469e-01 -1.539266556501388550e-01 -9.215388894081115723e-01
1.413393925405760527e+09 9.163924455642700195e-01 2.482407987117767334e-01 -1.018984198570251465e+00 4.158995300531387329e-02 -3.319263756275177002e-01 -1.530180126428604126e-01 -9.298821091651916504e-01
1.413393925505760670e+09 9.192810058593750000e-01 1.796125471591949463e-01 -9.604574441909790039e-01 3.668908774852752686e-02 -3.196402490139007568e-01 -1.398642659187316895e-01 -9.364411830902099609e-01
1.413393925605760574e+09 9.384360313415527344e-01 5.256578326225280762e-02 -8.414233922958374023e-01 2.895431034266948700e-02 -3.042535781860351562e-01 -1.245992854237556458e-01 -9.439632296562194824e-01
1.413393925805760622e+09 9.679231643676757812e-01 -2.631294913589954376e-02 -7.098920941352844238e-01 1.706949993968009949e-02 -3.017979562282562256e-01 -1.094378232955932617e-01 -9.469159841537475586e-01
1.413393926005760670e+09 1.000854134559631348e+00 -7.036864757537841797e-02 -5.718582868576049805e-01 -2.245697192847728729e-02 -3.039627373218536377e-01 -9.973202645778656006e-02 -9.471831917762756348e-01
1.413393926205760717e+09 1.047174692153930664e+00 -1.241069436073303223e-01 -3.922240138053894043e-01 -1.954509131610393524e-02 -3.012152910232543945e-01 -1.130432114005088806e-01 -9.466301798820495605e-01
1.413393926605760574e+09 1.090350389480590820e+00 -1.584123969078063965e-01 -2.458699792623519897e-01 -2.854850888252258301e-02 -2.759889364242553711e-01 -8.390337228775024414e-02 -9.570660591125488281e-01
1.413393926805760622e+09 1.124096155166625977e+00 -1.955513954162597656e-01 -1.371500492095947266e-01 5.135291721671819687e-04 -2.100042402744293213e-01 -6.801763921976089478e-02 -9.753314852714538574e-01
1.413393927105760574e+09 1.165463805198669434e+00 -2.786207795143127441e-01 -5.910874903202056885e-02 3.591514751315116882e-02 -1.568644940853118896e-01 -9.711616486310958862e-02 -9.821771979331970215e-01
1.413393927505760670e+09 1.242097020149230957e+00 -3.709194958209991455e-01 2.846098132431507111e-02 4.649580642580986023e-02 -1.420621275901794434e-01 -1.802338287234306335e-02 -9.886009097099304199e-01
1.413393927705760717e+09 1.291795849800109863e+00 -4.411344230175018311e-01 1.001018360257148743e-01 1.874811947345733643e-02 -1.281522065401077271e-01 5.054329708218574524e-02 -9.902883768081665039e-01
1.413393927905760527e+09 1.310737371444702148e+00 -5.186051726341247559e-01 1.732684820890426636e-01 -4.229659680277109146e-03 -1.183033883571624756e-01 7.165220379829406738e-02 -9.903799891471862793e-01
1.413393928205760717e+09 1.242735862731933594e+00 -6.356883049011230469e-01 3.175880312919616699e-01 -1.280719507485628128e-02 -1.029121503233909607e-01 2.287939563393592834e-02 -9.943448305130004883e-01
1.413393928505760670e+09 1.175955057144165039e+00 -6.715955734252929688e-01 3.867519199848175049e-01 -3.662508726119995117e-02 -9.220813959836959839e-02 -2.325377240777015686e-02 -9.947942495346069336e-01
1.413393928805760622e+09 9.653131961822509766e-01 -7.359182238578796387e-01 4.933257997035980225e-01 -3.167038783431053162e-02 -1.785371750593185425e-01 3.487095702439546585e-03 -9.834171533584594727e-01
1.413393929405760527e+09 7.750668525695800781e-01 -7.761033177375793457e-01 4.903082251548767090e-01 -7.336418493650853634e-04 -3.044061660766601562e-01 -7.390976697206497192e-02 -9.496703147888183594e-01
1.413393929705760717e+09 6.186599135398864746e-01 -8.139960765838623047e-01 4.821823537349700928e-01 -2.183750038966536522e-03 -4.038766324520111084e-01 -1.373060196638107300e-01 -9.044479131698608398e-01
1.413393930005760670e+09 4.768281579017639160e-01 -8.388435244560241699e-01 4.581331014633178711e-01 -2.081130072474479675e-02 -4.694955050945281982e-01 -2.021190077066421509e-01 -8.592373728752136230e-01
1.413393930405760527e+09 2.850831449031829834e-01 -7.641106247901916504e-01 4.152595400810241699e-01 -3.129737684503197670e-03 -5.051736831665039062e-01 -1.640684604644775391e-01 -8.472728729248046875e-01
1.413393930905760527e+09 1.460074782371520996e-01 -6.348502635955810547e-01 3.817276060581207275e-01 -1.483021583408117294e-02 -4.895941317081451416e-01 -1.649383604526519775e-01 -8.560799956321716309e-01
1.413393931305760622e+09 2.303083240985870361e-02 -5.610470771789550781e-01 3.014299869537353516e-01 -8.855589665472507477e-03 -4.709790349006652832e-01 -1.936546415090560913e-01 -8.605801463127136230e-01
1.413393931705760717e+09 -4.850216209888458252e-02 -4.253384768962860107e-01 2.085958123207092285e-01 -8.241914212703704834e-03 -4.636199176311492920e-01 -1.951329708099365234e-01 -8.642405271530151367e-01
1.413393932105760574e+09 -5.803946405649185181e-02 -2.864824831485748291e-01 7.925779372453689575e-02 2.040940336883068085e-02 -4.729753732681274414e-01 -1.586067676544189453e-01 -8.664419054985046387e-01
1.413393932505760670e+09 -3.275422751903533936e-02 -1.811982542276382446e-01 -4.016280919313430786e-02 2.698113955557346344e-02 -4.869555532932281494e-01 -1.347721666097640991e-01 -8.625444173812866211e-01
1.413393932905760527e+09 -9.886246174573898315e-03 -1.186384335160255432e-01 -1.204542890191078186e-01 -1.167947147041559219e-02 -5.002318620681762695e-01 -1.064246818423271179e-01 -8.592470884323120117e-01
1.413393933505760670e+09 -7.340054214000701904e-02 -6.791982054710388184e-02 -2.459041029214859009e-01 -2.541299350559711456e-02 -4.698300361633300781e-01 -1.958301514387130737e-01 -8.603862524032592773e-01
1.413393933905760527e+09 -1.098417714238166809e-01 1.234551891684532166e-02 -3.732578456401824951e-01 -1.211314089596271515e-02 -4.932975172996520996e-01 -1.280409842729568481e-01 -8.603001236915588379e-01
1.413393934405760527e+09 -1.901474297046661377e-01 8.070600777864456177e-02 -5.318419933319091797e-01 -7.187249604612588882e-03 -4.697149097919464111e-01 -1.766801327466964722e-01 -8.649280071258544922e-01
1.413393934805760622e+09 -2.284955829381942749e-01 1.749635040760040283e-01 -6.240906715393066406e-01 -1.130369771271944046e-02 -4.303642213344573975e-01 -2.243617326021194458e-01 -8.742544054985046387e-01
1.413393935005760670e+09 -2.321320474147796631e-01 2.639190554618835449e-01 -6.932593584060668945e-01 4.112744703888893127e-02 -3.895959556102752686e-01 -1.689279824495315552e-01 -9.044262766838073730e-01
1.413393935205760717e+09 -2.161692678928375244e-01 3.360242247581481934e-01 -7.594062685966491699e-01 6.793924421072006226e-02 -3.223065435886383057e-01 -1.125356405973434448e-01 -9.374638795852661133e-01
1.413393935405760527e+09 -1.874837130308151245e-01 3.689048290252685547e-01 -8.105105161666870117e-01 6.455230712890625000e-02 -2.466599345207214355e-01 -6.854870170354843140e-02 -9.645169973373413086e-01
1.413393935605760574e+09 -1.417223066091537476e-01 3.524582982063293457e-01 -8.427955508232116699e-01 5.490824580192565918e-02 -1.184484809637069702e-01 4.252033308148384094e-02 -9.905287027359008789e-01
1.413393936105760574e+09 -1.704997420310974121e-01 3.229467868804931641e-01 -8.192064762115478516e-01 3.699221834540367126e-02 -2.548535168170928955e-02 2.431598724797368050e-03 -9.989876151084899902e-01
1.413393936305760622e+09 -1.986246258020401001e-01 2.905527949333190918e-01 -7.870048284530639648e-01 3.544581681489944458e-02 7.706711441278457642e-02 -9.839053265750408173e-03 -9.963470697402954102e-01
1.413393936505760670e+09 -2.144772708415985107e-01 2.540756165981292725e-01 -7.459290027618408203e-01 1.391089521348476410e-02 1.621930599212646484e-01 2.886047773063182831e-02 -9.862388968467712402e-01
1.413393936705760717e+09 -2.182103395462036133e-01 2.124685943126678467e-01 -7.029342651367187500e-01 -2.374032139778137207e-02 2.321770787239074707e-01 6.070927157998085022e-02 -9.704868793487548828e-01
1.413393936905760527e+09 -2.060382366180419922e-01 1.526163071393966675e-01 -6.632823944091796875e-01 -5.397876352071762085e-02 3.318174481391906738e-01 1.137230470776557922e-01 -9.349067211151123047e-01
1.413393937205760717e+09 -1.764888763427734375e-01 9.644062817096710205e-02 -6.759288311004638672e-01 -5.827623978257179260e-02 4.259912073612213135e-01 1.461620926856994629e-01 -8.909388184547424316e-01
1.413393937605760574e+09 -7.617416977882385254e-02 8.260135352611541748e-02 -7.966315150260925293e-01 -5.413571745157241821e-02 4.819365441799163818e-01 1.973733156919479370e-01 -8.519685268402099609e-01
1.413393938505760670e+09 -6.398034095764160156e-02 8.596801012754440308e-02 -8.976652622222900391e-01 -1.323963981121778488e-02 5.626767873764038086e-01 1.674688458442687988e-01 -8.094280362129211426e-01
1.413393938805760622e+09 -3.002947568893432617e-02 1.216632723808288574e-01 -9.908711314201354980e-01 -2.102880738675594330e-02 6.226935386657714844e-01 1.818569004535675049e-01 -7.607486844062805176e-01
1.413393939105760574e+09 3.756129741668701172e-02 1.460913270711898804e-01 -1.084163546562194824e+00 -3.000586479902267456e-02 6.678189635276794434e-01 1.965540200471878052e-01 -7.172754406929016113e-01
1.413393939405760527e+09 9.870493412017822266e-02 1.739819496870040894e-01 -1.140614271163940430e+00 7.364903390407562256e-02 6.542891263961791992e-01 2.647800147533416748e-01 -7.045375704765319824e-01
1.413393939605760574e+09 1.302673816680908203e-01 2.106229960918426514e-01 -1.183961153030395508e+00 1.484540104866027832e-01 6.322851181030273438e-01 3.014682233333587646e-01 -6.980643272399902344e-01
1.413393939905760527e+09 7.072424888610839844e-02 2.536826729774475098e-01 -1.224215030670166016e+00 -6.080800667405128479e-03 6.683801412582397461e-01 1.945264935493469238e-01 -7.179070115089416504e-01
1.413393940105760574e+09 3.191220760345458984e-02 2.669031023979187012e-01 -1.251673221588134766e+00 -8.505970984697341919e-02 6.913883686065673828e-01 8.743860572576522827e-02 -7.121106386184692383e-01
1.413393940405760527e+09 8.281385898590087891e-02 2.843830585479736328e-01 -1.263267040252685547e+00 2.074392698705196381e-02 6.655856370925903320e-01 1.932220906019210815e-01 -7.205765843391418457e-01
1.413393940605760574e+09 1.334334611892700195e-01 2.812984585762023926e-01 -1.262543678283691406e+00 1.378296166658401489e-01 6.319677829742431641e-01 2.550510466098785400e-01 -7.187271118164062500e-01
1.413393940905760527e+09 1.163463592529296875e-01 2.366834729909896851e-01 -1.216581940650939941e+00 5.897961556911468506e-02 6.457067131996154785e-01 2.005752623081207275e-01 -7.344071865081787109e-01
1.413393941105760574e+09 8.414638042449951172e-02 1.891185641288757324e-01 -1.166963577270507812e+00 -5.456726625561714172e-02 6.689450144767761230e-01 1.255559176206588745e-01 -7.305961847305297852e-01
1.413393941405760527e+09 1.032810211181640625e-01 1.335955560207366943e-01 -1.076985359191894531e+00 1.991034112870693207e-02 6.567009687423706055e-01 2.083825021982192993e-01 -7.245165109634399414e-01
1.413393941605760574e+09 1.246299147605895996e-01 9.525990486145019531e-02 -1.012617230415344238e+00 9.295800328254699707e-02 6.332119107246398926e-01 2.779991626739501953e-01 -7.163225412368774414e-01
1.413393941905760527e+09 7.869529724121093750e-02 4.625880718231201172e-02 -9.045778512954711914e-01 4.877980425953865051e-02 6.343614459037780762e-01 2.475385367870330811e-01 -7.307057380676269531e-01
1.413393942105760574e+09 1.960945129394531250e-02 1.117750629782676697e-02 -8.339995145797729492e-01 -5.834863707423210144e-02 6.543837785720825195e-01 1.572760194540023804e-01 -7.373205423355102539e-01
1.413393942305760622e+09 8.502483367919921875e-03 -4.990400001406669617e-02 -7.174338102340698242e-01 -2.227785997092723846e-02 6.372029185295104980e-01 2.052290588617324829e-01 -7.425342798233032227e-01
1.413393942705760717e+09 3.584191203117370605e-02 -6.405481696128845215e-02 -6.674935817718505859e-01 5.742254853248596191e-02 6.143308281898498535e-01 2.736577987670898438e-01 -7.378426194190979004e-01
1.413393942905760527e+09 -1.052558422088623047e-02 -6.720290333032608032e-02 -5.751124620437622070e-01 -5.450739525258541107e-03 6.397344470024108887e-01 2.224870920181274414e-01 -7.356695532798767090e-01
1.413393943305760622e+09 -2.748432755470275879e-02 -7.023052126169204712e-02 -4.837271571159362793e-01 5.920197069644927979e-02 6.061809659004211426e-01 2.776680290699005127e-01 -7.429268956184387207e-01
1.413393944105760574e+09 -6.782844662666320801e-02 -9.745541960000991821e-02 -4.714995622634887695e-01 1.654537394642829895e-02 5.912917852401733398e-01 1.853940635919570923e-01 -7.846841812133789062e-01
1.413393944305760622e+09 -1.004992127418518066e-01 -1.415177583694458008e-01 -4.446493387222290039e-01 -3.772031143307685852e-02 5.376052260398864746e-01 1.344370394945144653e-01 -8.315555453300476074e-01
1.413393944705760717e+09 -7.239569723606109619e-02 -1.646673083305358887e-01 -4.287563562393188477e-01 6.893682479858398438e-02 4.896280169486999512e-01 2.229575514793395996e-01 -8.401203155517578125e-01
1.413393945105760574e+09 -1.027891784906387329e-01 -2.136233597993850708e-01 -4.038216769695281982e-01 -1.090511307120323181e-02 4.815737605094909668e-01 1.677150875329971313e-01 -8.601391911506652832e-01
1.413393945305760622e+09 -1.130801662802696228e-01 -1.959422826766967773e-01 -3.710034191608428955e-01 -5.889352411031723022e-03 3.793250620365142822e-01 1.233580261468887329e-01 -9.169845581054687500e-01
1.413393945805760622e+09 -9.534162282943725586e-02 -1.682326793670654297e-01 -3.663627803325653076e-01 4.230771586298942566e-02 2.915887534618377686e-01 1.343654245138168335e-01 -9.461141824722290039e-01
1.413393946105760574e+09 -1.016789674758911133e-01 -1.677071601152420044e-01 -3.584004640579223633e-01 -7.386915385723114014e-02 2.260666042566299438e-01 7.353998720645904541e-02 -9.685190320014953613e-01
1.413393946405760527e+09 -8.964482694864273071e-02 -1.445986330509185791e-01 -3.902580440044403076e-01 1.629552803933620453e-02 1.328576356172561646e-01 3.333974257111549377e-02 -9.904401898384094238e-01
1.413393946705760717e+09 -7.395730912685394287e-02 -1.286806911230087280e-01 -4.099984169006347656e-01 8.016859740018844604e-02 4.379771649837493896e-02 3.854418173432350159e-02 -9.950724840164184570e-01
1.413393946905760527e+09 -6.442523002624511719e-02 -1.422804594039916992e-01 -4.039404988288879395e-01 -3.357641771435737610e-02 -6.182439252734184265e-02 1.054550800472497940e-02 -9.974663853645324707e-01
1.413393947205760717e+09 -7.811765372753143311e-02 -1.049922928214073181e-01 -3.995741605758666992e-01 -5.642234534025192261e-02 -1.620284318923950195e-01 -3.190976008772850037e-02 -9.846548438072204590e-01
1.413393947505760670e+09 -9.682341665029525757e-02 -2.770540863275527954e-02 -4.271142482757568359e-01 1.748865237459540367e-03 -2.418583631515502930e-01 -1.430053710937500000e-01 -9.597139954566955566e-01
1.413393947805760622e+09 -8.328457176685333252e-02 2.201382070779800415e-02 -4.598288834095001221e-01 5.413406714797019958e-02 -3.186613321304321289e-01 -1.334055513143539429e-01 -9.368711113929748535e-01
1.413393948005760670e+09 -5.212230980396270752e-02 5.142079293727874756e-02 -4.844805002212524414e-01 3.558438271284103394e-02 -3.915657103061676025e-01 -7.686999440193176270e-02 -9.162429571151733398e-01
1.413393948205760717e+09 -5.148269236087799072e-02 7.502201199531555176e-02 -5.099946260452270508e-01 -4.436329007148742676e-02 -4.669773876667022705e-01 -1.061220988631248474e-01 -8.767565488815307617e-01
1.413393948705760717e+09 -1.084024310111999512e-01 9.460094571113586426e-02 -5.388262867927551270e-01 5.852410197257995605e-02 -4.995890259742736816e-01 -1.795201450586318970e-01 -8.454338312149047852e-01
1.413393949105760574e+09 -1.336917579174041748e-01 7.432831823825836182e-02 -5.600827932357788086e-01 -1.831357181072235107e-02 -6.001762151718139648e-01 -1.511779278516769409e-01 -7.852377891540527344e-01
1.413393949405760527e+09 -2.749648988246917725e-01 4.998651146888732910e-02 -6.129795312881469727e-01 -6.717234849929809570e-02 -6.260102987289428711e-01 -2.927648425102233887e-01 -7.196442484855651855e-01
1.413393950105760574e+09 -3.508964180946350098e-01 6.935848295688629150e-02 -7.436794638633728027e-01 1.074446924030780792e-02 -6.486411094665527344e-01 -2.750149965286254883e-01 -7.095886468887329102e-01
1.413393950305760622e+09 -3.776190280914306641e-01 9.795795381069183350e-02 -9.077606797218322754e-01 6.214424222707748413e-02 -6.596356630325317383e-01 -2.549111843109130859e-01 -7.043005228042602539e-01
1.413393950705760717e+09 -3.374544382095336914e-01 1.814383268356323242e-01 -1.091446280479431152e+00 1.358637306839227676e-02 -6.832551360130310059e-01 -2.089905738830566406e-01 -6.995003819465637207e-01
1.413393951105760574e+09 -2.663993835449218750e-01 3.056400716304779053e-01 -1.247849345207214355e+00 2.212341688573360443e-02 -6.904188990592956543e-01 -2.119468599557876587e-01 -6.913109421730041504e-01
1.413393951605760574e+09 -1.642563343048095703e-01 4.049588441848754883e-01 -1.331336617469787598e+00 2.988903783261775970e-02 -7.035675644874572754e-01 -2.130397856235504150e-01 -6.772838830947875977e-01
1.413393952205760717e+09 4.014587402343750000e-02 4.288428127765655518e-01 -1.369782686233520508e+00 1.833360828459262848e-02 -6.763421893119812012e-01 -1.968691647052764893e-01 -7.095546126365661621e-01
1.413393952905760527e+09 1.348530054092407227e-01 3.993629813194274902e-01 -1.360231995582580566e+00 -1.303930184803903103e-03 -6.252200603485107422e-01 -2.130889594554901123e-01 -7.507938146591186523e-01
1.413393953505760670e+09 3.539904356002807617e-01 4.270805716514587402e-01 -1.443811416625976562e+00 3.107776306569576263e-02 -5.964192748069763184e-01 -1.860076487064361572e-01 -7.802047729492187500e-01
1.413393954305760622e+09 4.094616174697875977e-01 4.159758090972900391e-01 -1.453970432281494141e+00 7.246419042348861694e-02 -5.034439563751220703e-01 -1.871602088212966919e-01 -8.403952121734619141e-01
1.413393954805760622e+09 5.534075498580932617e-01 3.767268061637878418e-01 -1.412523865699768066e+00 7.364241033792495728e-02 -4.536195695400238037e-01 -1.608479917049407959e-01 -8.734609484672546387e-01
1.413393955105760574e+09 7.023786902427673340e-01 3.293907940387725830e-01 -1.341062903404235840e+00 2.607300877571105957e-02 -4.321610629558563232e-01 -1.366907507181167603e-01 -8.909953832626342773e-01
1.413393955405760527e+09 8.489887714385986328e-01 2.801273763179779053e-01 -1.259578824043273926e+00 -7.164834067225456238e-03 -3.674238920211791992e-01 -9.562462568283081055e-02 -9.250969290733337402e-01
1.413393955705760717e+09 9.925740361213684082e-01 2.645196914672851562e-01 -1.144679188728332520e+00 3.091382794082164764e-02 -2.851845324039459229e-01 -2.959115989506244659e-02 -9.575167894363403320e-01
1.413393956105760574e+09 1.047262668609619141e+00 2.361584305763244629e-01 -1.038827896118164062e+00 1.497894618660211563e-02 -2.144517302513122559e-01 -6.010269746184349060e-02 -9.747685194015502930e-01
1.413393956405760527e+09 1.085682272911071777e+00 1.997677683830261230e-01 -9.392337799072265625e-01 -1.205931045114994049e-02 -1.201399713754653931e-01 -2.310119196772575378e-02 -9.924148917198181152e-01
1.413393956705760717e+09 1.110623598098754883e+00 1.711921691894531250e-01 -8.573024868965148926e-01 2.204751782119274139e-02 -3.244697116315364838e-03 -3.613973734900355339e-03 -9.997451305389404297e-01
1.413393957005760670e+09 1.137014269828796387e+00 1.382154077291488647e-01 -7.722988724708557129e-01 2.605727687478065491e-02 1.070006862282752991e-01 3.054701164364814758e-02 -9.934479594230651855e-01
1.413393957305760622e+09 1.166150093078613281e+00 1.058576852083206177e-01 -6.794499158859252930e-01 1.628372073173522949e-02 2.249529659748077393e-01 7.581046968698501587e-02 -9.712795019149780273e-01
1.413393957605760574e+09 1.197166085243225098e+00 1.012227535247802734e-01 -5.772229433059692383e-01 -2.088033407926559448e-02 3.336649239063262939e-01 1.078054085373878479e-01 -9.362744688987731934e-01
1.413393957905760527e+09 1.243126034736633301e+00 1.178389191627502441e-01 -4.774080812931060791e-01 -1.294739078730344772e-02 4.114954471588134766e-01 1.863529980182647705e-01 -8.920630812644958496e-01
1.413393958605760574e+09 1.166907072067260742e+00 1.575604379177093506e-01 -3.009295165538787842e-01 -3.237415570765733719e-03 4.214273393154144287e-01 1.262525320053100586e-01 -8.980249762535095215e-01
1.413393959705760717e+09 1.200431466102600098e+00 2.083134502172470093e-01 -2.414208352565765381e-01 3.232890740036964417e-02 4.035974740982055664e-01 1.604407280683517456e-01 -9.001793265342712402e-01
1.413393960605760574e+09 1.175210475921630859e+00 2.687262892723083496e-01 -2.278212308883666992e-01 8.729478344321250916e-03 4.867479205131530762e-01 1.766452044248580933e-01 -8.554512262344360352e-01
1.413393960905760527e+09 1.152096867561340332e+00 3.307623267173767090e-01 -2.131537795066833496e-01 4.253887757658958435e-02 5.213465690612792969e-01 1.985309273004531860e-01 -8.288387656211853027e-01
1.413393961205760717e+09 1.069355130195617676e+00 3.512715697288513184e-01 -1.931697726249694824e-01 -4.598885774612426758e-02 5.656198859214782715e-01 1.063318550586700439e-01 -8.164880871772766113e-01
1.413393961705760717e+09 1.108920097351074219e+00 2.268652170896530151e-01 -2.258595824241638184e-01 -7.993814535439014435e-03 5.397975444793701172e-01 1.830203384160995483e-01 -8.216193318367004395e-01
1.413393962105760574e+09 1.141130805015563965e+00 1.292259991168975830e-01 -2.679903507232666016e-01 1.292125601321458817e-02 5.359286069869995117e-01 1.970473527908325195e-01 -8.208446502685546875e-01
1.413393962305760622e+09 1.162346601486206055e+00 8.841246366500854492e-03 -3.202761411666870117e-01 3.112593851983547211e-02 5.339004993438720703e-01 2.067704200744628906e-01 -8.192847371101379395e-01
1.413393962505760670e+09 1.145952224731445312e+00 -1.747580766677856445e-01 -3.938575387001037598e-01 7.220230996608734131e-02 4.820539057254791260e-01 2.414278835058212280e-01 -8.391206860542297363e-01
1.413393962805760622e+09 1.088459372520446777e+00 -2.319288253784179688e-01 -4.055777490139007568e-01 1.704417727887630463e-02 4.231640100479125977e-01 2.262607514858245850e-01 -8.771817684173583984e-01
1.413393963005760670e+09 1.006423592567443848e+00 -2.666539251804351807e-01 -4.196321964263916016e-01 -2.327101863920688629e-02 3.473539650440216064e-01 1.959560215473175049e-01 -9.167360663414001465e-01
1.413393963205760717e+09 9.088125824928283691e-01 -2.758908271789550781e-01 -4.472868740558624268e-01 -3.599369153380393982e-02 2.789008617401123047e-01 1.366191208362579346e-01 -9.498705863952636719e-01
1.413393963405760527e+09 7.531572580337524414e-01 -2.400581240653991699e-01 -5.090613365173339844e-01 -3.067323192954063416e-02 1.754736006259918213e-01 7.795908302068710327e-02 -9.809131622314453125e-01
1.413393963805760622e+09 6.479923129081726074e-01 -1.889595538377761841e-01 -5.614510774612426758e-01 -3.454480320215225220e-02 1.130707040429115295e-01 5.904492363333702087e-02 -9.912292361259460449e-01
1.413393964005760670e+09 5.408594608306884766e-01 -1.159055382013320923e-01 -6.214380264282226562e-01 -2.213063277304172516e-02 4.980699717998504639e-02 5.173475295305252075e-02 -9.971725344657897949e-01
1.413393964105760574e+09 3.693685829639434814e-01 1.871586963534355164e-02 -7.183097600936889648e-01 -1.029528491199016571e-02 -3.286946192383766174e-02 2.610679715871810913e-03 -9.994032382965087891e-01
1.413393964405760527e+09 2.555776834487915039e-01 1.043909862637519836e-01 -7.897850275039672852e-01 -1.597248017787933350e-03 -8.087638020515441895e-02 -3.427913039922714233e-02 -9.961332082748413086e-01
1.413393964705760717e+09 1.526352465152740479e-01 1.803132593631744385e-01 -8.665333390235900879e-01 -4.410164430737495422e-03 -1.236756294965744019e-01 -7.013162225484848022e-02 -9.898315668106079102e-01
1.413393964905760527e+09 6.931330263614654541e-02 2.478020191192626953e-01 -9.502786993980407715e-01 1.068901270627975464e-02 -1.637661308050155640e-01 -1.061207950115203857e-01 -9.807164669036865234e-01
1.413393965005760670e+09 1.397662982344627380e-02 3.074662685394287109e-01 -1.037868022918701172e+00 5.226539820432662964e-02 -1.932968348264694214e-01 -1.678028553724288940e-01 -9.652704000473022461e-01
1.413393965205760717e+09 9.297534823417663574e-03 3.541534841060638428e-01 -1.120810508728027344e+00 9.356018900871276855e-02 -2.286522984504699707e-01 -1.998727172613143921e-01 -9.481643438339233398e-01
1.413393965405760527e+09 6.402093172073364258e-02 3.826627731323242188e-01 -1.184923887252807617e+00 1.292615383863449097e-01 -2.726713716983795166e-01 -1.153847277164459229e-01 -9.463763833045959473e-01
1.413393965605760574e+09 1.431622654199600220e-01 3.827178180217742920e-01 -1.206586003303527832e+00 1.215598285198211670e-01 -2.977544069290161133e-01 -2.354071289300918579e-02 -9.465788006782531738e-01
1.413393965805760622e+09 2.610980272293090820e-01 3.376690149307250977e-01 -1.128291010856628418e+00 3.841009363532066345e-02 -2.993575036525726318e-01 -1.601880230009555817e-02 -9.532330632209777832e-01
1.413393966405760527e+09 2.861284613609313965e-01 2.205008864402770996e-01 -9.869291782379150391e-01 1.213818136602640152e-02 -3.016954660415649414e-01 5.412756465375423431e-03 -9.533116817474365234e-01
1.413393966605760574e+09 2.524361908435821533e-01 1.470920741558074951e-01 -9.027444720268249512e-01 -3.560378775000572205e-02 -2.938580214977264404e-01 -5.385291762650012970e-03 -9.551705718040466309e-01
1.413393966905760527e+09 1.503023803234100342e-01 8.684580028057098389e-02 -7.809265851974487305e-01 -2.737026102840900421e-02 -2.858067154884338379e-01 -5.489190295338630676e-02 -9.563223123550415039e-01
1.413393967205760717e+09 -4.795757681131362915e-02 8.218550682067871094e-02 -6.135483384132385254e-01 -2.682193182408809662e-02 -3.475204706192016602e-01 -1.163511872291564941e-01 -9.300390481948852539e-01
1.413393967705760717e+09 -1.869738847017288208e-01 1.053783074021339417e-01 -5.446459054946899414e-01 -7.542625535279512405e-03 -4.529155790805816650e-01 -1.589713990688323975e-01 -8.772335648536682129e-01
1.413393968005760670e+09 -3.128890991210937500e-01 3.101134300231933594e-02 -5.361728668212890625e-01 4.664907604455947876e-02 -4.901508092880249023e-01 -1.837776601314544678e-01 -8.507654666900634766e-01
1.413393968905760527e+09 -3.430412411689758301e-01 1.530718803405761719e-02 -4.076125919818878174e-01 -1.110195368528366089e-02 -5.593912601470947266e-01 -1.707366257905960083e-01 -8.110531568527221680e-01
1.413393969305760622e+09 -3.602663874626159668e-01 4.813190549612045288e-02 -3.114324212074279785e-01 -3.040215559303760529e-02 -6.442145705223083496e-01 -2.183543890714645386e-01 -7.323829531669616699e-01
1.413393969705760717e+09 -4.162101447582244873e-01 2.741867303848266602e-02 -3.326413035392761230e-01 6.127388216555118561e-03 -7.100708484649658203e-01 -2.471638172864913940e-01 -6.592965126037597656e-01
1.413393970305760622e+09 -4.066663980484008789e-01 -1.429428905248641968e-02 -4.449820816516876221e-01 4.787779971957206726e-02 -7.294857501983642578e-01 -1.704674959182739258e-01 -6.606808900833129883e-01
1.413393971205760717e+09 -3.859495520591735840e-01 -4.928063601255416870e-02 -3.484097421169281006e-01 -2.112124115228652954e-02 -7.327855229377746582e-01 -1.298874765634536743e-01 -6.676140427589416504e-01
1.413393971405760527e+09 -4.413593411445617676e-01 -9.131105244159698486e-02 -2.201993465423583984e-01 -4.529612883925437927e-02 -7.148104310035705566e-01 -1.746192723512649536e-01 -6.756496429443359375e-01
1.413393971705760717e+09 -5.141139030456542969e-01 -1.163012534379959106e-01 -1.376294791698455811e-01 -9.141579270362854004e-02 -6.857237219810485840e-01 -2.664251327514648438e-01 -6.711511611938476562e-01
1.413393972105760574e+09 -7.298961877822875977e-01 -1.360112428665161133e-01 -9.760063886642456055e-02 -1.787433959543704987e-02 -6.995706558227539062e-01 -2.847718894481658936e-01 -6.551232337951660156e-01
1.413393972505760670e+09 -8.703638911247253418e-01 -9.412655234336853027e-02 -1.295217871665954590e-01 5.761289969086647034e-02 -7.160603404045104980e-01 -2.355754077434539795e-01 -6.545552015304565430e-01
1.413393973205760717e+09 -9.684171676635742188e-01 -7.216092944145202637e-02 -6.876373291015625000e-02 -1.633981242775917053e-03 -7.434169650077819824e-01 -1.557220965623855591e-01 -6.504454016685485840e-01
1.413393973605760574e+09 -1.081991672515869141e+00 -9.120796620845794678e-02 6.481826305389404297e-02 -5.952616408467292786e-02 -7.191030979156494141e-01 -1.989160478115081787e-01 -6.631589531898498535e-01
1.413393973905760527e+09 -1.180246710777282715e+00 -1.050766706466674805e-01 1.255252361297607422e-01 -6.892524659633636475e-02 -6.712094545364379883e-01 -3.187234997749328613e-01 -6.656895279884338379e-01
1.413393974105760574e+09 -1.268943905830383301e+00 -1.082831025123596191e-01 1.319949626922607422e-01 2.963884174823760986e-02 -6.370271444320678711e-01 -3.968945741653442383e-01 -6.601459383964538574e-01
1.413393974305760622e+09 -1.295619249343872070e+00 -1.125378012657165527e-01 8.363878726959228516e-02 1.465599387884140015e-01 -6.434612870216369629e-01 -3.619700372219085693e-01 -6.583734154701232910e-01
1.413393974505760670e+09 -1.230104446411132812e+00 -1.331869363784790039e-01 2.295315265655517578e-02 1.895646452903747559e-01 -6.649016737937927246e-01 -2.746056020259857178e-01 -6.682535409927368164e-01
1.413393974705760717e+09 -1.095655560493469238e+00 -1.727231740951538086e-01 -5.955815315246582031e-03 1.361127942800521851e-01 -6.933404207229614258e-01 -1.807464957237243652e-01 -6.841660737991333008e-01
1.413393974905760527e+09 -9.409193992614746094e-01 -2.082163095474243164e-01 8.231520652770996094e-03 4.567841440439224243e-02 -7.037161588668823242e-01 -1.615826338529586792e-01 -6.903536915779113770e-01
1.413393975105760574e+09 -7.295448184013366699e-01 -2.279623448848724365e-01 8.174180984497070312e-02 -1.275978609919548035e-02 -6.994308829307556152e-01 -1.905333250761032104e-01 -6.887167692184448242e-01
1.413393975505760670e+09 -5.188845396041870117e-01 -2.636598646640777588e-01 1.999993920326232910e-01 -1.936253532767295837e-02 -7.072300910949707031e-01 -1.601576954126358032e-01 -6.883314251899719238e-01
1.413393975905760527e+09 -3.924860358238220215e-01 -3.146951198577880859e-01 3.658773601055145264e-01 -2.382371760904788971e-02 -7.082265615463256836e-01 -2.158344984054565430e-01 -6.717611551284790039e-01
1.413393976505760670e+09 -3.630804419517517090e-01 -3.230410516262054443e-01 4.881412982940673828e-01 -4.320748895406723022e-02 -6.812730431556701660e-01 -2.353666722774505615e-01 -6.918112039566040039e-01
1.413393976905760527e+09 -2.161597609519958496e-01 -4.287635087966918945e-01 5.679886937141418457e-01 -5.695887841284275055e-03 -7.080839872360229492e-01 -2.276586741209030151e-01 -6.683982610702514648e-01
1.413393978605760574e+09 -1.655506491661071777e-01 -4.780606627464294434e-01 5.978902578353881836e-01 -2.400777861475944519e-02 -7.702305316925048828e-01 -2.577792704105377197e-01 -5.828537344932556152e-01
1.413393978905760527e+09 -1.483545303344726562e-01 -5.171638727188110352e-01 5.822167992591857910e-01 -3.920121118426322937e-02 -8.347989320755004883e-01 -2.881778478622436523e-01 -4.674693644046783447e-01
1.413393979305760622e+09 -1.611782312393188477e-01 -5.052398443222045898e-01 5.467651486396789551e-01 -5.613441020250320435e-02 -8.773511648178100586e-01 -3.022014498710632324e-01 -3.684809505939483643e-01
1.413393979605760574e+09 -2.132830917835235596e-01 -4.525262117385864258e-01 4.933368563652038574e-01 -5.128829181194305420e-02 -9.116378426551818848e-01 -3.085171580314636230e-01 -2.666517496109008789e-01
1.413393979905760527e+09 -2.722058594226837158e-01 -4.219033718109130859e-01 4.424738287925720215e-01 -2.800046093761920929e-02 -9.265273809432983398e-01 -3.173278570175170898e-01 -2.001647502183914185e-01
1.413393980105760574e+09 -3.392880260944366455e-01 -3.900663852691650391e-01 3.822453618049621582e-01 9.823792614042758942e-03 -9.299377202987670898e-01 -3.405547440052032471e-01 -1.383541673421859741e-01
1.413393980305760622e+09 -4.182497859001159668e-01 -3.426379561424255371e-01 2.710149288177490234e-01 3.893913328647613525e-02 -9.328510165214538574e-01 -3.449132144451141357e-01 -9.647607058286666870e-02
1.413393980605760574e+09 -4.560123085975646973e-01 -2.961232662200927734e-01 1.374718844890594482e-01 3.669887036085128784e-02 -9.441092610359191895e-01 -3.139054179191589355e-01 -9.367191791534423828e-02
1.413393981105760574e+09 -4.618101119995117188e-01 -2.529206275939941406e-01 -1.188677772879600525e-01 -2.050139755010604858e-02 -9.370060563087463379e-01 -3.349934816360473633e-01 -9.684346616268157959e-02
1.413393981605760574e+09 -4.829352498054504395e-01 -2.030843943357467651e-01 -4.447497427463531494e-01 2.465809136629104614e-02 -9.357547163963317871e-01 -3.337520062923431396e-01 -1.111973673105239868e-01
1.413393982005760670e+09 -4.536359310150146484e-01 -9.611897170543670654e-02 -7.022438645362854004e-01 4.024554416537284851e-02 -9.335902333259582520e-01 -2.998473942279815674e-01 -1.920444965362548828e-01
1.413393982305760622e+09 -4.129482507705688477e-01 -5.377763509750366211e-02 -8.205902576446533203e-01 3.711960464715957642e-02 -9.153059124946594238e-01 -2.919610142707824707e-01 -2.749471664428710938e-01
1.413393982505760670e+09 -3.628545999526977539e-01 -1.863843202590942383e-02 -9.321603775024414062e-01 4.021176323294639587e-02 -8.798608779907226562e-01 -2.853043973445892334e-01 -3.779275417327880859e-01
1.413393982705760717e+09 -2.983008623123168945e-01 1.084349118173122406e-02 -1.031923055648803711e+00 5.199773982167243958e-02 -8.308112025260925293e-01 -2.586907148361206055e-01 -4.900287985801696777e-01
1.413393982905760527e+09 -2.255607843399047852e-01 3.671307116746902466e-02 -1.114387631416320801e+00 6.322037428617477417e-02 -7.682380080223083496e-01 -2.224768400192260742e-01 -5.969235301017761230e-01
1.413393983105760574e+09 -1.443576812744140625e-01 5.866877734661102295e-02 -1.175604343414306641e+00 7.517123967409133911e-02 -6.958975195884704590e-01 -1.831586956977844238e-01 -6.903107166290283203e-01
1.413393983305760622e+09 -5.823421478271484375e-02 7.028754055500030518e-02 -1.205371141433715820e+00 8.111838996410369873e-02 -6.199260354042053223e-01 -1.358741372823715210e-01 -7.685374021530151367e-01
1.413393983505760670e+09 2.262771129608154297e-02 6.458914279937744141e-02 -1.198384284973144531e+00 6.689256429672241211e-02 -5.412970185279846191e-01 -8.761465549468994141e-02 -8.335746526718139648e-01
1.413393983705760717e+09 8.528706431388854980e-02 4.186092317104339600e-02 -1.156929016113281250e+00 4.962467029690742493e-02 -4.584487974643707275e-01 -5.392383784055709839e-02 -8.856943249702453613e-01
1.413393983905760527e+09 1.225549131631851196e-01 4.762239754199981689e-03 -1.089953899383544922e+00 3.539847955107688904e-02 -3.787348866462707520e-01 -2.888278663158416748e-02 -9.243769645690917969e-01
1.413393984105760574e+09 1.302562654018402100e-01 -4.168724268674850464e-02 -1.004311680793762207e+00 2.359841950237751007e-02 -3.008448183536529541e-01 7.175549864768981934e-03 -9.533540606498718262e-01
1.413393984305760622e+09 9.835606813430786133e-02 -9.781239926815032959e-02 -9.026103019714355469e-01 1.002179365605115891e-02 -2.250107973814010620e-01 2.871702052652835846e-02 -9.738814830780029297e-01
1.413393984505760670e+09 3.321532905101776123e-02 -1.580053716897964478e-01 -7.960295677185058594e-01 -3.696935484185814857e-03 -1.665523946285247803e-01 4.343862459063529968e-02 -9.850684404373168945e-01
1.413393984705760717e+09 -5.841833353042602539e-02 -2.098744213581085205e-01 -6.884585022926330566e-01 -4.327885806560516357e-03 -1.183673888444900513e-01 3.238958306610584259e-03 -9.929552078247070312e-01
1.413393984905760527e+09 -1.945285499095916748e-01 -2.466861903667449951e-01 -5.186713337898254395e-01 1.461776066571474075e-02 -1.319019049406051636e-01 -7.568932324647903442e-02 -9.882608056068420410e-01
1.413393985305760622e+09 -2.988777458667755127e-01 -2.488165348768234253e-01 -3.427641093730926514e-01 -6.042222958058118820e-04 -2.483194917440414429e-01 -6.786014884710311890e-02 -9.662981629371643066e-01
1.413393985505760670e+09 -4.021384418010711670e-01 -2.530167996883392334e-01 -1.799855530261993408e-01 1.318439934402704239e-02 -3.524613976478576660e-01 -1.158169209957122803e-01 -9.285385012626647949e-01
1.413393985805760622e+09 -4.941971898078918457e-01 -2.691894173622131348e-01 -2.924649417400360107e-02 3.325968235731124878e-02 -4.322680830955505371e-01 -1.891810894012451172e-01 -8.810497522354125977e-01
1.413393986205760717e+09 -5.309160351753234863e-01 -3.118217289447784424e-01 1.405977904796600342e-01 -5.586059298366308212e-03 -5.363972783088684082e-01 -2.643290460109710693e-01 -8.014841675758361816e-01
1.413393986505760670e+09 -4.898790717124938965e-01 -3.362259864807128906e-01 1.980609744787216187e-01 1.275587594136595726e-03 -6.394233107566833496e-01 -2.260542809963226318e-01 -7.348712682723999023e-01
1.413393986805760622e+09 -4.316766560077667236e-01 -3.738303184509277344e-01 2.529019117355346680e-01 1.376163400709629059e-02 -7.204916477203369141e-01 -2.029259502887725830e-01 -6.629656553268432617e-01
1.413393987505760670e+09 -3.288205862045288086e-01 -4.618322253227233887e-01 5.023536086082458496e-01 9.884101338684558868e-03 -7.461600899696350098e-01 -2.356466501951217651e-01 -6.225898861885070801e-01
1.413393988405760527e+09 -2.459521889686584473e-01 -4.285503327846527100e-01 8.018321394920349121e-01 4.477766156196594238e-02 -7.688487172126770020e-01 -1.987816989421844482e-01 -6.060961484909057617e-01
1.413393988805760622e+09 -2.231234312057495117e-01 -4.444379210472106934e-01 9.158041477203369141e-01 5.404010415077209473e-03 -7.591181993484497070e-01 -2.660776376724243164e-01 -5.940649509429931641e-01
1.413393989005760670e+09 -1.772917509078979492e-01 -5.083317160606384277e-01 1.035631895065307617e+00 -2.478533796966075897e-02 -7.548023462295532227e-01 -3.603792488574981689e-01 -5.475271344184875488e-01
1.413393989405760527e+09 -1.003068685531616211e-01 -5.939413309097290039e-01 1.048892498016357422e+00 1.332277990877628326e-02 -8.169363141059875488e-01 -2.414724081754684448e-01 -5.235731005668640137e-01
1.413393989605760574e+09 1.713478565216064453e-02 -6.559265255928039551e-01 1.116496920585632324e+00 -2.359653078019618988e-02 -8.410626053810119629e-01 -2.525836229324340820e-01 -4.777640402317047119e-01
1.413393990205760717e+09 5.337738990783691406e-02 -6.413224935531616211e-01 1.178631067276000977e+00 -4.136545583605766296e-02 -8.835240602493286133e-01 -2.748316228389739990e-01 -3.770168423652648926e-01
1.413393990405760527e+09 4.384589195251464844e-02 -6.143555045127868652e-01 1.229274749755859375e+00 -5.585365742444992065e-02 -9.050082564353942871e-01 -3.335743248462677002e-01 -2.580089867115020752e-01
1.413393990705760717e+09 1.532292366027832031e-02 -5.948787927627563477e-01 1.239695191383361816e+00 4.028714727610349655e-03 -8.914550542831420898e-01 -4.053263068199157715e-01 -2.024900317192077637e-01
1.413393990905760527e+09 5.935847759246826172e-03 -5.675302743911743164e-01 1.170765519142150879e+00 7.536116987466812134e-02 -9.211452007293701172e-01 -3.356809616088867188e-01 -1.820182204246520996e-01
1.413393991205760717e+09 3.923344612121582031e-02 -5.631723403930664062e-01 1.103692293167114258e+00 3.338396176695823669e-02 -9.596316218376159668e-01 -2.048871219158172607e-01 -1.897734254598617554e-01
1.413393991405760527e+09 9.403514862060546875e-02 -5.729088187217712402e-01 1.085677862167358398e+00 -5.539267510175704956e-02 -9.217066168785095215e-01 -3.208713531494140625e-01 -2.107848972082138062e-01
1.413393992005760670e+09 6.968939304351806641e-02 -6.097894310951232910e-01 1.049670934677124023e+00 6.237900815904140472e-03 -9.492607712745666504e-01 -2.393508404493331909e-01 -2.039029300212860107e-01
1.413393992305760622e+09 -5.250048637390136719e-02 -6.528367996215820312e-01 1.058432340621948242e+00 2.895972877740859985e-02 -9.227054715156555176e-01 -3.305189311504364014e-01 -1.962987184524536133e-01
1.413393993305760622e+09 -2.523809671401977539e-02 -6.842080354690551758e-01 9.975340962409973145e-01 2.364066988229751587e-02 -9.524894356727600098e-01 -2.311998307704925537e-01 -1.968547552824020386e-01
1.413393993905760527e+09 -4.098176956176757812e-03 -7.472594976425170898e-01 1.168337821960449219e+00 -2.220262028276920319e-02 -9.180667996406555176e-01 -3.415810465812683105e-01 -1.999572664499282837e-01
1.413393994605760574e+09 -3.379601240158081055e-02 -7.566450834274291992e-01 1.265492916107177734e+00 6.236680317670106888e-03 -8.699989914894104004e-01 -4.551997780799865723e-01 -1.893572807312011719e-01
1.413393994805760622e+09 -3.738033771514892578e-02 -7.147588133811950684e-01 1.291804909706115723e+00 1.269806921482086182e-02 -9.238150119781494141e-01 -3.383947610855102539e-01 -1.785877197980880737e-01
1.413393995205760717e+09 -1.214766502380371094e-02 -6.368933320045471191e-01 1.245513200759887695e+00 -5.553712695837020874e-02 -9.133899807929992676e-01 -3.097939789295196533e-01 -2.581899464130401611e-01
1.413393995605760574e+09 -3.694891929626464844e-02 -5.832591056823730469e-01 1.194744467735290527e+00 -2.194901742041110992e-02 -8.860834836959838867e-01 -2.626191377639770508e-01 -3.813207745552062988e-01
1.413393995905760527e+09 -9.707796573638916016e-02 -5.427215099334716797e-01 1.152148604393005371e+00 -2.283712849020957947e-02 -8.370321989059448242e-01 -2.204612344503402710e-01 -5.002522468566894531e-01
1.413393996305760622e+09 -2.309216260910034180e-01 -4.829640984535217285e-01 1.117543697357177734e+00 -2.681112382560968399e-04 -7.930484414100646973e-01 -2.594671845436096191e-01 -5.511359572410583496e-01
1.413393996705760717e+09 -3.835525512695312500e-01 -3.728623688220977783e-01 1.079840183258056641e+00 3.117944858968257904e-02 -7.684252262115478516e-01 -2.598350346088409424e-01 -5.839831829071044922e-01
1.413393997705760717e+09 -4.749860763549804688e-01 -2.562360465526580811e-01 1.044908761978149414e+00 1.669928431510925293e-02 -7.523628473281860352e-01 -2.285925149917602539e-01 -6.175894141197204590e-01
1.413393997905760527e+09 -5.064797401428222656e-01 -2.034710943698883057e-01 1.063273787498474121e+00 2.707128226757049561e-02 -7.569594383239746094e-01 -2.353023737668991089e-01 -6.090257167816162109e-01
1.413393998505760670e+09 -5.065338611602783203e-01 -2.099621891975402832e-01 1.112703442573547363e+00 -6.796920672059059143e-03 -7.567870616912841797e-01 -2.665218710899353027e-01 -5.968193411827087402e-01
1.413393999205760717e+09 -4.892686605453491211e-01 -1.794793903827667236e-01 1.153038501739501953e+00 1.389466132968664169e-02 -7.578771114349365234e-01 -2.633561789989471436e-01 -5.967183709144592285e-01
1.413393999605760574e+09 -4.596916437149047852e-01 -1.550856232643127441e-01 1.163800477981567383e+00 -1.839398220181465149e-02 -7.548193931579589844e-01 -2.752296626567840576e-01 -5.951117873191833496e-01
1.413394000005760670e+09 -4.447417259216308594e-01 -1.226623654365539551e-01 1.157795071601867676e+00 -1.086315885186195374e-02 -7.585908174514770508e-01 -2.621892690658569336e-01 -5.963882207870483398e-01
1.413394000105760574e+09 -4.463763236999511719e-01 -1.203448176383972168e-01 1.159992933273315430e+00 1.630879193544387817e-02 -7.788950204849243164e-01 -2.252520620822906494e-01 -5.850796103477478027e-01
