1.413393889805760512e+18 -9.554677156132548310e-01 5.015084381962305882e-01 1.407326754236308375e+00 -5.712530100668813393e-01 -5.984548504649562783e-01 3.992912329238590408e-01 3.950801206776146102e-01
1.413393889905760512e+18 -9.609147323832384346e-01 5.038642073246004660e-01 1.442841549564326531e+00 -5.668685598776777024e-01 -6.049057576020145932e-01 3.892301446710333401e-01 4.015581585791867525e-01
1.413393891405760512e+18 -1.105573697289098156e+00 1.792729686253983767e-01 1.735262416306462940e+00 -5.367404590294182487e-01 -5.545703270472350788e-01 4.555786728458531831e-01 4.436321729176359585e-01
1.413393892105760512e+18 -5.293554017173391912e-01 1.725067633763999186e-02 1.752853670715304846e+00 -5.522454167064129171e-01 -5.727463961907884871e-01 4.330247275040045030e-01 4.236462566190192236e-01
1.413393892405760512e+18 -9.633998445648850328e-02 -4.948642385322826742e-02 1.800025822924775643e+00 -5.699256141175600421e-01 -5.893088669450836647e-01 4.044948228906046772e-01 4.053193703332254594e-01
1.413393892605760512e+18 2.882098641443716636e-01 -1.291418232230345242e-01 1.767945562685080407e+00 -5.836371669698224851e-01 -5.998456317464888610e-01 3.827094925052774710e-01 3.912624691335072624e-01
1.413393892805760512e+18 4.959494893262356152e-01 -1.932192585858821254e-01 1.737247335882958099e+00 -6.020890975661932210e-01 -6.209506264463352521e-01 3.485137636577478326e-01 3.611747425401484191e-01
1.413393893105760512e+18 5.830648453260468544e-01 -4.442136614182956578e-01 1.767857545301978917e+00 -6.077052438593312234e-01 -6.083829669603422197e-01 3.710209297268845519e-01 3.505823324170802557e-01
1.413393894405760512e+18 -5.588650725084735038e-01 -6.202404552968572293e-01 1.900334424478519191e+00 -5.834860617439933117e-01 -5.763456093253668255e-01 4.212022477588472369e-01 3.872446524417748615e-01
1.413393894805760512e+18 -1.065685018895693004e+00 -5.508626037936337205e-01 1.822107754252989764e+00 -5.684544755860120313e-01 -5.728286148080614648e-01 4.306588161187722141e-01 4.040542925678278219e-01
1.413393895605760512e+18 -1.942417610962964281e+00 -3.484494980063986835e-01 1.698880189976026411e+00 -5.812811928726966393e-01 -5.433596166012781836e-01 4.179781846083700514e-01 4.383682687545918388e-01
1.413393895905760512e+18 -2.187199860756960490e+00 -2.533735788570937730e-01 1.667694504671363154e+00 -6.337091714751323934e-01 -4.836996001198966555e-01 3.632493478334298809e-01 4.821797321857698715e-01
1.413393896405760512e+18 -2.448305652064940663e+00 -1.528347669326276526e-01 1.684654427654915132e+00 -7.280145269114961515e-01 -3.055120607664814636e-01 2.766622301450122889e-01 5.478277464160029586e-01
1.413393897305760512e+18 -2.490429209013539591e+00 2.628893643325169727e-01 1.743011887726064524e+00 -7.933831180731826249e-01 -1.903972899236321403e-01 8.350728357140452252e-02 5.721176745537022157e-01
1.413393897905760512e+18 -2.751589725921880003e+00 5.369324989365829026e-01 1.787159292242056274e+00 -7.906916227070018843e-01 -1.763768268359222902e-01 5.003363609615048280e-02 5.841186591740222811e-01
1.413393898405760512e+18 -3.073069660987074680e+00 6.344795978412143267e-01 1.885101435171539386e+00 -7.188969612402803522e-01 -5.372753536637558947e-02 7.795659995734276204e-02 6.886387148469336195e-01
1.413393898605760512e+18 -3.200966493227434206e+00 5.592165490287418494e-01 1.886534437470360537e+00 -7.848343855975219441e-01 -2.904184166209450302e-02 1.024703610778638363e-01 6.104845483033995990e-01
1.413393898805760512e+18 -3.275945860982544477e+00 4.566842653663788498e-01 1.866155742897154912e+00 -8.671085521270710528e-01 -2.834683443395999772e-02 8.800629759930002349e-02 4.894630807206316603e-01
1.413393899405760512e+18 -3.403575880530961051e+00 6.302510085521911831e-01 2.038632478666472458e+00 -7.004198671883321570e-01 -5.319257137735466240e-02 4.701345572734099559e-02 7.101917311393577403e-01
1.413393899605760512e+18 -3.406409437860371980e+00 4.041338487855627437e-01 2.133733213408230522e+00 -7.925327108384269126e-01 -3.074229652190201001e-02 1.337389550745978761e-01 5.941891158134827711e-01
1.413393900405760512e+18 -3.041239340638671962e+00 1.759268415882948577e-01 2.108955133379086355e+00 -8.462272940892167084e-01 -8.516702781073730300e-02 8.080477927970650814e-03 5.259093552968827634e-01
1.413393900605760512e+18 -2.942758529703382031e+00 2.471330390164730717e-01 2.071626414048725273e+00 -7.542850428553939945e-01 -7.923344386972944187e-02 1.513886988053582752e-02 6.515726744699470441e-01
1.413393900805760512e+18 -2.772735384411465276e+00 1.541456572373885447e-01 1.939168196683179746e+00 -7.943720114605795635e-01 -4.093158284825688942e-02 8.048046979619520591e-02 6.006834498427543467e-01
1.413393901405760512e+18 -2.504063895125372419e+00 1.042284352010924842e-02 1.854813925910456796e+00 -8.806336276690400755e-01 -8.637995487569566366e-02 6.220497983921283169e-03 4.658156530420280994e-01
1.413393902605760512e+18 -2.789718036884296204e+00 7.762654340000680886e-01 1.923329481624275195e+00 -8.153643588002570386e-01 -7.742097856419359603e-02 1.290880154924820868e-02 5.736029265258068000e-01
1.413393903305760512e+18 -3.233883979730128200e+00 1.321673455085307314e+00 2.098115387126174625e+00 -8.166615380213076980e-01 -7.810938079162397032e-03 1.147784179681881657e-02 5.769498944541744390e-01
1.413393903605760512e+18 -3.400407502918080915e+00 1.656947455731340169e+00 2.063984634847159327e+00 -7.939279216275771933e-01 1.122716261332338261e-01 -1.034424407080234559e-02 5.974667637953752219e-01
1.413393904305760512e+18 -3.314088442146037039e+00 2.005499447929751433e+00 2.106452505407965692e+00 -8.039191461832811969e-01 1.322000771389624518e-01 -7.122380629865984747e-02 5.754687788409791338e-01
1.413393905305760512e+18 -2.976273180027860121e+00 2.538643373787909496e+00 2.079038763200756534e+00 -7.379711137945613730e-01 3.182618102007850336e-01 -2.465557755028870146e-01 5.415886861250924778e-01
1.413393905605760512e+18 -2.896967757529491649e+00 2.752493856992868526e+00 2.034151851759235186e+00 -6.843787358273787369e-01 4.513148708811961507e-01 -2.525918603796545869e-01 5.139435624061781116e-01
1.413393906305760512e+18 -2.544382617242926692e+00 2.877820105654180338e+00 1.931876975016299403e+00 -6.255990058132014919e-01 4.984728560988282986e-01 -3.922969047820319966e-01 4.541517743625451686e-01
1.413393906805760512e+18 -2.324508272174056422e+00 2.871219124662260480e+00 1.645788628859020442e+00 -6.129379157742326223e-01 5.088179120391466137e-01 -4.277167887385678324e-01 4.271648305111626076e-01
1.413393907805760512e+18 -2.383833450193425296e+00 2.958170571287205064e+00 1.366396152656367713e+00 -6.039313180391240321e-01 5.277606440505570040e-01 -4.124801529997549898e-01 4.319673472198636288e-01
1.413393909605760512e+18 -2.947008662480491203e+00 2.900591227480286083e+00 1.330414029011329102e+00 -6.033891202924388519e-01 5.564035144900804086e-01 -4.169258167015710281e-01 3.905247264175873423e-01
1.413393909805760512e+18 -3.075976355317668443e+00 2.918473748801277079e+00 1.212893539974798873e+00 -6.131330052544962106e-01 5.849583076471298604e-01 -3.958782627654343078e-01 3.537966891479027987e-01
1.413393910905760512e+18 -2.443862565159985678e+00 3.124515421866586262e+00 1.115400401734335301e+00 -5.978295122923977800e-01 5.791748814725303784e-01 -3.794228516657749406e-01 4.039735517794767472e-01
1.413393911105760512e+18 -2.033248981115205467e+00 3.133048037392866192e+00 1.016745750220143574e+00 -6.046694936335285098e-01 5.410040024882343257e-01 -3.919025830390502341e-01 4.337070879845093541e-01
1.413393911405760512e+18 -1.770978705873438974e+00 3.131239867144548494e+00 9.624474166875462977e-01 -5.945479381896799920e-01 5.174588015896095516e-01 -4.199628783014965894e-01 4.498670011242970057e-01
1.413393911605760512e+18 -1.457798715856849725e+00 3.141211607723579213e+00 9.641422490701263559e-01 -5.924664696950756593e-01 5.198512924173398497e-01 -4.306405755103805411e-01 4.396439591114199574e-01
1.413393912405760512e+18 -8.915102814614925819e-01 3.173126014621673541e+00 1.261635261240325212e+00 -6.058669881263706314e-01 6.097646761384294400e-01 -3.350693326531384297e-01 3.857988786244159751e-01
1.413393912605760512e+18 -4.402514924072085112e-01 3.122739817012034180e+00 1.427797089930501917e+00 -5.800660821177565651e-01 5.751981038376025035e-01 -3.890013290714043892e-01 4.258502644109358193e-01
1.413393912805760512e+18 -1.349315365193413108e-01 3.064905102393800540e+00 1.481754601313017616e+00 -5.719012222806285628e-01 5.605991370595734269e-01 -4.173318226312069390e-01 4.295250275610251744e-01
1.413393913405760512e+18 6.472705145388303327e-01 2.781362839246231289e+00 1.461333423024633982e+00 -4.256172811496401476e-01 6.681893595117196494e-01 -4.611595867550453698e-01 3.996307612859926195e-01
1.413393913605760512e+18 8.216336165535779168e-01 2.606211848493801497e+00 1.454924225193472864e+00 -3.615018568710108848e-01 6.902466905947809428e-01 -5.097362096900458495e-01 3.647532181250633387e-01
1.413393913805760512e+18 9.259954323049925939e-01 2.408302639276014734e+00 1.471539291184140730e+00 -3.006719329010307251e-01 7.103309262564089233e-01 -5.480902485372320943e-01 3.234554736399828379e-01
1.413393914405760512e+18 8.706099079705552635e-01 1.858295051067498260e+00 1.582388239301213639e+00 -1.661339232097629459e-01 7.842652970098850096e-01 -5.856129567485580667e-01 1.199371850309201293e-01
1.413393914605760512e+18 7.791610484240696355e-01 1.640561277740490542e+00 1.671357620820425716e+00 -6.857355217199345709e-02 8.042607259545809795e-01 -5.837558813173032712e-01 8.770076200913914932e-02
1.413393914905760512e+18 5.986580891884593081e-01 1.341554045625141356e+00 1.777691252129734112e+00 -3.357146211518433759e-02 8.290401139433354327e-01 -5.579364440654999147e-01 1.650365983093860650e-02
1.413393915405760512e+18 4.327046714484338308e-01 8.852739090115849807e-01 1.843375163026833130e+00 -9.317570859606635891e-02 7.988578000767961873e-01 -5.940575983226688006e-01 1.549427181848149829e-02
1.413393916405760512e+18 5.930551615946498822e-01 2.490021416084427508e-01 1.982857281783221293e+00 2.196072883867811534e-02 -8.029125632273590440e-01 5.956409544713751059e-01 7.809965235249691565e-03
1.413393917305760512e+18 8.605239332044323231e-01 -1.529853018418951827e-01 2.182080015325063460e+00 -3.543479650085624155e-01 -7.382899787630405886e-01 5.416263756760365533e-01 1.897532506293378163e-01
1.413393917605760512e+18 8.311219008163213129e-01 -2.019773805526001720e-01 2.168707315957518755e+00 -4.575818872888526290e-01 -6.852112551525770812e-01 4.865514063651734111e-01 2.904687267185117050e-01
1.413393917905760512e+18 7.481665715823877516e-01 -2.167770874589619035e-01 2.150836942823628029e+00 -5.575581307494950067e-01 -5.937455254029706531e-01 4.540597587445505123e-01 3.611439012193342069e-01
1.413393918905760512e+18 4.312617633263120531e-01 2.423194753659268230e-01 2.201684034019686820e+00 -7.664477968282374931e-01 -2.386478576881967406e-01 2.560189332897617187e-01 5.385715185146234818e-01
1.413393919105760512e+18 4.229928856173510443e-01 4.375064837036728993e-01 2.223434410019474505e+00 -7.773388352095533804e-01 -1.378036587468635110e-01 1.774226659050775479e-01 5.876016376203934133e-01
1.413393919305760512e+18 4.644779399065495085e-01 6.081810400663831828e-01 2.242704809447443104e+00 -7.662991406720591758e-01 -3.458616190357939602e-02 1.202617636778821886e-01 6.301797621370651692e-01
1.413393920405760512e+18 1.340272182864702843e+00 6.082033252407116342e-01 1.755619508858083933e+00 -7.986697199719330342e-01 2.318129252190544859e-02 -3.177754746544504683e-02 6.004827171151968512e-01
1.413393921305760512e+18 1.894443883941128615e+00 1.474167172758910627e-01 1.259606602995813285e+00 -8.188218132368694224e-01 4.390200005065131826e-03 -3.624889888389588172e-02 5.728853128167157305e-01
1.413393922305760512e+18 1.886490251784884720e+00 1.690279912604431001e-01 8.965367474829754046e-01 -8.503502184170008693e-01 1.905081796639768871e-02 -4.015710651235000761e-02 5.243367040075734842e-01
1.413393922605760512e+18 1.845408417450628669e+00 3.199660915514984660e-01 7.401936869865156643e-01 -8.330353220706515627e-01 5.621196004825949888e-02 2.494374081441181647e-03 5.503509297058745142e-01
1.413393923305760512e+18 1.911177589965614709e+00 8.476080493855757680e-01 7.037176464234151663e-01 -8.430550289941446396e-01 3.955264622264990926e-02 -1.828551073634403570e-02 5.360591817715453233e-01
1.413393923905760512e+18 2.058387989986866451e+00 1.614481316829198931e+00 7.816148631501769195e-01 -8.159201531114177453e-01 -1.626419460744820966e-01 1.080708029866787462e-01 5.441898590249182321e-01
1.413393924105760512e+18 2.125828168627597936e+00 1.882530433262811220e+00 8.051658425162282473e-01 -7.984413415685376325e-01 -2.495663700511291383e-01 1.262946331941816602e-01 5.331582472775638903e-01
1.413393924305760512e+18 2.158466390761477172e+00 2.151735210947591348e+00 8.302738582458762950e-01 -7.596352919953734961e-01 -3.360594079989682181e-01 1.101356387086485644e-01 5.457915705988182209e-01
1.413393924905760512e+18 1.721814188055966088e+00 2.557342667627443333e+00 1.093091825663633720e+00 -7.335155745729257104e-01 -3.469646991190690200e-01 1.369409713913523063e-01 5.681703703807137185e-01
1.413393925105760512e+18 1.574490091901651567e+00 2.540204324931294444e+00 1.185603627646042435e+00 -7.513168140893323743e-01 -3.286045280512032707e-01 1.703389392151022919e-01 5.463760196036931971e-01
1.413393925305760512e+18 1.263005916823812136e+00 2.492519977024140854e+00 1.387403617400222000e+00 -7.736240317259329702e-01 -3.214633909616017027e-01 2.402904206767244588e-01 4.903342324767709370e-01
1.413393925405760512e+18 1.106806217840885509e+00 2.478794288027279524e+00 1.486547151394535859e+00 -7.690141349506453006e-01 -3.368733712013571857e-01 2.547052660802865964e-01 4.798529143941025477e-01
1.413393925605760512e+18 6.359289121636046982e-01 2.506264704801846488e+00 1.762233776696350285e+00 -7.433188936143083625e-01 -3.666720405268008576e-01 2.720725550062456644e-01 4.888815417913485728e-01
1.413393925805760512e+18 3.263334849182388808e-01 2.553762757593516231e+00 1.836091568733199786e+00 -7.303020140912188651e-01 -3.727124428493687747e-01 2.754658852678254499e-01 5.018594915045228033e-01
1.413393926605760512e+18 -6.780912102146798848e-01 2.759352057461683216e+00 1.808549986297750767e+00 -6.915179527469045295e-01 -3.835936796542658289e-01 3.103762867889780508e-01 5.275655130475421783e-01
1.413393926805760512e+18 -9.177006068855255716e-01 2.817931267427257858e+00 1.814126553977142065e+00 -6.757512358447220757e-01 -4.423827938816026761e-01 3.318840517681711511e-01 4.873507023835916829e-01
1.413393927105760512e+18 -1.125887101768452858e+00 2.895206706298489863e+00 1.928617735032700953e+00 -6.878011365101258656e-01 -4.669411015872985127e-01 3.558295081139157823e-01 4.269437497132709813e-01
1.413393927905760512e+18 -1.743385259298191547e+00 3.170787864933112044e+00 2.254407468683621740e+00 -5.616098337651038719e-01 -5.643049816889680326e-01 3.357945494151740595e-01 5.033848456622483925e-01
1.413393928805760512e+18 -2.472451284342282118e+00 2.427750779798590663e+00 2.495996038012554763e+00 -6.121657089223538906e-01 -4.858731652047430516e-01 3.426439020699375004e-01 5.213209841621605500e-01
1.413393929405760512e+18 -2.472976654911943406e+00 2.036464147260246271e+00 2.582348357294132146e+00 -7.051614943394298729e-01 -3.854102038964485888e-01 2.711171726249751446e-01 5.298129106970871360e-01
1.413393930405760512e+18 -2.271385258119487105e+00 1.035520737073420960e+00 2.618704855485819660e+00 -7.860716062841498486e-01 -1.932397927591253395e-01 1.525076330269190539e-01 5.670019701524792177e-01
1.413393930905760512e+18 -2.113040768836696337e+00 7.527651114630514728e-01 2.388903285246805730e+00 -7.800155857322417230e-01 -1.991106567090884794e-01 1.721623230201698995e-01 5.677065852462533924e-01
1.413393931305760512e+18 -1.898306404944275272e+00 5.077455772723024063e-01 2.296359368970010362e+00 -7.935428566002333817e-01 -1.957960230168528104e-01 1.926932625282141154e-01 5.429760203597926438e-01
1.413393932105760512e+18 -1.285808293811881109e+00 3.633200451364070327e-01 1.894455484640609644e+00 -7.892320979020100991e-01 -2.306402195514632714e-01 1.629447407092709799e-01 5.453134843753941752e-01
1.413393932905760512e+18 -7.951511174021288486e-01 4.825001785728402215e-01 1.685066073919577301e+00 -7.537510226741738206e-01 -2.307093640761638254e-01 1.420411545958182864e-01 5.987126986679807139e-01
1.413393933905760512e+18 -2.086076604135989054e-01 3.021103774997537794e-01 1.584919782559820467e+00 -7.636925686997436680e-01 -2.218584307032392955e-01 1.553868706241227637e-01 5.860097419636689509e-01
1.413393934405760512e+18 1.525558140500962168e-01 1.527077159499298786e-01 1.549763199820428650e+00 -7.862641880215740509e-01 -2.090398485519026350e-01 1.874336616762307672e-01 5.504176512638498941e-01
1.413393934805760512e+18 3.952252527130739601e-01 8.307412052327645124e-02 1.421867642561547518e+00 -8.004196024997288772e-01 -2.019589387806726699e-01 2.351813731483844150e-01 5.130601998837961419e-01
1.413393935405760512e+18 8.764301037909159042e-01 1.862591542431853431e-01 1.153206925450605214e+00 -7.118315769787642022e-01 -4.486681307383958428e-01 2.698104593604442325e-01 4.681826892307591748e-01
1.413393935605760512e+18 9.254290399518723120e-01 2.836408364992651365e-01 1.204007093045494692e+00 -6.026122323469350617e-01 -5.736345479392936930e-01 3.133095088422489516e-01 4.578635763034163420e-01
1.413393936105760512e+18 8.637455659623001214e-01 2.220326902362570465e-01 1.248457290367540828e+00 -5.830907962446714166e-01 -5.860563353625296568e-01 3.955741946200650450e-01 4.000801815472544432e-01
1.413393936305760512e+18 7.833099856286195317e-01 1.609062977816760331e-01 1.293289749004461031e+00 -5.437269222849155925e-01 -6.185662823463589088e-01 4.576332315224365122e-01 3.351247733801691608e-01
1.413393936905760512e+18 4.564063362047597883e-01 1.331758984802998702e-01 1.489169885566335783e+00 -2.912864545367890301e-01 -7.166011882851791581e-01 5.752112187202261806e-01 2.660206612465419451e-01
1.413393937605760512e+18 6.631593128413045823e-01 4.136647409264390673e-01 1.704788480916079818e+00 -1.314178461049778923e-01 -7.760761581750661442e-01 5.894317690027298662e-01 1.816737078601940170e-01
1.413393938805760512e+18 1.064370213650727592e+00 5.280320518568182298e-01 1.745468486119037266e+00 -4.193152737117480933e-02 -7.859104542894872480e-01 6.157521343653167278e-01 3.789213474284441191e-02
1.413393939105760512e+18 1.256204632777641939e+00 6.764626704996632434e-01 1.752557473820133493e+00 1.405449329310340389e-02 -7.833365191069456834e-01 6.214146720339552843e-01 5.493125942464920086e-03
1.413393939405760512e+18 1.378380225581989915e+00 8.079566987947961465e-01 1.730476584255507877e+00 -1.284947019836504487e-02 8.534606630342608247e-01 -5.206049446168101724e-01 2.025535507634304219e-02
1.413393939605760512e+18 1.482990101443673048e+00 8.772729982204755528e-01 1.684009666817564366e+00 2.109737086667909378e-03 8.936669351443056186e-01 -4.472738379174577283e-01 3.607037501602127633e-02
1.413393939905760512e+18 1.594150092715046485e+00 7.587834851373314038e-01 1.625631108721544926e+00 -3.071102402556575347e-03 7.931486401754269666e-01 -6.089563687130008507e-01 8.828585491457586337e-03
1.413393940105760512e+18 1.659909465682240848e+00 6.816544864557551042e-01 1.617534109749675153e+00 1.378825522948474817e-02 7.050753403950268394e-01 -7.084955453596938346e-01 2.669664005139486124e-02
1.413393940405760512e+18 1.688540027716856740e+00 7.875885828171577119e-01 1.588781223447533586e+00 1.125982253048806933e-02 8.044407088380803872e-01 -5.935301341872729619e-01 2.168737356864717733e-02
1.413393940605760512e+18 1.680397365225166695e+00 8.916934196023207360e-01 1.592957701872726561e+00 3.639566238526264347e-02 8.749683247518847962e-01 -4.810099925889573247e-01 4.165541345358864112e-02
1.413393940905760512e+18 1.564383215618860179e+00 8.518999606290202919e-01 1.653097797787834278e+00 3.882984995621956842e-02 8.250539135332183305e-01 -5.632588949766194064e-01 2.275301618721293009e-02
1.413393941105760512e+18 1.440819311488116927e+00 7.806352527102260463e-01 1.717236813789816408e+00 2.410034872575883558e-02 7.411952942750583695e-01 -6.708227483993614015e-01 6.749012204296076130e-03
1.413393941405760512e+18 1.228171895366422017e+00 8.109920302784061619e-01 1.770867208931243608e+00 8.181700129506454255e-03 8.112375732721462951e-01 -5.846058607017844411e-01 7.914993849426711636e-03
1.413393941605760512e+18 1.076165764127270608e+00 8.484759108095538682e-01 1.806290621955392695e+00 3.023584164240132079e-03 8.674925768721631902e-01 -4.973710760502264572e-01 8.336649155135508402e-03
1.413393941905760512e+18 8.382335833250506019e-01 7.431206813919499776e-01 1.837902131924208149e+00 -1.031475721149906558e-02 -8.401509785715173262e-01 5.421902812444303610e-01 8.344933377483947437e-03
1.413393942105760512e+18 6.836956573831419748e-01 6.144464737573688273e-01 1.865426431282259045e+00 -1.424201307051784111e-02 -7.552872515062817316e-01 6.549259922552039814e-01 2.025530657192843587e-02
1.413393942305760512e+18 4.182847594654913737e-01 5.799077722925066736e-01 1.914590166825658635e+00 -1.141786282601525877e-02 -7.937601824026990771e-01 6.072325063291895697e-01 3.291030989965304521e-02
1.413393942905760512e+18 1.298376075314267020e-01 5.265455154403562155e-01 1.862085478257668569e+00 -3.302748054589504673e-03 -8.077363148169546259e-01 5.889288121295412903e-01 2.672062545863513813e-02
1.413393943305760512e+18 -4.997382783084880487e-02 4.825328566058361135e-01 1.812611287292556161e+00 -1.610153018510607908e-02 -8.571648196668030240e-01 5.134703880629187811e-01 3.684254651609674552e-02
1.413393944105760512e+18 -8.682684286508013383e-02 3.982539195803602716e-01 1.859845844964364447e+00 -8.208006253689105469e-02 -8.052903161281027566e-01 5.853416424365729398e-01 4.631988464899181035e-02
1.413393944305760512e+18 -1.634600219800366183e-01 3.282928173176302145e-01 1.931038725767319608e+00 -1.390513229418198771e-01 -7.587283137971033709e-01 6.277171378098461707e-01 1.047247360013318918e-01
1.413393945105760512e+18 -2.876371331583560398e-01 3.194363888186056433e-01 2.047980362692094047e+00 -1.708561456053679095e-01 -7.827899623855824052e-01 5.797293952734322575e-01 1.481954134012119506e-01
1.413393945305760512e+18 -3.403135464124535936e-01 2.950044716999542516e-01 1.993409454515407742e+00 -2.746196680137106272e-01 -7.516644327958421634e-01 5.622368678837000866e-01 2.085049706891205501e-01
1.413393945805760512e+18 -3.341525263103630738e-01 3.310784698251074687e-01 1.935547372878641204e+00 -3.420232897475504186e-01 -7.599923726986801409e-01 4.933951467403181468e-01 2.489837181086207163e-01
1.413393946105760512e+18 -3.488720008993095867e-01 3.172426761149823582e-01 1.929823010837472985e+00 -3.710620896320603879e-01 -6.621469467872274084e-01 5.584521310555355944e-01 3.346723230531198356e-01
1.413393946405760512e+18 -2.732643360223798723e-01 3.452087947943620061e-01 1.903508520839220619e+00 -4.834956286152762295e-01 -6.536099411366961265e-01 4.798640451598799039e-01 3.297825345890839643e-01
1.413393946905760512e+18 -2.473651601696633673e-01 3.984790969614924738e-01 1.906597654246821039e+00 -5.646560987912817575e-01 -5.444466594504505652e-01 4.122140653848349046e-01 4.634877446167939841e-01
1.413393947805760512e+18 -3.510490441889957403e-02 3.654047398949388237e-01 1.618108852524662078e+00 -7.608988846062737510e-01 -3.626931083670134059e-01 2.499245351890525546e-01 4.764706950679528652e-01
1.413393949105760512e+18 1.987545187409900382e-01 2.717066821010873934e-01 1.577973631495083850e+00 -7.788713595582824611e-01 -1.194112816274472827e-01 7.613080880810677020e-02 6.109864573213930061e-01
1.413393949405760512e+18 3.012736372655065997e-01 -1.380133563970903365e-02 1.662273954440745660e+00 -8.156398450645551135e-01 2.937292484678239585e-02 1.190177851705939427e-01 5.654234176633473608e-01
1.413393950105760512e+18 5.772183842742656390e-01 -1.570311675290849696e-01 1.706308381083043502e+00 -8.411058056835691854e-01 7.380790075631911678e-04 4.965916932975737719e-02 5.385855974552706815e-01
1.413393950305760512e+18 9.197136403541128491e-01 -1.956481889429515508e-01 1.751205082618117803e+00 -8.520891137945145744e-01 -2.521916981236463351e-02 3.283875700933926688e-03 5.227784920855438333e-01
1.413393951105760512e+18 1.704598788881372506e+00 6.735910478937207069e-02 1.547526772186372135e+00 -8.170220704811085310e-01 -1.191490127949412434e-02 -1.376480341444219144e-02 5.763189235668247923e-01
1.413393951605760512e+18 1.919741443500975864e+00 2.860023534340013218e-01 1.400290212631465581e+00 -8.186507758331916795e-01 -1.204012376966415946e-03 -3.124280839224072986e-02 5.734399223159084569e-01
1.413393952905760512e+18 1.944542537500373092e+00 9.044724410835189854e-01 1.420414860485533115e+00 -8.132307094952998527e-01 -6.204464831441582756e-02 6.246328847122235156e-02 5.752430897826347200e-01
1.413393954305760512e+18 2.112705545304805810e+00 1.479002476031924695e+00 1.437224449575646323e+00 -8.255042527673139841e-01 -2.097537430048744267e-01 1.160440809089525321e-01 5.109597511003389769e-01
1.413393954805760512e+18 1.993479296918697630e+00 1.771086307467691245e+00 1.484959444885359359e+00 -8.076579081847254926e-01 -2.643345752531772730e-01 1.468567174983196055e-01 5.062104702571995629e-01
1.413393955105760512e+18 1.809840141429587046e+00 2.070513191381168294e+00 1.530095552040769746e+00 -7.748917356025408765e-01 -2.761181475160862653e-01 1.842194176295941788e-01 5.379263638039877282e-01
1.413393955405760512e+18 1.605550126007432743e+00 2.364079899555616482e+00 1.572958304435035926e+00 -7.286700219914683530e-01 -3.307009460568823833e-01 2.377845284186010655e-01 5.505773345977651445e-01
1.413393956105760512e+18 1.125906571671430711e+00 2.750103026285596108e+00 1.518711931673017546e+00 -6.786368450604629565e-01 -4.509375162898937583e-01 3.175615520320195784e-01 4.850381939597108727e-01
1.413393956405760512e+18 9.042421410720328234e-01 2.819211838848536544e+00 1.528266320172240400e+00 -6.152882471027141253e-01 -5.083808790757841090e-01 3.785944675431797690e-01 4.686528394377851292e-01
1.413393957305760512e+18 3.285515035201175271e-01 2.958836826570535372e+00 1.551762013875605861e+00 -4.083143794570724960e-01 -7.035727134220071122e-01 5.058502772072187570e-01 2.870196883594580695e-01
1.413393957605760512e+18 1.218717772440084390e-01 3.012478883638223248e+00 1.497442541152816498e+00 -3.080979574424624889e-01 -7.291557862353029718e-01 5.600503895338271310e-01 2.444402773733669598e-01
1.413393957905760512e+18 -6.847744309414938169e-02 3.097139339070084318e+00 1.402362558583824859e+00 -2.073944130054889701e-01 -7.824229609731132573e-01 5.479944032184509428e-01 2.109597156744114355e-01
1.413393958605760512e+18 -3.836581875232314420e-01 2.922727990657113306e+00 1.218416122926529566e+00 -2.452006219556562006e-01 -7.605069689974642833e-01 5.748599975453460020e-01 1.761867995084011318e-01
1.413393960605760512e+18 -4.600177405817420517e-01 2.932647393927509061e+00 9.547424923197109781e-01 -1.687794284582131155e-01 -7.956580282323366671e-01 5.655933703016409186e-01 1.361835016056639480e-01
1.413393960905760512e+18 -4.486338609582741221e-01 2.883680128296255418e+00 8.243827092124063061e-01 -1.399509275312323386e-01 -8.211216644403298570e-01 5.449531909565573651e-01 9.591125969434369236e-02
1.413393962105760512e+18 -4.632804849412797688e-01 2.866365990938299468e+00 1.254743574215273494e+00 -1.180268859780556484e-01 -8.087544746093018322e-01 5.674142296367278293e-01 1.001346393188394940e-01
1.413393962305760512e+18 -4.363027487017846484e-01 2.915115689200395099e+00 1.522968051869425299e+00 -1.197760065921257139e-01 -8.203407809203758783e-01 5.511126670089320223e-01 9.470765368275764484e-02
1.413393962805760512e+18 -4.091105175322221621e-01 2.771299047770482193e+00 2.050958065787953366e+00 -1.830524171997174321e-01 -8.138146138105337712e-01 5.145188671023719351e-01 1.986653525440325307e-01
1.413393963405760512e+18 -1.787343001433190359e-01 2.091518243255523934e+00 2.139871126576504246e+00 -4.148298458377859266e-01 -6.699836826188777517e-01 5.087031745715905329e-01 3.467840022368844921e-01
1.413393963805760512e+18 -3.444774374115833204e-02 1.880352264979190835e+00 2.074409201497923849e+00 -4.569913497477350872e-01 -6.384191117371326163e-01 4.881916245173149593e-01 3.811153129640151294e-01
1.413393964105760512e+18 4.275918412209429587e-01 1.322764209365437260e+00 1.769793340658575076e+00 -5.672465124467315212e-01 -5.629435790730886735e-01 4.189616272663372887e-01 4.310418492162264026e-01
1.413393964405760512e+18 6.313852294796349351e-01 1.095782991426970110e+00 1.648231959049913264e+00 -6.110977405838493581e-01 -5.247292759253827654e-01 4.006204796628195508e-01 4.367172651898129643e-01
1.413393964905760512e+18 1.052386865291811358e+00 7.285751101084952941e-01 1.469626561087697070e+00 -6.849645643685250418e-01 -4.473478887694863348e-01 3.696104160966370844e-01 4.405582280309731091e-01
1.413393965405760512e+18 1.596587000844726045e+00 7.412058795016412960e-01 1.348032046589073607e+00 -7.663211995514509489e-01 -4.294253994178895972e-01 2.288985699213356706e-01 4.194652430664294052e-01
1.413393965605760512e+18 1.631633212824815438e+00 9.062452607135441651e-01 1.358912101003186823e+00 -7.209320580387873489e-01 -4.673878416111106326e-01 1.821988898896717557e-01 4.781308792883359748e-01
1.413393965805760512e+18 1.438928531920166121e+00 1.141119616461804487e+00 1.396255587698727707e+00 -6.872814311946021659e-01 -4.388222120255274583e-01 2.293271681784899152e-01 5.314963315991529935e-01
1.413393966405760512e+18 1.086987264089222416e+00 1.178425967901123750e+00 1.539554823646766657e+00 -6.652658932877489883e-01 -4.385338253990338497e-01 2.345943731315666136e-01 5.568436542728583127e-01
1.413393966605760512e+18 8.798110596692307883e-01 1.100618516777657430e+00 1.633430490606643914e+00 -6.498204895231913802e-01 -4.160942459778588232e-01 2.718287579275406873e-01 5.750722008787481077e-01
1.413393966905760512e+18 6.132799298766793417e-01 8.782151026021305373e-01 1.680343776750227835e+00 -6.790125107021361961e-01 -3.959115026373477009e-01 2.921232695121540046e-01 5.448486833965449083e-01
1.413393968905760512e+18 -1.170248576042910438e-01 -1.744104472035283293e-01 1.606791307514777500e+00 -7.899157812114087074e-01 -1.430923353058198566e-01 1.138495116877076552e-01 5.853169490612476489e-01
1.413393969305760512e+18 -2.842719784444368569e-01 -2.194120007306409881e-01 1.483856538820301552e+00 -8.024138677511297724e-01 -2.814017845000498994e-02 6.287828218253448120e-02 5.927785731850028217e-01
1.413393970305760512e+18 -5.565109630091824577e-02 -3.016640416649182810e-01 1.689715196413414722e+00 -8.031998328234105644e-01 -1.265820436297854581e-02 -8.059909864443055849e-02 5.900962495326128598e-01
1.413393971405760512e+18 -5.412224512929402209e-01 -3.955456486715934750e-01 1.704689492505005788e+00 -7.698568810205204116e-01 1.535329575518398770e-02 -1.023089503385213490e-02 6.379498317592193768e-01
1.413393972105760512e+18 -7.819720886148449068e-01 -1.001646442143298454e+00 1.725877796423202604e+00 -8.267483463192636384e-01 7.078832757856670654e-02 1.816348113665051597e-02 5.578048695466820694e-01
1.413393973605760512e+18 -1.040078309960993819e+00 -1.742432461763171236e+00 1.548435895101155424e+00 -7.730459148909949452e-01 4.407313770800797698e-02 6.123812487336963227e-05 6.328171681084574507e-01
1.413393973905760512e+18 -1.158486079830438165e+00 -1.950715041830044516e+00 1.541389061809460115e+00 -8.193691714536849302e-01 9.423736824601396112e-02 8.194225304738025906e-02 5.594988350862637461e-01
1.413393974105760512e+18 -1.164696783733872643e+00 -2.133910640237865586e+00 1.546278349605240132e+00 -8.867411259675009871e-01 8.464853562541284349e-02 7.321092193597865394e-02 4.485141712851954954e-01
1.413393974305760512e+18 -1.069734863555926951e+00 -2.183996709152090876e+00 1.585000519635073379e+00 -9.156852220284994459e-01 1.816944111869272724e-02 -1.307798112754839960e-02 4.012722417233459127e-01
1.413393974905760512e+18 -1.014021764479633214e+00 -1.446574389351397372e+00 1.809217481661999694e+00 -8.025968533561481655e-01 -4.431782063319000126e-02 -5.568041476237940018e-02 5.922616931467231671e-01
1.413393975105760512e+18 -1.190744542018220775e+00 -1.018890713539872817e+00 1.797033484423899985e+00 -7.929198598310723822e-01 -3.635944248205345061e-03 -8.386691863092930396e-03 6.092573669595552355e-01
1.413393975905760512e+18 -1.834383753372512249e+00 -3.535954977787160725e-01 1.784161505976034956e+00 -7.974267610652906457e-01 2.868866061005859516e-02 -3.971823532550627922e-03 6.027202884482540934e-01
1.413393976905760512e+18 -2.318243583402517238e+00 -1.095799931683999473e-02 1.879859285325574003e+00 -8.096864896419625479e-01 2.934660229242917057e-02 -1.106133747875156538e-02 5.860240713813277269e-01
1.413393978605760512e+18 -2.412028750767470697e+00 9.016957226266114622e-02 1.957099301822715853e+00 -7.987887432638011154e-01 1.288818869278024748e-01 -5.999493392187594393e-02 5.845738710895963530e-01
1.413393978905760512e+18 -2.406823669335111049e+00 1.270821756068799546e-01 2.043126950435225631e+00 -7.736822822108440079e-01 2.455003702631700369e-01 -1.248885520997100318e-01 5.705682640561987595e-01
1.413393979305760512e+18 -2.328631726015509162e+00 1.042349565629402952e-01 2.041727305818792360e+00 -7.380195144382882821e-01 3.352898689897846896e-01 -1.760090195849479677e-01 5.585057968238392734e-01
1.413393979605760512e+18 -2.186379963711097218e+00 2.377031818061481339e-03 1.972204060289302952e+00 -7.015528636767276449e-01 4.096428299669633288e-01 -2.394856916780188083e-01 5.316605447135805962e-01
1.413393979905760512e+18 -2.062049796726927120e+00 -1.137913947912062573e-01 1.944766990903407322e+00 -6.853726394015262624e-01 4.490639437643249576e-01 -2.865040613867927966e-01 4.965091563903822336e-01
1.413393980105760512e+18 -1.917793605386704403e+00 -2.458181319307245483e-01 1.920905267456487708e+00 -6.810877831882119482e-01 4.828910158707556133e-01 -3.276634528375507727e-01 4.422356386109679294e-01
1.413393980305760512e+18 -1.662632189204857891e+00 -3.971955261678046800e-01 1.897916572713896244e+00 -6.732646585198731604e-01 4.981835785225323110e-01 -3.625209971449770974e-01 4.087864336149307776e-01
1.413393980605760512e+18 -1.368117988010651098e+00 -4.615583347550842874e-01 1.889198286578480879e+00 -6.576878088615432105e-01 4.880069585217819972e-01 -3.812986012374681710e-01 4.288441805639585103e-01
1.413393981105760512e+18 -8.373835060072598591e-01 -4.479010829246524161e-01 1.961216655347075566e+00 -6.454242940938070827e-01 5.198284240773300979e-01 -3.342536152945565497e-01 4.488656934733476489e-01
1.413393981605760512e+18 -1.644692258718208899e-01 -4.588520468683262576e-01 2.063174344735757337e+00 -6.704929539917158232e-01 4.907675703348694518e-01 -3.540213226956129278e-01 4.292496868163336865e-01
1.413393982305760512e+18 6.588482674509430481e-01 -2.772034718316742641e-01 1.997397446003008170e+00 -7.340173408440431313e-01 3.588130894589575126e-01 -2.958999283505866496e-01 4.948888183979060496e-01
1.413393982905760512e+18 1.273713909940253686e+00 1.378298976848291724e-01 1.993771043432052803e+00 -8.206883461437868288e-01 6.244120375864001260e-02 -1.176611049445425855e-01 5.556326114980809638e-01
1.413393983105760512e+18 1.399704781352537175e+00 3.110770517864210882e-01 1.985708068087616462e+00 -8.236503260484213662e-01 -4.816134449163811393e-02 -5.967653063510946349e-02 5.618890789012042086e-01
1.413393983305760512e+18 1.457093578035386638e+00 4.913059878649240209e-01 1.978597221639710524e+00 -8.095148575831616622e-01 -1.533044156477412767e-01 -5.971170092180021031e-03 5.666990353112918433e-01
1.413393983905760512e+18 1.172899902803187011e+00 8.518181562289164344e-01 2.031711450916934503e+00 -7.117304111381261844e-01 -3.814269565120867456e-01 1.794259912112601552e-01 5.619249170351294786e-01
1.413393984105760512e+18 9.754220779969534627e-01 8.590855911243873155e-01 2.070471421996890271e+00 -6.685451698306161816e-01 -4.448473658838695277e-01 2.277312692005286909e-01 5.507237474366358798e-01
1.413393984305760512e+18 7.442409703674719434e-01 7.832387948614141226e-01 2.119574718600984120e+00 -6.292196521268669240e-01 -4.936525146758299898e-01 2.781451091629869588e-01 5.320010548676427087e-01
1.413393984905760512e+18 -7.344837505631640617e-02 1.420384371452138583e-01 2.185927020610797467e+00 -6.593491225749967821e-01 -4.833491633332462345e-01 3.760758019075930991e-01 4.361184610678540685e-01
1.413393985305760512e+18 -4.104571888383868883e-01 -9.025422802415922208e-02 2.085473199207827033e+00 -6.867352914157883736e-01 -4.212204073845521313e-01 3.071395331778556392e-01 5.065898884562866078e-01
1.413393985805760512e+18 -1.020366674925899719e+00 -5.235048053527719958e-01 1.939313686270862425e+00 -8.027149460297129391e-01 -2.440753586854642887e-01 1.969676140598625169e-01 5.072274575716916312e-01
1.413393986805760512e+18 -1.644864354834326470e+00 -4.230567480217735654e-01 1.970750402302166915e+00 -8.055698454707633793e-01 1.527910455280822796e-02 -4.165146365079642338e-02 5.908374807068534906e-01
1.413393988405760512e+18 -2.774780774351854884e+00 -9.557657842677608206e-02 1.737210406998764389e+00 -8.048708944813252053e-01 5.210550504139176836e-02 -1.129488649037105469e-01 5.802675361229302498e-01
1.413393988805760512e+18 -3.010651205329801350e+00 -5.996681856416530287e-02 1.698076884792447006e+00 -8.169799247249460716e-01 1.097924953381294866e-01 -6.261529913573307682e-02 5.626444124649168099e-01
1.413393989405760512e+18 -3.375475773447826455e+00 1.793839185930191649e-01 1.907253484527617449e+00 -7.915374121099865157e-01 1.569047972451451112e-01 -1.400024853099347821e-01 5.738019814698503973e-01
1.413393989605760512e+18 -3.557499957651794720e+00 4.142890864346222557e-01 1.984472335678846289e+00 -7.678422798568386165e-01 2.154217751976154061e-01 -1.474084772734779725e-01 5.850490858576523623e-01
1.413393990405760512e+18 -3.756198696721432029e+00 4.580677602921456315e-01 1.832916728447490540e+00 -7.065254232275313129e-01 4.279483979655640535e-01 -2.267160881522279070e-01 5.160250094567275791e-01
1.413393990905760512e+18 -3.608924696144154787e+00 3.859243693262811581e-01 1.777680536139025325e+00 -7.254340111557513460e-01 4.229371553034222408e-01 -3.438167702574790874e-01 4.203090370335166304e-01
1.413393991405760512e+18 -3.453428203014243358e+00 5.757149876100353669e-01 1.837802266005164498e+00 -6.801742982211558264e-01 4.547874937355376179e-01 -2.619007203097555303e-01 5.118000315380387688e-01
1.413393992305760512e+18 -3.434861235170534322e+00 2.767623295632971603e-01 2.015915832823414799e+00 -7.122919448523463704e-01 4.324840051816349895e-01 -3.137078361800820225e-01 4.551759704550804031e-01
1.413393993305760512e+18 -3.337012373948860855e+00 3.389070755888085040e-01 2.114115615525121061e+00 -6.657676279702597899e-01 3.910122438690281088e-01 -3.672935242609263184e-01 5.186119529352842816e-01
1.413393993905760512e+18 -3.713287854469795590e+00 3.653286499680695187e-01 2.133044790449182937e+00 -6.980032796899021674e-01 4.568046423556773594e-01 -2.753934796412511044e-01 4.777859056476295718e-01
1.413393994605760512e+18 -3.907115802612834532e+00 2.945161059878542154e-01 2.092913319523223237e+00 -7.486612545001112284e-01 4.946769260950749092e-01 -2.235365273244799278e-01 3.805686347443245077e-01
1.413393994805760512e+18 -3.932820705662528837e+00 2.845606575010874995e-01 1.994511132698219669e+00 -7.008440711671016787e-01 4.546383291658694925e-01 -3.093735888290120584e-01 4.543231890386468796e-01
1.413393995605760512e+18 -3.661585093116808132e+00 2.952574177917465237e-01 1.795180713438194964e+00 -7.398906304631150954e-01 2.944676092330782424e-01 -2.111938705738225230e-01 5.667872891107359479e-01
1.413393995905760512e+18 -3.547312040201618721e+00 1.757928011558260173e-01 1.743213714377481738e+00 -7.603597676266403704e-01 1.824673074993229949e-01 -1.488858506163162065e-01 6.053029893821479934e-01
1.413393996305760512e+18 -3.429931889118742472e+00 -9.616008653749202884e-02 1.650655889778976704e+00 -8.015312781772320205e-01 1.471867423779820716e-01 -9.955052297808579531e-02 5.709407730636513190e-01
1.413393997905760512e+18 -3.125784751881285572e+00 -6.575873870034247837e-01 1.141890128555098194e+00 -8.153548217214589000e-01 7.366620430642578654e-02 -7.996833722198086469e-02 5.686605930435165712e-01
1.413393999605760512e+18 -3.298151677261784709e+00 -5.712603864940922760e-01 9.838493742728704472e-01 -8.113632799643608617e-01 1.228566877046559647e-01 -4.225586785866885381e-02 5.699213137295581211e-01
1.413394000105760512e+18 -3.270660602175635923e+00 -5.434406151721884459e-01 9.174502685433593152e-01 -8.012712872159609701e-01 9.547529904389791267e-02 -1.004282866679095804e-01 5.820334619183881175e-01
