1.403636858651666403e+09 -0.000000000000000000e+00 -0.000000000000000000e+00 -0.000000000000000000e+00 -0.000000000000000000e+00 -0.000000000000000000e+00 -0.000000000000000000e+00 1.000000000000000000e+00
1.403636858851666451e+09 3.549216315150260925e-02 -3.600530326366424561e-02 -1.968572288751602173e-02 -5.366351921111345291e-03 7.816160097718238831e-03 -5.729812546633183956e-04 9.999548792839050293e-01
1.403636858951666594e+09 6.918628513813018799e-02 -8.499389141798019409e-02 -3.602559864521026611e-02 -7.000139448791742325e-03 1.295137219130992889e-02 2.445856516715139151e-04 9.998916387557983398e-01
1.403636859051666498e+09 1.073828041553497314e-01 -1.462899893522262573e-01 -5.413008481264114380e-02 -8.784513920545578003e-03 1.814213581383228302e-02 -2.289112308062613010e-04 9.997968077659606934e-01
1.403636859151666403e+09 1.463468670845031738e-01 -2.040411084890365601e-01 -7.637335360050201416e-02 -1.428119372576475143e-02 2.188688702881336212e-02 -1.646167831495404243e-03 9.996571540832519531e-01
1.403636859351666451e+09 2.040278613567352295e-01 -3.383406400680541992e-01 -1.219395846128463745e-01 -1.737569645047187805e-02 3.280641883611679077e-02 -3.737965133041143417e-03 9.993036985397338867e-01
1.403636859451666594e+09 2.195498347282409668e-01 -4.527132213115692139e-01 -1.524446755647659302e-01 -1.628762669861316681e-02 3.789070248603820801e-02 -4.705098923295736313e-03 9.991381168365478516e-01
1.403636859551666498e+09 2.321835607290267944e-01 -5.967338681221008301e-01 -1.838857680559158325e-01 -2.281591668725013733e-02 4.301098361611366272e-02 -6.664031650871038437e-03 9.987918138504028320e-01
1.403636859651666403e+09 2.418945133686065674e-01 -7.588545680046081543e-01 -2.100135833024978638e-01 -2.155956253409385681e-02 5.276059359312057495e-02 -1.176981441676616669e-02 9.983050823211669922e-01
1.403636859751666546e+09 2.433507293462753296e-01 -9.257137775421142578e-01 -2.365658581256866455e-01 -1.066660694777965546e-02 5.981932207942008972e-02 -1.531924679875373840e-02 9.980346560478210449e-01
1.403636859951666594e+09 2.349672019481658936e-01 -1.215283393859863281e+00 -3.029609024524688721e-01 2.543839393183588982e-03 7.077447324991226196e-02 -2.512571401894092560e-02 9.971726536750793457e-01
1.403636860351666451e+09 2.977145612239837646e-01 -9.532409310340881348e-01 -2.499817013740539551e-01 -3.135692700743675232e-02 7.341406494379043579e-02 -9.693642146885395050e-03 9.967613816261291504e-01
1.403636860451666594e+09 3.136169612407684326e-01 -7.441700100898742676e-01 -2.086515426635742188e-01 -5.422284081578254700e-02 7.399382442235946655e-02 -2.687582978978753090e-03 9.957799315452575684e-01
1.403636860551666498e+09 3.224853575229644775e-01 -5.594379305839538574e-01 -1.766443848609924316e-01 -7.570537924766540527e-02 7.121498137712478638e-02 4.866906441748142242e-03 9.945720434188842773e-01
1.403636860651666403e+09 3.225916326045989990e-01 -8.796005249023437500e-01 -3.057315647602081299e-01 -6.355700641870498657e-02 6.046320870518684387e-02 -1.318140700459480286e-02 9.960576891899108887e-01
1.403636861251666546e+09 3.210763633251190186e-01 -1.313089847564697266e+00 -4.025155901908874512e-01 -1.636367291212081909e-02 6.118088215589523315e-02 -1.632840931415557861e-02 9.978590011596679688e-01
1.403636861451666594e+09 3.558566272258758545e-01 -8.294689059257507324e-01 -2.601245641708374023e-01 -4.325905069708824158e-02 5.758427828550338745e-02 -9.568691253662109375e-03 9.973571300506591797e-01
1.403636862051666498e+09 3.333376348018646240e-01 -4.628172218799591064e-01 -1.811348050832748413e-01 -7.554307579994201660e-02 5.209177732467651367e-02 1.912543317303061485e-03 9.957791566848754883e-01
1.403636862251666546e+09 3.339301943778991699e-01 -9.280045032501220703e-01 -2.961921989917755127e-01 -7.066167145967483521e-02 6.579747796058654785e-02 -1.926995627582073212e-02 9.951413273811340332e-01
1.403636862751666546e+09 3.176798224449157715e-01 -1.416911721229553223e+00 -4.018634259700775146e-01 -4.992770031094551086e-02 7.410082966089248657e-02 -1.106481440365314484e-02 9.959387183189392090e-01
1.403636863051666498e+09 3.534649312496185303e-01 -8.458600640296936035e-01 -2.519912123680114746e-01 -4.358921200037002563e-02 8.465279638767242432e-02 -1.882892288267612457e-02 9.952785372734069824e-01
1.403636863651666403e+09 3.614496588706970215e-01 -4.432367384433746338e-01 -1.762537360191345215e-01 -7.304789125919342041e-02 7.336210459470748901e-02 9.674429893493652344e-04 9.946261048316955566e-01
1.403636863851666451e+09 3.563734889030456543e-01 -8.093830943107604980e-01 -3.063205182552337646e-01 -8.303022384643554688e-02 6.856427341699600220e-02 -7.761818822473287582e-03 9.941552877426147461e-01
1.403636864251666546e+09 3.266164958477020264e-01 -1.301350951194763184e+00 -4.239530861377716064e-01 -7.007120549678802490e-02 7.255791872739791870e-02 -1.164384186267852783e-02 9.948316216468811035e-01
1.403636864451666594e+09 3.395128250122070312e-01 -8.408060669898986816e-01 -2.366936504840850830e-01 -6.001986935734748840e-02 8.594113588333129883e-02 -6.346154958009719849e-03 9.944704771041870117e-01
1.403636865251666546e+09 3.490323126316070557e-01 -4.921571016311645508e-01 -1.409610211849212646e-01 -7.249171286821365356e-02 7.543825358152389526e-02 1.198876928538084030e-02 9.944396615028381348e-01
1.403636865751666546e+09 3.037168383598327637e-01 -8.362753987312316895e-01 -2.387827485799789429e-01 -8.302988857030868530e-02 6.975366920232772827e-02 2.144904807209968567e-03 9.941005706787109375e-01
1.403636865851666451e+09 2.649752199649810791e-01 -1.314983487129211426e+00 -3.562845289707183838e-01 -4.440193995833396912e-02 6.878407299518585205e-02 5.463129840791225433e-03 9.966279864311218262e-01
1.403636866051666498e+09 3.324552476406097412e-01 -9.016850590705871582e-01 -3.091173470020294189e-01 -6.274875253438949585e-02 7.132863998413085938e-02 -2.116465009748935699e-03 9.954749941825866699e-01
1.403636867151666403e+09 2.916353642940521240e-01 -7.493758797645568848e-01 -5.045756697654724121e-01 -1.699648797512054443e-01 5.333069711923599243e-02 1.344304066151380539e-03 9.840050935745239258e-01
1.403636867751666546e+09 2.899371087551116943e-01 -6.989147663116455078e-01 -5.689783096313476562e-01 -2.794104218482971191e-01 5.814392864704132080e-02 1.394530013203620911e-02 9.583082795143127441e-01
1.403636868551666498e+09 8.678437024354934692e-02 -7.409464120864868164e-01 -7.441288828849792480e-01 -2.512649595737457275e-01 6.199911981821060181e-02 2.101112902164459229e-02 9.657021164894104004e-01
1.403636869751666546e+09 3.492629826068878174e-01 -7.454773783683776855e-01 -7.034550309181213379e-01 -2.559392750263214111e-01 6.755260378122329712e-02 2.197300083935260773e-02 9.640793204307556152e-01
1.403636869951666594e+09 6.636574268341064453e-01 -7.799045443534851074e-01 -6.584199666976928711e-01 -2.464046031236648560e-01 8.271112293004989624e-02 3.003733791410923004e-02 9.651639461517333984e-01
1.403636870151666403e+09 8.469205498695373535e-01 -7.948555350303649902e-01 -6.344769001007080078e-01 -2.512049674987792969e-01 9.178784489631652832e-02 3.332219272851943970e-02 9.629957079887390137e-01
1.403636870251666546e+09 1.035582423210144043e+00 -8.149085640907287598e-01 -6.145117282867431641e-01 -2.549052238464355469e-01 9.779966622591018677e-02 3.291343152523040771e-02 9.614443778991699219e-01
1.403636870351666451e+09 1.221856713294982910e+00 -8.368087410926818848e-01 -5.946409702301025391e-01 -2.490941286087036133e-01 1.030211523175239563e-01 3.474922105669975281e-02 9.623571634292602539e-01
1.403636870451666594e+09 1.403094291687011719e+00 -8.487344980239868164e-01 -5.749003887176513672e-01 -2.432384043931961060e-01 1.103147789835929871e-01 3.246097639203071594e-02 9.631262421607971191e-01
1.403636870551666498e+09 1.676550984382629395e+00 -8.398160934448242188e-01 -5.506004095077514648e-01 -2.541129887104034424e-01 1.229509264230728149e-01 4.001763463020324707e-02 9.584927558898925781e-01
1.403636870751666546e+09 1.863391160964965820e+00 -8.208348751068115234e-01 -5.158272385597229004e-01 -2.303443104028701782e-01 1.244079172611236572e-01 4.738725349307060242e-02 9.639599323272705078e-01
1.403636871451666594e+09 1.680549502372741699e+00 -8.089941143989562988e-01 -5.204766988754272461e-01 -2.442408502101898193e-01 1.275603920221328735e-01 4.881583526730537415e-02 9.600478410720825195e-01
1.403636871551666498e+09 1.379533290863037109e+00 -8.125784993171691895e-01 -5.219160318374633789e-01 -2.462614923715591431e-01 1.195639148354530334e-01 4.910752177238464355e-02 9.605457782745361328e-01
1.403636871751666546e+09 1.186819672584533691e+00 -8.171734809875488281e-01 -5.242193937301635742e-01 -2.474025040864944458e-01 1.101531311869621277e-01 5.188287049531936646e-02 9.612317681312561035e-01
1.403636871851666451e+09 9.868851304054260254e-01 -8.130773901939392090e-01 -5.200641751289367676e-01 -2.477092742919921875e-01 1.029236912727355957e-01 4.907130077481269836e-02 9.621012806892395020e-01
1.403636871951666594e+09 7.769544124603271484e-01 -8.057651519775390625e-01 -5.067999958992004395e-01 -2.438933849334716797e-01 9.484154731035232544e-02 4.750527068972587585e-02 9.639836549758911133e-01
1.403636872051666498e+09 5.611869692802429199e-01 -7.979789376258850098e-01 -4.862742424011230469e-01 -2.368687987327575684e-01 8.314149826765060425e-02 4.881799221038818359e-02 9.667458534240722656e-01
1.403636872151666403e+09 3.585965037345886230e-01 -7.830559611320495605e-01 -4.658906161785125732e-01 -2.329120486974716187e-01 7.358284294605255127e-02 4.690127819776535034e-02 9.685751795768737793e-01
1.403636872251666546e+09 1.760641485452651978e-01 -7.611862421035766602e-01 -4.511023461818695068e-01 -2.361614108085632324e-01 6.567639112472534180e-02 4.413802549242973328e-02 9.684866070747375488e-01
1.403636872351666451e+09 1.670323312282562256e-02 -7.343901395797729492e-01 -4.430905282497406006e-01 -2.444591224193572998e-01 5.656451359391212463e-02 4.131871834397315979e-02 9.671261906623840332e-01
1.403636872451666594e+09 2.192993760108947754e-01 -7.315669059753417969e-01 -4.341393411159515381e-01 -2.460226714611053467e-01 6.390704214572906494e-02 3.480590507388114929e-02 9.665285348892211914e-01
1.403636873151666403e+09 4.140550196170806885e-01 -7.373378276824951172e-01 -4.291400611400604248e-01 -2.463816851377487183e-01 7.083544135093688965e-02 3.747658804059028625e-02 9.658539891242980957e-01
1.403636873251666546e+09 6.295721530914306641e-01 -7.482109069824218750e-01 -4.250421822071075439e-01 -2.475788593292236328e-01 7.900053262710571289e-02 4.169432818889617920e-02 9.647410511970520020e-01
1.403636873351666451e+09 8.520991206169128418e-01 -7.606886625289916992e-01 -4.221029281616210938e-01 -2.485153228044509888e-01 8.773428201675415039e-02 4.550462588667869568e-02 9.635726213455200195e-01
1.403636873451666594e+09 1.071494817733764648e+00 -7.665483355522155762e-01 -4.231256246566772461e-01 -2.494734674692153931e-01 9.436300396919250488e-02 4.948934912681579590e-02 9.625016450881958008e-01
1.403636873551666498e+09 1.278030514717102051e+00 -7.640420198440551758e-01 -4.303703904151916504e-01 -2.530442178249359131e-01 1.024284362792968750e-01 5.111292749643325806e-02 9.606584310531616211e-01
1.403636873651666403e+09 1.457924127578735352e+00 -7.507568597793579102e-01 -4.388249218463897705e-01 -2.569143772125244141e-01 1.119774430990219116e-01 5.189192295074462891e-02 9.585214257240295410e-01
1.403636873751666546e+09 1.732779145240783691e+00 -7.079354524612426758e-01 -4.615228474140167236e-01 -2.601261436939239502e-01 1.192601472139358521e-01 5.671376734972000122e-02 9.565014839172363281e-01
1.403636874351666451e+09 1.568638443946838379e+00 -7.072972059249877930e-01 -4.427302777767181396e-01 -2.651906013488769531e-01 1.137098819017410278e-01 5.451966822147369385e-02 9.559140205383300781e-01
1.403636874451666594e+09 1.420664072036743164e+00 -7.111349701881408691e-01 -4.282680749893188477e-01 -2.659714818000793457e-01 1.050326451659202576e-01 5.398100614547729492e-02 9.567201137542724609e-01
1.403636874551666498e+09 1.242611527442932129e+00 -7.144397497177124023e-01 -4.100183546543121338e-01 -2.621133923530578613e-01 9.955378621816635132e-02 5.127757042646408081e-02 9.585177302360534668e-01
1.403636874651666403e+09 1.032821297645568848e+00 -7.116044163703918457e-01 -3.940736353397369385e-01 -2.586733400821685791e-01 9.202498942613601685e-02 4.869182407855987549e-02 9.603377580642700195e-01
1.403636874751666546e+09 8.119245767593383789e-01 -7.012411355972290039e-01 -3.761671781539916992e-01 -2.569674551486968994e-01 8.308866620063781738e-02 4.666139185428619385e-02 9.617103338241577148e-01
1.403636874851666451e+09 5.998879075050354004e-01 -6.824123263359069824e-01 -3.541490733623504639e-01 -2.571630477905273438e-01 7.378088682889938354e-02 4.770310595631599426e-02 9.623658061027526855e-01
1.403636874951666594e+09 4.120901226997375488e-01 -6.655955314636230469e-01 -3.334929347038269043e-01 -2.591123878955841064e-01 6.496870517730712891e-02 4.935177788138389587e-02 9.623950719833374023e-01
1.403636875051666498e+09 2.696951627731323242e-01 -6.554488539695739746e-01 -3.065138757228851318e-01 -2.527002096176147461e-01 6.283694505691528320e-02 4.947246983647346497e-02 9.642337560653686523e-01
1.403636875151666403e+09 1.181132905185222626e-02 -6.265719532966613770e-01 -2.365943491458892822e-01 -2.103807330131530762e-01 1.134382262825965881e-01 8.124285936355590820e-02 9.676111340522766113e-01
1.403636875551666498e+09 -9.152850508689880371e-02 -5.762311220169067383e-01 -3.552638292312622070e-01 -2.155581861734390259e-01 1.328587979078292847e-01 1.188809201121330261e-01 9.600784182548522949e-01
1.403636875651666403e+09 -5.206463485956192017e-02 -4.971714317798614502e-01 -6.130486726760864258e-01 -2.161368727684020996e-01 1.546597331762313843e-01 1.358908563852310181e-01 9.544102549552917480e-01
1.403636875851666451e+09 1.662672869861125946e-02 -4.508350491523742676e-01 -7.535356879234313965e-01 -2.157416641712188721e-01 1.736908555030822754e-01 1.415290236473083496e-01 9.503981471061706543e-01
1.403636875951666594e+09 1.127468869090080261e-01 -4.134803414344787598e-01 -8.904990553855895996e-01 -2.178928852081298828e-01 1.962193101644515991e-01 1.499058604240417480e-01 9.442187547683715820e-01
1.403636876051666498e+09 2.436333298683166504e-01 -3.929327130317687988e-01 -1.012913107872009277e+00 -2.141429632902145386e-01 2.237190455198287964e-01 1.567062586545944214e-01 9.378356933593750000e-01
1.403636876151666403e+09 4.051145315170288086e-01 -3.901675939559936523e-01 -1.102319478988647461e+00 -2.055173814296722412e-01 2.526245713233947754e-01 1.613988429307937622e-01 9.316082596778869629e-01
1.403636876251666546e+09 5.847849249839782715e-01 -3.969035744667053223e-01 -1.146803379058837891e+00 -2.005559206008911133e-01 2.750375270843505859e-01 1.672663986682891846e-01 9.252856969833374023e-01
1.403636876351666451e+09 7.854929566383361816e-01 -4.079045653343200684e-01 -1.143784880638122559e+00 -2.031963169574737549e-01 2.905031144618988037e-01 1.737256199121475220e-01 9.187701344490051270e-01
1.403636876451666594e+09 1.006712555885314941e+00 -4.284988641738891602e-01 -1.092948079109191895e+00 -2.073842585086822510e-01 3.032804727554321289e-01 1.757808923721313477e-01 9.132983088493347168e-01
1.403636876551666498e+09 1.230545282363891602e+00 -4.654796719551086426e-01 -9.983353614807128906e-01 -2.037213593721389771e-01 3.118046820163726807e-01 1.680519729852676392e-01 9.127070307731628418e-01
1.403636876651666403e+09 1.433190107345581055e+00 -5.229642391204833984e-01 -8.633927702903747559e-01 -1.949102133512496948e-01 3.118180930614471436e-01 1.539938449859619141e-01 9.170961380004882812e-01
1.403636876751666546e+09 1.580232739448547363e+00 -5.959213376045227051e-01 -6.977977752685546875e-01 -1.883049309253692627e-01 3.008790612220764160e-01 1.412958055734634399e-01 9.241474866867065430e-01
1.403636876851666451e+09 1.656526327133178711e+00 -6.662408113479614258e-01 -5.169404149055480957e-01 -1.851447522640228271e-01 2.828614115715026855e-01 1.247947216033935547e-01 9.328114390373229980e-01
1.403636876951666594e+09 1.652524113655090332e+00 -7.288172245025634766e-01 -3.250669836997985840e-01 -1.798823773860931396e-01 2.576903700828552246e-01 1.077711954712867737e-01 9.431985020637512207e-01
1.403636877051666498e+09 1.571839690208435059e+00 -7.783626914024353027e-01 -1.344411820173263550e-01 -1.750279068946838379e-01 2.236222475767135620e-01 9.088615328073501587e-02 9.545146226882934570e-01
1.403636877151666403e+09 1.422678232192993164e+00 -8.182030916213989258e-01 3.503068536520004272e-02 -1.735394895076751709e-01 1.827836483716964722e-01 7.250641286373138428e-02 9.649959206581115723e-01
1.403636877251666546e+09 1.216056108474731445e+00 -8.498675823211669922e-01 1.710461378097534180e-01 -1.747858822345733643e-01 1.394527256488800049e-01 5.730570852756500244e-02 9.729948639869689941e-01
1.403636877351666451e+09 9.731293916702270508e-01 -8.687973022460937500e-01 2.585443854331970215e-01 -1.772957146167755127e-01 9.912326931953430176e-02 4.238177463412284851e-02 9.782354831695556641e-01
1.403636877451666594e+09 7.171052098274230957e-01 -8.669205904006958008e-01 2.893634736537933350e-01 -1.821368634700775146e-01 6.148458644747734070e-02 2.841711044311523438e-02 9.809374809265136719e-01
1.403636877551666498e+09 4.722748696804046631e-01 -8.414022922515869141e-01 2.670814096927642822e-01 -1.910614073276519775e-01 2.983724512159824371e-02 2.142634242773056030e-02 9.808905720710754395e-01
1.403636877651666403e+09 2.573713958263397217e-01 -7.942346930503845215e-01 1.914852559566497803e-01 -2.029740810394287109e-01 7.530976086854934692e-03 1.909897662699222565e-02 9.789688587188720703e-01
1.403636877751666546e+09 8.308959752321243286e-02 -7.406685352325439453e-01 7.153113931417465210e-02 -2.135345339775085449e-01 -5.847302731126546860e-03 2.351252362132072449e-02 9.766350984573364258e-01
1.403636877851666451e+09 -4.486739635467529297e-02 -6.811204552650451660e-01 -7.669572532176971436e-02 -2.233390659093856812e-01 -5.342617630958557129e-03 3.031180240213871002e-02 9.742547869682312012e-01
1.403636877951666594e+09 -1.212456524372100830e-01 -6.139395236968994141e-01 -2.367150932550430298e-01 -2.337383627891540527e-01 5.686177872121334076e-03 3.735290840268135071e-02 9.715651273727416992e-01
1.403636878051666498e+09 -1.427397876977920532e-01 -5.396558642387390137e-01 -3.981675803661346436e-01 -2.405117154121398926e-01 2.520889975130558014e-02 4.384673386812210083e-02 9.693276882171630859e-01
1.403636878151666403e+09 -1.058242172002792358e-01 -4.719751477241516113e-01 -5.460001230239868164e-01 -2.412621974945068359e-01 5.260172486305236816e-02 5.350087955594062805e-02 9.675553441047668457e-01
1.403636878251666546e+09 -1.363355293869972229e-02 -4.137401580810546875e-01 -6.819218397140502930e-01 -2.374870330095291138e-01 8.011346310377120972e-02 6.455881893634796143e-02 9.659264683723449707e-01
1.403636878351666451e+09 1.242279112339019775e-01 -3.682228922843933105e-01 -7.984126806259155273e-01 -2.319344431161880493e-01 1.050570979714393616e-01 8.072724938392639160e-02 9.636662602424621582e-01
1.403636878451666594e+09 3.076196610927581787e-01 -3.391630351543426514e-01 -8.921776413917541504e-01 -2.275636494159698486e-01 1.319477558135986328e-01 9.449958056211471558e-02 9.601429700851440430e-01
1.403636878551666498e+09 5.196685791015625000e-01 -3.391521573066711426e-01 -9.514437317848205566e-01 -2.242005169391632080e-01 1.606056094169616699e-01 1.036746278405189514e-01 9.556105732917785645e-01
1.403636878651666403e+09 7.488146424293518066e-01 -3.667414784431457520e-01 -9.684282541275024414e-01 -2.200803160667419434e-01 1.873579621315002441e-01 1.085824370384216309e-01 9.511422514915466309e-01
1.403636878751666546e+09 9.794061779975891113e-01 -4.147340059280395508e-01 -9.463068246841430664e-01 -2.148029804229736328e-01 2.108243256807327271e-01 1.072135716676712036e-01 9.475854039192199707e-01
1.403636878851666451e+09 1.195332527160644531e+00 -4.739166796207427979e-01 -8.893692493438720703e-01 -2.086544185876846313e-01 2.255129367113113403e-01 1.070050522685050964e-01 9.455989003181457520e-01
1.403636878951666594e+09 1.384322524070739746e+00 -5.288511514663696289e-01 -8.068918585777282715e-01 -2.074106931686401367e-01 2.304688543081283569e-01 1.089474037289619446e-01 9.444550275802612305e-01
1.403636879051666498e+09 1.537488818168640137e+00 -5.849437713623046875e-01 -7.001606822013854980e-01 -2.083124369382858276e-01 2.305922508239746094e-01 1.104331985116004944e-01 9.440538883209228516e-01
1.403636879151666403e+09 1.643747329711914062e+00 -6.563213467597961426e-01 -5.690593719482421875e-01 -1.995272487401962280e-01 2.272527366876602173e-01 1.093576252460479736e-01 9.468822479248046875e-01
1.403636879251666546e+09 1.695940613746643066e+00 -8.029549717903137207e-01 -2.809637188911437988e-01 -1.742304861545562744e-01 2.094881981611251831e-01 9.133346378803253174e-02 9.578186869621276855e-01
1.403636879451666594e+09 1.498948335647583008e+00 -9.020711779594421387e-01 -5.582764744758605957e-02 -1.678174585103988647e-01 1.596051752567291260e-01 6.385619193315505981e-02 9.707141518592834473e-01
1.403636879651666403e+09 1.324301719665527344e+00 -9.362156987190246582e-01 1.032305508852005005e-02 -1.694589853286743164e-01 1.309179365634918213e-01 5.628110840916633606e-02 9.751802682876586914e-01
1.403636879751666546e+09 1.115728497505187988e+00 -9.610823392868041992e-01 3.673012554645538330e-02 -1.726227253675460815e-01 1.037098765373229980e-01 5.320062488317489624e-02 9.780671596527099609e-01
1.403636879851666451e+09 8.971898555755615234e-01 -9.600208997726440430e-01 2.408803813159465790e-02 -1.800652146339416504e-01 8.153792470693588257e-02 4.990623518824577332e-02 9.789981842041015625e-01
1.403636879951666594e+09 6.977268457412719727e-01 -9.365606307983398438e-01 -3.386074304580688477e-02 -1.902228891849517822e-01 6.748816370964050293e-02 4.723879694938659668e-02 9.782786965370178223e-01
1.403636880051666498e+09 4.681877195835113525e-01 -8.598632812500000000e-01 -2.749568819999694824e-01 -2.033547163009643555e-01 5.900638177990913391e-02 4.453963041305541992e-02 9.763101339340209961e-01
1.403636880251666546e+09 5.038259625434875488e-01 -7.750504612922668457e-01 -5.870169401168823242e-01 -1.946858763694763184e-01 9.851090610027313232e-02 5.347990244626998901e-02 9.744397997856140137e-01
1.403636880451666594e+09 5.768800973892211914e-01 -7.224454879760742188e-01 -9.203022718429565430e-01 -1.847545653581619263e-01 1.555250138044357300e-01 6.365846097469329834e-02 9.683105349540710449e-01
1.403636880651666403e+09 4.675748944282531738e-01 -6.790542602539062500e-01 -1.213935852050781250e+00 -1.974957883358001709e-01 1.798681020736694336e-01 7.516943663358688354e-02 9.607249498367309570e-01
1.403636880851666451e+09 2.075753659009933472e-01 -6.497641801834106445e-01 -1.341637015342712402e+00 -1.995488703250885010e-01 1.631380766630172729e-01 7.784695923328399658e-02 9.630712270736694336e-01
1.403636881051666498e+09 -5.136171355843544006e-02 -6.692194938659667969e-01 -1.273204207420349121e+00 -1.779747754335403442e-01 1.298092007637023926e-01 6.019242107868194580e-02 9.735766053199768066e-01
1.403636881251666546e+09 -2.180853784084320068e-01 -7.401337623596191406e-01 -1.082521200180053711e+00 -1.690025776624679565e-01 7.939519733190536499e-02 4.091429710388183594e-02 9.815602302551269531e-01
1.403636881451666594e+09 -1.571954786777496338e-01 -8.401281237602233887e-01 -7.896313667297363281e-01 -1.616224199533462524e-01 5.997433513402938843e-02 1.513140182942152023e-02 9.849123358726501465e-01
1.403636881651666403e+09 1.193842217326164246e-01 -9.257698655128479004e-01 -4.821433424949645996e-01 -1.572744101285934448e-01 5.446243286132812500e-02 -6.085651926696300507e-03 9.860332608222961426e-01
1.403636881851666451e+09 5.027550458908081055e-01 -9.669387340545654297e-01 -2.411814928054809570e-01 -1.628003120422363281e-01 7.034993171691894531e-02 -9.251977317035198212e-04 9.841474294662475586e-01
1.403636882051666498e+09 8.702013492584228516e-01 -9.310062527656555176e-01 -1.645780950784683228e-01 -1.598207354545593262e-01 9.080930054187774658e-02 1.369494944810867310e-02 9.828649163246154785e-01
1.403636882251666546e+09 1.071367740631103516e+00 -7.298894524574279785e-01 -2.928043901920318604e-01 -1.447949260473251343e-01 1.014393940567970276e-01 1.903863251209259033e-02 9.840640425682067871e-01
1.403636882651666403e+09 8.978824615478515625e-01 -6.026839613914489746e-01 -2.509138882160186768e-01 -1.012867316603660583e-01 5.684812366962432861e-02 1.545644272118806839e-02 9.931114912033081055e-01
1.403636882851666451e+09 7.926245331764221191e-01 -5.151776671409606934e-01 -6.596162170171737671e-02 -5.370784923434257507e-02 6.682518403977155685e-03 8.081400883384048939e-04 9.985340237617492676e-01
1.403636883051666498e+09 7.109187841415405273e-01 -3.841154277324676514e-01 1.134652048349380493e-01 -4.971941187977790833e-02 -3.340470045804977417e-02 -1.476774550974369049e-02 9.980952143669128418e-01
1.403636883351666451e+09 6.350985765457153320e-01 -2.113851010799407959e-01 3.356222510337829590e-01 -1.910210959613323212e-02 -6.453542411327362061e-02 -3.142330050468444824e-02 9.972376823425292969e-01
1.403636883851666451e+09 6.813611984252929688e-01 -1.366240829229354858e-01 3.399539291858673096e-01 1.138945575803518295e-03 -9.064923226833343506e-02 -4.359703883528709412e-02 9.949275255203247070e-01
1.403636897551666498e+09 7.664725780487060547e-01 -1.141704097390174866e-01 2.497735470533370972e-01 -2.324555441737174988e-02 -7.479846477508544922e-02 -5.322202667593955994e-02 9.955059885978698730e-01
1.403636897751666546e+09 8.599262833595275879e-01 -1.643113940954208374e-01 1.251205652952194214e-01 -5.312656238675117493e-02 -6.614161282777786255e-02 -6.788897514343261719e-02 9.940794706344604492e-01
1.403636897951666594e+09 9.182243943214416504e-01 -2.992279231548309326e-01 5.017235130071640015e-02 -4.178263992071151733e-02 -6.968118250370025635e-02 -7.054393738508224487e-02 9.941943287849426270e-01
1.403636898251666546e+09 9.602051377296447754e-01 -5.289880037307739258e-01 3.149055689573287964e-02 -3.197933733463287354e-02 -8.445889502763748169e-02 -7.153601944446563721e-02 9.933411478996276855e-01
1.403636898651666403e+09 9.258847832679748535e-01 -8.426021933555603027e-01 9.117015451192855835e-02 -3.459829464554786682e-02 -9.462629258632659912e-02 -7.208123058080673218e-02 9.922969341278076172e-01
1.403636899051666498e+09 9.010052680969238281e-01 -1.100840330123901367e+00 3.317075371742248535e-01 -2.259230241179466248e-02 -7.251057773828506470e-02 -5.030548200011253357e-02 9.958419799804687500e-01
1.403636899351666451e+09 1.033821225166320801e+00 -1.311684250831604004e+00 6.116895079612731934e-01 -1.998221874237060547e-02 4.889743868261575699e-03 -1.464821677654981613e-02 9.996810555458068848e-01
1.403636899851666451e+09 1.624839901924133301e+00 -1.730990290641784668e+00 1.002557039260864258e+00 -1.913238689303398132e-02 2.743185497820377350e-02 -2.861411124467849731e-02 9.990308880805969238e-01
1.403636901051666498e+09 2.663858652114868164e+00 -2.213118553161621094e+00 1.647644758224487305e+00 -2.521510422229766846e-02 1.226519048213958740e-02 -1.970426924526691437e-02 9.994125962257385254e-01
1.403636901751666546e+09 3.682534933090209961e+00 -2.410899162292480469e+00 2.259253025054931641e+00 -1.898790523409843445e-02 1.536316983401775360e-02 -3.004490584135055542e-02 9.992501139640808105e-01
1.403636902451666594e+09 4.892763614654541016e+00 -2.316577196121215820e+00 2.982613086700439453e+00 -1.896460726857185364e-02 2.778457105159759521e-02 -3.625756874680519104e-02 9.987761974334716797e-01
1.403636903251666546e+09 6.460433959960937500e+00 -3.008048534393310547e+00 3.801642179489135742e+00 -3.193112835288047791e-02 9.382493793964385986e-03 -2.367540821433067322e-02 9.991655945777893066e-01
1.403636904351666451e+09 7.693536758422851562e+00 -3.859594583511352539e+00 4.452783584594726562e+00 -2.122693695127964020e-02 1.872413046658039093e-02 -2.863254025578498840e-02 9.991892576217651367e-01
1.403636905151666403e+09 9.520622253417968750e+00 -4.595078468322753906e+00 5.899853706359863281e+00 -3.964766860008239746e-02 9.677997790277004242e-03 -4.696591198444366455e-02 9.980624318122863770e-01
1.403636906551666498e+09 1.053523540496826172e+01 -5.604866981506347656e+00 8.499030113220214844e+00 -3.978439047932624817e-02 -1.026592962443828583e-02 -2.388053014874458313e-02 9.988701939582824707e-01
1.403636908051666498e+09 1.126796054840087891e+01 -6.246544361114501953e+00 1.007594871520996094e+01 -2.314479462802410126e-02 -1.471014413982629776e-02 -4.511903226375579834e-02 9.986051321029663086e-01
1.403636908951666594e+09 1.214955520629882812e+01 -7.243082523345947266e+00 1.214730548858642578e+01 -4.027386754751205444e-02 -2.419036813080310822e-02 -3.684697300195693970e-02 9.982160329818725586e-01
1.403636909651666403e+09 1.275095558166503906e+01 -7.571917533874511719e+00 1.361877727508544922e+01 -1.483563520014286041e-02 -1.552327722311019897e-02 -4.594163596630096436e-02 9.987133145332336426e-01
1.403636910051666498e+09 1.355271530151367188e+01 -7.889934539794921875e+00 1.638613128662109375e+01 -2.435443550348281860e-02 -2.223895303905010223e-02 -4.446602612733840942e-02 9.984663724899291992e-01
1.403636911351666451e+09 1.397867584228515625e+01 -8.527514457702636719e+00 1.812228965759277344e+01 -2.450409345328807831e-02 -2.146347239613533020e-02 -4.066966101527214050e-02 9.986414909362792969e-01
1.403636912451666594e+09 1.485971927642822266e+01 -8.901856422424316406e+00 2.035332489013671875e+01 -2.054972015321254730e-02 -1.838627643883228302e-02 -2.728848718106746674e-02 9.992471933364868164e-01
1.403636913251666546e+09 1.617621994018554688e+01 -9.048999786376953125e+00 2.192626953125000000e+01 -1.989097520709037781e-02 -1.307179685682058334e-02 -4.053017497062683105e-02 9.988948702812194824e-01
1.403636914451666594e+09 1.782895851135253906e+01 -9.790828704833984375e+00 2.325332832336425781e+01 -1.863703690469264984e-02 -7.176322862505912781e-03 -4.719696193933486938e-02 9.986859560012817383e-01
1.403636915351666451e+09 1.928382301330566406e+01 -1.039298152923583984e+01 2.471204566955566406e+01 -1.633208431303501129e-02 -7.942136377096176147e-03 -4.647830128669738770e-02 9.987542033195495605e-01
1.403636916551666498e+09 2.004906082153320312e+01 -1.083878135681152344e+01 2.532479095458984375e+01 -1.577236503362655640e-02 3.255629539489746094e-02 -4.208552464842796326e-02 9.984588623046875000e-01
1.403636917051666498e+09 2.071996307373046875e+01 -1.055889797210693359e+01 2.622521781921386719e+01 -1.075021736323833466e-02 1.093267798423767090e-01 -1.083037536591291428e-02 9.938887357711791992e-01
1.403636917851666451e+09 2.087182235717773438e+01 -1.176772880554199219e+01 2.712527084350585938e+01 9.596154559403657913e-04 1.669418662786483765e-01 3.650360181927680969e-02 9.852903485298156738e-01
1.403636919851666451e+09 2.204199218750000000e+01 -1.136585903167724609e+01 2.555600738525390625e+01 -3.614178672432899475e-02 1.815430670976638794e-01 3.299576044082641602e-02 9.821645617485046387e-01
1.403636922151666403e+09 2.260572624206542969e+01 -1.065009498596191406e+01 2.507976341247558594e+01 1.340214512310922146e-03 2.650276422500610352e-01 5.670615285634994507e-02 9.625710248947143555e-01
1.403636923451666594e+09 2.458687019348144531e+01 -1.040849399566650391e+01 2.627001953125000000e+01 -2.461076900362968445e-02 3.167914450168609619e-01 6.212684139609336853e-02 9.461383819580078125e-01
1.403636925551666498e+09 2.736940574645996094e+01 -1.063205623626708984e+01 2.858879089355468750e+01 -3.809018060564994812e-03 3.278771042823791504e-01 8.800431340932846069e-02 9.406048059463500977e-01
1.403636927151666403e+09 2.828875160217285156e+01 -1.053954124450683594e+01 2.885197830200195312e+01 -1.777378283441066742e-02 4.190746247768402100e-01 1.130550205707550049e-01 9.007102847099304199e-01
1.403636927651666403e+09 3.236671066284179688e+01 -1.089667606353759766e+01 3.065894317626953125e+01 -3.065794240683317184e-03 4.401469230651855469e-01 1.067332774400711060e-01 8.915544152259826660e-01
1.403636929651666403e+09 3.530203247070312500e+01 -1.205905914306640625e+01 3.125541305541992188e+01 -2.076623932225629687e-04 4.367877840995788574e-01 1.021836921572685242e-01 8.937421441078186035e-01
1.403636931151666403e+09 3.672697448730468750e+01 -1.204802513122558594e+01 3.047214508056640625e+01 4.685258492827415466e-03 4.872829914093017578e-01 8.335313946008682251e-02 8.692442774772644043e-01
1.403636932451666594e+09 3.575598526000976562e+01 -1.189290428161621094e+01 2.884430313110351562e+01 7.376952096819877625e-03 5.454233288764953613e-01 1.301428675651550293e-01 8.279624581336975098e-01
1.403636933251666546e+09 3.397940826416015625e+01 -1.138973426818847656e+01 2.810550498962402344e+01 8.969781920313835144e-03 5.820989608764648438e-01 1.558502167463302612e-01 7.979918718338012695e-01
1.403636934351666451e+09 3.341422653198242188e+01 -1.104368019104003906e+01 2.784087181091308594e+01 2.016056515276432037e-02 6.558096408843994141e-01 1.943087577819824219e-01 7.292129397392272949e-01
1.403636934651666403e+09 3.213754653930664062e+01 -1.126102447509765625e+01 2.682503890991210938e+01 1.308083347976207733e-02 7.045162916183471680e-01 2.053889483213424683e-01 6.791914701461791992e-01
1.403636935951666594e+09 3.080958747863769531e+01 -1.044560241699218750e+01 2.522742080688476562e+01 4.153550602495670319e-03 7.012323141098022461e-01 2.040678113698959351e-01 6.830902695655822754e-01
1.403636937351666451e+09 3.065651130676269531e+01 -9.674560546875000000e+00 2.376785278320312500e+01 -3.675408195704221725e-03 7.209993600845336914e-01 1.803629696369171143e-01 6.690408587455749512e-01
1.403636938451666594e+09 2.900043678283691406e+01 -8.634174346923828125e+00 2.256396675109863281e+01 1.116492692381143570e-02 7.291997075080871582e-01 2.135409116744995117e-01 6.500334739685058594e-01
1.403636939851666451e+09 2.749349403381347656e+01 -8.081040382385253906e+00 2.126776885986328125e+01 2.394913695752620697e-02 7.358351349830627441e-01 2.132348120212554932e-01 6.422648429870605469e-01
1.403636940351666451e+09 2.652454757690429688e+01 -7.507198333740234375e+00 2.062758255004882812e+01 2.356642298400402069e-02 7.459366917610168457e-01 2.246473282575607300e-01 6.265435218811035156e-01
1.403636940751666546e+09 2.551457977294921875e+01 -7.157498836517333984e+00 1.982645988464355469e+01 -4.627957008779048920e-03 7.479555010795593262e-01 2.337902039289474487e-01 6.211951375007629395e-01
1.403636941251666546e+09 2.423718261718750000e+01 -7.076586723327636719e+00 1.850323677062988281e+01 6.716188509017229080e-03 7.482455968856811523e-01 2.128092944622039795e-01 6.283276081085205078e-01
1.403636941951666594e+09 2.281497955322265625e+01 -6.816034317016601562e+00 1.716892623901367188e+01 1.141953747719526291e-02 7.401981353759765625e-01 2.206973880529403687e-01 6.350346207618713379e-01
1.403636942551666498e+09 2.181956291198730469e+01 -6.393173694610595703e+00 1.620942687988281250e+01 8.719077333807945251e-03 7.413362860679626465e-01 2.344507128000259399e-01 6.287904977798461914e-01
1.403636942951666594e+09 2.093028831481933594e+01 -6.048904895782470703e+00 1.509183692932128906e+01 1.018453016877174377e-02 7.520518898963928223e-01 2.168888151645660400e-01 6.223130822181701660e-01
1.403636943551666498e+09 1.981686401367187500e+01 -5.400725841522216797e+00 1.396902656555175781e+01 8.043377660214900970e-03 7.588663101196289062e-01 2.106890231370925903e-01 6.161714792251586914e-01
1.403636944051666498e+09 1.909485054016113281e+01 -4.765625000000000000e+00 1.343042755126953125e+01 -2.453852072358131409e-02 7.282687425613403320e-01 2.414283901453018188e-01 6.408860683441162109e-01
1.403636944551666498e+09 1.759672164916992188e+01 -4.531432628631591797e+00 1.214998626708984375e+01 -1.908635534346103668e-02 7.166808843612670898e-01 2.134892642498016357e-01 6.636463999748229980e-01
1.403636946851666451e+09 1.668925285339355469e+01 -2.919789314270019531e+00 1.299331665039062500e+01 1.254331087693572044e-03 7.221090197563171387e-01 2.413934767246246338e-01 6.482948660850524902e-01
1.403636947451666594e+09 1.930980682373046875e+01 -2.256455421447753906e+00 1.383314704895019531e+01 1.422883477061986923e-02 7.166874408721923828e-01 2.013170421123504639e-01 6.675539016723632812e-01
1.403636949851666451e+09 2.080358695983886719e+01 -2.327379226684570312e+00 1.505023002624511719e+01 -1.681493036448955536e-02 7.204611897468566895e-01 1.945603638887405396e-01 6.654316186904907227e-01
1.403636950951666594e+09 2.182241058349609375e+01 -2.722743034362792969e+00 1.572544670104980469e+01 -7.063426543027162552e-03 7.087169289588928223e-01 2.232896834611892700e-01 6.691877841949462891e-01
1.403636951751666546e+09 2.291567611694335938e+01 -2.847012519836425781e+00 1.625992584228515625e+01 -1.728992536664009094e-02 7.170424461364746094e-01 2.013167440891265869e-01 6.671004295349121094e-01
1.403636952151666403e+09 2.376201248168945312e+01 -2.986048221588134766e+00 1.672761535644531250e+01 6.737911608070135117e-03 7.167174816131591797e-01 2.003918737173080444e-01 6.679174900054931641e-01
1.403636952651666403e+09 2.478635025024414062e+01 -2.882388591766357422e+00 1.758460807800292969e+01 -4.561724141240119934e-03 7.132534384727478027e-01 2.096591591835021973e-01 6.687987446784973145e-01
1.403636953151666403e+09 2.560099983215332031e+01 -2.679574489593505859e+00 1.823644447326660156e+01 -2.577189821749925613e-03 7.103351354598999023e-01 2.185552269220352173e-01 6.690673232078552246e-01
1.403636953751666546e+09 2.653229141235351562e+01 -2.879181861877441406e+00 1.866528701782226562e+01 -2.318399026989936829e-02 7.114287614822387695e-01 2.020533531904220581e-01 6.726858019828796387e-01
1.403636954151666403e+09 2.740121650695800781e+01 -3.229566574096679688e+00 1.914939880371093750e+01 -1.770155131816864014e-02 7.091041803359985352e-01 2.089374959468841553e-01 6.732035875320434570e-01
1.403636954551666498e+09 2.838604354858398438e+01 -3.621443748474121094e+00 1.972393417358398438e+01 -1.642166823148727417e-02 7.162774801254272461e-01 2.081063538789749146e-01 6.658594012260437012e-01
1.403636954951666594e+09 2.946717071533203125e+01 -3.598126411437988281e+00 2.050535774230957031e+01 -7.235490716993808746e-03 7.293231487274169922e-01 2.010610997676849365e-01 6.539189219474792480e-01
1.403636955351666451e+09 3.069526290893554688e+01 -3.822854995727539062e+00 2.154828453063964844e+01 -7.548235822468996048e-03 7.412434816360473633e-01 2.035327702760696411e-01 6.395901441574096680e-01
1.403636955851666451e+09 3.158393669128417969e+01 -4.122779846191406250e+00 2.245398330688476562e+01 1.225569471716880798e-02 7.388845086097717285e-01 2.210678160190582275e-01 6.364185214042663574e-01
1.403636956551666498e+09 3.286176681518554688e+01 -4.550230026245117188e+00 2.375852203369140625e+01 2.371306903660297394e-02 7.225392460823059082e-01 2.081592679023742676e-01 6.588205695152282715e-01
1.403636956851666451e+09 3.322139739990234375e+01 -4.673545837402343750e+00 2.424477005004882812e+01 1.361313089728355408e-02 6.659145355224609375e-01 1.908422559499740601e-01 7.210767865180969238e-01
1.403636957151666403e+09 3.353134918212890625e+01 -5.008625030517578125e+00 2.468981361389160156e+01 -3.058965317904949188e-03 6.031335592269897461e-01 1.598398238420486450e-01 7.814549207687377930e-01
1.403636957651666403e+09 3.383645248413085938e+01 -4.961116313934326172e+00 2.531825447082519531e+01 4.046567191835492849e-04 5.275766253471374512e-01 1.477219313383102417e-01 8.365650177001953125e-01
1.403636958051666498e+09 3.402530288696289062e+01 -5.045030117034912109e+00 2.563993453979492188e+01 -8.117497898638248444e-03 4.331517815589904785e-01 1.144761592149734497e-01 8.939848542213439941e-01
1.403636958651666403e+09 3.531387710571289062e+01 -5.230313301086425781e+00 2.767311477661132812e+01 -1.262867078185081482e-02 4.230468869209289551e-01 6.847624480724334717e-02 9.034284353256225586e-01
1.403636960851666451e+09 3.506031799316406250e+01 -5.156896591186523438e+00 2.844543075561523438e+01 -1.080061774700880051e-02 3.372705876827239990e-01 6.900607794523239136e-02 9.388131499290466309e-01
1.403636961251666546e+09 3.476673889160156250e+01 -5.418482303619384766e+00 2.889542388916015625e+01 -1.361784338951110840e-02 2.570136487483978271e-01 4.156578332185745239e-02 9.654174447059631348e-01
1.403636961751666546e+09 3.442678070068359375e+01 -5.926979541778564453e+00 2.919118690490722656e+01 -1.343292091041803360e-02 1.853987425565719604e-01 1.650653034448623657e-02 9.824329614639282227e-01
1.403636962151666403e+09 3.403881072998046875e+01 -6.284649848937988281e+00 2.943667984008789062e+01 -1.569493860006332397e-02 9.513134509325027466e-02 -1.476291380822658539e-02 9.952315688133239746e-01
1.403636962451666594e+09 3.357937240600585938e+01 -6.814571380615234375e+00 2.952017593383789062e+01 -1.650356501340866089e-02 8.876934647560119629e-03 -6.969457119703292847e-02 9.973923563957214355e-01
1.403636962951666594e+09 3.093453216552734375e+01 -7.370705127716064453e+00 2.917280578613281250e+01 -6.681077647954225540e-03 1.836296869441866875e-03 -4.920403286814689636e-02 9.987647533416748047e-01
1.403636964651666403e+09 2.959525680541992188e+01 -7.306455612182617188e+00 2.855332374572753906e+01 -4.561556037515401840e-03 -3.774324432015419006e-02 -8.600686490535736084e-02 9.955689907073974609e-01
1.403636964951666594e+09 2.872264671325683594e+01 -7.219866752624511719e+00 2.807811546325683594e+01 -3.051034407690167427e-03 -1.090441644191741943e-01 -9.738437831401824951e-02 9.892504811286926270e-01
1.403636965351666451e+09 2.744154548645019531e+01 -7.371240615844726562e+00 2.730111885070800781e+01 -6.318278610706329346e-02 -1.417803317308425903e-01 -1.013562679290771484e-01 9.826664328575134277e-01
1.403636965651666403e+09 2.578481674194335938e+01 -7.936801910400390625e+00 2.663046264648437500e+01 -7.886058650910854340e-03 -1.393021941184997559e-01 -9.121930599212646484e-02 9.860080480575561523e-01
1.403636966451666594e+09 2.331435203552246094e+01 -7.571624279022216797e+00 2.538061523437500000e+01 -2.737895818427205086e-03 -1.305990815162658691e-01 -6.718751043081283569e-02 9.891523122787475586e-01
1.403636967551666498e+09 2.140020751953125000e+01 -6.396190643310546875e+00 2.303292274475097656e+01 3.789631649851799011e-03 -1.191283166408538818e-01 -8.174461126327514648e-02 9.895008802413940430e-01
1.403636968451666594e+09 2.005492591857910156e+01 -4.913527488708496094e+00 2.025107383728027344e+01 4.766209167428314686e-04 -1.175904646515846252e-01 -8.470003306865692139e-02 9.894434213638305664e-01
1.403636969251666546e+09 1.925416946411132812e+01 -4.613384723663330078e+00 1.826018905639648438e+01 -3.087223879992961884e-02 -1.168021261692047119e-01 -7.934357225894927979e-02 9.894992709159851074e-01
1.403636969651666403e+09 1.860289955139160156e+01 -4.404859542846679688e+00 1.684742355346679688e+01 -3.580753132700920105e-02 -1.127749010920524597e-01 -8.016482740640640259e-02 9.897339344024658203e-01
1.403636970051666498e+09 1.790401077270507812e+01 -3.975409507751464844e+00 1.573207569122314453e+01 -8.342072367668151855e-03 -1.158630996942520142e-01 -7.691646367311477661e-02 9.902474880218505859e-01
1.403636970451666594e+09 1.719754981994628906e+01 -3.541801452636718750e+00 1.466232395172119141e+01 -3.950231522321701050e-02 -1.163321509957313538e-01 -8.063255250453948975e-02 9.891434907913208008e-01
1.403636970851666451e+09 1.640896987915039062e+01 -3.366821289062500000e+00 1.382152557373046875e+01 -6.206459552049636841e-02 -1.211458817124366760e-01 -7.479241490364074707e-02 9.878652691841125488e-01
1.403636971251666546e+09 1.555121231079101562e+01 -2.988573074340820312e+00 1.343980884552001953e+01 -3.256305679678916931e-02 -1.344027668237686157e-01 -3.951958194375038147e-02 9.896028637886047363e-01
1.403636972051666498e+09 1.519987964630126953e+01 -2.430419445037841797e+00 1.282409954071044922e+01 -2.552986331284046173e-02 -9.866604954004287720e-02 -6.508934497833251953e-02 9.926613569259643555e-01
1.403636973551666498e+09 1.528963184356689453e+01 -1.765600919723510742e+00 1.279747486114501953e+01 -2.215955220162868500e-02 -3.763018548488616943e-02 -4.497026279568672180e-02 9.980334043502807617e-01
1.403636974351666451e+09 1.537165927886962891e+01 -1.490801453590393066e+00 1.283405399322509766e+01 -1.267404016107320786e-02 7.843548804521560669e-02 -1.321476697921752930e-02 9.967510700225830078e-01
1.403636974751666546e+09 1.544827365875244141e+01 -1.356940746307373047e+00 1.284340667724609375e+01 -2.483522146940231323e-02 1.900435984134674072e-01 4.477849602699279785e-02 9.804394841194152832e-01
1.403636975351666451e+09 1.584442329406738281e+01 -1.391943097114562988e+00 1.317078971862792969e+01 6.819634232670068741e-03 2.935347259044647217e-01 9.792853891849517822e-02 9.508948326110839844e-01
1.403636976451666594e+09 1.648416519165039062e+01 -7.704297304153442383e-01 1.324939918518066406e+01 -1.511306967586278915e-02 3.858921527862548828e-01 1.137008666992187500e-01 9.153857231140136719e-01
1.403636978051666498e+09 1.845555686950683594e+01 -1.604778766632080078e-01 1.296540069580078125e+01 -1.963752880692481995e-02 3.930868208408355713e-01 1.042918413877487183e-01 9.133566021919250488e-01
1.403636978851666451e+09 2.064137268066406250e+01 2.068686485290527344e-02 1.338766860961914062e+01 -3.769528120756149292e-02 3.957835137844085693e-01 1.092272102832794189e-01 9.110454916954040527e-01
1.403636979951666594e+09 2.209351539611816406e+01 -3.981752395629882812e-01 1.434564304351806641e+01 -1.155171263962984085e-02 4.099238812923431396e-01 1.004237681627273560e-01 9.065010547637939453e-01
1.403636980651666403e+09 2.357956504821777344e+01 -5.406539440155029297e-01 1.577287006378173828e+01 -2.811829093843698502e-03 4.017759561538696289e-01 1.099356412887573242e-01 9.091107249259948730e-01
1.403636981751666546e+09 2.485431671142578125e+01 -8.034129142761230469e-01 1.697237205505371094e+01 -5.056911706924438477e-02 4.165881276130676270e-01 1.202122718095779419e-01 8.996922969818115234e-01
1.403636982451666594e+09 2.587837028503417969e+01 -1.172885894775390625e+00 1.795780754089355469e+01 -8.809447288513183594e-03 4.123342335224151611e-01 1.212353184819221497e-01 9.028869867324829102e-01
1.403636982951666594e+09 2.712174415588378906e+01 -1.576766252517700195e+00 1.888519287109375000e+01 -1.258351281285285950e-02 4.121067523956298828e-01 1.078592538833618164e-01 9.046414494514465332e-01
1.403636983451666594e+09 2.859368705749511719e+01 -1.721968650817871094e+00 2.009649848937988281e+01 -2.403403259813785553e-02 4.193943738937377930e-01 1.031671017408370972e-01 9.016026258468627930e-01
1.403636984051666498e+09 2.996457862854003906e+01 -2.428654193878173828e+00 2.141995620727539062e+01 -2.192413248121738434e-02 4.281389117240905762e-01 1.042598858475685120e-01 8.974109292030334473e-01
1.403636984651666403e+09 3.124328422546386719e+01 -2.928656339645385742e+00 2.308407974243164062e+01 -8.098627440631389618e-03 4.271229505538940430e-01 1.083653494715690613e-01 8.976398706436157227e-01
1.403636985351666451e+09 3.240890502929687500e+01 -3.509533643722534180e+00 2.501278114318847656e+01 -1.637239381670951843e-02 4.107298254966735840e-01 8.520808815956115723e-02 9.076191782951354980e-01
1.403636985851666451e+09 3.279928588867187500e+01 -4.121733188629150391e+00 2.697322845458984375e+01 -8.220829069614410400e-03 3.964495360851287842e-01 7.212401926517486572e-02 9.151821136474609375e-01
1.403636986651666403e+09 3.242029190063476562e+01 -4.768362045288085938e+00 2.869712448120117188e+01 -1.669088378548622131e-03 3.879964649677276611e-01 9.897690266370773315e-02 9.163293838500976562e-01
1.403636987451666594e+09 3.194677925109863281e+01 -5.517409324645996094e+00 2.992559432983398438e+01 1.576807349920272827e-02 3.859989941120147705e-01 7.820142805576324463e-02 9.190434217453002930e-01
1.403636988051666498e+09 3.094372558593750000e+01 -6.055410385131835938e+00 3.051383972167968750e+01 3.525649011135101318e-02 3.720489144325256348e-01 1.058406233787536621e-01 9.214848875999450684e-01
1.403636989451666594e+09 2.899308586120605469e+01 -5.662694931030273438e+00 2.753915977478027344e+01 1.633809530176222324e-03 3.842676579952239990e-01 8.952432870864868164e-02 9.188694953918457031e-01
1.403636990551666498e+09 2.691593551635742188e+01 -4.917592048645019531e+00 2.429713058471679688e+01 -9.463178925216197968e-03 3.764975368976593018e-01 8.420073240995407104e-02 9.225347042083740234e-01
1.403636991651666403e+09 2.474489021301269531e+01 -4.363687515258789062e+00 2.151570129394531250e+01 -1.661873771809041500e-03 3.936530947685241699e-01 9.377242624759674072e-02 9.144622087478637695e-01
1.403636992651666403e+09 2.310247421264648438e+01 -3.943522214889526367e+00 1.954028320312500000e+01 1.696094404906034470e-04 3.815540075302124023e-01 9.244943410158157349e-02 9.197117686271667480e-01
1.403636993551666498e+09 2.173811340332031250e+01 -3.996933460235595703e+00 1.829210281372070312e+01 9.128749370574951172e-03 2.987569272518157959e-01 5.245978757739067078e-02 9.528425931930541992e-01
1.403636994751666546e+09 1.888213157653808594e+01 -3.218221902847290039e+00 1.545482730865478516e+01 5.689070094376802444e-03 2.955864369869232178e-01 6.018247827887535095e-02 9.534015059471130371e-01
1.403636996051666498e+09 1.644593048095703125e+01 -2.927730083465576172e+00 1.203468608856201172e+01 -1.478498522192239761e-02 2.595586478710174561e-01 5.224569141864776611e-02 9.641997218132019043e-01
1.403636996851666451e+09 1.558608722686767578e+01 -2.590936183929443359e+00 1.089076042175292969e+01 -2.387278154492378235e-02 1.550017446279525757e-01 2.159184962511062622e-02 9.873896837234497070e-01
1.403636997351666451e+09 1.439826202392578125e+01 -2.535724639892578125e+00 9.316728591918945312e+00 -3.044610284268856049e-02 1.399689614772796631e-01 1.179646700620651245e-02 9.896173477172851562e-01
1.403636998751666546e+09 1.283934497833251953e+01 -3.394361257553100586e+00 8.194493293762207031e+00 1.521699712611734867e-03 1.528001725673675537e-01 8.666992187500000000e-03 9.882180094718933105e-01
1.403637000651666403e+09 1.018529796600341797e+01 -2.970525741577148438e+00 6.455997467041015625e+00 -1.146639842772856355e-04 1.560432016849517822e-01 1.045713666826486588e-02 9.876949191093444824e-01
1.403637001851666451e+09 7.854612827301025391e+00 -2.406014680862426758e+00 4.483829975128173828e+00 -1.474565267562866211e-02 1.609147191047668457e-01 1.280170585960149765e-02 9.867751002311706543e-01
1.403637003151666403e+09 5.782619953155517578e+00 -1.890434980392456055e+00 2.963012456893920898e+00 -7.821292616426944733e-03 1.690128445625305176e-01 2.004248462617397308e-02 9.853790402412414551e-01
1.403637003851666451e+09 4.883832454681396484e+00 -1.723002314567565918e+00 2.266202211380004883e+00 -1.962115056812763214e-02 1.670233011245727539e-01 1.649902574717998505e-02 9.856196641921997070e-01
1.403637004251666546e+09 4.212141036987304688e+00 -1.504075646400451660e+00 1.823794841766357422e+00 -1.813974976539611816e-02 1.628999859094619751e-01 1.925118640065193176e-02 9.862880110740661621e-01
1.403637004751666546e+09 3.351837873458862305e+00 -1.506055951118469238e+00 1.125533103942871094e+00 -1.975227892398834229e-02 1.691307723522186279e-01 4.270361736416816711e-02 9.844700098037719727e-01
1.403637005351666451e+09 2.880757331848144531e+00 -9.068582653999328613e-01 6.747851371765136719e-01 -1.985265687108039856e-02 1.709963381290435791e-01 2.326353453099727631e-02 9.847968816757202148e-01
1.403637006151666403e+09 2.362607717514038086e+00 -8.610168099403381348e-01 1.904234737157821655e-01 -3.672067821025848389e-02 1.635993421077728271e-01 3.543067723512649536e-02 9.852063655853271484e-01
1.403637006751666546e+09 2.257967948913574219e+00 -6.683862805366516113e-01 1.281144618988037109e-01 -1.527796592563390732e-02 7.334418594837188721e-02 -9.525012224912643433e-03 9.971442222595214844e-01
1.403637007451666594e+09 2.231982946395874023e+00 -4.448562264442443848e-01 6.174049153923988342e-02 -2.001429535448551178e-02 4.975480586290359497e-02 -2.664931677281856537e-02 9.982052445411682129e-01
1.403637007851666451e+09 2.087191104888916016e+00 -2.446832060813903809e-01 -4.314165562391281128e-04 -2.293127216398715973e-02 5.690216645598411560e-02 -1.500652544200420380e-02 9.980036020278930664e-01
1.403637008351666451e+09 1.891830563545227051e+00 -2.673631012439727783e-01 4.628240317106246948e-02 -1.463364437222480774e-02 6.360790133476257324e-02 3.634905442595481873e-03 9.978610873222351074e-01
1.403637009051666498e+09 1.991668462753295898e+00 -9.550189971923828125e-02 2.294562906026840210e-01 -2.388555556535720825e-02 7.499749958515167236e-02 -1.429965998977422714e-02 9.967950582504272461e-01
1.403637009351666451e+09 2.094314813613891602e+00 -1.928335800766944885e-02 2.833076715469360352e-01 1.034219376742839813e-02 3.212153539061546326e-02 -8.724070154130458832e-03 9.993924498558044434e-01
1.403637009651666403e+09 2.123067617416381836e+00 -2.550237346440553665e-03 2.486297041177749634e-01 2.487686090171337128e-02 3.907457739114761353e-02 1.627374440431594849e-02 9.987940192222595215e-01
