1.403715528712143104e+18 5.429129285815980088e-01 2.195087470062330848e+00 9.563314025985604205e-01 -4.168967356806828617e-01 7.106952510211168583e-01 -4.975536264728698255e-01 2.712005913314308181e-01
1.403715528812143104e+18 5.534588826486089852e-01 2.197831938091192594e+00 9.782916604049639586e-01 -4.143761183602402975e-01 7.099001144134707841e-01 -5.002298707127010857e-01 2.722211169898386962e-01
1.403715528912143104e+18 5.649058509368953818e-01 2.201498076317879082e+00 1.003320623150001145e+00 -4.128234434245502404e-01 7.084101729252166857e-01 -5.034258345592221850e-01 2.725697352119507144e-01
1.403715529012143104e+18 5.765682188993210833e-01 2.207175003060026786e+00 1.028040976606185763e+00 -4.147481288635020968e-01 7.078043761523434840e-01 -5.037568265213725471e-01 2.706030569615430204e-01
1.403715529212143104e+18 6.034754864003641917e-01 2.227520576310528355e+00 1.093291478421936969e+00 -4.283941463925868276e-01 7.025255843551490020e-01 -4.926501943485424029e-01 2.832526163539657582e-01
1.403715529312143104e+18 6.181869057756266272e-01 2.240021405758263917e+00 1.134934500636729737e+00 -4.431212583057785315e-01 6.975610970908017183e-01 -4.828411277432609339e-01 2.896834679828946824e-01
1.403715529412143104e+18 6.348471824842485400e-01 2.252288729909566189e+00 1.170433972995630123e+00 -4.597855682201539840e-01 6.895957135021593132e-01 -4.744865511934804325e-01 2.965088462633700406e-01
1.403715529812143104e+18 7.328613381972730600e-01 2.296496183079681064e+00 1.246855601776345468e+00 -4.911740458101395146e-01 6.620389523452784308e-01 -4.680784633616852930e-01 3.183630544473222135e-01
1.403715530012143104e+18 7.979189642664145099e-01 2.325650089352851779e+00 1.294424693264367487e+00 -4.922109223640555586e-01 6.549105924638335408e-01 -4.710870429650236280e-01 3.269518645529748690e-01
1.403715530312143104e+18 8.948438694568009444e-01 2.392541079491289135e+00 1.402098749191904137e+00 -5.011640320767831724e-01 6.451927634866106986e-01 -4.832240438107321956e-01 3.147307331358901172e-01
1.403715530512143104e+18 1.028576037636322216e+00 2.564055982936118028e+00 1.653674008018124697e+00 -5.057810413707137798e-01 6.451659890701941791e-01 -4.638928193618140350e-01 3.357824249146788009e-01
1.403715530912143104e+18 1.164790320100230314e+00 2.766741839643610756e+00 1.819027190447724651e+00 -5.451913732775724997e-01 6.336509047434424335e-01 -4.235098954780209257e-01 3.491307288878008896e-01
1.403715531312143104e+18 1.307969928836268947e+00 2.903563977502904514e+00 1.917350068274808583e+00 -5.341609079031972573e-01 6.350056755556279242e-01 -4.063996462201919235e-01 3.824646964522028236e-01
1.403715532312143104e+18 1.731306863659005213e+00 2.864394385256455955e+00 1.800954778133139644e+00 -4.500873406938524779e-01 6.560959105578907380e-01 -4.624815724812965101e-01 3.912420440233580488e-01
1.403715533412143104e+18 1.632074578270798604e+00 2.715741740265731785e+00 1.799502588363215416e+00 -4.341862014729716557e-01 6.759235150878647458e-01 -4.719662122227083478e-01 3.631220713780511922e-01
1.403715533912143104e+18 1.231149955252003991e+00 2.175757493309114832e+00 2.007142725323104671e+00 -4.251760357378051580e-01 7.029817587501813181e-01 -4.587508574344997814e-01 3.385109101667149734e-01
1.403715534312143104e+18 8.790292951561792245e-01 1.632372038554912308e+00 2.034288834072164320e+00 -4.506729357316607842e-01 6.883031734292612835e-01 -4.805766516941178401e-01 3.036094996746402930e-01
1.403715534512143104e+18 7.157556311402829552e-01 1.366699224331813678e+00 1.980974874542598796e+00 -4.366967837686445697e-01 6.978594031184781610e-01 -4.881304342400268892e-01 2.898566053997834735e-01
1.403715534712143104e+18 5.624406600209644891e-01 1.098830481622137700e+00 1.917437732574998943e+00 -4.080397977909854812e-01 7.223152617506927164e-01 -4.937127511835947002e-01 2.607909227320728274e-01
1.403715534912143104e+18 4.323096569791161636e-01 8.355609831396890730e-01 1.852023709993168232e+00 -3.719503981589472597e-01 7.514628920830543901e-01 -4.986544654751750572e-01 2.197729446343201498e-01
1.403715535312143104e+18 2.766233822561959821e-01 1.650059780726531589e-01 1.708916949804598406e+00 -3.100667451746919046e-01 7.903878033601675623e-01 -4.882362457699835900e-01 2.019185532651558423e-01
1.403715536012143104e+18 3.044750562793776538e-01 -9.064992161653449010e-01 1.541214672680437658e+00 -3.985421420274049553e-01 7.437586444145194431e-01 -4.891028681471980000e-01 2.208294007986002228e-01
1.403715536412143104e+18 4.291006741424839843e-01 -1.347164545247067302e+00 1.494975066971575783e+00 -4.339069443860142372e-01 7.151485881183992088e-01 -5.049832653827315276e-01 2.127890086664390168e-01
1.403715536712143104e+18 6.630177078366759069e-01 -1.708066227571749085e+00 1.486891934309959584e+00 -4.352024539513106305e-01 6.805982478875498565e-01 -5.430951161776887970e-01 2.289815360047558757e-01
1.403715536912143104e+18 9.316017267232150623e-01 -1.905124679584497382e+00 1.501610750902813152e+00 -4.363498328006337190e-01 6.291538433266550268e-01 -5.979882711970333498e-01 2.370111650385721414e-01
1.403715537212143104e+18 1.139945018542475541e+00 -1.832898797982202233e+00 1.560984775826590010e+00 -4.015720240984546607e-01 6.245750338241466970e-01 -6.052232688077476830e-01 2.869681715429437951e-01
1.403715537512143104e+18 1.192829591021547841e+00 -1.658586895485383295e+00 1.600336782673883018e+00 -3.963410983342017246e-01 6.878315991124237527e-01 -5.312768091861490571e-01 2.958823703005460382e-01
1.403715537812143104e+18 1.195967178156640554e+00 -1.259716638089031004e+00 1.708136599934990896e+00 -3.779062304982268583e-01 6.970284968325284325e-01 -5.278222550558882009e-01 3.045354209640055432e-01
1.403715538212143104e+18 1.048166232014933419e+00 -8.912723336983248146e-01 1.745521876807092365e+00 -3.443292851037201285e-01 7.258443581577331827e-01 -5.258669956070497475e-01 2.793764737442365753e-01
1.403715538912143104e+18 5.899620478959213266e-01 -3.592787244211823605e-01 1.678445696079935656e+00 -2.247119141540084575e-01 7.765322078286838181e-01 -5.696537415712112917e-01 1.483135211498651240e-01
1.403715539312143104e+18 2.360943093880037980e-01 4.389858388581302506e-02 1.473265959817142257e+00 -8.727955083099832312e-02 8.167480557223869564e-01 -5.687197366406392396e-01 4.315964128489845064e-02
1.403715539512143104e+18 7.506329011159706965e-02 2.407995199827610566e-01 1.374918582095691066e+00 -3.795365728051811743e-02 8.242469988604378406e-01 -5.644880825468868712e-01 2.301324468938206053e-02
1.403715539812143104e+18 -2.265417071545765548e-01 5.846910464324432954e-01 1.395125328360256933e+00 -1.600708553131868425e-02 8.332024175702750224e-01 -5.521952224943769139e-01 2.445282851179901920e-02
1.403715540212143104e+18 -5.731585230873819103e-01 7.721933387975017382e-01 1.553219310197539338e+00 -2.636662863452087294e-02 8.481000869110875140e-01 -5.280226507347058895e-01 3.497318668565679856e-02
1.403715541012143104e+18 -1.344982760253118137e+00 4.367319664059710060e-01 1.757367024860847060e+00 -1.571233854032503402e-02 8.419431355123204730e-01 -5.386027511368072229e-01 2.814170302485498321e-02
1.403715541412143104e+18 -1.776721900942929366e+00 2.174586238169018415e-02 1.805258186093398720e+00 -1.833460080962046393e-02 8.424697356980578311e-01 -5.383396604361853077e-01 9.949715948139212576e-03
1.403715541712143104e+18 -1.990957460023282000e+00 -2.246027112861099795e-01 1.816487053947527741e+00 4.306872196764491983e-02 -8.406391343190422472e-01 5.393384082710013239e-01 2.418702964622322996e-02
1.403715541912143104e+18 -2.165445731803915752e+00 -4.961849582544144432e-01 1.825519454369174843e+00 7.742687484922763930e-02 -8.246966203933624451e-01 5.575454530533113795e-01 5.498755443213078353e-02
1.403715542312143104e+18 -2.284864177444997146e+00 -1.013974986242406118e+00 1.881802860859809856e+00 -1.346612082517498754e-01 7.804711654946909771e-01 -6.102626149961155599e-01 1.762553720147309530e-02
1.403715542512143104e+18 -2.234506565832987679e+00 -1.336261488655637653e+00 1.927782840428234667e+00 -1.689738664180720773e-01 7.750160399831733660e-01 -6.009490925043105003e-01 9.827593019032314359e-02
1.403715543012143104e+18 -2.307242048808555879e+00 -1.542459203108847099e+00 1.753890584335559444e+00 -1.592637457839759796e-01 7.568973413192259247e-01 -6.313231347653408543e-01 5.632560246288585010e-02
1.403715544012143104e+18 -2.346269727910850200e+00 -1.374976887379829371e+00 1.647457389151569362e+00 7.698060782226648358e-02 -7.854673060106117655e-01 6.140505500725196297e-01 7.551103454616238733e-03
1.403715544312143104e+18 -2.347224646852811514e+00 -1.219268220951976733e+00 1.515711526296277700e+00 -2.149348319950687355e-02 -8.004288234545835490e-01 5.975395290852922869e-01 4.240565933446185237e-02
1.403715544512143104e+18 -2.330411600298075481e+00 -1.040984955842250148e+00 1.362489905253565725e+00 -9.991171831443106111e-02 -7.977043240947125913e-01 5.892125032260433493e-01 8.070988728870871765e-02
1.403715544712143104e+18 -2.277187820153903530e+00 -7.362422405743642706e-01 1.294035837934551791e+00 -1.287261252199016215e-01 -7.820153737514118353e-01 5.992738685929009934e-01 1.129263933897112770e-01
1.403715545512143104e+18 -2.015856561157725046e+00 2.066178932236466537e-01 1.354460384342802026e+00 -2.224682092186284488e-01 -7.812807747541945513e-01 5.723930314064412661e-01 1.116891421933532552e-01
1.403715545912143104e+18 -1.968472572784303765e+00 7.230628066174336066e-01 1.372267273962973544e+00 -1.398552688778873510e-01 -7.997749222061221186e-01 5.743539133519256490e-01 1.044899985386821412e-01
1.403715546212143104e+18 -1.953054193774057090e+00 9.903993800261576830e-01 1.392811010005791328e+00 -6.458225339160363065e-02 -8.104788455991149831e-01 5.793599932008202114e-01 5.740358578986003157e-02
1.403715546412143104e+18 -1.937909537483660127e+00 1.258067510098265451e+00 1.423412816356332211e+00 -1.638777609435102672e-02 8.163354978513317484e-01 -5.773426592650909850e-01 1.802646724394554954e-03
1.403715546812143104e+18 -1.905438916199453381e+00 1.765230722459500301e+00 1.480388857517649148e+00 -1.892294632192313142e-01 8.243293029329410437e-01 -5.225078990343283714e-01 1.079764141958116375e-01
1.403715547012143104e+18 -1.875499142905979078e+00 1.967834300745449294e+00 1.504814470565047912e+00 -2.774447228248930752e-01 8.039547192505915874e-01 -5.061844475855643566e-01 1.430333534313525112e-01
1.403715547212143104e+18 -1.815552417015713349e+00 2.132758418895385866e+00 1.529740033839875890e+00 -3.553989860118034194e-01 7.734282563690256795e-01 -4.926307706670622344e-01 1.811497082076758136e-01
1.403715547412143104e+18 -1.709698666388584698e+00 2.270084564433416663e+00 1.547368844424423351e+00 -4.156193155552079244e-01 7.513327773965530199e-01 -4.652463211339440963e-01 2.151871344163802657e-01
1.403715547812143104e+18 -1.329292826853676113e+00 2.489170207746568053e+00 1.564353658372338085e+00 -5.302785743570798127e-01 6.809736504449995786e-01 -4.180190599578999522e-01 2.834423865432769141e-01
1.403715548012143104e+18 -1.047951955765940690e+00 2.580605260856545513e+00 1.576689025500177976e+00 -5.495673925525489389e-01 6.389023136838070105e-01 -4.248476037024958574e-01 3.305813489002635830e-01
1.403715548212143104e+18 -7.366217508176362561e-01 2.670074590683411575e+00 1.580958240655990332e+00 -5.526216547901399156e-01 6.124198167306397211e-01 -4.433520395410070480e-01 3.506996489411510765e-01
1.403715548512143104e+18 -4.214873868746685792e-01 2.773319530807446309e+00 1.545339132566401874e+00 -5.506846910031346631e-01 6.114276217413071590e-01 -4.471655583953835222e-01 3.506359905250688858e-01
1.403715548712143104e+18 -1.078318373593752932e-01 2.890615645546334989e+00 1.492724399397344692e+00 -5.397553973285321716e-01 6.220805862335042624e-01 -4.429261842091331003e-01 3.542544997992757017e-01
1.403715548912143104e+18 2.039309141166969486e-01 3.016564007338740083e+00 1.443325522538701833e+00 -5.303394538280635784e-01 6.286351666626321943e-01 -4.445951568583062508e-01 3.548140885682724011e-01
1.403715549212143104e+18 9.304316186354389950e-01 3.342475646900960662e+00 1.347980166053078577e+00 -5.287006219453480593e-01 5.930971320344251563e-01 -4.505309577418339928e-01 4.071035500255034689e-01
1.403715550012143104e+18 1.707078942483646777e+00 3.509211461269758026e+00 1.267978925193542050e+00 -4.157130034041086608e-01 7.087211577327837686e-01 -4.369225409505508861e-01 3.660542481544947213e-01
1.403715550312143104e+18 1.832861431426545229e+00 3.377397519687237448e+00 1.316590736940979500e+00 -3.756312831510429939e-01 7.357861697336972595e-01 -4.698277828089504338e-01 3.110975828381532526e-01
1.403715550512143104e+18 1.934895197047506121e+00 3.196982010178302414e+00 1.387033680910989553e+00 -3.256050222774206082e-01 7.572942928486999792e-01 -5.025197634252251966e-01 2.606925600272539389e-01
1.403715550712143104e+18 2.019203978102189101e+00 2.994743435778397966e+00 1.414400425515732973e+00 -2.528161611722993807e-01 7.840307768941836564e-01 -5.162010689966233246e-01 2.343420275997201152e-01
1.403715550912143104e+18 2.071821642817218034e+00 2.765154500297861251e+00 1.392542301671408689e+00 -1.785899794498214954e-01 8.056087159387996799e-01 -5.251199800665117268e-01 2.082047611811438659e-01
1.403715551312143104e+18 2.010799695937448561e+00 2.202471340066904482e+00 1.444553669695384901e+00 -4.635219625114356951e-02 8.213194345598966439e-01 -5.544100161485849831e-01 1.261562297749624362e-01
1.403715551512143104e+18 1.885538638820712487e+00 1.894893293262653877e+00 1.492709184377960963e+00 1.679602315231196186e-02 8.176874658035697685e-01 -5.705213558986909073e-01 7.490316640518167313e-02
1.403715551712143104e+18 1.695320237607665703e+00 1.588595368254537954e+00 1.537845579366772020e+00 6.957073214941107697e-02 7.972014136718883481e-01 -5.996521443516736882e-01 6.864768180908403100e-03
1.403715551912143104e+18 1.470823104016740324e+00 1.330023477964972223e+00 1.583499738642177856e+00 -1.271211364052070303e-01 -7.694960116622521218e-01 6.238975319808679476e-01 4.967871076344271969e-02
1.403715552312143104e+18 1.006982906483122386e+00 1.016842894885962245e+00 1.644960287114209496e+00 -2.238948122449543887e-01 -7.344387097491019700e-01 6.152500104024749561e-01 1.787129524450476736e-01
1.403715552512143104e+18 8.111848171487814341e-01 9.648098427321629700e-01 1.672806100433715359e+00 -2.927304305337106727e-01 -7.031195668773534413e-01 6.060019259983762119e-01 2.295505072963456572e-01
1.403715552712143104e+18 6.629780040533914676e-01 9.752752556183241772e-01 1.691548391865452805e+00 -3.774099553405573793e-01 -6.648621244086410087e-01 5.856360329060049663e-01 2.693520337751027505e-01
1.403715552912143104e+18 5.477982127247085220e-01 1.070149781294887914e+00 1.694727878233825535e+00 -4.678276270652858004e-01 -6.250756984231480295e-01 5.509876347136671848e-01 2.946698304677896063e-01
1.403715553312143104e+18 4.004297950144463103e-01 1.484735491026630605e+00 1.664364734455151984e+00 -5.779869418715833929e-01 -5.152634732561418573e-01 4.941900053901270295e-01 3.952352296120099084e-01
1.403715553512143104e+18 4.003161784348307495e-01 1.794712858320853144e+00 1.630013701661098713e+00 -5.933315842204289758e-01 -4.635679031762912072e-01 4.533723961402686964e-01 4.769862689105881515e-01
1.403715553712143104e+18 4.880895958108464328e-01 2.114748096595024496e+00 1.582898781625177609e+00 -6.218198456764111315e-01 -4.595745055225227138e-01 3.946513183821054316e-01 4.963685025220269664e-01
1.403715553912143104e+18 6.339514185538897006e-01 2.417857860583818130e+00 1.539326812148530621e+00 -6.531646607567125340e-01 -4.841547605950712874e-01 3.394578110014218053e-01 4.730100297898770512e-01
1.403715554312143104e+18 8.672448856829464425e-01 2.990800132810719880e+00 1.460381716306979438e+00 -6.743746614217722701e-01 -5.386308766496232803e-01 2.708812239047055925e-01 4.262850657574306368e-01
1.403715554512143104e+18 8.796307250347203954e-01 3.248726081477607330e+00 1.382910662196239926e+00 -5.639672822638234218e-01 -5.953830644403925731e-01 2.241576496385639106e-01 5.265104549978463222e-01
1.403715554712143104e+18 7.832230042183294660e-01 3.183772760458002615e+00 1.240308145023977460e+00 -4.963100661714185402e-01 -5.858354914124966895e-01 2.417986496799360285e-01 5.933013637531612261e-01
1.403715555212143104e+18 7.473320971956602943e-01 2.759725399906380883e+00 1.305424230501694760e+00 -6.098387222092195303e-01 -5.210077216987755166e-01 3.423380829667213021e-01 4.893386595959368091e-01
1.403715555312143104e+18 7.356241378121740615e-01 2.524773109864178355e+00 1.334555760995358442e+00 -6.648793313127261406e-01 -4.825043832343934302e-01 3.907928480786518333e-01 4.152179486044832446e-01
1.403715555412143104e+18 7.248400258975608024e-01 2.309691509782087593e+00 1.344623567535203401e+00 -6.854146757059434991e-01 -4.613695741853682253e-01 4.134497202186113163e-01 3.826279749235287908e-01
1.403715555512143104e+18 7.042967830105005822e-01 1.970355066128338661e+00 1.378361295363400574e+00 -6.658346933454902805e-01 -4.672298951205261508e-01 4.081220454358781002e-01 4.144837539306144847e-01
1.403715555812143104e+18 7.013889603943023188e-01 1.725802207287547629e+00 1.464795368475487747e+00 -6.609731167185847189e-01 -4.834998382216310064e-01 3.990102222899905016e-01 4.124721662404257638e-01
1.403715555912143104e+18 7.100761747758220777e-01 1.511225385811822974e+00 1.666378970173863383e+00 -6.808933669444129366e-01 -4.775571736467170147e-01 4.181814995013450331e-01 3.653048072835439197e-01
1.403715556312143104e+18 7.329156359235800000e-01 1.695519280011464236e+00 1.874926010278798350e+00 -6.335774126891667857e-01 -5.310273177224072993e-01 3.759383092051410968e-01 4.186407023147977191e-01
1.403715556912143104e+18 7.054962813129388444e-01 1.974447784277355789e+00 1.814073853708198403e+00 -6.268921132481677372e-01 -5.593974122572993313e-01 3.456523470533208187e-01 4.178579525192916977e-01
1.403715557312143104e+18 5.076465468941965264e-01 2.238182081219207031e+00 1.763255999724846479e+00 -6.451002221457474706e-01 -5.556968648634865726e-01 3.410206818892285163e-01 3.984364344436950867e-01
1.403715558412143104e+18 -6.880879107058479605e-01 2.850109480208398605e+00 1.888314103398523791e+00 -6.059677092396296150e-01 -5.073688822941060383e-01 3.701018175602984184e-01 4.882669324018052426e-01
1.403715558812143104e+18 -1.163997043851123347e+00 2.925668969978654665e+00 1.872448770714137511e+00 -5.409205659993778781e-01 -5.647556367486283868e-01 4.053771981445254968e-01 4.734187778954889181e-01
1.403715559312143104e+18 -1.244416591221929380e+00 2.807369364454911143e+00 1.850763157265394643e+00 -5.025802317641390182e-01 -6.339412144428618889e-01 4.243251328961278879e-01 4.067921199621459816e-01
1.403715559712143104e+18 -1.258224116387034464e+00 2.595379842555270322e+00 1.712838799777982368e+00 -4.531855512128973862e-01 -6.832569163498151132e-01 4.329564437897434059e-01 3.746085426320961975e-01
1.403715560412143104e+18 -1.239396921724037703e+00 2.123326203234014997e+00 1.663468435333675721e+00 -3.826753270088422698e-01 -7.322208381926330611e-01 4.832804491726365170e-01 2.895725222852615355e-01
1.403715560812143104e+18 -1.237203154980115904e+00 1.665683964299062847e+00 1.675076352055361983e+00 -2.927895029360947365e-01 -7.715915780734073914e-01 5.110583210209832528e-01 2.402917729175023387e-01
1.403715561012143104e+18 -1.229161040534692217e+00 1.412727195988430662e+00 1.684458022967455282e+00 -2.408782669128499976e-01 -7.903783703152124085e-01 5.243069846425771896e-01 2.058685943069981650e-01
1.403715561212143104e+18 -1.209893869690328749e+00 1.141824633000059208e+00 1.696866658502166558e+00 -2.129858044074853518e-01 -7.987053877360803522e-01 5.414045437752794676e-01 1.535834323803702828e-01
1.403715561412143104e+18 -1.206951162885060214e+00 8.720164468143745129e-01 1.703361285869821939e+00 -1.890129785273434448e-01 -8.014697010176633496e-01 5.551279689284595031e-01 1.172746793312266916e-01
1.403715561912143104e+18 -1.204081099608583560e+00 1.408627429713893431e-01 1.733998896936353340e+00 -4.507824414470298913e-02 -7.790280258684760817e-01 6.204520787288599903e-01 7.824643645132726977e-02
1.403715562312143104e+18 -9.080028924222373066e-01 -2.387909795949960667e-01 1.783827340986444909e+00 2.148514550628911196e-02 -8.087856601149735480e-01 5.832544604063273352e-01 7.223834806447319845e-02
1.403715562812143104e+18 -7.017171521021864367e-01 -3.187397253376711426e-01 1.800726044928707248e+00 1.363576269443210823e-02 -8.168113375928239828e-01 5.765588245479683627e-01 1.460228035024955552e-02
1.403715563012143104e+18 -4.854491360638861774e-01 -3.920003608419961871e-01 1.810710815278791408e+00 -4.291648691431968615e-02 8.116074132491146731e-01 -5.822163998188240042e-01 2.180930287792638353e-02
1.403715563212143104e+18 -2.688022944480781273e-01 -4.529278637068188118e-01 1.818653835034105937e+00 -1.051848482650471067e-01 7.885649492901600777e-01 -6.030363288012482448e-01 5.872524663532050632e-02
1.403715563412143104e+18 -5.163152104762336325e-02 -4.709864100639347129e-01 1.818724706917487222e+00 -1.848532083329474940e-01 7.672761647789010375e-01 -6.047141415192162084e-01 1.069457122930799614e-01
1.403715563812143104e+18 3.407567289927512233e-01 -3.866219378143367358e-01 1.707338122569225458e+00 -3.140497844428550844e-01 7.135234218869184186e-01 -5.915989488873776292e-01 2.055912035704082486e-01
1.403715564012143104e+18 5.065791057160615729e-01 -2.691199782458273404e-01 1.598918812572138082e+00 -3.582608403239509465e-01 6.975472487837300894e-01 -5.514103360089817052e-01 2.846465305375899257e-01
1.403715564212143104e+18 6.233196092529519339e-01 -1.271553462063206297e-01 1.498119335795326634e+00 -4.160091758650434346e-01 6.680302202539480927e-01 -5.123307373605527903e-01 3.437865703879972590e-01
1.403715564412143104e+18 6.832512478867993622e-01 1.760692373976402436e-02 1.440934943627107945e+00 -4.997730208883848779e-01 6.294430583611134722e-01 -4.609902254274350630e-01 3.761866238098693360e-01
1.403715564812143104e+18 7.336588209031744690e-01 2.728607554459532292e-01 1.527734659345068025e+00 -6.369943024931634667e-01 5.051916329801402483e-01 -3.872065691195123449e-01 4.348456569736022792e-01
1.403715565012143104e+18 7.442751973192655024e-01 4.130953217699735447e-01 1.659950416232995440e+00 -6.797893096761522536e-01 4.368992585723879274e-01 -3.540192654459872745e-01 4.708246934921758720e-01
1.403715565212143104e+18 7.311961014261436631e-01 5.623879344820774673e-01 1.777673881621423702e+00 -7.102611609636926282e-01 3.802757592953644461e-01 -2.997432706528074808e-01 5.109534243130183784e-01
1.403715565412143104e+18 6.964766535342428178e-01 7.090049296633245124e-01 1.845849432767471487e+00 -7.231615589481980022e-01 3.198405235951018999e-01 -2.582993642988754557e-01 5.549962500132951115e-01
1.403715565812143104e+18 5.501015688609104393e-01 9.003759852841304312e-01 1.951114246964267940e+00 -7.759972088908402288e-01 1.612371872269689199e-01 -1.384577528298889526e-01 5.938521296838620289e-01
1.403715566012143104e+18 4.437199256315556561e-01 9.319909378209336737e-01 2.015289050434994067e+00 -7.919851697322876083e-01 6.076138190767697150e-02 -6.393574461349299520e-02 6.041355526316154467e-01
1.403715566212143104e+18 3.334083617280235723e-01 9.315192342616309684e-01 2.080891214967873992e+00 -7.938809014378385154e-01 -3.717343738829432392e-02 7.008598071822057414e-03 6.068954847731617974e-01
1.403715566412143104e+18 2.192423771548096534e-01 8.970661287291679109e-01 2.125890858097975844e+00 -7.838070832286960776e-01 -1.274574829133722498e-01 7.138462382108590187e-02 6.035770719732761469e-01
1.403715566812143104e+18 1.877143839234696188e-02 7.266492667766608626e-01 2.104509045755142527e+00 -7.344795989382931767e-01 -2.937276295949881044e-01 1.988927523298853750e-01 5.785373552559908150e-01
1.403715567012143104e+18 -5.092616108813685649e-02 5.853171201080309416e-01 2.099240568154787212e+00 -6.962630365988035086e-01 -3.848740244625276641e-01 2.786962471552478227e-01 5.379759948007082349e-01
1.403715567212143104e+18 -1.042012348279824918e-01 4.084401986084709169e-01 2.089712901712026838e+00 -6.443630611078531301e-01 -4.826559396513714351e-01 3.503436009843324817e-01 4.786427171161179439e-01
1.403715567412143104e+18 -1.285888499987181133e-01 2.268615204840205291e-01 2.058717458025060676e+00 -5.703125264249893078e-01 -5.846303505862782135e-01 3.983425683947828255e-01 4.174615833591865388e-01
1.403715567812143104e+18 -1.447781714587347279e-01 -1.138184995570115099e-01 1.894342352426653386e+00 -3.897313678121447356e-01 -7.096390145987248044e-01 5.007713462783071057e-01 3.061861993121794967e-01
1.403715568012143104e+18 -1.319307292745047766e-01 -2.791006331430638809e-01 1.819640354863518272e+00 -2.911400959565104141e-01 -7.473651438452080242e-01 5.414593012475092948e-01 2.520012130610179146e-01
1.403715568212143104e+18 -8.780115635139773556e-02 -4.376718590744528292e-01 1.756455121782274587e+00 -2.001257270010047551e-01 -7.717192348648043154e-01 5.734755725046449815e-01 1.884804596568837032e-01
1.403715568412143104e+18 -1.524012590879864071e-02 -5.768108549742705371e-01 1.698566035492430792e+00 -1.119733964913911528e-01 -7.876837026806100539e-01 5.933047387985463939e-01 1.224982854114063657e-01
1.403715568812143104e+18 1.989750286111862110e-01 -7.718532331798937385e-01 1.632123684814870579e+00 -6.523777713453776661e-02 7.979272653019616746e-01 -5.991806776492610842e-01 6.215082787024274989e-03
1.403715569012143104e+18 3.336753350956176423e-01 -8.309590042702166279e-01 1.610048478634746205e+00 -1.381412085280750990e-01 7.985956472649274884e-01 -5.825252880709627101e-01 6.185699179362054434e-02
1.403715569212143104e+18 4.779067740934602737e-01 -8.770216389783040967e-01 1.589805920218409385e+00 -1.926380919909507494e-01 7.838359996273968067e-01 -5.788223072323871454e-01 1.160018441766402647e-01
1.403715569412143104e+18 6.183113265764229594e-01 -9.106150829961743298e-01 1.582972679989462339e+00 -2.355607953069729088e-01 7.562339355600401491e-01 -5.906617650109291517e-01 1.540779860197220852e-01
1.403715569912143104e+18 9.466388992415606385e-01 -8.317745901962863009e-01 1.571504546498422084e+00 -3.707793968496916892e-01 7.030371280555556268e-01 -5.523768782684429501e-01 2.512791670664024646e-01
1.403715570312143104e+18 1.129673623679277039e+00 -6.325026011072218957e-01 1.560127973817972524e+00 -4.924897166591167830e-01 6.150972847533613397e-01 -5.038646982786573192e-01 3.538779098822411040e-01
1.403715570512143104e+18 1.176372750678413626e+00 -4.951649292828519400e-01 1.547283931119540323e+00 -5.536955224756346938e-01 5.549669285719350809e-01 -4.687439079326101155e-01 4.070775421930459825e-01
1.403715570712143104e+18 1.180462660240768180e+00 -3.375782929177639780e-01 1.522481679775208985e+00 -6.186403437828298379e-01 4.972066101677720118e-01 -4.127257106255999286e-01 4.469084913473101439e-01
1.403715570912143104e+18 1.171585233130043147e+00 -2.592168381366359853e-01 1.509645662502632435e+00 -6.473390988311921168e-01 4.655069136035719368e-01 -3.840348354819608789e-01 4.655884981913103182e-01
1.403715571012143104e+18 1.134595119654197903e+00 -9.728461376073749278e-02 1.483321527126739703e+00 -6.895604922222112743e-01 4.175015286271980819e-01 -3.291299088259374561e-01 4.918051486884255641e-01
1.403715571212143104e+18 1.089324092712401049e+00 5.436560130910139677e-02 1.464832050138328734e+00 -6.915314209251739452e-01 3.851094399475121222e-01 -3.139631174022421423e-01 5.243111424026669631e-01
1.403715571512143104e+18 9.777499449506933393e-01 2.529875089877497985e-01 1.435444726037049534e+00 -7.061410912789291006e-01 3.936147976010843097e-01 -2.845688193983408332e-01 5.152210567737842695e-01
1.403715571712143104e+18 8.966127335330128512e-01 3.637464795610472201e-01 1.385429790762286784e+00 -7.109705455293288123e-01 4.488568109093310499e-01 -2.056656699546505762e-01 5.007495171162308356e-01
1.403715571912143104e+18 9.618164909023950715e-01 4.785014160228577840e-01 1.261818352085612549e+00 -7.561879886839456555e-01 4.507554449782067985e-01 -1.982606567962247324e-01 4.309199073602391072e-01
1.403715572312143104e+18 1.131793307072488153e+00 5.352470035809262505e-01 1.216169697889543100e+00 -7.603968113567309839e-01 3.523099565591408799e-01 -2.792579043066356626e-01 4.687103654391254204e-01
1.403715572512143104e+18 1.299080409346958787e+00 6.304947783939007788e-01 1.173334950995026160e+00 -7.574820116215755794e-01 2.886216990049394471e-01 -2.811560525628365448e-01 5.136825780971326916e-01
1.403715572712143104e+18 1.465376715671693253e+00 8.152968404179266049e-01 1.127330865157309958e+00 -7.822466737846730522e-01 2.214843615607982319e-01 -2.171621609341005399e-01 5.402549535129250735e-01
1.403715573012143104e+18 1.526723752500486864e+00 9.574569083115871404e-01 1.148895771767107998e+00 -7.899475753255090771e-01 1.765605265926211143e-01 -1.660300339159010152e-01 5.632434966553719891e-01
1.403715573212143104e+18 1.561168544432907535e+00 1.091852016212391696e+00 1.195717033377700744e+00 -8.006207528709842203e-01 1.302645587148036077e-01 -1.121786659791896568e-01 5.739804018555557663e-01
1.403715573412143104e+18 1.586815008754082879e+00 1.214299889108555242e+00 1.238623530295871245e+00 -8.123360797874774608e-01 8.734953299602263299e-02 -5.113154876680627015e-02 5.743393746571773262e-01
1.403715573912143104e+18 1.695421010185022004e+00 1.581874205200569428e+00 1.344280636555936326e+00 -8.397663195990874296e-01 -1.078704567469923187e-01 5.697646608228523757e-02 5.290653790799136891e-01
1.403715574212143104e+18 1.716336061011781489e+00 1.745725183292969440e+00 1.384180156198375977e+00 -8.139552723640033349e-01 -1.858291880243988226e-01 1.007275373426752690e-01 5.411083908884740667e-01
1.403715574412143104e+18 1.719588913274383568e+00 2.008577366983576251e+00 1.424776914813322026e+00 -7.742816526838636193e-01 -2.794779959435405581e-01 1.114583393671663009e-01 5.567378294009132089e-01
1.403715574812143104e+18 1.580399463752638400e+00 2.294579993377421356e+00 1.470831770056522325e+00 -7.687468055577166837e-01 -2.965098151915431246e-01 1.704246935423471554e-01 5.404310337784827833e-01
1.403715575212143104e+18 1.415876523211369920e+00 2.475412995361690349e+00 1.520896358537266790e+00 -7.365451251212232764e-01 -2.838773472455994318e-01 1.755233045512472334e-01 5.883081674941907924e-01
1.403715576012143104e+18 9.437290526345265551e-01 2.577298707085970086e+00 1.647187743218303302e+00 -7.576293786456137491e-01 -2.674607714490758736e-01 1.254146912789264601e-01 5.820082607320429258e-01
1.403715576312143104e+18 5.595580658228230808e-01 2.430420150559292836e+00 1.715536516166441761e+00 -7.543547578891832694e-01 -2.448025737427296789e-01 1.617803999163519857e-01 5.872373466851307233e-01
1.403715576512143104e+18 3.745869575704847132e-01 2.322517048357963798e+00 1.758226726928903805e+00 -7.318866145001483581e-01 -2.389435823006500759e-01 1.667159062520371104e-01 6.159981774286396039e-01
1.403715576912143104e+18 1.396909588165056171e-01 2.072476463551848003e+00 1.821323956031893232e+00 -7.564179542713195259e-01 -2.248995920854891528e-01 1.410191232479995060e-01 5.978006848558619080e-01
1.403715577712143104e+18 -3.781679356125297042e-01 1.196882707540556146e+00 1.799596883922074397e+00 -7.900280139160309467e-01 -1.603461611851799973e-01 1.218183189188010856e-01 5.790553885397018430e-01
1.403715578012143104e+18 -5.462966581852465309e-01 7.597834003134678049e-01 1.740749606687997719e+00 -8.132128231817913333e-01 -9.366476739292647902e-02 1.374414172540026624e-01 5.576931704666473477e-01
1.403715578212143104e+18 -5.707652188690197637e-01 5.749756239102383759e-01 1.654089128619075977e+00 -8.316341488819414263e-01 -3.415155411682656988e-02 1.181963514708991025e-01 5.415237171756949186e-01
1.403715578412143104e+18 -5.379603487067224910e-01 4.310638075808301828e-01 1.565782662663166347e+00 -8.380119892597760467e-01 5.678693587136959993e-03 5.184120232674129664e-02 5.431538898298842177e-01
1.403715578812143104e+18 -3.843056832647432364e-01 3.018201103646924732e-01 1.346510379618120590e+00 -8.679308660118284502e-01 3.074524636790154988e-02 -5.831937293435080633e-02 4.922901506127038695e-01
1.403715579412143104e+18 -4.445841905516652037e-01 5.832788580195502615e-01 1.292168605568420059e+00 -8.206619503848029407e-01 -9.089320584048344101e-03 -1.181794993643951186e-01 5.589856468389079458e-01
1.403715579712143104e+18 -5.963917355373303808e-01 7.254708465047166044e-01 1.286029715482889468e+00 -8.229348729926309058e-01 7.797437882508911379e-03 -8.960055031835266470e-02 5.609716001347300196e-01
1.403715579812143104e+18 -6.899024191050980859e-01 8.009465879798982613e-01 1.290694797573651353e+00 -8.184306912939153245e-01 8.014879891892217126e-03 -8.294256040581174383e-02 5.685309990860748508e-01
1.403715579912143104e+18 -7.924126904825772311e-01 8.772666079178150778e-01 1.303422297399254859e+00 -8.148414954427157797e-01 6.436574739919258270e-03 -8.511763154922703800e-02 5.733645407676916106e-01
1.403715580012143104e+18 -9.041493812389718165e-01 9.539415282350010017e-01 1.322091366892984787e+00 -8.122044928157818866e-01 2.034841413189941717e-02 -8.035612472890903135e-02 5.774536320006369294e-01
1.403715580412143104e+18 -1.386316701972822862e+00 1.247153006894921035e+00 1.313476485020354856e+00 -7.963425765419309688e-01 1.343502215322003868e-01 -1.020352961344763998e-01 5.808419037083648595e-01
1.403715580812143104e+18 -1.842144797420490754e+00 1.474687797040490134e+00 1.293617320265644466e+00 -7.844305714858317291e-01 2.481724844776281580e-01 -8.283639133785007658e-02 5.623319559981767579e-01
1.403715581012143104e+18 -1.998039356529498933e+00 1.691182819195430564e+00 1.313171821335064049e+00 -7.998160037665910105e-01 2.245347883333188577e-01 -9.464005625976600056e-02 5.485633497583485285e-01
1.403715581712143104e+18 -1.852648847533394649e+00 1.804703565045973512e+00 1.263205370356406121e+00 -8.186407824020982549e-01 5.751756312438625202e-02 -1.015278611768694467e-01 5.623265001092898618e-01
1.403715582012143104e+18 -1.805710542481050007e+00 1.908747008526584743e+00 1.299741219003434090e+00 -7.949443473754407297e-01 -4.965130093431345017e-03 -2.860379183647094106e-02 6.059873391017057687e-01
1.403715582412143104e+18 -1.842053566986876945e+00 2.139584997556251089e+00 1.280101772122611781e+00 -8.518298115616971256e-01 -7.316955481112993182e-03 -2.798190694411412105e-02 5.230195476089033457e-01
1.403715583212143104e+18 -1.912654136098429269e+00 2.335045575861237399e+00 1.216125455698775948e+00 -8.178003886662656985e-01 1.291971734931371928e-02 -2.334670816606499236e-02 5.748830632561086063e-01
1.403715583412143104e+18 -1.991278477146762871e+00 2.526303425350252319e+00 1.150437839618972280e+00 -7.541554879401722866e-01 2.425103155294574750e-02 -5.268653890904311139e-03 6.562268119823484458e-01
1.403715583712143104e+18 -2.084457365659760253e+00 2.200469091740223870e+00 1.171123517944311132e+00 -7.462489522910964457e-01 3.592679371224838381e-02 3.375400534604791614e-02 6.638391626147838176e-01
1.403715584312143104e+18 -2.064538126124431994e+00 1.862750882855573220e+00 1.240890405092025972e+00 -8.107943184391583902e-01 3.723823328740256955e-02 4.037650022345130180e-02 5.827483379625542081e-01
1.403715584512143104e+18 -2.009373806058717626e+00 1.529809901001483396e+00 1.264988153265783177e+00 -8.352299612400634343e-01 3.011711970394288090e-02 3.136062960266896432e-02 5.481791512439935232e-01
1.403715584712143104e+18 -1.925184572718564580e+00 1.234551621306491986e+00 1.285478997729410100e+00 -8.464363232505000001e-01 7.057904617879581094e-03 -2.604336844177662300e-03 5.324368076064818212e-01
1.403715585012143104e+18 -1.839342305651958887e+00 9.871332192614257206e-01 1.311522621910859776e+00 -8.588135941338419510e-01 -7.370209112432892819e-03 -3.000090995324891305e-02 5.113558799412876166e-01
1.403715585712143104e+18 -1.730058370228664044e+00 5.595301512882340234e-01 1.489688307534487777e+00 -8.002256095804599623e-01 1.301398358769820240e-01 -4.832102663634548628e-02 5.834103832417649738e-01
1.403715588312143104e+18 -1.564809103533610024e+00 3.933700863496334410e-01 1.439270666536047516e+00 -7.496782149432076325e-01 2.435825396517219965e-01 -1.683341524917964793e-01 5.918730721373054449e-01
1.403715588512143104e+18 -1.491376150644267984e+00 2.626473597814638072e-01 1.370979824020848614e+00 -7.329146871686386122e-01 2.997988572534828755e-01 -2.086194835215680055e-01 5.739639514962556754e-01
1.403715588712143104e+18 -1.428829490740570751e+00 1.031608301980648790e-01 1.301104774274151055e+00 -7.328851961567957041e-01 3.550396421070521336e-01 -2.375771693823019171e-01 5.295122570583274957e-01
1.403715588912143104e+18 -1.363578453646969946e+00 -6.540857163250102246e-02 1.222797543905711271e+00 -7.430122669989530637e-01 4.075922404560899936e-01 -2.628676091032792206e-01 4.611962236330508502e-01
1.403715589312143104e+18 -1.127865710029991364e+00 -3.007578142279578870e-01 1.178134161125141466e+00 -7.181440818698782147e-01 4.905634052065491191e-01 -2.971932194334925281e-01 3.940720917169604487e-01
1.403715589512143104e+18 -9.266067664731058029e-01 -3.569872745773610134e-01 1.203285713709158600e+00 -7.056467809627834376e-01 5.225044207904701032e-01 -3.062744147577661780e-01 3.677604296768002268e-01
1.403715589712143104e+18 -6.479377077580961153e-01 -3.701796551580160965e-01 1.279430414411565131e+00 -6.844269129446209909e-01 5.184402852827485475e-01 -3.353499063864904262e-01 3.877111189011875902e-01
1.403715589912143104e+18 -3.258809977848428074e-01 -3.446641162488135457e-01 1.391101991308892227e+00 -6.518494213598021725e-01 4.965142670243963274e-01 -3.685284574282114423e-01 4.390360925706462969e-01
1.403715590512143104e+18 4.094293909108354113e-01 -2.122828625339336917e-01 1.598932489542707724e+00 -6.982709677847349639e-01 4.322707149633368551e-01 -3.667644096538354437e-01 4.370852918428264622e-01
1.403715590812143104e+18 8.898320072394917402e-01 6.392941160901166597e-02 1.741451787589997302e+00 -7.521992561608888961e-01 3.416401791386655118e-01 -2.699768691776842644e-01 4.945611763352653623e-01
1.403715591012143104e+18 1.105929966866303182e+00 2.455895708180522163e-01 1.807054603638978740e+00 -7.798522233901773459e-01 2.727211746019670424e-01 -2.209303904953235365e-01 5.183082414477933053e-01
1.403715591212143104e+18 1.300883755159033761e+00 4.400636455266784264e-01 1.862499252906253844e+00 -8.103288614365632414e-01 1.819411732309946239e-01 -1.851058645993491070e-01 5.253573685570418483e-01
1.403715591412143104e+18 1.466275611251689703e+00 6.555309501018071749e-01 1.912851366717019497e+00 -8.274437062896247141e-01 9.859238732926468851e-02 -1.398568911554952943e-01 5.348425039941437920e-01
1.403715591812143104e+18 1.687355478032102951e+00 1.143511343135284353e+00 1.898787059784054598e+00 -8.301937957968881232e-01 -3.842274362983967573e-02 -4.500620064110951585e-02 5.543251718045669740e-01
1.403715592012143104e+18 1.743637119165942995e+00 1.537937392146610183e+00 1.785081884277063491e+00 -8.082943150601744620e-01 -1.536282732384382510e-01 -3.441332767739652739e-03 5.683720710344243310e-01
1.403715592312143104e+18 1.697561714610871242e+00 1.781901926755144583e+00 1.743933288659317515e+00 -7.812948159186215991e-01 -2.296409027174227124e-01 3.722499647061377342e-02 5.791871597813413874e-01
1.403715592512143104e+18 1.576793812527664151e+00 1.991145730777198919e+00 1.737898098287933513e+00 -7.535770312725456055e-01 -3.044304076917140889e-01 7.536009138273905283e-02 5.777236722152718773e-01
1.403715592712143104e+18 1.390395630857097053e+00 2.141191083312883769e+00 1.734086428740064578e+00 -7.248557331799572179e-01 -3.715820238111678941e-01 1.246522772781485239e-01 5.665445926190761927e-01
1.403715592912143104e+18 1.144807315207819087e+00 2.228432151830827657e+00 1.740412521011287073e+00 -7.180653868129258655e-01 -3.999178916960990926e-01 2.254971774626883252e-01 5.230667291263240148e-01
1.403715593312143104e+18 6.363603145762222191e-01 2.347859991045855299e+00 1.734011479043534143e+00 -6.345910264603069617e-01 -5.117863991018847258e-01 3.270045249908100082e-01 4.779507835184654274e-01
1.403715593512143104e+18 3.902045663765445482e-01 2.383938433541300306e+00 1.726322075302694214e+00 -5.769954669517651791e-01 -5.721395499998461753e-01 3.488731961166088302e-01 4.669261820400206209e-01
1.403715593712143104e+18 1.530165660209821255e-01 2.381355511131081570e+00 1.729125041251567074e+00 -5.169096793676194457e-01 -6.071998306410937296e-01 3.987383679292392236e-01 4.529022664843028734e-01
1.403715593912143104e+18 -5.324851314981060568e-02 2.332490625735646805e+00 1.726367886720852285e+00 -4.614574550823642984e-01 -6.565932456560368280e-01 4.292345546459555017e-01 4.143670160686869219e-01
1.403715594312143104e+18 -3.822169476256325193e-01 2.129384879167801614e+00 1.720167456880681733e+00 -3.597227925039684360e-01 -7.343785675289317139e-01 4.773502078387983349e-01 3.215966591610641134e-01
1.403715594512143104e+18 -5.076126815039611051e-01 1.983001835101276589e+00 1.719406046494096563e+00 -2.863320996708961785e-01 -7.683636542344819409e-01 4.931616641065502127e-01 2.905560128531963215e-01
1.403715594712143104e+18 -6.000741919790324452e-01 1.802238450523092617e+00 1.718357344651589180e+00 -2.314953819019917314e-01 -8.071901780119959957e-01 4.956841890844745913e-01 2.217004496402294744e-01
1.403715594912143104e+18 -6.737141462806750525e-01 1.582882346789047379e+00 1.716510751840071514e+00 -1.784443495984643635e-01 -8.322603211301614623e-01 5.033473362849704147e-01 1.488013139173366417e-01
1.403715595312143104e+18 -8.387541092570401924e-01 1.045554880555707111e+00 1.704543282406445481e+00 -4.696936218465418145e-02 -8.354826533513878273e-01 5.464247645077137117e-01 3.438883100050704050e-02
1.403715595512143104e+18 -9.267369655100993198e-01 7.556292787549283574e-01 1.689228445538412116e+00 -3.913150083272627644e-02 8.169233338031264280e-01 -5.754133660666439498e-01 2.109616651903017601e-03
1.403715595712143104e+18 -1.001967518297532944e+00 4.788137930786657837e-01 1.674891404082446522e+00 -1.481470796525511113e-01 7.730895493993772405e-01 -6.167398809793609438e-01 4.112251141728712894e-03
1.403715595912143104e+18 -1.028477969249223634e+00 2.630526483489428191e-01 1.679454289151186774e+00 -2.134266635710698745e-01 7.143483888670670856e-01 -6.656346049483969907e-01 3.295468548079565768e-02
1.403715596512143104e+18 -9.167502616975058416e-01 3.125537480282272185e-01 1.830071937735123777e+00 -2.740937666965789776e-01 8.088288391370271890e-01 -5.063950810074535624e-01 1.193002010467090895e-01
1.403715596712143104e+18 -7.376336710284627785e-01 4.020186971262720288e-01 1.914171757940332563e+00 -3.201041903709223591e-01 8.293956371588382392e-01 -4.319008485755741478e-01 1.519797399937246329e-01
1.403715597312143104e+18 -1.413682898676713595e-01 2.059525129986030656e-01 2.032736395490171155e+00 -3.326192148671477389e-01 7.750481884368330965e-01 -4.822146363549098536e-01 2.369257436140018436e-01
1.403715597512143104e+18 1.367294700292326359e-01 5.656626538126552362e-02 2.070048861182205435e+00 -3.575616767832501819e-01 7.281935383275499607e-01 -5.151715966490914012e-01 2.765538718585940914e-01
1.403715597712143104e+18 5.091392124311207024e-01 -1.683042781664667586e-01 2.098602687776010889e+00 -4.115762053856361624e-01 6.947224604618207344e-01 -5.033480847970104310e-01 3.075815918116940328e-01
1.403715598412143104e+18 1.125120675376409141e+00 -6.541861859456361561e-01 2.020062240882945837e+00 -4.001634838652608495e-01 6.573270354999187770e-01 -5.443064137087904042e-01 3.339474248698155456e-01
1.403715598912143104e+18 1.043293727281937366e+00 -6.850047703411741296e-01 1.900842233527908043e+00 -4.196692964581442697e-01 6.844281983345359421e-01 -5.127384303621138617e-01 3.041957017524459794e-01
1.403715599412143104e+18 8.127088441086386394e-01 -7.249092784279760338e-01 1.671699851393287695e+00 -3.906766387443278976e-01 6.951333912334711762e-01 -4.975653800693497497e-01 3.414528150244653393e-01
1.403715600012143104e+18 5.509821116131656815e-01 -8.144852899397561075e-01 1.507555808852404367e+00 -4.574716056595630742e-01 6.732597408336729039e-01 -5.135470961042821747e-01 2.714966509382680249e-01
1.403715600412143104e+18 3.784317505552936001e-01 -7.892987662470214438e-01 1.394046767501267992e+00 -5.337238047806622809e-01 6.330628797589968881e-01 -4.762433164064802105e-01 2.959097735118868533e-01
1.403715600812143104e+18 2.555916993294811146e-01 -6.255613821577505895e-01 1.317060292488459572e+00 -6.194147160497842641e-01 5.644872282694147758e-01 -3.845644943189983067e-01 3.870267799143257137e-01
1.403715601012143104e+18 2.542629503358500576e-01 -4.245851171290877524e-01 1.413329018858381581e+00 -6.591271473734883202e-01 4.981942177292399410e-01 -3.745045107325715716e-01 4.208328604771683357e-01
1.403715601512143104e+18 2.944409334908511533e-01 -1.506015743791215833e-01 1.553274483273637596e+00 -6.569922387356476046e-01 4.947033061377427710e-01 -3.664834971622733528e-01 4.351088179354892227e-01
1.403715601912143104e+18 3.301784067970580105e-01 9.036360260989861892e-02 1.645857429631322644e+00 -6.269777430674324803e-01 4.946138519714106119e-01 -3.922909984460133948e-01 4.564688594792663534e-01
1.403715603012143104e+18 5.221116684922655349e-02 1.004589261533461952e+00 1.593321512339226365e+00 -4.550265712482726710e-01 6.840790670577089339e-01 -4.898728979984450782e-01 2.915667904239108155e-01
1.403715603412143104e+18 -2.922177016615234990e-03 1.330071016385356630e+00 1.465046652332036459e+00 -4.018115766280365708e-01 7.257363844013394738e-01 -4.864387571034528013e-01 2.742835992752948870e-01
1.403715603812143104e+18 -3.125218053447897937e-02 1.583445359945328867e+00 1.414067393094184721e+00 -3.761662571923444776e-01 7.551429962022848663e-01 -4.510821118139088926e-01 2.911750858814036724e-01
1.403715604412143104e+18 2.015947997102685019e-02 1.707251643255454976e+00 1.375683113837959048e+00 -3.957787324344439472e-01 7.217722300068059038e-01 -5.021743427654613567e-01 2.649999479465313668e-01
1.403715605512143104e+18 3.302609162716541591e-01 1.797240988082521973e+00 1.275894870816418614e+00 -4.041341463502179376e-01 7.132395850580928176e-01 -5.018325401068379765e-01 2.759148197358358146e-01
1.403715606212143104e+18 4.627831196303562322e-01 1.811068120818184690e+00 1.179647882454844421e+00 -4.037594889308998569e-01 7.115564177896225306e-01 -4.968999993838130735e-01 2.894065134253636096e-01
1.403715607912143104e+18 5.806001406693734879e-01 1.847015842102158745e+00 1.054214946077950188e+00 -4.203922980756208405e-01 6.993210233534324916e-01 -5.033721982796797167e-01 2.843182231473903587e-01
