1.403715886584058285e+09 -0.000000000000000000e+00 -0.000000000000000000e+00 -0.000000000000000000e+00 -0.000000000000000000e+00 -0.000000000000000000e+00 -0.000000000000000000e+00 1.000000000000000000e+00
1.403715893584058285e+09 -1.275990507565438747e-03 1.560795004479587078e-03 -1.073422841727733612e-03 3.541278839111328125e-02 -5.825222004204988480e-03 8.760510012507438660e-03 9.993174076080322266e-01
1.403715894384058237e+09 -2.635124698281288147e-02 -4.364228621125221252e-02 -3.567560762166976929e-02 2.349459379911422729e-02 6.411441136151552200e-03 -1.637916639447212219e-02 9.995692372322082520e-01
1.403715894784058094e+09 -7.255863398313522339e-02 -7.486274093389511108e-02 -5.022368580102920532e-02 9.439776651561260223e-03 3.034591674804687500e-03 1.646842691116034985e-03 9.999495148658752441e-01
1.403715894984058142e+09 -1.043233722448348999e-01 -9.319989383220672607e-02 -5.441375076770782471e-02 2.244217135012149811e-02 1.780265120032709092e-05 9.545163251459598541e-03 9.997025728225708008e-01
1.403715895284058094e+09 -1.549458354711532593e-01 -1.228043958544731140e-01 -6.182158738374710083e-02 2.492219209671020508e-02 -1.186147681437432766e-03 1.535817794501781464e-02 9.995707273483276367e-01
1.403715895584058285e+09 -2.068607956171035767e-01 -1.491852849721908569e-01 -6.925041228532791138e-02 2.309696935117244720e-02 -5.723680369555950165e-04 1.746348105370998383e-02 9.995805025100708008e-01
1.403715895884058237e+09 -2.565439045429229736e-01 -1.733396053314208984e-01 -7.622785866260528564e-02 2.279005385935306549e-02 -7.926068064989522099e-05 1.795942150056362152e-02 9.995789527893066406e-01
1.403715896184058189e+09 -3.068876862525939941e-01 -1.976245939731597900e-01 -8.298544585704803467e-02 2.110832557082176208e-02 -6.455164402723312378e-03 3.412030637264251709e-02 9.991739988327026367e-01
1.403715896384058237e+09 -3.334694504737854004e-01 -2.133519798517227173e-01 -8.715263009071350098e-02 2.739668264985084534e-02 -1.975372619926929474e-02 6.935715675354003906e-02 9.970200061798095703e-01
1.403715896684058189e+09 -3.451839387416839600e-01 -2.331139445304870605e-01 -9.678617864847183228e-02 4.156421869993209839e-02 -2.997728250920772552e-02 9.508299827575683594e-02 9.941494464874267578e-01
1.403715897184058189e+09 -2.584337294101715088e-01 -2.537857592105865479e-01 -1.272806525230407715e-01 2.194978855550289154e-02 -4.649809747934341431e-02 1.314870566129684448e-01 9.899834990501403809e-01
1.403715897284058094e+09 -2.202187031507492065e-01 -2.552507221698760986e-01 -1.328943967819213867e-01 2.013791911303997040e-02 -3.910201787948608398e-02 1.130332723259925842e-01 9.926172494888305664e-01
1.403715897384058237e+09 -1.760746985673904419e-01 -2.575713396072387695e-01 -1.378379613161087036e-01 1.688346266746520996e-02 -2.550744265317916870e-02 7.795192301273345947e-02 9.964877367019653320e-01
1.403715897484058142e+09 -3.153418749570846558e-02 -2.644531726837158203e-01 -1.499934345483779907e-01 1.425184030085802078e-02 -1.299982611089944839e-02 5.117827281355857849e-02 9.985032081604003906e-01
1.403715897884058237e+09 7.104924321174621582e-02 -2.693246006965637207e-01 -1.542568951845169067e-01 2.210091799497604370e-02 -1.821755245327949524e-02 6.956212222576141357e-02 9.971663951873779297e-01
1.403715897984058142e+09 1.819521188735961914e-01 -2.727433443069458008e-01 -1.572976559400558472e-01 4.012022539973258972e-02 -1.038415450602769852e-02 5.290546268224716187e-02 9.977392554283142090e-01
1.403715898184058189e+09 2.996448874473571777e-01 -2.745878398418426514e-01 -1.624957323074340820e-01 5.662180483341217041e-02 1.270864065736532211e-02 4.089117795228958130e-02 9.974770545959472656e-01
1.403715898384058237e+09 4.103773236274719238e-01 -2.694590389728546143e-01 -1.723894327878952026e-01 3.788037970662117004e-02 5.069702863693237305e-02 4.569888859987258911e-02 9.969486594200134277e-01
1.403715898584058285e+09 5.217013359069824219e-01 -2.561200559139251709e-01 -1.845248639583587646e-01 2.100262977182865143e-02 9.377223998308181763e-02 5.785256251692771912e-02 9.936894774436950684e-01
1.403715898784058094e+09 6.287469863891601562e-01 -2.311011552810668945e-01 -1.910487413406372070e-01 1.719801314175128937e-02 1.315204650163650513e-01 6.916646659374237061e-02 9.887480735778808594e-01
1.403715898984058142e+09 7.286800146102905273e-01 -1.934029012918472290e-01 -1.913881599903106689e-01 1.004160940647125244e-02 1.506660878658294678e-01 7.585813105106353760e-02 9.856188297271728516e-01
1.403715899184058189e+09 8.243954181671142578e-01 -1.529141068458557129e-01 -1.874084174633026123e-01 -1.618026942014694214e-02 1.590996086597442627e-01 7.229099422693252563e-02 9.844793081283569336e-01
1.403715899384058237e+09 9.138215780258178711e-01 -1.318545043468475342e-01 -1.782991886138916016e-01 -3.909413516521453857e-02 1.623620092868804932e-01 6.081357970833778381e-02 9.840793013572692871e-01
1.403715899684058189e+09 1.076826810836791992e+00 -1.276101469993591309e-01 -1.272201538085937500e-01 -2.433246374130249023e-02 1.592870950698852539e-01 4.101674631237983704e-02 9.860797524452209473e-01
1.403715899984058142e+09 1.171482920646667480e+00 -1.392447054386138916e-01 -6.114071607589721680e-02 -1.390568539500236511e-02 1.663705408573150635e-01 6.456886883825063705e-03 9.859441518783569336e-01
1.403715900384058237e+09 1.230373620986938477e+00 -1.770065724849700928e-01 5.466635152697563171e-02 1.342712203040719032e-03 1.560202091932296753e-01 3.316772729158401489e-02 9.871959686279296875e-01
1.403715900684058189e+09 1.240803480148315430e+00 -2.178475558757781982e-01 1.465863585472106934e-01 6.772549450397491455e-02 1.492804586887359619e-01 5.969940871000289917e-02 9.846647381782531738e-01
1.403715900984058142e+09 1.216520071029663086e+00 -2.678030729293823242e-01 2.175274193286895752e-01 1.101238951086997986e-01 1.572713255882263184e-01 5.721249058842658997e-02 9.797271490097045898e-01
1.403715901484058142e+09 1.144861459732055664e+00 -2.748347818851470947e-01 1.617112010717391968e-01 4.715042561292648315e-02 1.566792130470275879e-01 6.552199274301528931e-02 9.843451380729675293e-01
1.403715902184058189e+09 1.044957518577575684e+00 -2.578332722187042236e-01 6.458576768636703491e-02 2.667856775224208832e-02 1.606693118810653687e-01 4.807538166642189026e-02 9.854757189750671387e-01
1.403715902584058285e+09 9.454157948493957520e-01 -2.398660928010940552e-01 -1.747761853039264679e-02 -4.619367420673370361e-03 1.274158060550689697e-01 7.188563048839569092e-02 9.892302155494689941e-01
1.403715902884058237e+09 8.968012928962707520e-01 -2.187935113906860352e-01 -4.771859198808670044e-02 -1.796538755297660828e-02 9.077037125825881958e-02 5.612671375274658203e-02 9.941266179084777832e-01
1.403715903084058285e+09 8.249180316925048828e-01 -1.949099451303482056e-01 -7.340110093355178833e-02 -1.739902794361114502e-02 3.601366281509399414e-02 1.734124496579170227e-02 9.990493655204772949e-01
1.403715903384058237e+09 7.523106932640075684e-01 -1.937596350908279419e-01 -8.015124499797821045e-02 -3.182392567396163940e-02 -1.704271510243415833e-02 9.831105358898639679e-03 9.992998838424682617e-01
1.403715903684058189e+09 7.050991654396057129e-01 -2.232259660959243774e-01 -7.468936592340469360e-02 -1.802840270102024078e-02 -6.947830319404602051e-02 -4.943317268043756485e-03 9.974083304405212402e-01
1.403715903884058237e+09 6.581423282623291016e-01 -2.705823779106140137e-01 -6.454765051603317261e-02 1.020695082843303680e-02 -1.386992037296295166e-01 -2.017084136605262756e-02 9.900765419006347656e-01
1.403715904084058285e+09 6.167460083961486816e-01 -3.199213147163391113e-01 -5.082930624485015869e-02 2.409618906676769257e-02 -2.170791774988174438e-01 -4.420320317149162292e-02 9.748549461364746094e-01
1.403715904284058094e+09 5.814567208290100098e-01 -3.613162934780120850e-01 -3.579669818282127380e-02 4.061015695333480835e-02 -2.863399982452392578e-01 -9.140422940254211426e-02 9.528931975364685059e-01
1.403715904484058142e+09 5.285077095031738281e-01 -3.981971740722656250e-01 -1.458808034658432007e-02 7.115629315376281738e-02 -3.688111603260040283e-01 -1.461156755685806274e-01 9.151859283447265625e-01
1.403715904784058094e+09 4.778547585010528564e-01 -3.972012400627136230e-01 2.486169338226318359e-03 6.830342859029769897e-02 -4.847067594528198242e-01 -1.557389944791793823e-01 8.579857349395751953e-01
1.403715905084058285e+09 4.459910392761230469e-01 -3.580605983734130859e-01 2.347373962402343750e-02 9.658076614141464233e-02 -5.837779641151428223e-01 -1.860524266958236694e-01 7.843850255012512207e-01
1.403715905384058237e+09 4.389206171035766602e-01 -3.083275854587554932e-01 2.035224437713623047e-02 7.150024175643920898e-02 -6.440865993499755859e-01 -2.395800799131393433e-01 7.229396104812622070e-01
1.403715905684058189e+09 4.416891336441040039e-01 -2.770133912563323975e-01 9.305149316787719727e-03 3.698721528053283691e-02 -6.986461281776428223e-01 -2.448359876871109009e-01 6.712532043457031250e-01
1.403715905884058237e+09 4.453161358833312988e-01 -2.456703335046768188e-01 -2.424955368041992188e-03 1.248734258115291595e-02 -7.479085326194763184e-01 -2.816584706306457520e-01 6.009537577629089355e-01
1.403715906084058285e+09 4.437304735183715820e-01 -2.163538485765457153e-01 -1.324051618576049805e-02 2.985369972884654999e-02 -7.946047186851501465e-01 -3.175103962421417236e-01 5.166229605674743652e-01
1.403715906284058094e+09 4.377811253070831299e-01 -1.897758245468139648e-01 -2.870619297027587891e-02 5.830263346433639526e-02 -8.379347324371337891e-01 -3.373253047466278076e-01 4.250623285770416260e-01
1.403715906484058142e+09 4.345548152923583984e-01 -1.641959547996520996e-01 -5.324912071228027344e-02 6.502629071474075317e-02 -8.758069276809692383e-01 -3.417544066905975342e-01 3.345710039138793945e-01
1.403715906684058189e+09 4.383077025413513184e-01 -1.500722616910934448e-01 -8.745548129081726074e-02 4.267931729555130005e-02 -9.080232381820678711e-01 -3.380156755447387695e-01 2.437573373317718506e-01
1.403715906884058237e+09 4.444178938865661621e-01 -1.384584009647369385e-01 -1.205585449934005737e-01 3.245824202895164490e-02 -9.303668737411499023e-01 -3.350280523300170898e-01 1.453280001878738403e-01
1.403715907084058285e+09 4.508753716945648193e-01 -1.171812862157821655e-01 -1.448047012090682983e-01 5.197516456246376038e-02 -9.378862977027893066e-01 -3.405924141407012939e-01 4.080237075686454773e-02
1.403715907284058094e+09 4.630176424980163574e-01 -1.104193180799484253e-01 -1.682074964046478271e-01 5.633775144815444946e-02 -9.356890916824340820e-01 -3.407208323478698730e-01 -7.225845009088516235e-02
1.403715907484058142e+09 4.826127290725708008e-01 -1.175602078437805176e-01 -1.905518770217895508e-01 6.438746303319931030e-02 -9.240038990974426270e-01 -3.351233005523681641e-01 -1.725213080644607544e-01
1.403715907684058189e+09 5.242471098899841309e-01 -1.331375837326049805e-01 -2.118158340454101562e-01 4.011327400803565979e-02 -9.023619294166564941e-01 -3.131868839263916016e-01 -2.933393716812133789e-01
1.403715907984058142e+09 5.658569931983947754e-01 -1.485463380813598633e-01 -2.127618789672851562e-01 8.447697386145591736e-03 -8.588876724243164062e-01 -2.969387471675872803e-01 -4.172147512435913086e-01
1.403715908284058094e+09 5.843730568885803223e-01 -1.604502499103546143e-01 -2.033911943435668945e-01 1.007257378660142422e-03 -8.131695985794067383e-01 -2.871134579181671143e-01 -5.062805414199829102e-01
1.403715908484058142e+09 5.965499877929687500e-01 -1.722086668014526367e-01 -1.879584193229675293e-01 -3.713227342814207077e-03 -7.584434151649475098e-01 -2.699566483497619629e-01 -5.931891202926635742e-01
1.403715908684058189e+09 5.995666980743408203e-01 -1.841851025819778442e-01 -1.715852022171020508e-01 -8.809360675513744354e-03 -6.981952786445617676e-01 -2.399675548076629639e-01 -6.744341254234313965e-01
1.403715908884058237e+09 5.873743295669555664e-01 -1.967409700155258179e-01 -1.403311192989349365e-01 -1.782450708560645580e-04 -5.981325507164001465e-01 -2.131401449441909790e-01 -7.725340127944946289e-01
1.403715909184058189e+09 5.632751584053039551e-01 -2.074092775583267212e-01 -1.045280545949935913e-01 7.035243324935436249e-03 -5.046936273574829102e-01 -1.826138943433761597e-01 -8.437340259552001953e-01
1.403715909484058142e+09 5.303438305854797363e-01 -2.137119174003601074e-01 -5.706478655338287354e-02 5.855434574186801910e-03 -4.127118587493896484e-01 -1.304167360067367554e-01 -9.014577865600585938e-01
1.403715909784058094e+09 4.969992339611053467e-01 -2.197350710630416870e-01 -1.650548353791236877e-02 -1.054674386978149414e-02 -3.224987387657165527e-01 -1.066513806581497192e-01 -9.404832720756530762e-01
1.403715909984058142e+09 4.574534893035888672e-01 -2.245918512344360352e-01 2.258288115262985229e-02 -4.286766424775123596e-02 -2.084362059831619263e-01 -7.705269753932952881e-02 -9.740532636642456055e-01
1.403715910184058189e+09 4.136725962162017822e-01 -2.226023674011230469e-01 5.528086423873901367e-02 -4.476449638605117798e-02 -9.424990415573120117e-02 -3.866368159651756287e-02 -9.937898516654968262e-01
1.403715910384058237e+09 3.699538111686706543e-01 -2.198735922574996948e-01 8.025817573070526123e-02 -6.116834282875061035e-02 -1.875162823125720024e-03 -4.404191393405199051e-03 -9.981160163879394531e-01
1.403715910584058285e+09 3.233993053436279297e-01 -2.157748639583587646e-01 9.304529428482055664e-02 -7.306715846061706543e-02 7.569435238838195801e-02 2.248520962893962860e-02 -9.941961765289306641e-01
1.403715910784058094e+09 2.793919742107391357e-01 -2.079578638076782227e-01 9.408913552761077881e-02 -7.486164569854736328e-02 1.503377407789230347e-01 4.247650504112243652e-02 -9.848807454109191895e-01
1.403715910984058142e+09 2.342658489942550659e-01 -1.994170695543289185e-01 8.181877434253692627e-02 -7.588171958923339844e-02 2.227501124143600464e-01 5.868319422006607056e-02 -9.701446890830993652e-01
1.403715911184058189e+09 1.953269094228744507e-01 -1.837017089128494263e-01 5.984646454453468323e-02 -8.751750737428665161e-02 2.956333458423614502e-01 7.610179483890533447e-02 -9.482353329658508301e-01
1.403715911384058237e+09 1.653491556644439697e-01 -1.650893092155456543e-01 2.807445079088211060e-02 -7.551454752683639526e-02 3.651596903800964355e-01 9.694054722785949707e-02 -9.227992892265319824e-01
1.403715911584058285e+09 1.442539989948272705e-01 -1.425081044435501099e-01 -7.621947675943374634e-03 -5.169842392206192017e-02 4.232957363128662109e-01 1.296102106571197510e-01 -8.951811194419860840e-01
1.403715911784058094e+09 1.291153132915496826e-01 -1.282549947500228882e-01 -4.835346341133117676e-02 -5.182283371686935425e-02 4.712972640991210938e-01 1.658621132373809814e-01 -8.646867275238037109e-01
1.403715911984058142e+09 1.157033964991569519e-01 -1.268294155597686768e-01 -9.786294400691986084e-02 -5.093228444457054138e-02 5.146635174751281738e-01 1.797856390476226807e-01 -8.367822170257568359e-01
1.403715912184058189e+09 1.047888696193695068e-01 -1.288801729679107666e-01 -1.485017389059066772e-01 -4.712931811809539795e-02 5.521109700202941895e-01 1.830250769853591919e-01 -8.120678067207336426e-01
1.403715912384058237e+09 9.523915499448776245e-02 -1.280209124088287354e-01 -1.981556713581085205e-01 -4.598660022020339966e-02 5.862437486648559570e-01 1.936006098985671997e-01 -7.853166460990905762e-01
1.403715912584058285e+09 8.877638727426528931e-02 -1.253570169210433960e-01 -2.449486851692199707e-01 -4.425339773297309875e-02 6.276171803474426270e-01 2.082364857196807861e-01 -7.488496899604797363e-01
1.403715912784058094e+09 8.488084375858306885e-02 -1.209383159875869751e-01 -2.903328537940979004e-01 -4.497386887669563293e-02 6.818388104438781738e-01 2.275299280881881714e-01 -6.937603354454040527e-01
1.403715912984058142e+09 8.303833007812500000e-02 -1.060954555869102478e-01 -3.301369845867156982e-01 -4.566067829728126526e-02 7.376635670661926270e-01 2.498599290847778320e-01 -6.255698800086975098e-01
1.403715913184058189e+09 8.272898197174072266e-02 -8.448322117328643799e-02 -3.637433648109436035e-01 -5.680491775274276733e-02 7.863727807998657227e-01 2.641616463661193848e-01 -5.555264949798583984e-01
1.403715913384058237e+09 9.835329651832580566e-02 -4.591548442840576172e-02 -4.232132136821746826e-01 -1.326203942298889160e-01 8.181830644607543945e-01 2.844505310058593750e-01 -4.817428886890411377e-01
1.403715913884058237e+09 1.735210418701171875e-01 -4.330188035964965820e-03 -5.037193298339843750e-01 -1.013366132974624634e-01 8.118273019790649414e-01 3.046125173568725586e-01 -4.877280294895172119e-01
1.403715914284058094e+09 2.841567397117614746e-01 4.009716212749481201e-02 -6.114574074745178223e-01 -3.259751945734024048e-02 7.805285453796386719e-01 3.170373141765594482e-01 -5.377731919288635254e-01
1.403715914684058189e+09 3.643667697906494141e-01 8.056601881980895996e-02 -7.312198877334594727e-01 6.300526857376098633e-02 7.335739731788635254e-01 2.896150648593902588e-01 -6.115740537643432617e-01
1.403715915184058189e+09 3.437505960464477539e-01 1.075051203370094299e-01 -8.263609409332275391e-01 2.249159291386604309e-02 7.252905368804931641e-01 2.633636593818664551e-01 -6.356787085533142090e-01
1.403715915584058285e+09 1.677739024162292480e-01 1.841214001178741455e-01 -8.781090974807739258e-01 -2.766083553433418274e-02 7.293561697006225586e-01 2.735510468482971191e-01 -6.264537572860717773e-01
1.403715916384058237e+09 8.370250463485717773e-02 2.123441249132156372e-01 -8.968446254730224609e-01 -3.129751980304718018e-02 6.896445751190185547e-01 2.405033707618713379e-01 -6.823261976242065430e-01
1.403715916584058285e+09 -2.790141105651855469e-02 2.404647767543792725e-01 -9.125814437866210938e-01 2.010945696383714676e-03 6.193363070487976074e-01 1.798385530710220337e-01 -7.642490267753601074e-01
1.403715917084058285e+09 -1.075361371040344238e-01 2.409293949604034424e-01 -9.026786684989929199e-01 -3.588100895285606384e-02 5.917817354202270508e-01 1.460296362638473511e-01 -7.919484972953796387e-01
1.403715917284058094e+09 -1.795070767402648926e-01 2.315144538879394531e-01 -8.733336329460144043e-01 -6.185559555888175964e-02 5.436773300170898438e-01 1.490282863378524780e-01 -8.236379623413085938e-01
1.403715917984058142e+09 -1.762526929378509521e-01 2.406357377767562866e-01 -8.192194104194641113e-01 -6.906277686357498169e-02 5.141344070434570312e-01 1.268796920776367188e-01 -8.454570174217224121e-01
1.403715918484058142e+09 -1.299756467342376709e-01 2.704744040966033936e-01 -7.930096983909606934e-01 -1.952768303453922272e-02 4.743925929069519043e-01 1.081726178526878357e-01 -8.734238147735595703e-01
1.403715918784058094e+09 -9.202477335929870605e-02 2.829076647758483887e-01 -7.708654403686523438e-01 -1.879443973302841187e-02 4.470350742340087891e-01 1.454672664403915405e-01 -8.824090361595153809e-01
1.403715918984058142e+09 -4.511952400207519531e-02 2.715833187103271484e-01 -7.442591190338134766e-01 -2.881215885281562805e-03 4.279890060424804688e-01 1.952270120382308960e-01 -8.824418187141418457e-01
1.403715919384058237e+09 -9.952262043952941895e-02 2.966314256191253662e-01 -6.967534422874450684e-01 -2.335460856556892395e-02 4.590248465538024902e-01 1.642198562622070312e-01 -8.728015422821044922e-01
1.403715920484058142e+09 -1.447302699089050293e-01 2.784208655357360840e-01 -7.087789773941040039e-01 -4.811610281467437744e-02 4.821053147315979004e-01 1.331316828727722168e-01 -8.646012544631958008e-01
1.403715920784058094e+09 -1.744162440299987793e-01 2.474986165761947632e-01 -7.281829118728637695e-01 -4.734029620885848999e-02 5.112244486808776855e-01 1.379760354757308960e-01 -8.469776511192321777e-01
1.403715921184058189e+09 -1.893298029899597168e-01 1.855795830488204956e-01 -7.552422881126403809e-01 -3.069456107914447784e-02 5.421714782714843750e-01 1.822544336318969727e-01 -8.196896910667419434e-01
1.403715921584058285e+09 -2.096730470657348633e-01 1.100489869713783264e-01 -7.802209854125976562e-01 -3.104554302990436554e-02 5.435746908187866211e-01 1.907868385314941406e-01 -8.168005943298339844e-01
1.403715921984058142e+09 -2.386258840560913086e-01 3.392661362886428833e-02 -8.028904199600219727e-01 -3.727665543556213379e-02 5.433892607688903809e-01 1.730205416679382324e-01 -8.206110596656799316e-01
1.403715922284058094e+09 -2.505292892456054688e-01 -1.281661167740821838e-02 -8.151825666427612305e-01 -5.173809081315994263e-02 5.434737801551818848e-01 1.681075394153594971e-01 -8.207918405532836914e-01
1.403715922584058285e+09 -2.573050260543823242e-01 -5.954445898532867432e-02 -8.290065526962280273e-01 -5.383699387311935425e-02 5.448498129844665527e-01 1.689229905605316162e-01 -8.195763230323791504e-01
1.403715922784058094e+09 -2.470430731773376465e-01 -1.536692678928375244e-01 -8.729746341705322266e-01 -3.607885539531707764e-02 5.425997972488403320e-01 1.859903186559677124e-01 -8.183467984199523926e-01
1.403715923584058285e+09 -1.903077960014343262e-01 -9.246814996004104614e-02 -8.301967978477478027e-01 -5.354524776339530945e-02 5.507419705390930176e-01 1.649282574653625488e-01 -8.164649009704589844e-01
1.403715924484058142e+09 -1.632727980613708496e-01 -6.417793035507202148e-02 -8.052931427955627441e-01 -3.269039094448089600e-02 5.451660156250000000e-01 1.774798780679702759e-01 -8.186735510826110840e-01
1.403715924784058094e+09 -1.231729090213775635e-01 -2.812171168625354767e-02 -7.628167867660522461e-01 -1.611625775694847107e-02 5.225484967231750488e-01 1.461500674486160278e-01 -8.398354053497314453e-01
1.403715924984058142e+09 -9.455639123916625977e-02 -1.042202673852443695e-02 -7.269207239151000977e-01 -4.226506501436233521e-02 4.769314825534820557e-01 1.207076013088226318e-01 -8.695859909057617188e-01
1.403715925184058189e+09 -5.759111046791076660e-02 -5.732975900173187256e-03 -6.939570307731628418e-01 -5.868871510028839111e-02 4.221007525920867920e-01 9.981751441955566406e-02 -8.991235494613647461e-01
1.403715925384058237e+09 -1.086752116680145264e-02 -1.066191680729389191e-02 -6.668517589569091797e-01 -3.117594309151172638e-02 3.680387437343597412e-01 7.416243851184844971e-02 -9.263235926628112793e-01
1.403715925584058285e+09 4.276683181524276733e-02 -1.743800193071365356e-02 -6.386289596557617188e-01 -1.667020097374916077e-02 3.087716102600097656e-01 5.249473452568054199e-02 -9.495401978492736816e-01
1.403715925784058094e+09 1.022856533527374268e-01 -2.443886175751686096e-02 -6.064972877502441406e-01 -2.054508775472640991e-02 2.453705370426177979e-01 2.910156734287738800e-02 -9.687746167182922363e-01
1.403715925984058142e+09 1.683907508850097656e-01 -3.053346276283264160e-02 -5.714330673217773438e-01 -3.561694547533988953e-02 1.767069548368453979e-01 4.786663688719272614e-03 -9.836072921752929688e-01
1.403715926184058189e+09 2.405618876218795776e-01 -2.502919919788837433e-02 -5.331847667694091797e-01 -5.596500635147094727e-02 1.035379245877265930e-01 -3.203574195504188538e-02 -9.925329089164733887e-01
1.403715926384058237e+09 3.196043968200683594e-01 -6.222892552614212036e-03 -4.982728660106658936e-01 -7.642054557800292969e-02 2.094971761107444763e-02 -4.811063036322593689e-02 -9.956939220428466797e-01
1.403715926584058285e+09 4.018948972225189209e-01 2.009942755103111267e-02 -4.744247198104858398e-01 -6.576388329267501831e-02 -5.740241333842277527e-02 -6.103048473596572876e-02 -9.943115115165710449e-01
1.403715926784058094e+09 4.837487041950225830e-01 4.869907721877098083e-02 -4.629742801189422607e-01 -3.139301761984825134e-02 -1.274925321340560913e-01 -6.599051505327224731e-02 -9.891437888145446777e-01
1.403715926984058142e+09 5.611668825149536133e-01 6.356211006641387939e-02 -4.623403251171112061e-01 -1.928272657096385956e-02 -1.805959939956665039e-01 -7.516720145940780640e-02 -9.804912805557250977e-01
1.403715927184058189e+09 6.316187977790832520e-01 7.528074085712432861e-02 -4.629763364791870117e-01 -2.972259186208248138e-02 -2.379871308803558350e-01 -5.797857791185379028e-02 -9.690806269645690918e-01
1.403715927384058237e+09 6.872537136077880859e-01 8.406799286603927612e-02 -4.656761288642883301e-01 -5.814991518855094910e-02 -2.866356670856475830e-01 -5.286843702197074890e-02 -9.548107981681823730e-01
1.403715927584058285e+09 7.339657545089721680e-01 9.975823760032653809e-02 -4.836757183074951172e-01 -9.214834123849868774e-02 -3.578819930553436279e-01 -1.059066578745841980e-01 -9.231538176536560059e-01
1.403715927884058237e+09 7.419643402099609375e-01 1.192280352115631104e-01 -5.092063546180725098e-01 -6.502172350883483887e-02 -4.357265233993530273e-01 -1.200290992856025696e-01 -8.896671533584594727e-01
1.403715928084058285e+09 7.331289052963256836e-01 1.486741602420806885e-01 -5.386766791343688965e-01 -4.090253263711929321e-02 -5.101420879364013672e-01 -1.637530475854873657e-01 -8.433665037155151367e-01
1.403715928284058094e+09 7.109500169754028320e-01 1.903141736984252930e-01 -5.650244951248168945e-01 -5.134534463286399841e-02 -5.874350666999816895e-01 -1.954994052648544312e-01 -7.836222648620605469e-01
1.403715928484058142e+09 6.728917360305786133e-01 2.348413765430450439e-01 -5.920284986495971680e-01 -4.760468006134033203e-02 -6.420453190803527832e-01 -2.330429404973983765e-01 -7.288365364074707031e-01
1.403715928684058189e+09 6.209923028945922852e-01 2.726988792419433594e-01 -6.243395209312438965e-01 -7.041183765977621078e-03 -6.599416136741638184e-01 -2.691196501255035400e-01 -7.014285922050476074e-01
1.403715928884058237e+09 5.689963102340698242e-01 2.853486537933349609e-01 -6.654246449470520020e-01 4.958087578415870667e-02 -6.298849582672119141e-01 -3.085956573486328125e-01 -7.110242843627929688e-01
1.403715929184058189e+09 5.372712016105651855e-01 2.575383186340332031e-01 -7.616794109344482422e-01 1.052033528685569763e-01 -5.867937803268432617e-01 -2.607907354831695557e-01 -7.593375444412231445e-01
1.403715929484058142e+09 5.540094971656799316e-01 2.473971843719482422e-01 -7.890489101409912109e-01 1.087444424629211426e-01 -6.121409535408020020e-01 -1.488639861345291138e-01 -7.689588665962219238e-01
1.403715929784058094e+09 5.835849642753601074e-01 1.924858689308166504e-01 -7.521340847015380859e-01 2.085593296214938164e-03 -6.075085997581481934e-01 -2.273277193307876587e-01 -7.610854506492614746e-01
1.403715930084058285e+09 5.958444476127624512e-01 1.670022308826446533e-01 -7.002077102661132812e-01 -7.481149584054946899e-02 -5.952627658843994141e-01 -2.852764427661895752e-01 -7.474509477615356445e-01
1.403715930584058285e+09 6.801464557647705078e-01 1.682498753070831299e-01 -7.271456122398376465e-01 6.595655530691146851e-02 -6.034885048866271973e-01 -2.950873374938964844e-01 -7.378176450729370117e-01
1.403715931484058142e+09 7.761926054954528809e-01 1.459238529205322266e-01 -7.508052587509155273e-01 4.780738428235054016e-02 -6.065228581428527832e-01 -2.838450074195861816e-01 -7.411319613456726074e-01
1.403715931784058094e+09 8.943883776664733887e-01 1.445541679859161377e-01 -7.573744058609008789e-01 3.492132201790809631e-02 -6.083834767341613770e-01 -2.571863532066345215e-01 -7.500035762786865234e-01
1.403715931984058142e+09 9.787937998771667480e-01 1.424588859081268311e-01 -7.552297711372375488e-01 -2.151629014406353235e-04 -6.149221658706665039e-01 -2.289274930953979492e-01 -7.546277046203613281e-01
1.403715932184058189e+09 1.056689023971557617e+00 1.323092132806777954e-01 -7.535228133201599121e-01 -5.408298596739768982e-02 -6.302709579467773438e-01 -1.782965958118438721e-01 -7.536868453025817871e-01
1.403715932384058237e+09 1.121341943740844727e+00 1.107217818498611450e-01 -7.499523162841796875e-01 -1.201147586107254028e-01 -6.425846815109252930e-01 -1.287828683853149414e-01 -7.457025647163391113e-01
1.403715932684058189e+09 1.004654645919799805e+00 6.211827695369720459e-02 -7.661589980125427246e-01 -4.488907381892204285e-02 -6.343075633049011230e-01 -1.947351992130279541e-01 -7.468046545982360840e-01
1.403715933184058189e+09 9.061180949211120605e-01 4.355831444263458252e-02 -7.735905051231384277e-01 4.034521058201789856e-02 -6.115770936012268066e-01 -2.669275701045989990e-01 -7.437039017677307129e-01
1.403715933384058237e+09 8.200583457946777344e-01 2.329382300376892090e-02 -7.801352143287658691e-01 1.040931269526481628e-01 -5.759553909301757812e-01 -3.497657477855682373e-01 -7.315080761909484863e-01
1.403715933584058285e+09 8.684928417205810547e-01 -6.166103482246398926e-02 -8.030315041542053223e-01 6.087904050946235657e-02 -6.161344051361083984e-01 -2.939357459545135498e-01 -7.281991839408874512e-01
1.403715934184058189e+09 9.155898094177246094e-01 -8.149313926696777344e-02 -8.081899285316467285e-01 -7.280912250280380249e-03 -6.423501968383789062e-01 -2.362941652536392212e-01 -7.290393114089965820e-01
1.403715934284058094e+09 9.969602823257446289e-01 -9.852883219718933105e-02 -8.061907887458801270e-01 -9.884899109601974487e-02 -6.692400574684143066e-01 -1.544314920902252197e-01 -7.200677394866943359e-01
1.403715934484058142e+09 8.962859511375427246e-01 -1.275468766689300537e-01 -8.121802210807800293e-01 -5.862740799784660339e-02 -6.403825283050537109e-01 -2.091164737939834595e-01 -7.367111444473266602e-01
1.403715935184058189e+09 7.790519595146179199e-01 -1.242207437753677368e-01 -8.204435706138610840e-01 3.433931991457939148e-02 -6.134963631629943848e-01 -2.852698862552642822e-01 -7.355706691741943359e-01
1.403715935384058237e+09 6.738308668136596680e-01 -1.086988151073455811e-01 -8.233423233032226562e-01 9.204547852277755737e-02 -5.939453840255737305e-01 -3.245822787284851074e-01 -7.303444147109985352e-01
1.403715935584058285e+09 5.973518490791320801e-01 -8.497253805398941040e-02 -8.195236325263977051e-01 1.230765506625175476e-01 -5.821496844291687012e-01 -3.442515432834625244e-01 -7.262539863586425781e-01
1.403715935884058237e+09 6.310338377952575684e-01 -5.094224214553833008e-02 -7.890402078628540039e-01 1.022681128233671188e-02 -6.410380005836486816e-01 -2.393778264522552490e-01 -7.291529178619384766e-01
1.403715936384058237e+09 7.033998370170593262e-01 -4.629778861999511719e-02 -7.579310536384582520e-01 -8.962922543287277222e-02 -6.652655601501464844e-01 -1.904944926500320435e-01 -7.163101434707641602e-01
1.403715936884058237e+09 6.611494421958923340e-01 -3.158070147037506104e-02 -7.319688796997070312e-01 -2.166075818240642548e-02 -6.346001029014587402e-01 -2.360898256301879883e-01 -7.355781793594360352e-01
1.403715937284058094e+09 6.044684052467346191e-01 -1.119311153888702393e-02 -7.141183614730834961e-01 -3.536182455718517303e-03 -5.771253705024719238e-01 -2.313889563083648682e-01 -7.831813693046569824e-01
1.403715937584058285e+09 5.511295199394226074e-01 2.977072447538375854e-02 -6.872471570968627930e-01 5.015019327402114868e-02 -5.118170976638793945e-01 -2.532123923301696777e-01 -8.193970918655395508e-01
1.403715937884058237e+09 5.321428775787353516e-01 6.342922151088714600e-02 -6.516342163085937500e-01 6.804576516151428223e-02 -4.553250074386596680e-01 -2.416432052850723267e-01 -8.541998863220214844e-01
1.403715938184058189e+09 5.769770145416259766e-01 5.376865714788436890e-02 -5.895158648490905762e-01 2.943464927375316620e-02 -3.831286430358886719e-01 -1.595324426889419556e-01 -9.093379974365234375e-01
1.403715938584058285e+09 6.293753385543823242e-01 2.571794949471950531e-02 -5.288301706314086914e-01 2.182918787002563477e-02 -3.332023322582244873e-01 -1.465221494436264038e-01 -9.311450123786926270e-01
1.403715938984058142e+09 7.164964675903320312e-01 -9.309323504567146301e-03 -4.188599586486816406e-01 6.523247808218002319e-02 -3.066203594207763672e-01 -1.599365472793579102e-01 -9.360283613204956055e-01
1.403715939284058094e+09 7.761110067367553711e-01 -3.779257833957672119e-02 -3.470933139324188232e-01 -2.308549545705318451e-02 -3.178378343582153320e-01 -1.282218843698501587e-01 -9.391514658927917480e-01
1.403715939484058142e+09 8.281128406524658203e-01 -6.282821297645568848e-02 -2.768458724021911621e-01 -9.586063027381896973e-02 -3.305210471153259277e-01 -1.015550121665000916e-01 -9.334095120429992676e-01
1.403715939684058189e+09 7.813147306442260742e-01 -1.452088505029678345e-01 -2.849885523319244385e-01 2.506687119603157043e-02 -3.283241987228393555e-01 -1.474331766366958618e-01 -9.326512813568115234e-01
1.403715940484058142e+09 7.360277175903320312e-01 -1.606770902872085571e-01 -3.158822953701019287e-01 1.231742650270462036e-01 -3.056472539901733398e-01 -1.927048414945602417e-01 -9.242687225341796875e-01
1.403715940684058189e+09 7.659665346145629883e-01 -2.600870728492736816e-01 -2.567575871944427490e-01 8.437769860029220581e-02 -3.217259347438812256e-01 -1.741497218608856201e-01 -9.268466830253601074e-01
1.403715941184058189e+09 7.951138019561767578e-01 -2.948964536190032959e-01 -2.226536273956298828e-01 -1.041540503501892090e-02 -3.416713774204254150e-01 -1.413544118404388428e-01 -9.290700554847717285e-01
1.403715941284058094e+09 8.475641012191772461e-01 -3.553754687309265137e-01 -1.613627225160598755e-01 -1.358465254306793213e-01 -3.570721447467803955e-01 -1.064133942127227783e-01 -9.179986119270324707e-01
1.403715941484058142e+09 8.870261907577514648e-01 -3.934475779533386230e-01 -9.977464377880096436e-02 -2.157969474792480469e-01 -3.549352884292602539e-01 -9.664688259363174438e-02 -9.044954776763916016e-01
1.403715941784058094e+09 8.008694052696228027e-01 -3.308347165584564209e-01 -1.689173132181167603e-01 -1.098928302526473999e-01 -3.472501635551452637e-01 -1.223537400364875793e-01 -9.232391119003295898e-01
1.403715942284058094e+09 7.302476167678833008e-01 -2.564682066440582275e-01 -2.323548197746276855e-01 2.394999563694000244e-02 -3.263711929321289062e-01 -1.679062843322753906e-01 -9.299009442329406738e-01
1.403715942484058142e+09 6.650329828262329102e-01 -1.720340996980667114e-01 -2.816603779792785645e-01 1.028868481516838074e-01 -3.074006140232086182e-01 -2.004268318414688110e-01 -9.245259761810302734e-01
1.403715942684058189e+09 6.245226860046386719e-01 -9.737408906221389771e-02 -3.089512884616851807e-01 1.508184224367141724e-01 -2.963396608829498291e-01 -2.050267010927200317e-01 -9.205436706542968750e-01
1.403715943184058189e+09 6.619359850883483887e-01 -1.128675229847431183e-02 -2.460085749626159668e-01 5.753256380558013916e-02 -3.094621598720550537e-01 -1.493395566940307617e-01 -9.373478293418884277e-01
1.403715943384058237e+09 7.057349681854248047e-01 -2.336748316884040833e-02 -1.925822049379348755e-01 -7.346663624048233032e-02 -3.119716048240661621e-01 -1.087476983666419983e-01 -9.409837722778320312e-01
1.403715943584058285e+09 7.430102229118347168e-01 -3.944467008113861084e-02 -1.447139829397201538e-01 -1.770494878292083740e-01 -3.246372044086456299e-01 -8.761290460824966431e-02 -9.249801039695739746e-01
1.403715944084058285e+09 7.138941884040832520e-01 -4.166849702596664429e-02 -1.894236505031585693e-01 -6.835583597421646118e-02 -2.999608814716339111e-01 -1.359851807355880737e-01 -9.417319297790527344e-01
1.403715944284058094e+09 6.755385994911193848e-01 -3.931149467825889587e-02 -2.445998489856719971e-01 6.116675212979316711e-02 -2.498520612716674805e-01 -1.649032235145568848e-01 -9.521762132644653320e-01
1.403715944484058142e+09 6.501771807670593262e-01 -3.483146056532859802e-02 -2.837709784507751465e-01 1.283365190029144287e-01 -1.930194944143295288e-01 -1.573107540607452393e-01 -9.599618315696716309e-01
1.403715944684058189e+09 6.696068048477172852e-01 -7.346598058938980103e-02 -2.704581022262573242e-01 6.957789510488510132e-02 -9.754051268100738525e-02 -6.602282077074050903e-02 -9.905987381935119629e-01
1.403715945084058285e+09 6.949561238288879395e-01 -1.110414788126945496e-01 -2.291127890348434448e-01 -6.879983842372894287e-02 -8.049019426107406616e-02 -7.635624147951602936e-03 -9.943488240242004395e-01
1.403715945284058094e+09 7.110828161239624023e-01 -1.592548936605453491e-01 -1.945645958185195923e-01 -1.823432743549346924e-01 -8.092835545539855957e-02 9.467134252190589905e-03 -9.798529744148254395e-01
1.403715945684058189e+09 6.942175626754760742e-01 -1.742754429578781128e-01 -2.327864468097686768e-01 -7.004974037408828735e-02 -7.222738862037658691e-02 -3.321597725152969360e-02 -9.943706989288330078e-01
1.403715945884058237e+09 6.755242347717285156e-01 -1.719241142272949219e-01 -2.760385572910308838e-01 5.045166984200477600e-02 -6.717119365930557251e-02 -4.822659865021705627e-02 -9.952974319458007812e-01
1.403715946084058285e+09 6.407026648521423340e-01 -1.974072009325027466e-01 -2.993032336235046387e-01 1.325079500675201416e-01 -1.423839479684829712e-02 -2.983149513602256775e-02 -9.906306266784667969e-01
1.403715946484058142e+09 6.260432004928588867e-01 -2.394652217626571655e-01 -2.610540091991424561e-01 1.970279775559902191e-02 7.934252731502056122e-03 -5.435993429273366928e-03 -9.997596740722656250e-01
1.403715946684058189e+09 6.081493496894836426e-01 -2.844166755676269531e-01 -2.148119807243347168e-01 -8.820931613445281982e-02 2.223386429250240326e-02 -4.461845848709344864e-03 -9.958437681198120117e-01
1.403715946884058237e+09 5.822604894638061523e-01 -3.326291143894195557e-01 -1.723271459341049194e-01 -1.561897397041320801e-01 2.739224582910537720e-02 -5.812021438032388687e-03 -9.873301386833190918e-01
1.403715947184058189e+09 5.410746932029724121e-01 -2.860341966152191162e-01 -2.746034562587738037e-01 -1.577215828001499176e-02 2.739432640373706818e-02 -4.078855738043785095e-02 -9.986676573753356934e-01
1.403715947784058094e+09 5.338363647460937500e-01 -2.351786047220230103e-01 -3.231462836265563965e-01 7.282570749521255493e-02 2.904058434069156647e-02 -3.143613785505294800e-02 -9.964260458946228027e-01
1.403715947984058142e+09 5.289061665534973145e-01 -1.835067868232727051e-01 -3.479347229003906250e-01 1.363948881626129150e-01 3.282649442553520203e-02 -1.480438280850648880e-02 -9.899998307228088379e-01
1.403715948384058237e+09 5.161170363426208496e-01 -1.601890623569488525e-01 -2.816337943077087402e-01 4.431539028882980347e-02 3.644376620650291443e-02 -1.212222594767808914e-02 -9.982790946960449219e-01
1.403715948584058285e+09 5.080975294113159180e-01 -1.682650446891784668e-01 -2.155885249376296997e-01 -5.747784674167633057e-02 2.372179366648197174e-02 -1.003628224134445190e-02 -9.980144500732421875e-01
1.403715948784058094e+09 4.946702718734741211e-01 -1.633571833372116089e-01 -1.206971183419227600e-01 -1.470455527305603027e-01 4.741369932889938354e-02 -1.035860273987054825e-02 -9.879384636878967285e-01
1.403715949284058094e+09 4.911156594753265381e-01 -1.403525471687316895e-01 -1.321164071559906006e-01 -4.376912489533424377e-02 8.565429598093032837e-02 8.517752401530742645e-03 -9.953266978263854980e-01
1.403715949484058142e+09 4.903963208198547363e-01 -1.226506158709526062e-01 -1.487476974725723267e-01 5.246456712484359741e-02 1.176111623644828796e-01 3.282549232244491577e-02 -9.911294579505920410e-01
1.403715949684058189e+09 4.556368589401245117e-01 -1.379158198833465576e-01 -9.850519895553588867e-02 6.872455030679702759e-02 2.036801427602767944e-01 1.248954385519027710e-01 -9.686034321784973145e-01
1.403715950184058189e+09 4.151740968227386475e-01 -1.707653850317001343e-01 -4.342702776193618774e-02 -4.452325031161308289e-02 2.413789182901382446e-01 1.106268242001533508e-01 -9.630760550498962402e-01
1.403715950384058237e+09 3.690745532512664795e-01 -1.992588341236114502e-01 5.228909198194742203e-03 -1.353024840354919434e-01 2.616464495658874512e-01 7.073184102773666382e-02 -9.530118107795715332e-01
1.403715950584058285e+09 3.234242498874664307e-01 -2.097845822572708130e-01 -5.274696648120880127e-02 -7.156252115964889526e-02 2.744859457015991211e-01 7.188095152378082275e-02 -9.562266469001770020e-01
1.403715951284058094e+09 3.391096889972686768e-01 -1.929416805505752563e-01 -1.171704381704330444e-01 4.040404036641120911e-02 2.861749529838562012e-01 1.119836643338203430e-01 -9.507529139518737793e-01
1.403715951484058142e+09 3.442414402961730957e-01 -1.825470030307769775e-01 -1.668915450572967529e-01 1.077509298920631409e-01 3.072672188282012939e-01 1.433224976062774658e-01 -9.345775246620178223e-01
1.403715951684058189e+09 3.093474507331848145e-01 -1.972243785858154297e-01 -1.899230182170867920e-01 1.247082278132438660e-01 3.522014915943145752e-01 1.687392741441726685e-01 -9.121014475822448730e-01
1.403715951984058142e+09 2.536238133907318115e-01 -2.332171350717544556e-01 -1.717932820320129395e-01 7.551860064268112183e-03 4.073303937911987305e-01 1.329560428857803345e-01 -9.035195708274841309e-01
1.403715952184058189e+09 1.979307532310485840e-01 -2.683131694793701172e-01 -1.442794054746627808e-01 -8.982785791158676147e-02 4.561520814895629883e-01 9.942881017923355103e-02 -8.797557950019836426e-01
1.403715952384058237e+09 1.525183320045471191e-01 -3.118520379066467285e-01 -1.156923472881317139e-01 -1.510531455278396606e-01 4.976141452789306641e-01 8.235356956720352173e-02 -8.501653075218200684e-01
1.403715952684058189e+09 2.452437430620193481e-01 -3.335437178611755371e-01 -1.403165459632873535e-01 -8.510425686836242676e-02 5.186120271682739258e-01 1.360689997673034668e-01 -8.398119211196899414e-01
1.403715953184058189e+09 3.234533667564392090e-01 -3.125272393226623535e-01 -1.603487432003021240e-01 2.844024635851383209e-02 5.015092492103576660e-01 2.067218124866485596e-01 -8.396104574203491211e-01
1.403715953384058237e+09 3.867607116699218750e-01 -2.902051508426666260e-01 -1.673968434333801270e-01 9.072671830654144287e-02 4.980142116546630859e-01 2.471122592687606812e-01 -8.262481093406677246e-01
1.403715953584058285e+09 3.356494307518005371e-01 -2.862008810043334961e-01 -1.172157227993011475e-01 -2.263932488858699799e-02 5.595721602439880371e-01 3.209288716316223145e-01 -7.637873291969299316e-01
1.403715954184058189e+09 2.518341839313507080e-01 -2.882571816444396973e-01 -1.045019775629043579e-01 -1.237632036209106445e-01 5.893967747688293457e-01 2.514733970165252686e-01 -7.576643228530883789e-01
1.403715954384058237e+09 1.780961602926254272e-01 -2.860866785049438477e-01 -1.115251332521438599e-01 -1.544324457645416260e-01 6.206403374671936035e-01 1.554675698280334473e-01 -7.528520226478576660e-01
1.403715954584058285e+09 1.872638165950775146e-01 -2.346419543027877808e-01 -1.856231242418289185e-01 -9.140373021364212036e-02 6.144236922264099121e-01 1.837362647056579590e-01 -7.618201971054077148e-01
1.403715955184058189e+09 2.448013722896575928e-01 -2.133579552173614502e-01 -2.208141833543777466e-01 6.164581980556249619e-03 5.928057432174682617e-01 2.371638715267181396e-01 -7.696081995964050293e-01
1.403715955384058237e+09 2.896792590618133545e-01 -1.974824368953704834e-01 -2.525106668472290039e-01 6.919194012880325317e-02 5.731347799301147461e-01 2.725596129894256592e-01 -7.697014212608337402e-01
1.403715955584058285e+09 2.772538065910339355e-01 -2.016961723566055298e-01 -2.893545329570770264e-01 4.677595198154449463e-02 6.211591362953186035e-01 2.735026478767395020e-01 -7.329185605049133301e-01
1.403715955984058142e+09 2.285572141408920288e-01 -2.194032073020935059e-01 -2.992569506168365479e-01 -6.667249649763107300e-02 6.851263642311096191e-01 2.241297811269760132e-01 -6.898713111877441406e-01
1.403715956184058189e+09 1.779174208641052246e-01 -2.412063330411911011e-01 -3.197910487651824951e-01 -1.393526494503021240e-01 7.577002644538879395e-01 2.062326967716217041e-01 -6.032738089561462402e-01
1.403715956484058142e+09 1.980567872524261475e-01 -2.589892148971557617e-01 -3.361711204051971436e-01 -1.662960499525070190e-01 8.213267922401428223e-01 1.618540585041046143e-01 -5.211249589920043945e-01
1.403715956784058094e+09 2.994719147682189941e-01 -2.765535712242126465e-01 -3.302376568317413330e-01 -7.794782519340515137e-02 8.152676224708557129e-01 2.505931556224822998e-01 -5.162035226821899414e-01
1.403715957084058285e+09 3.845004737377166748e-01 -2.797026336193084717e-01 -3.180021345615386963e-01 -1.773165911436080933e-02 7.858376502990722656e-01 3.265358209609985352e-01 -5.248990654945373535e-01
1.403715957284058094e+09 4.571097195148468018e-01 -2.667762935161590576e-01 -3.036092221736907959e-01 4.509988799691200256e-02 7.519985437393188477e-01 3.909173905849456787e-01 -5.288174152374267578e-01
1.403715957484058142e+09 4.993515312671661377e-01 -2.422449141740798950e-01 -2.979261279106140137e-01 8.180849254131317139e-02 7.221841812133789062e-01 4.383245110511779785e-01 -5.287995338439941406e-01
1.403715957884058237e+09 4.726728200912475586e-01 -1.982491463422775269e-01 -3.266145288944244385e-01 3.209453076124191284e-02 7.534235119819641113e-01 3.910415768623352051e-01 -5.276452898979187012e-01
1.403715957984058142e+09 4.141836762428283691e-01 -1.716200113296508789e-01 -3.685854673385620117e-01 -5.140987411141395569e-02 8.131985664367675781e-01 2.874330282211303711e-01 -5.034356713294982910e-01
1.403715958184058189e+09 3.626843988895416260e-01 -1.453117430210113525e-01 -4.106196761131286621e-01 -1.039282530546188354e-01 8.553914427757263184e-01 2.114017158746719360e-01 -4.613174200057983398e-01
1.403715958384058237e+09 3.411893248558044434e-01 -1.113273203372955322e-01 -4.437613189220428467e-01 -1.289054751396179199e-01 8.977777957916259766e-01 1.484901905059814453e-01 -3.941181898117065430e-01
1.403715958684058189e+09 3.969250917434692383e-01 -9.185352176427841187e-02 -4.152940511703491211e-01 -3.641078248620033264e-02 9.149596691131591797e-01 2.240766435861587524e-01 -3.336358070373535156e-01
1.403715958984058142e+09 4.516610503196716309e-01 -8.797062933444976807e-02 -3.689714074134826660e-01 2.325101941823959351e-02 9.029763936996459961e-01 3.140906393527984619e-01 -2.923014461994171143e-01
1.403715959184058189e+09 4.933174848556518555e-01 -8.723408728837966919e-02 -3.150849640369415283e-01 4.115969873964786530e-03 8.844745159149169922e-01 3.951835036277770996e-01 -2.480280250310897827e-01
1.403715959384058237e+09 5.197309255599975586e-01 -8.404809236526489258e-02 -2.747136354446411133e-01 4.327391274273395538e-03 8.520828485488891602e-01 4.771480858325958252e-01 -2.150950729846954346e-01
1.403715959584058285e+09 5.163255333900451660e-01 -7.712735980749130249e-02 -3.260586857795715332e-01 -2.615657448768615723e-02 9.039630293846130371e-01 3.967756628990173340e-01 -1.572764813899993896e-01
1.403715959984058142e+09 5.034286379814147949e-01 -7.098107039928436279e-02 -3.879710733890533447e-01 -4.835597425699234009e-02 9.531187415122985840e-01 2.672738134860992432e-01 -1.333834677934646606e-01
1.403715960184058189e+09 4.978596568107604980e-01 -7.276067137718200684e-02 -4.371310770511627197e-01 -7.053168863058090210e-02 9.752780795097351074e-01 1.714967638254165649e-01 -1.201951205730438232e-01
1.403715960684058189e+09 5.414217710494995117e-01 -1.152203083038330078e-01 -3.703057169914245605e-01 -6.065658107399940491e-02 9.401442408561706543e-01 3.068249523639678955e-01 -1.353071331977844238e-01
1.403715960884058237e+09 5.745985507965087891e-01 -1.446918696165084839e-01 -3.099174499511718750e-01 -4.556404054164886475e-02 8.866276144981384277e-01 4.360110759735107422e-01 -1.473422050476074219e-01
1.403715961084058285e+09 6.082066297531127930e-01 -1.678858995437622070e-01 -2.760891914367675781e-01 -2.977635338902473450e-02 8.432767391204833984e-01 5.130797624588012695e-01 -1.573113352060317993e-01
1.403715961384058237e+09 6.375339627265930176e-01 -1.861720979213714600e-01 -3.171923756599426270e-01 5.820200778543949127e-03 8.749765157699584961e-01 4.594329893589019775e-01 -1.526549309492111206e-01
1.403715961584058285e+09 6.397535800933837891e-01 -1.911601722240447998e-01 -3.835324347019195557e-01 -1.128270104527473450e-02 9.271165728569030762e-01 3.591353893280029297e-01 -1.065339893102645874e-01
1.403715961784058094e+09 6.397863030433654785e-01 -1.899988353252410889e-01 -4.511128067970275879e-01 -4.409253597259521484e-02 9.615530371665954590e-01 2.653000950813293457e-01 -5.556545779109001160e-02
1.403715961984058142e+09 6.417332887649536133e-01 -1.766239553689956665e-01 -4.913510084152221680e-01 -4.490748420357704163e-02 9.886865615844726562e-01 1.429258286952972412e-01 7.378764450550079346e-03
1.403715962284058094e+09 6.525955796241760254e-01 -1.870575249195098877e-01 -4.338099658489227295e-01 8.858798071742057800e-03 9.774359464645385742e-01 2.008864134550094604e-01 6.469256430864334106e-02
1.403715962584058285e+09 6.465202569961547852e-01 -1.970367431640625000e-01 -3.479285836219787598e-01 5.770055577158927917e-02 9.451794028282165527e-01 3.059895038604736328e-01 9.837192296981811523e-02
1.403715962784058094e+09 6.211833357810974121e-01 -1.986791193485260010e-01 -2.481428086757659912e-01 5.918564274907112122e-02 9.117428660392761230e-01 3.852391541004180908e-01 1.296645104885101318e-01
1.403715962984058142e+09 5.786366462707519531e-01 -1.819820702075958252e-01 -1.545186489820480347e-01 -1.766321063041687012e-02 8.723781108856201172e-01 4.585815370082855225e-01 1.683670878410339355e-01
1.403715963184058189e+09 5.567369461059570312e-01 -1.660941839218139648e-01 -1.143222898244857788e-01 -4.285366460680961609e-02 8.480762243270874023e-01 4.934311211109161377e-01 1.882976889610290527e-01
1.403715963284058094e+09 5.378271341323852539e-01 -1.446879506111145020e-01 -8.111010491847991943e-02 -5.790746584534645081e-02 8.260086774826049805e-01 5.202455520629882812e-01 2.090478092432022095e-01
1.403715963384058237e+09 5.163714885711669922e-01 -8.986535668373107910e-02 -4.696598649024963379e-02 -5.427069216966629028e-02 8.451057076454162598e-01 4.615116417407989502e-01 2.643069624900817871e-01
1.403715963584058285e+09 5.130346417427062988e-01 -3.463008999824523926e-02 -4.266303777694702148e-02 -2.645301818847656250e-02 8.865413665771484375e-01 3.337329328060150146e-01 3.193227350711822510e-01
1.403715963884058237e+09 5.072251558303833008e-01 2.973586320877075195e-02 -3.275895118713378906e-02 -2.511576376855373383e-02 8.699847459793090820e-01 3.271802663803100586e-01 3.680338859558105469e-01
1.403715964184058189e+09 5.570977330207824707e-01 -3.074724972248077393e-02 -6.500643491744995117e-02 2.249781601130962372e-02 8.634945750236511230e-01 3.322267830371856689e-01 3.788090646266937256e-01
1.403715964984058142e+09 5.644833445549011230e-01 -6.533876061439514160e-02 -8.815050125122070312e-02 -6.332557648420333862e-02 8.197910785675048828e-01 4.175376892089843750e-01 3.867747783660888672e-01
1.403715965784058094e+09 5.925685763359069824e-01 -7.510256767272949219e-02 -1.283589601516723633e-01 -4.947043210268020630e-02 8.450872898101806641e-01 3.679273426532745361e-01 3.847202360630035400e-01
1.403715965884058237e+09 6.268775463104248047e-01 -8.288884162902832031e-02 -1.646992564201354980e-01 4.240238107740879059e-03 8.853603005409240723e-01 2.566499114036560059e-01 3.876209557056427002e-01
1.403715966084058285e+09 6.277854442596435547e-01 -1.411124467849731445e-01 -1.578395962715148926e-01 -5.209394544363021851e-02 8.428163528442382812e-01 3.788201510906219482e-01 3.787375092506408691e-01
1.403715966684058189e+09 6.762979030609130859e-01 -1.976812779903411865e-01 -1.732999682426452637e-01 -2.339098788797855377e-02 8.845301866531372070e-01 2.951372265815734863e-01 3.604902625083923340e-01
1.403715967284058094e+09 7.067439556121826172e-01 -2.168248742818832397e-01 -1.848720908164978027e-01 2.325350604951381683e-02 9.142155051231384277e-01 1.905079632997512817e-01 3.568978011608123779e-01
1.403715967584058285e+09 7.010003328323364258e-01 -2.794536352157592773e-01 -1.275951266288757324e-01 3.620598465204238892e-02 8.626633882522583008e-01 3.139495849609375000e-01 3.948883116245269775e-01
1.403715967884058237e+09 6.721196770668029785e-01 -3.098040521144866943e-01 -8.509957790374755859e-02 1.745429821312427521e-02 8.099691867828369141e-01 3.989896774291992188e-01 4.294793903827667236e-01
1.403715968084058285e+09 6.248920559883117676e-01 -2.840721607208251953e-01 -3.894609212875366211e-02 2.639354951679706573e-02 8.480510711669921875e-01 2.533798515796661377e-01 4.646627604961395264e-01
1.403715968784058094e+09 5.211206078529357910e-01 -2.419046759605407715e-01 3.324943780899047852e-02 -1.990088075399398804e-02 8.215404152870178223e-01 3.258854150772094727e-01 4.674121439456939697e-01
1.403715969284058094e+09 4.620821475982666016e-01 -2.310014069080352783e-01 7.198038697242736816e-02 -8.726371824741363525e-02 7.717968225479125977e-01 4.337954521179199219e-01 4.566577970981597900e-01
1.403715969484058142e+09 5.107666850090026855e-01 -1.911329925060272217e-01 7.696339488029479980e-02 -7.452930510044097900e-02 8.239971399307250977e-01 3.004626929759979248e-01 4.745486080646514893e-01
1.403715970084058285e+09 5.761269330978393555e-01 -1.886443495750427246e-01 7.995378971099853516e-02 8.348240517079830170e-03 8.460589051246643066e-01 2.350479662418365479e-01 4.784005284309387207e-01
1.403715970284058094e+09 6.310506463050842285e-01 -2.108395993709564209e-01 1.316208839416503906e-01 8.395005017518997192e-02 8.422932028770446777e-01 2.200894206762313843e-01 4.848249554634094238e-01
1.403715970684058189e+09 6.071656346321105957e-01 -2.307912558317184448e-01 1.726558804512023926e-01 3.763342276215553284e-02 7.991394996643066406e-01 3.521301150321960449e-01 4.857614934444427490e-01
1.403715970884058237e+09 5.745810270309448242e-01 -2.493979632854461670e-01 1.975316405296325684e-01 -1.710223034024238586e-02 7.453306913375854492e-01 4.716135561466217041e-01 4.709251224994659424e-01
1.403715971084058285e+09 5.931084752082824707e-01 -2.662320733070373535e-01 1.412603557109832764e-01 -1.090758442878723145e-01 7.536598443984985352e-01 3.690777420997619629e-01 5.328047871589660645e-01
1.403715971484058142e+09 6.499081850051879883e-01 -2.765623927116394043e-01 9.345865249633789062e-02 -7.951089739799499512e-02 7.651659250259399414e-01 2.445307970046997070e-01 5.902575254440307617e-01
1.403715971684058189e+09 7.103325128555297852e-01 -2.915458083152770996e-01 6.362736225128173828e-02 -2.238152362406253815e-02 7.434213161468505859e-01 1.856765747070312500e-01 6.421433687210083008e-01
1.403715971884058237e+09 7.720534801483154297e-01 -3.271853923797607422e-01 6.128484010696411133e-02 4.013440385460853577e-02 6.855406761169433594e-01 1.915074288845062256e-01 7.012476325035095215e-01
1.403715972184058189e+09 7.094441056251525879e-01 -3.907201886177062988e-01 7.291066646575927734e-02 3.927795961499214172e-02 6.506219506263732910e-01 2.151178270578384399e-01 7.272363305091857910e-01
1.403715972784058094e+09 5.179157257080078125e-01 -3.932272791862487793e-01 8.184549212455749512e-02 2.515812776982784271e-02 6.472317576408386230e-01 2.794793844223022461e-01 7.087661027908325195e-01
1.403715973484058142e+09 4.055079817771911621e-01 -3.831233382225036621e-01 5.557653307914733887e-02 -1.804281771183013916e-02 6.302444934844970703e-01 3.298938572406768799e-01 7.025926113128662109e-01
1.403715973984058142e+09 3.565102219581604004e-01 -3.233576416969299316e-01 -8.897805213928222656e-02 -2.540672197937965393e-02 6.359026432037353516e-01 2.904590964317321777e-01 7.145739197731018066e-01
1.403715974784058094e+09 4.201228320598602295e-01 -2.278893738985061646e-01 -2.238133102655410767e-01 -1.334544643759727478e-02 6.384009718894958496e-01 2.606393098831176758e-01 7.241086363792419434e-01
1.403715975484058142e+09 5.045869350433349609e-01 -1.806070208549499512e-01 -3.439623117446899414e-01 -1.898708567023277283e-02 6.326432228088378906e-01 2.487914115190505981e-01 7.331473231315612793e-01
1.403715976384058237e+09 6.217380166053771973e-01 -1.910706311464309692e-01 -3.560197949409484863e-01 -1.807858981192111969e-02 5.853351950645446777e-01 2.204360365867614746e-01 7.800409197807312012e-01
1.403715977284058094e+09 6.540479660034179688e-01 -2.047047019004821777e-01 -3.047333359718322754e-01 -1.350255496799945831e-02 5.032848715782165527e-01 1.863516420125961304e-01 8.436795473098754883e-01
1.403715977584058285e+09 6.702228784561157227e-01 -2.211378514766693115e-01 -2.547056674957275391e-01 -4.312806297093629837e-03 4.006700813770294189e-01 1.503944993019104004e-01 9.037844538688659668e-01
1.403715977884058237e+09 6.757082939147949219e-01 -2.333083748817443848e-01 -2.171616703271865845e-01 4.172492306679487228e-03 3.284538090229034424e-01 1.063401252031326294e-01 9.385054707527160645e-01
1.403715978084058285e+09 6.714468002319335938e-01 -2.466038018465042114e-01 -1.766499578952789307e-01 1.343045849353075027e-02 2.524638175964355469e-01 4.832726344466209412e-02 9.663054347038269043e-01
1.403715978284058094e+09 6.535124778747558594e-01 -2.595716416835784912e-01 -1.358087658882141113e-01 2.600971795618534088e-02 1.729682981967926025e-01 9.393250569701194763e-03 9.845391511917114258e-01
1.403715978484058142e+09 6.187590360641479492e-01 -2.744250595569610596e-01 -9.413169324398040771e-02 3.946217894554138184e-02 8.189355581998825073e-02 1.283798646181821823e-02 9.957767724990844727e-01
1.403715978684058189e+09 5.746914744377136230e-01 -2.845916748046875000e-01 -5.804057419300079346e-02 4.638704657554626465e-02 -9.134063497185707092e-03 -1.135976752266287804e-03 9.988811612129211426e-01
1.403715978884058237e+09 5.300213098526000977e-01 -2.939095497131347656e-01 -2.888463996350765228e-02 3.734130412340164185e-02 -9.689695388078689575e-02 -4.049267619848251343e-02 9.937691092491149902e-01
1.403715979084058285e+09 4.780346751213073730e-01 -3.055234849452972412e-01 -9.313060902059078217e-03 5.322082713246345520e-02 -1.903899013996124268e-01 -7.174730300903320312e-02 9.776357412338256836e-01
1.403715979284058094e+09 4.288781881332397461e-01 -3.173412978649139404e-01 1.950238831341266632e-03 9.410347044467926025e-02 -2.863988578319549561e-01 -1.046816706657409668e-01 9.477141499519348145e-01
1.403715979484058142e+09 3.790502846240997314e-01 -3.206114768981933594e-01 -4.588685929775238037e-03 1.004371047019958496e-01 -3.597909212112426758e-01 -1.516376733779907227e-01 9.151332974433898926e-01
1.403715979684058189e+09 3.313584029674530029e-01 -3.225347697734832764e-01 -2.613081037998199463e-02 1.018374189734458923e-01 -4.359512031078338623e-01 -1.796564757823944092e-01 8.759562373161315918e-01
1.403715979884058237e+09 2.872515916824340820e-01 -3.174176812171936035e-01 -6.247780472040176392e-02 1.161750257015228271e-01 -5.172132849693298340e-01 -1.945399641990661621e-01 8.253169059753417969e-01
1.403715980084058285e+09 2.549034059047698975e-01 -3.060552775859832764e-01 -1.142240613698959351e-01 1.257774084806442261e-01 -5.953268408775329590e-01 -2.091973870992660522e-01 7.655080556869506836e-01
1.403715980284058094e+09 2.352958470582962036e-01 -2.862213551998138428e-01 -1.765189617872238159e-01 1.120874732732772827e-01 -6.681976318359375000e-01 -2.227817922830581665e-01 7.009397745132446289e-01
1.403715980484058142e+09 2.293232828378677368e-01 -2.638670206069946289e-01 -2.455362677574157715e-01 9.979537874460220337e-02 -7.419928312301635742e-01 -2.255544513463973999e-01 6.233881115913391113e-01
1.403715980684058189e+09 2.401468753814697266e-01 -2.375136464834213257e-01 -3.134006559848785400e-01 8.329318463802337646e-02 -8.040928244590759277e-01 -2.388489991426467896e-01 5.380038619041442871e-01
1.403715980884058237e+09 2.641958296298980713e-01 -2.119212150573730469e-01 -3.741006255149841309e-01 6.580705940723419189e-02 -8.565139770507812500e-01 -2.553804814815521240e-01 4.436599612236022949e-01
1.403715981084058285e+09 3.002145588397979736e-01 -1.897024810314178467e-01 -4.238274693489074707e-01 5.754023045301437378e-02 -9.018947482109069824e-01 -2.613585293292999268e-01 3.390673995018005371e-01
1.403715981284058094e+09 3.416376709938049316e-01 -1.766313463449478149e-01 -4.565464854240417480e-01 4.553253203630447388e-02 -9.363079667091369629e-01 -2.691490054130554199e-01 2.209367007017135620e-01
1.403715981484058142e+09 3.912437558174133301e-01 -1.746533811092376709e-01 -4.745400547981262207e-01 3.300615772604942322e-02 -9.593573212623596191e-01 -2.632209658622741699e-01 9.622336179018020630e-02
1.403715981684058189e+09 4.403510689735412598e-01 -1.761522591114044189e-01 -4.699322581291198730e-01 3.344510123133659363e-02 -9.622437953948974609e-01 -2.688875496387481689e-01 -2.584364823997020721e-02
1.403715981884058237e+09 4.863990545272827148e-01 -1.839229464530944824e-01 -4.452044665813446045e-01 3.615652769804000854e-02 -9.409801363945007324e-01 -3.073871433734893799e-01 -1.369753032922744751e-01
1.403715982084058285e+09 5.283141136169433594e-01 -1.980867385864257812e-01 -4.096750020980834961e-01 3.482870757579803467e-02 -9.206974506378173828e-01 -3.106434047222137451e-01 -2.336747497320175171e-01
1.403715982284058094e+09 5.681582689285278320e-01 -2.163345515727996826e-01 -3.653550744056701660e-01 2.873213961720466614e-02 -8.956663012504577637e-01 -3.065108060836791992e-01 -3.209478557109832764e-01
1.403715982484058142e+09 6.025031208992004395e-01 -2.376385927200317383e-01 -3.140633106231689453e-01 2.458964474499225616e-02 -8.631281256675720215e-01 -2.954935431480407715e-01 -4.087649583816528320e-01
1.403715982684058189e+09 6.300019621849060059e-01 -2.619336247444152832e-01 -2.567043304443359375e-01 1.649858802556991577e-02 -8.184791803359985352e-01 -2.815178334712982178e-01 -5.005671381950378418e-01
1.403715982884058237e+09 6.518965959548950195e-01 -2.894867956638336182e-01 -1.921908855438232422e-01 1.123595051467418671e-02 -7.646800875663757324e-01 -2.664053440093994141e-01 -5.866569876670837402e-01
1.403715983084058285e+09 6.644763350486755371e-01 -3.151551187038421631e-01 -1.274176836013793945e-01 1.764726184774190187e-04 -7.030617594718933105e-01 -2.482037395238876343e-01 -6.664076447486877441e-01
1.403715983284058094e+09 6.681876182556152344e-01 -3.442926704883575439e-01 -5.815845727920532227e-02 -1.010282803326845169e-02 -6.317031383514404297e-01 -2.248028069734573364e-01 -7.418307065963745117e-01
1.403715983484058142e+09 6.605252623558044434e-01 -3.701246082782745361e-01 6.890952587127685547e-03 -4.405101388692855835e-02 -5.491780638694763184e-01 -1.917931139469146729e-01 -8.122058510780334473e-01
1.403715983684058189e+09 6.429447531700134277e-01 -3.968699574470520020e-01 6.036230921745300293e-02 -7.942921668291091919e-02 -4.611178040504455566e-01 -1.639271825551986694e-01 -8.684406876564025879e-01
1.403715983884058237e+09 6.106716394424438477e-01 -4.182792901992797852e-01 1.005608141422271729e-01 -9.431703388690948486e-02 -3.752566277980804443e-01 -1.421431750059127808e-01 -9.110884666442871094e-01
1.403715984084058285e+09 5.669603943824768066e-01 -4.329115152359008789e-01 1.227909475564956665e-01 -8.879549056291580200e-02 -2.914100289344787598e-01 -1.310678571462631226e-01 -9.434070587158203125e-01
1.403715984284058094e+09 5.188001990318298340e-01 -4.427308738231658936e-01 1.283410638570785522e-01 -8.692362159490585327e-02 -2.135681658983230591e-01 -1.143791079521179199e-01 -9.663076400756835938e-01
1.403715984484058142e+09 4.705530703067779541e-01 -4.461658298969268799e-01 1.176481246948242188e-01 -7.387547194957733154e-02 -1.389610618352890015e-01 -8.303108066320419312e-02 -9.840417504310607910e-01
1.403715984684058189e+09 4.224158823490142822e-01 -4.436308145523071289e-01 9.413624554872512817e-02 -4.795652255415916443e-02 -5.008972063660621643e-02 -5.320363864302635193e-02 -9.961729645729064941e-01
1.403715984884058237e+09 3.738521635532379150e-01 -4.387097656726837158e-01 6.298924237489700317e-02 -5.296036228537559509e-02 4.237546399235725403e-02 -3.362783417105674744e-02 -9.971302747726440430e-01
1.403715985084058285e+09 3.324923813343048096e-01 -4.300247430801391602e-01 2.733310312032699585e-02 -5.852515250444412231e-02 9.538152813911437988e-02 1.451506162993609905e-03 -9.937178492546081543e-01
1.403715985284058094e+09 2.601956725120544434e-01 -4.100393652915954590e-01 -5.714603513479232788e-02 -3.717322647571563721e-02 8.160302788019180298e-02 1.481800340116024017e-02 -9.958612322807312012e-01
1.403715985684058189e+09 1.701784729957580566e-01 -3.586331903934478760e-01 -1.467311978340148926e-01 1.806675642728805542e-02 3.419293463230133057e-02 -5.558765307068824768e-02 -9.977046251296997070e-01
1.403715986584058285e+09 1.153424009680747986e-01 -2.820607125759124756e-01 -1.749162822961807251e-01 -1.242447411641478539e-03 1.919134333729743958e-02 -2.965946123003959656e-02 -9.993750452995300293e-01
1.403715986684058189e+09 6.468518823385238647e-02 -1.881705224514007568e-01 -1.452983915805816650e-01 -3.817385435104370117e-02 -3.331040591001510620e-02 -6.506877392530441284e-02 -9.965937733650207520e-01
1.403715987684058189e+09 6.953892111778259277e-02 -1.187081858515739441e-01 -1.285718083381652832e-01 -3.216413408517837524e-02 -2.409704029560089111e-02 -4.953778535127639771e-02 -9.979633688926696777e-01
1.403715988884058237e+09 1.056306287646293640e-01 -1.047238931059837341e-01 -1.299852728843688965e-01 -5.606678314507007599e-03 -3.483208641409873962e-02 -4.648313671350479126e-02 -9.982959032058715820e-01
1.403715989784058094e+09 1.322571933269500732e-01 -7.465698570013046265e-02 -1.112468466162681580e-01 -1.522497087717056274e-02 -3.453790768980979919e-02 -2.276037074625492096e-02 -9.990282058715820312e-01
1.403715990784058094e+09 1.264841854572296143e-01 -5.766183882951736450e-02 -1.044464334845542908e-01 -5.046156700700521469e-03 -3.388803079724311829e-02 -2.167289517819881439e-02 -9.991779327392578125e-01
1.403715990884058237e+09 1.159551367163658142e-01 -4.398079961538314819e-02 -9.558197855949401855e-02 1.541254110634326935e-03 -3.366533294320106506e-02 -1.924734376370906830e-02 -9.992466568946838379e-01
1.403715991084058285e+09 1.088401526212692261e-01 -4.052079096436500549e-02 -9.060832858085632324e-02 -5.114755127578973770e-03 -3.348849341273307800e-02 -1.841386780142784119e-02 -9.992563724517822266e-01
1.403715991184058189e+09 1.041472256183624268e-01 -4.113990440964698792e-02 -8.825388550758361816e-02 -1.365327462553977966e-02 -3.222693502902984619e-02 -2.171306125819683075e-02 -9.991514682769775391e-01
