1.403715894384058112e+18 8.306842821382924846e-01 2.311383572937077080e+00 1.043064410544361387e+00 -5.551301748369753541e-01 6.015121513647576634e-01 -4.526502357293905043e-01 3.537250130258494107e-01
1.403715894784058112e+18 8.471186776292795040e-01 2.468155976099010385e+00 1.150451455785772570e+00 -5.505818420535545377e-01 6.166155394975940673e-01 -4.358975273349583457e-01 3.558626944683507265e-01
1.403715894984058112e+18 8.719685324091067669e-01 2.573381677863570527e+00 1.207342725038484055e+00 -5.422775695191007772e-01 6.142172805409583658e-01 -4.393796279226200308e-01 3.682631022080637972e-01
1.403715895284058112e+18 9.098530049936580655e-01 2.741397030559526549e+00 1.300100946971406213e+00 -5.382516201681015744e-01 6.158817870725578070e-01 -4.381427597572417620e-01 3.728347352528114667e-01
1.403715895884058112e+18 9.759198582636247066e-01 3.078773089367396132e+00 1.458574963208272735e+00 -5.369220448844953530e-01 6.186378547449483678e-01 -4.365277000212058889e-01 3.720826380091069585e-01
1.403715896184058112e+18 1.008840697037324929e+00 3.245806454671203767e+00 1.534309290437620099e+00 -5.300245276952550988e-01 6.258551575033339809e-01 -4.260814452340285774e-01 3.818820811391657744e-01
1.403715896384058112e+18 1.028129098932444307e+00 3.334150982466943081e+00 1.583925171683852051e+00 -5.105173246815162269e-01 6.367470500334693195e-01 -4.092544422921772784e-01 4.079657546140621482e-01
1.403715896684058112e+18 1.029493561664311274e+00 3.376124486363957899e+00 1.654871365246233683e+00 -4.924051162296265716e-01 6.396069269123685341e-01 -4.020514487370118184e-01 4.321976551591574789e-01
1.403715897184058112e+18 9.254699368227559120e-01 3.105027572400793190e+00 1.768791142452791121e+00 -4.815514783101143004e-01 6.598812106037053038e-01 -3.661320039944473415e-01 4.456594184806846881e-01
1.403715897284058112e+18 8.934876845092081243e-01 2.982328219997638641e+00 1.785704326785923612e+00 -4.918988169745673877e-01 6.546249869412585909e-01 -3.767469141313103398e-01 4.330859533899857894e-01
1.403715897384058112e+18 8.620015992587146680e-01 2.839853831416597529e+00 1.805198507929573370e+00 -5.110703154843954099e-01 6.436843082486539691e-01 -3.962973164709228668e-01 4.091773220781887987e-01
1.403715897484058112e+18 7.701650974407729944e-01 2.371521368764360371e+00 1.861712426575477641e+00 -5.243170340676344132e-01 6.355674999477111120e-01 -4.119100466357178969e-01 3.891988107346889270e-01
1.403715897884058112e+18 7.181488539690250583e-01 2.037122932386473906e+00 1.896230863279977807e+00 -5.116760347566089440e-01 6.397638047558921182e-01 -4.068230865836641175e-01 4.042089630408495227e-01
1.403715897984058112e+18 6.642875960106089384e-01 1.674961536667574968e+00 1.925913713807276162e+00 -5.126008669341760582e-01 6.258789889907601101e-01 -4.284347537985750964e-01 4.024419263642760591e-01
1.403715898184058112e+18 5.988943105915607301e-01 1.291614413570213671e+00 1.954478324297665992e+00 -5.041770149239442889e-01 6.200791665984128898e-01 -4.556040404062395854e-01 3.920871371755370594e-01
1.403715898384058112e+18 5.134785096468235110e-01 9.335455849916340920e-01 1.966769389438723259e+00 -4.912058621249483781e-01 6.438303783524651491e-01 -4.632215560437379920e-01 3.600347690724131078e-01
1.403715898784058112e+18 3.114795358790650726e-01 2.282518205327586092e-01 1.903724416359796390e+00 -4.447298222109765664e-01 6.891162917085293937e-01 -4.836095533139689318e-01 3.057056127740241380e-01
1.403715898984058112e+18 2.180353309844479393e-01 -9.742137858262411854e-02 1.802959249855581092e+00 -4.331537144351887414e-01 7.007078048424518757e-01 -4.861351236139920817e-01 2.916488873503199075e-01
1.403715899184058112e+18 1.359314754556463223e-01 -4.111457942873060212e-01 1.687596998578713592e+00 -4.403340447356536846e-01 7.122338815806875667e-01 -4.753685908169434371e-01 2.699139304296091502e-01
1.403715899384058112e+18 9.695291177345499722e-02 -7.074730784103966386e-01 1.624134571177087594e+00 -4.538743670904687444e-01 7.165790848537598734e-01 -4.668723451842409777e-01 2.500853601283804517e-01
1.403715899684058112e+18 1.736935336641327599e-01 -1.265009555942179897e+00 1.568797755463868793e+00 -4.633615584569143464e-01 6.993907124388019092e-01 -4.821178315321171248e-01 2.524105663744963812e-01
1.403715899984058112e+18 3.462777542905187689e-01 -1.606186760291376192e+00 1.533359837299548945e+00 -4.779620175015155126e-01 6.781020303734691668e-01 -5.046092027464992302e-01 2.389550140357006025e-01
1.403715900384058112e+18 7.182833136575454969e-01 -1.854248655143122981e+00 1.509433880445003817e+00 -4.612075969363927386e-01 6.835521311669878752e-01 -4.994262903208865900e-01 2.657393780408628947e-01
1.403715900684058112e+18 1.043519301041179625e+00 -1.932620650900673809e+00 1.518576753520779254e+00 -4.229217623928308023e-01 6.658970496651979154e-01 -5.263294735911036026e-01 3.173256802892555628e-01
1.403715900984058112e+18 1.332408152131110191e+00 -1.887956156970747479e+00 1.577415033800819932e+00 -4.033702737793821158e-01 6.460822871706636272e-01 -5.557636391831114464e-01 3.331619392989150219e-01
1.403715901484058112e+18 1.204524771352166290e+00 -1.627686953604830844e+00 1.659953953582601338e+00 -4.232059666394881181e-01 6.803671197178071672e-01 -5.155295124169869680e-01 3.036883501794815365e-01
1.403715902184058112e+18 9.336341838661156300e-01 -1.254753290231059193e+00 1.717784342787972429e+00 -4.401196740282805608e-01 6.815474576513080862e-01 -5.117055336475002658e-01 2.827457910151892628e-01
1.403715902884058112e+18 6.100535175824824963e-01 -7.157391558389094577e-01 1.720974241828907347e+00 -4.856406279606979570e-01 6.859388870499205648e-01 -4.460808901925046310e-01 3.076570543831524951e-01
1.403715903384058112e+18 5.439882743001404064e-01 -2.262048307766226785e-01 1.665796937530178212e+00 -5.682859210141174566e-01 6.314037757540829077e-01 -3.960412119035805478e-01 3.486140307196012866e-01
1.403715903684058112e+18 6.190554077655590071e-01 -7.529991854527740003e-02 1.742232204949992092e+00 -5.940148990885532054e-01 5.976504293874255191e-01 -3.797955418811284067e-01 3.817271411375688928e-01
1.403715903884058112e+18 7.310269483986802097e-01 7.183324774886301611e-02 1.867349415793606138e+00 -6.191185166792193550e-01 5.481797475225198557e-01 -3.609728133432325570e-01 4.311494575412814223e-01
1.403715904284058112e+18 9.678336309016295491e-01 3.059101789404670146e-01 2.097055958544529197e+00 -6.951458633868359271e-01 4.205680978705458872e-01 -3.067676720580679306e-01 4.957704096149699868e-01
1.403715904484058112e+18 1.102479335786334946e+00 4.680272101626190562e-01 2.175290079973856372e+00 -7.326533016028180523e-01 3.246880209297826059e-01 -2.828644722864596672e-01 5.270526719724452080e-01
1.403715904784058112e+18 1.175174683788445362e+00 6.261750416117426443e-01 2.143502171047932503e+00 -7.575089829871619607e-01 2.443961768309522165e-01 -1.954805641706944264e-01 5.729205865350590621e-01
1.403715905384058112e+18 1.132673150292004660e+00 7.493773268450776293e-01 1.844127569197916428e+00 -8.015074465551959015e-01 5.676345709017337898e-02 -8.036780937624761478e-02 5.898345007472901580e-01
1.403715905684058112e+18 1.058030913444754084e+00 7.467646918868944272e-01 1.762995396452670338e+00 -8.115548641382558381e-01 1.747180211272425163e-02 -8.342461986532019938e-03 5.839553424299450679e-01
1.403715905884058112e+18 9.809092741853079334e-01 7.416552741095907564e-01 1.682763171543325553e+00 -8.249843777097435327e-01 -5.332674474904519624e-02 5.142038731118930839e-02 5.602793754887864797e-01
1.403715906284058112e+18 8.333743918956284524e-01 7.809050236596122296e-01 1.544565159500814078e+00 -7.840869095899255514e-01 -2.444423869756252865e-01 1.290196202841303874e-01 5.557063750229227495e-01
1.403715906484058112e+18 7.279594642066637977e-01 8.039154878969683171e-01 1.497273787639326281e+00 -7.503720155701749661e-01 -3.191019262088701791e-01 1.831859911105199745e-01 5.491435983418166966e-01
1.403715906684058112e+18 6.049267478865663072e-01 8.080170552303889142e-01 1.498209663257162871e+00 -7.192251100232843752e-01 -3.749573544216224241e-01 2.552043546602537627e-01 5.263012073324320195e-01
1.403715906884058112e+18 4.873938707112666080e-01 8.037758340163889681e-01 1.505728752689009964e+00 -6.758056510039230913e-01 -4.376708960977849783e-01 3.172312118444075013e-01 5.010940700226397260e-01
1.403715907284058112e+18 2.993971495034777330e-01 7.660344669673269102e-01 1.483356750516260147e+00 -5.521773243416245869e-01 -5.875769558455267161e-01 3.967525142745317313e-01 4.386809385636281089e-01
1.403715907484058112e+18 2.323819314122478330e-01 7.118245568844039362e-01 1.536297372591684418e+00 -4.850981543022945264e-01 -6.458393734641847406e-01 4.302510884224846621e-01 4.030574218236947504e-01
1.403715907684058112e+18 1.696732300401925242e-01 5.845288895914850791e-01 1.616668052043006787e+00 -4.035765198364990036e-01 -6.903623106019817213e-01 4.927760368204993635e-01 3.430709114344067667e-01
1.403715907984058112e+18 1.681221258735023927e-01 4.479447421260696061e-01 1.670669950386851399e+00 -3.171085422722957348e-01 -7.290896413915611829e-01 5.470402264554529159e-01 2.619493421885834006e-01
1.403715908284058112e+18 2.034596891583602130e-01 3.824277693374418252e-01 1.697646249447496869e+00 -2.444924316720703261e-01 -7.594551411192398405e-01 5.678761352767340842e-01 2.024056186616224329e-01
1.403715908484058112e+18 2.597230210760234081e-01 3.348923742237026602e-01 1.715586560636311653e+00 -1.637190257073876387e-01 -7.824053388523233288e-01 5.836721344358093422e-01 1.427053111833991028e-01
1.403715908684058112e+18 3.231569590753274879e-01 3.169303285805482595e-01 1.731725344841497982e+00 -7.591992318954789154e-02 -7.926097623974077688e-01 5.987139314740246299e-01 8.687668314418947602e-02
1.403715908884058112e+18 4.390006362242880877e-01 3.419144186995808354e-01 1.728590258010777703e+00 4.120708584111432843e-02 -8.068829470367978596e-01 5.892335113497417787e-01 6.764241284001993627e-03
1.403715909184058112e+18 5.714346412443566114e-01 4.038986384129117369e-01 1.712255404720541385e+00 -1.423193819868523724e-01 8.041775132826346484e-01 -5.740767235278225744e-01 5.898844077442579742e-02
1.403715909484058112e+18 7.374059170833634491e-01 4.896336891879997655e-01 1.666536111217085558e+00 -2.457657185834400682e-01 7.779918540052509490e-01 -5.667664642731244928e-01 1.144712262797045604e-01
1.403715909784058112e+18 8.823517462128132038e-01 5.799212172893219996e-01 1.628690520033230005e+00 -3.151060658558847427e-01 7.501448389782338078e-01 -5.518349603921371971e-01 1.829455227770144521e-01
1.403715909984058112e+18 1.024105928997485870e+00 6.912585734490992451e-01 1.588296723107014863e+00 -3.896513541173527995e-01 7.004586497731899453e-01 -5.331981660644886656e-01 2.706089760113262743e-01
1.403715910184058112e+18 1.139676463680185048e+00 8.197208352655462882e-01 1.534551167981356601e+00 -4.726968442025997752e-01 6.503315147596009371e-01 -4.928271724950630817e-01 3.327882095896834702e-01
1.403715910384058112e+18 1.230956563848799146e+00 9.515745252679888022e-01 1.488381053157175726e+00 -5.301551664179449119e-01 5.944170177849603665e-01 -4.655011523881598667e-01 3.858919351493247940e-01
1.403715910784058112e+18 1.297540323552208719e+00 1.242470713353962530e+00 1.421857575272983842e+00 -6.122761704840832264e-01 5.007281206776312832e-01 -4.001198418757934694e-01 4.629182998729725607e-01
1.403715910984058112e+18 1.269516472910990013e+00 1.396377599119069668e+00 1.405144595139371733e+00 -6.448103597580130408e-01 4.566834307404782911e-01 -3.598516716873687016e-01 4.961518098522414433e-01
1.403715911184058112e+18 1.200278060839607308e+00 1.534798998948903925e+00 1.379736645407204865e+00 -6.705715869859244505e-01 4.028069340583114166e-01 -3.232388826524539294e-01 5.325382102190552303e-01
1.403715911384058112e+18 1.093774413317710970e+00 1.648503916754243903e+00 1.359197898202122001e+00 -7.033633396379705971e-01 3.561672585856239803e-01 -2.735581643070504887e-01 5.509907686212888178e-01
1.403715911784058112e+18 8.318639998913359701e-01 1.804109064163646581e+00 1.338994209227771126e+00 -7.675453564120369165e-01 2.546983229089218037e-01 -1.991787167092795019e-01 5.534715249836674733e-01
1.403715911984058112e+18 6.864481609244851290e-01 1.870967724345754091e+00 1.395774879583335570e+00 -7.795542504068261325e-01 2.148142248664112464e-01 -1.674332945239090098e-01 5.640178289314657922e-01
1.403715912184058112e+18 5.409637432457609085e-01 1.930012678100831103e+00 1.464948585463303976e+00 -7.852128210857527435e-01 1.861784856255002119e-01 -1.347880424223532325e-01 5.749874613525925993e-01
1.403715912384058112e+18 3.941278049446679255e-01 1.984257357341304040e+00 1.524177082460483668e+00 -7.919196369519704293e-01 1.522268129114838497e-01 -1.073396543733616260e-01 5.815225572922159136e-01
1.403715912784058112e+18 1.112641537565154382e-01 2.061045690792308704e+00 1.618402583958632235e+00 -8.033474311356539888e-01 4.351055719910904007e-02 -2.619960175774048786e-02 5.933408103002059120e-01
1.403715912984058112e+18 -2.711959153707033110e-02 2.086097320633219177e+00 1.623489676722158936e+00 -8.029377619181009562e-01 -3.103463452718921781e-02 2.582401875423520968e-02 5.946939734023675150e-01
1.403715913184058112e+18 -1.561222567791092919e-01 2.103559194464311943e+00 1.600243688264212594e+00 -7.897989502855300437e-01 -1.042431876603374663e-01 7.103867450735988631e-02 6.002536819366657284e-01
1.403715913384058112e+18 -3.919706946133195702e-01 2.081480805930202571e+00 1.560365269037677471e+00 -7.482834174917387671e-01 -2.048932012405638714e-01 6.633852142213435277e-02 6.274471322492461978e-01
1.403715913884058112e+18 -7.215461799995457337e-01 1.874124340899145258e+00 1.546299442174611016e+00 -7.723663264258661121e-01 -1.967494805929849988e-01 7.249833704618692531e-02 5.995697547536406047e-01
1.403715914284058112e+18 -1.152687487425971824e+00 1.563233885872889140e+00 1.563125856045945339e+00 -8.186476387720328374e-01 -1.321992911277463656e-01 7.177916840804111909e-02 5.542446589196386997e-01
1.403715914684058112e+18 -1.601623538926716162e+00 1.357421698663249465e+00 1.603112982419229393e+00 -8.562239780311174941e-01 -1.375472457441818605e-02 8.280006260023342612e-02 5.097405777744671296e-01
1.403715915184058112e+18 -1.914300230937781233e+00 1.470054957486057745e+00 1.639084499785443683e+00 -8.355841037052675890e-01 1.296476056711114719e-03 5.202116023887342483e-02 5.468924242228085930e-01
1.403715916384058112e+18 -2.146253960700613916e+00 2.359287468842954372e+00 1.372727851558003032e+00 -8.131737928105527979e-01 3.234028668416152885e-02 -1.305506808281067105e-02 5.809750887436051503e-01
1.403715917284058112e+18 -1.983355150901808805e+00 3.211778825783446756e+00 1.247804410925960950e+00 -7.618159733468458095e-01 2.088976728598609389e-01 -1.415937511298935303e-01 5.966149467355796876e-01
1.403715917984058112e+18 -1.833030615426594956e+00 3.176538898017505996e+00 1.151567214480522683e+00 -7.450407965315710701e-01 2.420191631596300130e-01 -1.640540670106643006e-01 5.995224760293604849e-01
1.403715918484058112e+18 -1.812508891152829538e+00 3.014096569390515512e+00 1.033569786809481972e+00 -7.494014035998373124e-01 3.049586433886752324e-01 -1.609282643958114822e-01 5.652431829077497749e-01
1.403715918784058112e+18 -1.778319351054956421e+00 2.880057517477577100e+00 9.727118526960333300e-01 -7.659965565748808602e-01 2.997116578312200574e-01 -1.926669415699214516e-01 5.350716280102877365e-01
1.403715918984058112e+18 -1.704225709804555011e+00 2.713583912472673276e+00 9.799272806054902807e-01 -7.942298528443327843e-01 2.855797195136143829e-01 -2.109352073100954073e-01 4.931019194552404561e-01
1.403715919384058112e+18 -1.568730671218073747e+00 2.871023035073869245e+00 8.354932442685248928e-01 -7.757938498639297409e-01 2.771620495818668539e-01 -1.912949002088020767e-01 5.336022506877063920e-01
1.403715920484058112e+18 -1.561761072047825216e+00 3.023920986704795144e+00 9.001030560009802839e-01 -7.531874551443594745e-01 2.706395916490548781e-01 -1.793220716786464164e-01 5.721070384587789714e-01
1.403715920784058112e+18 -1.567680660574852780e+00 3.128808455174621805e+00 1.015049406196660620e+00 -7.591457258848774980e-01 2.471296363217345138e-01 -1.567887566691889278e-01 5.814137902598625063e-01
1.403715921184058112e+18 -1.563605744585319091e+00 3.187473462530246771e+00 1.236387167773109308e+00 -7.904937376516818492e-01 2.018696572987730420e-01 -1.331469609323905623e-01 5.627078984606653789e-01
1.403715921984058112e+18 -1.491724801769913844e+00 3.364405555195903119e+00 1.753021656681917673e+00 -7.834998850560823680e-01 2.043241358495357096e-01 -1.336887340172295546e-01 5.714078228579975161e-01
1.403715922284058112e+18 -1.463794037925224334e+00 3.407051759323275419e+00 1.909671489201293815e+00 -7.755094560722957109e-01 2.009356044153460807e-01 -1.409383494904424272e-01 5.816754662727332548e-01
1.403715922784058112e+18 -1.459708624068156269e+00 3.416173170804095882e+00 2.413569376529744126e+00 -7.903476614712090509e-01 1.965003003255339220e-01 -1.369782529772158308e-01 5.638928658799259308e-01
1.403715924484058112e+18 -1.406822352342185001e+00 3.114325375417041464e+00 2.065945423762627353e+00 -7.875567843328591389e-01 2.019871608598418911e-01 -1.306004912768499726e-01 5.673614456211422130e-01
1.403715924784058112e+18 -1.342394458688492609e+00 2.964888644913593385e+00 1.907419063018810368e+00 -7.760725519634367187e-01 2.475741977411905215e-01 -1.309828579910500834e-01 5.650326553521145545e-01
1.403715924984058112e+18 -1.269280733621598323e+00 2.855320083687480803e+00 1.811696810712033479e+00 -7.481122572010115990e-01 2.849646982791995131e-01 -1.763474133982922687e-01 5.727344595429753049e-01
1.403715925184058112e+18 -1.192073736396029426e+00 2.719181107505086459e+00 1.760571994811456875e+00 -7.223190164244724931e-01 3.271043292316640483e-01 -2.223301876908496677e-01 5.672982319299413323e-01
1.403715925384058112e+18 -1.124573298449286662e+00 2.553350585609461376e+00 1.747608473431083276e+00 -7.080640588073134900e-01 3.890252509036224438e-01 -2.380223177102653853e-01 5.391196704411006513e-01
1.403715925784058112e+18 -9.747196784015158544e-01 2.154109592867653244e+00 1.728558238802381686e+00 -6.549167198900786024e-01 4.880704810841645647e-01 -3.020370222182088282e-01 4.915739341261394779e-01
1.403715925984058112e+18 -8.902634110705761605e-01 1.921044543849083741e+00 1.711713863306116856e+00 -6.133665187334391700e-01 5.284633199182420249e-01 -3.473651377763125603e-01 4.731231280073454615e-01
1.403715926184058112e+18 -8.137099874696248625e-01 1.667136724190995789e+00 1.656259634266616487e+00 -5.570031653103982849e-01 5.714804568742974933e-01 -3.915298124405089952e-01 4.581069386237682783e-01
1.403715926384058112e+18 -7.672867947119372811e-01 1.392830247071753069e+00 1.565405212380271083e+00 -5.061916194999794838e-01 6.026576802127716626e-01 -4.458265585803416475e-01 4.263947050479851009e-01
1.403715926784058112e+18 -8.035309824290809422e-01 8.410468974659295327e-01 1.375635068291954921e+00 -4.436490148342938089e-01 6.800882736084076230e-01 -4.914387144113994688e-01 3.148705793092895222e-01
1.403715926984058112e+18 -8.548687715018933320e-01 5.877100446109779774e-01 1.340202585522305423e+00 -4.146389384680438384e-01 7.037162082415889808e-01 -5.065447894768666526e-01 2.761710072002687144e-01
1.403715927184058112e+18 -9.029388639904706304e-01 3.576503649241444815e-01 1.315016584288155377e+00 -3.906347140673835927e-01 7.028069154250415895e-01 -5.460800896162991691e-01 2.350818910951811835e-01
1.403715927384058112e+18 -9.469389510580701330e-01 1.769689041360731352e-01 1.299348174198286410e+00 -3.549892813891545318e-01 6.960555640699211954e-01 -5.864056546842734141e-01 2.135829346657257544e-01
1.403715927884058112e+18 -1.147576429349244531e+00 1.930530385393192105e-02 1.255010387872478317e+00 -2.108268861652650428e-01 7.426110896137928519e-01 -6.220175338439618562e-01 1.310533526589429398e-01
1.403715928284058112e+18 -1.393363302169820184e+00 1.497851032350672185e-01 1.104771304528799680e+00 -4.487776861412897528e-02 7.782181375297174686e-01 -6.259032738833357756e-01 2.464970681603005989e-02
1.403715928484058112e+18 -1.515040990636842722e+00 2.888954687158784562e-01 9.979531029978474521e-01 -3.093572211400221275e-02 -7.860217511989773254e-01 6.172566581581221401e-01 1.438769261714372208e-02
1.403715928684058112e+18 -1.638093443539681893e+00 4.755207469737674497e-01 9.163236155999355814e-01 -6.190925786642145767e-02 -8.128283457328188133e-01 5.776653995859608592e-01 4.219016810668755474e-02
1.403715928884058112e+18 -1.755358665851391997e+00 6.654153697472096063e-01 9.227786279805348935e-01 -4.818285248876077315e-02 -8.544390553346954409e-01 5.161420945712861252e-01 3.478004681373150775e-02
1.403715929184058112e+18 -1.996454924676738241e+00 8.125847902162366410e-01 1.125722773020392253e+00 4.632182369209159045e-02 -8.664404443926653210e-01 4.953010168815649150e-01 4.256932753247974488e-02
1.403715929484058112e+18 -2.073545427119317441e+00 7.699246920176494591e-01 1.193817514633474630e+00 1.112967553855271352e-01 -8.205699736892309026e-01 5.507126341897383703e-01 1.048501076017978179e-01
1.403715929784058112e+18 -1.904901742422832056e+00 6.535864473595669466e-01 1.318542215004313789e+00 2.283515299457599887e-02 -8.119610969958499513e-01 5.831460283915124165e-01 1.176615163149291945e-02
1.403715931484058112e+18 -1.926518133453965831e+00 1.979555727475057481e-02 1.485670404922828425e+00 -6.724150521418209743e-03 -8.503199062566501043e-01 5.258667690979014209e-01 1.936450314316309762e-02
1.403715931784058112e+18 -1.996882072815151066e+00 -3.645464874133379496e-01 1.514600130198888728e+00 9.373266738022589112e-03 -8.361067834608083560e-01 5.480586862907077528e-01 2.166252300130843203e-02
1.403715931984058112e+18 -2.025056192546491385e+00 -6.422140048446296490e-01 1.529971636055470707e+00 1.426361577517569652e-02 -8.104765937424702749e-01 5.853603373654204800e-01 1.665880247982156129e-02
1.403715932184058112e+18 -2.041370478931973320e+00 -8.986966815895724991e-01 1.569579357182300239e+00 1.953132504837369610e-02 -7.640230304271523609e-01 6.446352370219998740e-01 1.824136805054769536e-02
1.403715932384058112e+18 -2.031569398550510108e+00 -1.113143257667734254e+00 1.639887815672135929e+00 1.721258071336323817e-02 -7.075472976410004389e-01 7.063334021606346713e-01 1.317853020203694180e-02
1.403715932684058112e+18 -1.966737056529202388e+00 -7.254066200789406338e-01 1.792664346454818203e+00 7.035166900641025983e-03 -7.742728792226005741e-01 6.324568136361268245e-01 2.122248364970726400e-02
1.403715933184058112e+18 -1.921859705501937299e+00 -3.998913776651313867e-01 1.845099910429469858e+00 3.802122899188408313e-04 -8.410778812564462248e-01 5.403499855508188121e-01 2.469303980906968968e-02
1.403715933384058112e+18 -1.877641827654795037e+00 -1.157442474584047254e-01 1.903339599462584353e+00 -1.994954944533974470e-02 -8.944252234675120761e-01 4.467195492988647598e-01 6.868724498681723183e-03
1.403715934184058112e+18 -1.870588571764021824e+00 -4.203994464572997636e-01 2.272093984795652055e+00 -1.877935795207900244e-02 -8.053606812034329598e-01 5.914206489865273531e-01 3.554046762219904843e-02
1.403715934284058112e+18 -1.878749449638775104e+00 -6.887043171699818167e-01 2.332828179119021517e+00 -1.686900232049300813e-02 -7.244535373409948242e-01 6.879833085271921389e-01 3.951551825307197258e-02
1.403715934484058112e+18 -1.815193999651311341e+00 -3.573039825229997746e-01 2.415050621447114576e+00 -1.491637171875232447e-02 -7.722714001891468616e-01 6.349469900915601928e-01 1.472094012997754615e-02
1.403715935184058112e+18 -1.792553799364906553e+00 3.081619010252900637e-02 2.399154765956476254e+00 -1.842871657102252564e-02 -8.443475446087250758e-01 5.351917512920312259e-01 1.753270280734210360e-02
1.403715935384058112e+18 -1.774624850179693736e+00 3.776263463856563973e-01 2.340877640645107505e+00 -1.697104918229770318e-02 -8.808577319340381573e-01 4.725409315589946813e-01 2.251016621512258453e-02
1.403715935884058112e+18 -1.725977072476370111e+00 5.045488633352048780e-01 2.115025449158307147e+00 -1.390194245572647959e-02 -8.141949236483101426e-01 5.788223923963511375e-01 4.310452832179917371e-02
1.403715936384058112e+18 -1.669971167128021072e+00 2.532598183188716767e-01 2.071305660536000737e+00 -3.632334112625409256e-02 -7.447455282918621355e-01 6.657692117922325847e-01 2.803693293229968242e-02
1.403715936884058112e+18 -1.591700410145909128e+00 3.803685907413576484e-01 1.987497545069667915e+00 -1.674995551830306059e-02 -8.003976429314488827e-01 5.988834720361297936e-01 2.053385258216560913e-02
1.403715937284058112e+18 -1.538798646428459760e+00 5.587546268439897990e-01 1.894702324282207861e+00 -4.366905210994648234e-02 8.147907335594557487e-01 -5.777732862201245823e-01 1.967496185157733418e-02
1.403715937884058112e+18 -1.413550969861019801e+00 7.701668695582599700e-01 1.577424150750553089e+00 -1.542600682793386080e-01 8.522918392718031866e-01 -4.925904006683286540e-01 8.459993625621843594e-02
1.403715938184058112e+18 -1.233419016477479424e+00 5.941644608699783170e-01 1.534091963215462151e+00 -2.531203269187349281e-01 7.987704298082546339e-01 -5.288594176874841235e-01 1.349207800442312477e-01
1.403715938984058112e+18 -6.990426259508716322e-01 5.547946404801429310e-02 1.528827983393500123e+00 -3.131303219952967787e-01 8.039494218680004467e-01 -4.754602170186129073e-01 1.719078548462612266e-01
1.403715939284058112e+18 -4.722326435882034934e-01 -1.742275076578971849e-01 1.532717101094315915e+00 -2.986075248326411913e-01 7.543009318861690904e-01 -5.488403348739423482e-01 2.015885341095554895e-01
1.403715939484058112e+18 -2.510537187391702618e-01 -3.781374240686958821e-01 1.526961204564037278e+00 -2.808696237774783722e-01 7.091584358141549416e-01 -6.078405717306938350e-01 2.207632367737487888e-01
1.403715939684058112e+18 -1.495735116706611301e-01 -2.246096287638468247e-01 1.782258452306769048e+00 -2.955472295386599724e-01 7.853105572079914776e-01 -5.153340096834226891e-01 1.742699696255856634e-01
1.403715940484058112e+18 -2.030607766308953899e-01 -6.262524190528173662e-02 1.862493877357873195e+00 -3.071162649323223581e-01 8.394140098049182042e-01 -4.224972074973844527e-01 1.501992996460391472e-01
1.403715940684058112e+18 8.941729959545741124e-02 -1.923381848386580550e-01 2.094821715884231050e+00 -2.994845987714758739e-01 8.197015960698461612e-01 -4.630784690952527982e-01 1.547791974382576596e-01
1.403715941184058112e+18 2.240487406875901755e-01 -3.051019607090799113e-01 2.161711807582698874e+00 -2.791079519936622289e-01 7.691882114737131904e-01 -5.453140104338364269e-01 1.818814902301464642e-01
1.403715941284058112e+18 4.633154874789974231e-01 -5.078892596598469922e-01 2.275587460862495526e+00 -2.438346701939949346e-01 6.945139805641599162e-01 -6.390294693965641315e-01 2.232405018249530582e-01
1.403715941484058112e+18 6.805633997972326821e-01 -6.672788863232432810e-01 2.318897598599642507e+00 -2.151562290379182840e-01 6.456786976473269934e-01 -6.849505881175216304e-01 2.600951909361171599e-01
1.403715941784058112e+18 4.297618453401300664e-01 -3.503229251903587915e-01 2.203824812510844389e+00 -2.502310837715157055e-01 7.143011816493857191e-01 -6.141483101701455949e-01 2.235622502212278040e-01
1.403715942284058112e+18 1.742854908974331707e-01 -8.639525115466684113e-02 2.047775479081089145e+00 -2.817952509759267810e-01 7.938309262474630978e-01 -5.065564167120525374e-01 1.839143652582756749e-01
1.403715942484058112e+18 -5.377989630859780767e-02 1.537300350216868061e-01 1.843769168842846806e+00 -2.945923947005108512e-01 8.357826562319673469e-01 -4.334183346919585622e-01 1.638023799561677818e-01
1.403715942684058112e+18 -2.137828020394706430e-01 3.023178055923883001e-01 1.645010115465227907e+00 -3.111384190451407794e-01 8.525474174373297576e-01 -3.942832794179323974e-01 1.445561509811005008e-01
1.403715943184058112e+18 -1.503510792117103145e-01 1.544155017605888247e-01 1.307375660604104040e+00 -3.164928918216283193e-01 7.965679291398792827e-01 -4.860990544393976043e-01 1.703510873616917998e-01
1.403715943384058112e+18 7.083544233728922279e-03 -1.428893378112316981e-02 1.282345259649095626e+00 -2.964679900672478330e-01 7.209263177109536125e-01 -5.843857148379935085e-01 2.255333935152367131e-01
1.403715944284058112e+18 -1.162660725089958991e-01 1.079726587835603269e-01 1.393001731348030736e+00 -3.419612304619339960e-01 7.949878520671550541e-01 -4.515779630049098770e-01 2.171040654961295113e-01
1.403715944484058112e+18 -2.290808232776422315e-01 2.093502110562925900e-01 1.425649404235348250e+00 -3.989993577911724598e-01 8.044016157557255520e-01 -3.844167903532489938e-01 2.143858305633012662e-01
1.403715944684058112e+18 -1.480500798764928794e-01 1.378581948089587783e-01 1.529319009342930524e+00 -4.928084833507833107e-01 7.137827750113714398e-01 -4.129186418067805620e-01 2.777627478316888610e-01
1.403715945284058112e+18 1.725460924193723544e-01 -3.680678338938925265e-02 1.700339935661850044e+00 -4.520378385766503082e-01 5.512320807191839478e-01 -5.814927357513386408e-01 3.920091630936359817e-01
1.403715945684058112e+18 8.378394053612958636e-02 3.544406925569720812e-02 1.792474180909164883e+00 -4.769421153633648935e-01 6.290664206490887977e-01 -4.983870602762424662e-01 3.583461945572570806e-01
1.403715945884058112e+18 -4.158215851798297003e-02 1.167618179173737225e-01 1.837735688033197645e+00 -5.127317894625081918e-01 6.879022115391287828e-01 -4.161356155529702949e-01 3.012105723617628517e-01
1.403715946484058112e+18 1.119501108018936542e-01 2.690538906855937107e-01 2.017945323219585418e+00 -5.630895173379393270e-01 6.272482336447926521e-01 -4.103507439884850339e-01 3.479972927505483038e-01
1.403715946684058112e+18 3.170183494369068766e-01 3.043960485886723077e-01 2.093822097760666523e+00 -5.296846018286855973e-01 5.729619135285413112e-01 -4.678260759698630311e-01 4.150754520252181723e-01
1.403715946884058112e+18 5.184466605951932872e-01 3.675289283599290080e-01 2.183323112131252408e+00 -5.024106921338331588e-01 5.374691172409644668e-01 -5.028899237777129105e-01 4.536652609630441590e-01
1.403715947184058112e+18 1.681764405511316784e-01 5.517138611356064981e-01 2.165530365597085449e+00 -5.364767109191239669e-01 6.241737783981682330e-01 -4.085693713704916519e-01 3.945515198037817806e-01
1.403715947784058112e+18 -4.027689721111893384e-02 6.000454198877502865e-01 2.071076060850571832e+00 -5.728912459861510431e-01 6.550112346889980230e-01 -3.551656251392889541e-01 3.414868685953356686e-01
1.403715947984058112e+18 -1.790541481305909510e-01 6.298870276666090895e-01 1.944227649622535470e+00 -6.035946682323952706e-01 6.677212231273572662e-01 -3.168230754935899562e-01 2.990735419616947777e-01
1.403715948384058112e+18 -2.987304646749011638e-03 6.422132763193377780e-01 1.786932438597611528e+00 -5.790175421676367895e-01 6.305798090294715275e-01 -3.762768215756790990e-01 3.542930197610569265e-01
1.403715948784058112e+18 4.965977544334285732e-01 6.380859941907091049e-01 1.588865602933872356e+00 -5.117415787984441744e-01 5.372535573556195265e-01 -4.847567982285402866e-01 4.631306707710277082e-01
1.403715949284058112e+18 4.342568762753203915e-01 6.560039173484226716e-01 1.532690971635251476e+00 -5.802671090029293266e-01 5.621741686157476492e-01 -4.093970337102912915e-01 4.238447299894032572e-01
1.403715949484058112e+18 3.617039426078257902e-01 6.668057655620871493e-01 1.499724805243356718e+00 -6.405355502545988511e-01 5.760950331643077682e-01 -3.388310061222426506e-01 3.781828538070471368e-01
1.403715949684058112e+18 5.483414951197064235e-01 7.568591760173866145e-01 1.477569866493941841e+00 -7.276114906610517963e-01 4.876397446837494321e-01 -3.036220100899487684e-01 3.749702295539057428e-01
1.403715950184058112e+18 7.745981398959944642e-01 8.626055661646558903e-01 1.502139320613564921e+00 -6.920397940136441273e-01 4.303145161471697566e-01 -3.453290979574014097e-01 4.654655248227385633e-01
1.403715950384058112e+18 9.783799996775748298e-01 9.899761254363865781e-01 1.520803172744036980e+00 -6.385159027260286502e-01 4.002075323932094419e-01 -3.718691177458540165e-01 5.420744711279283923e-01
1.403715951284058112e+18 6.138927732556300754e-01 1.144926353426608756e+00 1.653097842921101401e+00 -7.351181041872861810e-01 4.426072465334557338e-01 -2.630567089669614278e-01 4.410230901887501331e-01
1.403715951484058112e+18 4.481637004024969784e-01 1.151507088225463438e+00 1.685345586460650136e+00 -7.782509334334778428e-01 4.366366124365751444e-01 -2.137420190412960275e-01 3.974774239953545729e-01
1.403715951684058112e+18 4.128131037291771221e-01 1.275840953825508217e+00 1.754605294514094638e+00 -8.067152542433614348e-01 4.000584981672857254e-01 -1.775556294222930265e-01 3.970361382489738244e-01
1.403715951984058112e+18 5.382514358701984136e-01 1.448509544331370691e+00 1.833661377006220228e+00 -7.622350063125595820e-01 3.450023069728441749e-01 -2.031062766446097012e-01 5.086443194636806053e-01
1.403715952184058112e+18 6.908704258722124791e-01 1.616786435572719727e+00 1.898045376131423101e+00 -7.149574035055349386e-01 2.900004344992331839e-01 -2.142103285493152653e-01 5.990405614861769035e-01
1.403715952384058112e+18 8.529828541164961031e-01 1.750512465284019603e+00 1.988257339501308785e+00 -6.841798932852150017e-01 2.403403709219017470e-01 -2.103273382275569758e-01 6.556651512193287790e-01
1.403715952684058112e+18 7.653498598236126993e-01 1.457082229364211612e+00 2.098649513338099570e+00 -7.438635581417452070e-01 2.249583454395658044e-01 -1.722996659858583579e-01 6.052880097829106409e-01
1.403715953184058112e+18 6.433769865266253385e-01 1.210956430106667092e+00 2.070840220814230026e+00 -8.200737287105260842e-01 2.402569225431000211e-01 -1.363309889538537878e-01 5.011681874379076973e-01
1.403715953384058112e+18 5.655385440902036542e-01 1.007728553063295340e+00 2.020459606027432020e+00 -8.580441786549660721e-01 2.374708222416582748e-01 -1.082150320071904176e-01 4.423316661826034446e-01
1.403715954184058112e+18 8.126726244114356179e-01 1.420927639920062546e+00 1.915780861961330794e+00 -7.863352807293864100e-01 6.845307194553441887e-02 -1.622048033430082692e-01 5.921829151486154297e-01
1.403715954384058112e+18 8.212988618578773714e-01 1.665894049609727201e+00 1.907866089140414889e+00 -7.268714565941407635e-01 9.473132995419550340e-02 -1.279617112378553245e-01 6.680641145660358715e-01
1.403715955184058112e+18 3.687027556460309441e-01 1.500905028784900175e+00 1.834197254148885570e+00 -8.312965629565208792e-01 1.383384357475934134e-01 -8.001006655416170732e-02 5.323597382048935733e-01
1.403715955384058112e+18 2.328203698096640295e-01 1.369162753609481253e+00 1.832296385974142572e+00 -8.669830662131052801e-01 1.526642926432852931e-01 -6.444849235350862127e-02 4.699791149453422245e-01
1.403715955984058112e+18 1.467137392821997732e-01 1.590071713466038261e+00 1.950198457218902615e+00 -7.928571689651938703e-01 3.253108375190569973e-02 -3.493166125593659410e-02 6.075351983649384113e-01
1.403715956184058112e+18 1.349842293909737645e-01 1.764540507165179850e+00 2.035845079296147109e+00 -7.391770810011415449e-01 -6.780175125464325825e-02 3.913501817217662250e-03 6.700782416650773454e-01
1.403715956484058112e+18 9.935354892294756546e-02 1.705331878603357110e+00 2.113752223645342543e+00 -6.838392179351446831e-01 -1.278843568307851952e-01 7.348746556044610800e-02 7.145691762854931017e-01
1.403715956784058112e+18 9.488547197587049453e-02 1.369504295470326483e+00 2.173873989693503539e+00 -7.644873648646222097e-01 -1.402601979036494362e-01 9.567186648561294693e-02 6.218786375246655451e-01
1.403715957284058112e+18 9.307928962465128464e-02 8.410801060217925063e-01 2.132015057705292982e+00 -8.744719853309333990e-01 -1.354695133150417841e-01 8.183237125103814957e-02 4.585305015470552137e-01
1.403715957484058112e+18 6.018155475427700019e-02 7.011025881413794902e-01 2.055772244025273032e+00 -9.039181194208251169e-01 -1.356152641963956629e-01 7.128997943608535171e-02 3.993222662608024165e-01
1.403715957884058112e+18 -7.093646717135104751e-02 8.036775191718668054e-01 1.954297219341946557e+00 -8.699327827291750692e-01 -1.423440112779986166e-01 7.503755096001826774e-02 4.661807610061633467e-01
1.403715957984058112e+18 -2.058861317102498312e-01 1.015866059378121244e+00 1.918313484023160820e+00 -7.886270475534536972e-01 -1.565401851981463588e-01 1.034570507372797599e-01 5.855417909406612775e-01
1.403715958184058112e+18 -3.437080179573877015e-01 1.205164824632190879e+00 1.884358950434931845e+00 -7.177806817903414904e-01 -1.776790394294915365e-01 1.392484600040696796e-01 6.586584229951822911e-01
1.403715958384058112e+18 -4.777623672528430454e-01 1.292373439064580243e+00 1.819823491919673408e+00 -6.508723225985612038e-01 -2.098874378886071146e-01 1.983309831791290334e-01 7.021234251916901314e-01
1.403715958684058112e+18 -4.413481817124977891e-01 1.097443449172762264e+00 1.731899234397094922e+00 -7.039053725405992612e-01 -2.557208593193333046e-01 2.644698091719785982e-01 6.076016693969813476e-01
1.403715958984058112e+18 -3.306241925825027517e-01 8.968721981736567095e-01 1.668702493964397293e+00 -7.524544865450092379e-01 -3.015565302271108750e-01 2.807818300585980253e-01 5.138457634977802169e-01
1.403715959184058112e+18 -1.872471825512158627e-01 7.355336615603806916e-01 1.603671063560203613e+00 -7.633320369197663657e-01 -3.757564755623928887e-01 2.491144891787812343e-01 4.626804985797910996e-01
1.403715959384058112e+18 -8.107865774131894909e-02 6.304880131127752474e-01 1.546245396587226040e+00 -7.819048386741147549e-01 -4.302393093243975231e-01 2.165194304585439655e-01 3.957755629191620494e-01
1.403715959984058112e+18 -4.326328664430644233e-01 7.367423229999858769e-01 1.648202682997630397e+00 -6.314081291451965061e-01 -4.221965038199162468e-01 3.490106795374192661e-01 5.488765181536109372e-01
1.403715960184058112e+18 -5.763622762593749727e-01 7.775999416320724666e-01 1.715408656509114671e+00 -5.665178973841817900e-01 -3.943885609908665546e-01 3.869682908357047202e-01 6.113678735349549198e-01
1.403715960684058112e+18 -3.394984889602050693e-01 6.021675480059636154e-01 1.766014662708528915e+00 -6.470559514923461819e-01 -4.437188626916269696e-01 3.194437574717333694e-01 5.314017805223503199e-01
1.403715960884058112e+18 -1.340952815344413906e-01 4.643019486300790089e-01 1.783730584962917920e+00 -7.160320881422701511e-01 -4.828311578544899896e-01 2.484025447217771965e-01 4.387120895658770392e-01
1.403715961384058112e+18 -1.308441131339437291e-01 2.596235799176367376e-01 1.928312833642196855e+00 -7.465577754396739429e-01 -4.664314212125685311e-01 2.631948348368470247e-01 3.947425694695133602e-01
1.403715961784058112e+18 -5.314004050742215934e-01 3.138773118921067695e-01 2.110693130616301705e+00 -5.920185258896817349e-01 -4.703839056154121012e-01 3.904160660487778212e-01 5.251936230690509300e-01
1.403715961984058112e+18 -6.708933158199761326e-01 3.266477327752288495e-01 2.121338341941664929e+00 -4.926439890947635902e-01 -4.511525973525200017e-01 4.750574490073931067e-01 5.727858710316288127e-01
1.403715962284058112e+18 -4.885714811137777946e-01 2.640457350506593137e-01 2.081477974530072217e+00 -5.107128909054541310e-01 -4.918319413726728873e-01 5.062604940926808128e-01 4.908910231707401817e-01
1.403715962784058112e+18 1.009229511089324571e-01 2.807942673978649495e-01 1.876364371915234752e+00 -5.781581251983408665e-01 -5.898777867932435415e-01 4.638720460809550583e-01 3.203125095585760973e-01
1.403715962984058112e+18 3.811390204143346727e-01 3.777357128449425616e-01 1.700385072828039856e+00 -5.580858384367045621e-01 -6.737376843845738206e-01 3.852283464758771148e-01 2.936270604831484055e-01
1.403715963184058112e+18 4.919001624628954739e-01 4.316397928577122567e-01 1.597715612043503430e+00 -5.492744997391489914e-01 -7.077106789848199853e-01 3.524142686944981007e-01 2.706423876773088599e-01
1.403715963284058112e+18 5.731873692503619555e-01 4.792092632689259890e-01 1.487504691956484937e+00 -5.395603786241105482e-01 -7.341588513388975779e-01 3.302930283146026103e-01 2.465601230258570586e-01
1.403715963384058112e+18 6.156718984455979982e-01 5.361439189299554986e-01 1.273767683167331910e+00 -4.819544329751169198e-01 -7.408357989026871371e-01 3.875330287357888759e-01 2.621076024054181941e-01
1.403715963884058112e+18 5.096409999956590386e-01 5.647594827332282907e-01 8.893984213227379421e-01 -3.620727597653238261e-01 -7.265367876506692024e-01 5.111641563781299524e-01 2.824160371869896546e-01
1.403715964184058112e+18 4.675565341885770665e-01 4.135844286461725083e-01 1.121939167741802690e+00 -3.731678212345547196e-01 -7.133026672501612264e-01 5.398600082592882599e-01 2.459598617074395532e-01
1.403715964984058112e+18 4.386385937354226883e-01 3.985589114944820821e-01 1.257983813531196038e+00 -3.725795874356592763e-01 -7.871262168909287649e-01 4.358544755377499746e-01 2.272611842417474604e-01
1.403715965784058112e+18 3.172717501858248745e-01 3.246574893410565377e-01 1.342835711119374498e+00 -3.587534433585219951e-01 -7.612149780226730167e-01 4.750694881629144439e-01 2.572094584749395896e-01
1.403715965884058112e+18 2.023050664643968322e-01 2.286624314329550600e-01 1.417593734639492453e+00 -3.244625395703439885e-01 -6.922392582869070221e-01 5.710946771824372270e-01 2.989644450362681227e-01
1.403715966684058112e+18 3.013040932934213378e-01 6.569557368929679342e-02 1.785738700228479026e+00 -3.532898398088251124e-01 -7.084227277027040914e-01 5.283590271408324934e-01 3.068554487065658920e-01
1.403715967284058112e+18 2.773759199029159905e-01 -2.956481832584589853e-02 1.863110924915243993e+00 -3.196963847886298282e-01 -6.384340503227666774e-01 6.089986393904528450e-01 3.454227007046938303e-01
1.403715967884058112e+18 7.129446064305857700e-01 3.380981117294945548e-02 2.015141504727466781e+00 -3.615543008658709256e-01 -7.651232203863933545e-01 5.052147445822215976e-01 1.691833532226675874e-01
1.403715968784058112e+18 1.050306093675451358e+00 4.769537121513194311e-01 1.636393914239082870e+00 -2.870457495262207503e-01 -7.680233252220125539e-01 5.305292650488336870e-01 2.151362557092518779e-01
1.403715969284058112e+18 1.179443362541200413e+00 6.530166933981922384e-01 1.545651625955358544e+00 -3.147563582991657616e-01 -8.327914003114891273e-01 4.186049699822322889e-01 1.793231652175784063e-01
1.403715969484058112e+18 1.121964075356855606e+00 4.929170031635432547e-01 1.424384143993784546e+00 -2.491822704940662991e-01 -7.825955515626044079e-01 5.101015915874176354e-01 2.554383780989622488e-01
1.403715970284058112e+18 1.259042926256995987e+00 7.268035989801280294e-02 1.431668603523500449e+00 -2.573397000839499627e-01 -6.826996014921361544e-01 6.510156023564289685e-01 2.094665089499437305e-01
1.403715970684058112e+18 1.419057624666112627e+00 1.311448301303519415e-01 1.437039675448459564e+00 -3.037081126867442471e-01 -7.614138231863569750e-01 5.523043489361401104e-01 1.515594876450091777e-01
1.403715970884058112e+18 1.532396975255271743e+00 2.256322510694084293e-01 1.457659094202341965e+00 -3.435483486666908171e-01 -8.232471670912876460e-01 4.401087534237339005e-01 1.026787181667475762e-01
1.403715971484058112e+18 1.219514876427882255e+00 2.563959843382868087e-02 1.683425194775278300e+00 -1.232238913851296247e-01 -8.045139923894403244e-01 5.436069967435156469e-01 2.050964205757972170e-01
1.403715971684058112e+18 1.121861589716850238e+00 -1.592489984106770784e-01 1.775489195546117172e+00 -6.871883709884003821e-02 -7.717221263452943569e-01 6.098206237732138879e-01 1.668576877393695979e-01
1.403715971884058112e+18 1.133075523190825162e+00 -3.619700737341156049e-01 1.895801703815343409e+00 -3.661370684662133140e-02 -7.643541722021679474e-01 6.396064631524884803e-01 7.297744995306813809e-02
1.403715972184058112e+18 1.277146034033528554e+00 -1.649338843876035909e-01 2.066236684201983032e+00 -2.148511999416237092e-02 -7.816500162007204988e-01 6.224952228246894981e-01 3.257820364431027182e-02
1.403715972784058112e+18 1.392047382466203631e+00 4.584504020853810147e-01 2.035959418493290762e+00 -6.515885854184980119e-02 -8.108878005898400021e-01 5.813077064359982726e-01 1.722348530973774605e-02
1.403715973484058112e+18 1.349504432271852572e+00 8.393594552249137308e-01 2.022955648014441277e+00 -7.729979013456435288e-02 -8.476670906666011751e-01 5.247454579803686459e-01 1.128938328454225440e-02
1.403715973984058112e+18 8.581572792758043189e-01 1.069226301406130286e+00 2.017673270388588236e+00 -4.607293691730478952e-02 -8.382938458193796016e-01 5.423494574465674845e-01 3.158763290564864379e-02
1.403715974784058112e+18 3.006900960050209459e-01 9.271489211317496260e-01 1.906676780137138927e+00 -2.763423326463866278e-02 -8.233107714919366549e-01 5.657823410190645497e-01 3.586175244204550805e-02
1.403715975484058112e+18 -1.600101433017693253e-01 7.078712871535053353e-01 1.926950826461506505e+00 -1.082137245425870628e-02 -8.227072018292639344e-01 5.671344411183679712e-01 3.734010784432600927e-02
1.403715976384058112e+18 -2.348552279034812340e-01 3.290897805612300608e-01 1.990473298354799692e+00 5.278120561966313795e-02 -8.189154703161075632e-01 5.714727962306654918e-01 3.231095570768228922e-03
1.403715977284058112e+18 -7.681502174464260868e-02 1.989537770398359662e-01 1.971313045142871978e+00 -1.428560053029007126e-01 8.085016157703973638e-01 -5.679533823105458179e-01 5.784681985697637252e-02
1.403715977884058112e+18 2.146685184234055077e-01 8.631953273711934216e-02 1.950197257745089896e+00 -3.138863946368673497e-01 7.535773417308168076e-01 -5.504647074526148876e-01 1.748860404403151936e-01
1.403715978284058112e+18 5.037740459755278843e-01 1.203685693280496238e-01 1.923768824326445248e+00 -4.584912080489670916e-01 6.640646709968642813e-01 -5.313396507283079107e-01 2.578412310697118515e-01
1.403715978484058112e+18 6.640136299267491715e-01 2.143728974593801517e-01 1.911255829119510530e+00 -4.969466254410984662e-01 6.351228424789350235e-01 -4.926111610882753511e-01 3.271043723270044001e-01
1.403715978684058112e+18 8.055075942735685501e-01 3.416800867786982110e-01 1.890254038622577237e+00 -5.439312509054120559e-01 5.942763779768972521e-01 -4.525091411370724126e-01 3.823739766962745423e-01
1.403715978884058112e+18 9.252373690043731447e-01 4.741991857905512031e-01 1.875402025900984260e+00 -6.062680846745874819e-01 5.422265629762911265e-01 -4.097469738773266701e-01 4.129609924754379380e-01
1.403715979284058112e+18 1.093068148094507919e+00 7.903853060027763444e-01 1.893658006968856000e+00 -6.816861360911603551e-01 3.870103886186755382e-01 -3.422812431093832375e-01 5.180449030516767195e-01
1.403715979484058112e+18 1.099540925943251146e+00 9.565409395934278969e-01 1.905048061163676865e+00 -7.218701003192498078e-01 3.121965582349404689e-01 -3.079184514732823952e-01 5.353719216896133393e-01
1.403715979684058112e+18 1.058034818645267272e+00 1.122679287536846093e+00 1.931712424738219580e+00 -7.495912198440009000e-01 2.449777842965334129e-01 -2.594718145808073140e-01 5.574704169479196558e-01
1.403715979884058112e+18 9.612252776565872736e-01 1.284207917189450487e+00 1.956223027197268038e+00 -7.604466645536102076e-01 1.706291827566753794e-01 -2.066537892012421940e-01 5.915241024420279103e-01
1.403715980284058112e+18 5.998837668987730964e-01 1.508444397045875629e+00 1.998902058621072619e+00 -7.749410504924182375e-01 2.660297554845147266e-02 -7.672092650353100340e-02 6.267954605691681280e-01
1.403715980484058112e+18 3.654916016675081591e-01 1.560837436572707126e+00 2.017659506834533989e+00 -7.694985741387981859e-01 -4.360976702223420820e-02 4.224958072853217395e-03 6.371438474535446872e-01
1.403715980684058112e+18 1.220373872148790007e-01 1.557833285379745858e+00 2.025074320026908570e+00 -7.626734793550856706e-01 -1.186010573670753521e-01 8.092854339640186134e-02 6.306453234136889519e-01
1.403715980884058112e+18 -1.046554281407385822e-01 1.508151834041029371e+00 2.027530226252113543e+00 -7.490614776773628636e-01 -1.971092375399972896e-01 1.555616886583844616e-01 6.130704789483492068e-01
1.403715981284058112e+18 -4.330422744227337972e-01 1.293964755483206996e+00 2.035461414143321157e+00 -6.750519368859033698e-01 -3.619440947866313096e-01 3.031891590171189588e-01 5.669018333099379303e-01
1.403715981484058112e+18 -5.118549897524586889e-01 1.139800901039466519e+00 2.059197447370618050e+00 -6.163064520602619112e-01 -4.385436465678793638e-01 3.793443868774764582e-01 5.328636442359252490e-01
1.403715981684058112e+18 -5.177411873177828472e-01 9.766903570746616747e-01 2.064719696327566467e+00 -5.529962656935670795e-01 -5.184238323507774915e-01 4.310479906738643452e-01 4.895196522262680316e-01
1.403715981884058112e+18 -4.534873022068384163e-01 8.140472706252732671e-01 2.063360452171712378e+00 -5.049239680671806507e-01 -6.022804177490544975e-01 4.516704457080766288e-01 4.222604567576567214e-01
1.403715982284058112e+18 -2.070359110139023961e-01 5.078740230789462462e-01 2.072026170578250781e+00 -3.852203682333948942e-01 -6.964927820498528765e-01 5.102851143183596561e-01 3.257486370741750070e-01
1.403715982484058112e+18 -4.006899249787276851e-02 3.707338570943796707e-01 2.076550292328063652e+00 -3.170548865754953538e-01 -7.314740046869528944e-01 5.362955107101974317e-01 2.771445553459768729e-01
1.403715982684058112e+18 1.520752865987406999e-01 2.530972615836459827e-01 2.081534137648027194e+00 -2.410362062882219492e-01 -7.613207722322000714e-01 5.607625303833062569e-01 2.187181143482621049e-01
1.403715982884058112e+18 3.724730729295747667e-01 1.503817662776070208e-01 2.086581971444498862e+00 -1.625715141507534101e-01 -7.849952288730569494e-01 5.763393159018848078e-01 1.587009337685687249e-01
1.403715983284058112e+18 8.401636566998849087e-01 3.276248750642540841e-02 2.085578572144835441e+00 -9.797601906512915047e-04 -8.019266389434248632e-01 5.967739587046864136e-01 2.781273152367470108e-02
1.403715983484058112e+18 1.073051117508829533e+00 2.672943461224930317e-02 2.080592307503944749e+00 -8.204782486387993123e-02 7.835118159667072701e-01 -6.136751019432307164e-01 5.272815121568236868e-02
1.403715983684058112e+18 1.276526517097813951e+00 5.850014843855655400e-02 2.091749225309694538e+00 -1.558986800308175547e-01 7.566487003623295626e-01 -6.205067002137788501e-01 1.347211223025357452e-01
1.403715983884058112e+18 1.439589404660372995e+00 1.447741416021282035e-01 2.101470196193358397e+00 -2.246939258611895252e-01 7.343255310928639146e-01 -6.079157753146808840e-01 2.017846976106461854e-01
1.403715984284058112e+18 1.595398569343327244e+00 4.319431683376246944e-01 2.128010944819273220e+00 -3.445481613916829278e-01 6.993359678790506129e-01 -5.468567170861738935e-01 3.052269638973830745e-01
1.403715984484058112e+18 1.588837412087932499e+00 5.948286687407486895e-01 2.145408366257718580e+00 -4.104027676453103068e-01 6.722213421140893486e-01 -5.159190144422828306e-01 3.369207711796728955e-01
1.403715984684058112e+18 1.535876692467020188e+00 7.635289957618263124e-01 2.160910312435106562e+00 -4.828468501197326068e-01 6.429889983923405827e-01 -4.661450776579226241e-01 3.689618325127359544e-01
1.403715984884058112e+18 1.456993678056902386e+00 9.372542393127321070e-01 2.178785080048659673e+00 -5.333955691982462666e-01 5.980163904225672677e-01 -4.251045360250244043e-01 4.208939260628400958e-01
1.403715985284058112e+18 1.107767532006525002e+00 1.366379440718069826e+00 2.228370237059701164e+00 -5.850450900976119639e-01 5.632550807195507714e-01 -4.100153474200625703e-01 4.151546356194216747e-01
1.403715985684058112e+18 8.112693803177671859e-01 1.704931783289549196e+00 2.172974485800789779e+00 -5.416055713643922465e-01 6.439340632965692146e-01 -3.782316182311130093e-01 3.859445169499029493e-01
1.403715986684058112e+18 6.442143575265113498e-01 2.057371644702357116e+00 1.636266574673309382e+00 -4.863792122099278026e-01 6.481428844157763880e-01 -4.467652705982885775e-01 3.791396263891252949e-01
1.403715987684058112e+18 6.037338530528655323e-01 2.036767846703336993e+00 1.403657926740675688e+00 -5.028167123000756300e-01 6.396878057672731321e-01 -4.439733254483124170e-01 3.753166013844330129e-01
1.403715988884058112e+18 5.656147419414508937e-01 1.919759776298394449e+00 1.367781168517830714e+00 -5.096295453130436082e-01 6.533633369610660768e-01 -4.347305499078976121e-01 3.527086977037817705e-01
1.403715989784058112e+18 5.719714973222727039e-01 1.825167586149843091e+00 1.255867881004775644e+00 -5.214569456982276474e-01 6.363911600055144335e-01 -4.491777008472948030e-01 3.483221760259450073e-01
1.403715990784058112e+18 5.733241749267026233e-01 1.841685794016478805e+00 1.194545530987397353e+00 -5.260727415788928329e-01 6.400166477909369211e-01 -4.429652355335174652e-01 3.426484513708688007e-01
1.403715990884058112e+18 5.872531410007142405e-01 1.872692416209869037e+00 1.140052237144182801e+00 -5.300246868758047292e-01 6.414574230820538903e-01 -4.396484473926023928e-01 3.381056763504723395e-01
1.403715991184058112e+18 6.109734630738119510e-01 1.908127393378458381e+00 1.120420626136096720e+00 -5.237177445423850664e-01 6.357460516028595743e-01 -4.473411009725392073e-01 3.484718371740935794e-01
