1.403638518077829361e+09 -0.000000000000000000e+00 -0.000000000000000000e+00 -0.000000000000000000e+00 -0.000000000000000000e+00 -0.000000000000000000e+00 -0.000000000000000000e+00 1.000000000000000000e+00
1.403638522177829504e+09 -6.525979842990636826e-03 -2.171598747372627258e-02 -7.031776476651430130e-03 -4.805924370884895325e-03 -7.144180126488208771e-03 -1.301682787016034126e-03 9.999621510505676270e-01
1.403638522277829409e+09 -9.160112589597702026e-03 -6.189988553524017334e-02 -2.075252868235111237e-02 3.774547018110752106e-03 -1.255574636161327362e-02 7.925966638140380383e-04 9.999138116836547852e-01
1.403638522377829552e+09 -9.389721788465976715e-03 -1.239819750189781189e-01 -4.105021432042121887e-02 1.226158719509840012e-02 -1.893417350947856903e-02 2.805309835821390152e-03 9.997416138648986816e-01
1.403638522477829456e+09 -9.033977985382080078e-03 -1.985783725976943970e-01 -6.709154695272445679e-02 1.039472687989473343e-02 -2.795338444411754608e-02 7.120179012417793274e-03 9.995298385620117188e-01
1.403638522577829361e+09 -8.510905317962169647e-03 -2.779396176338195801e-01 -9.421421587467193604e-02 4.029702395200729370e-03 -3.619286417961120605e-02 1.478778105229139328e-02 9.992272853851318359e-01
1.403638522677829504e+09 -7.888436317443847656e-03 -3.586722612380981445e-01 -1.164873465895652771e-01 8.199640549719333649e-03 -4.200100898742675781e-02 1.426741201430559158e-02 9.989820718765258789e-01
1.403638522777829409e+09 -1.041278056800365448e-02 -4.430311620235443115e-01 -1.383346021175384521e-01 1.842428557574748993e-02 -4.888009652495384216e-02 9.973507374525070190e-03 9.985849261283874512e-01
1.403638522877829552e+09 -1.187882386147975922e-02 -5.321276187896728516e-01 -1.636567264795303345e-01 2.743707783520221710e-02 -5.873426422476768494e-02 1.842291094362735748e-02 9.977265000343322754e-01
1.403638523077829361e+09 3.418311476707458496e-03 -6.766306161880493164e-01 -2.131124436855316162e-01 3.974455595016479492e-02 -6.302686035633087158e-02 2.879435941576957703e-02 9.968043565750122070e-01
1.403638523577829361e+09 5.647627264261245728e-02 -4.747502505779266357e-01 -1.433440446853637695e-01 2.706964686512947083e-02 -4.567008838057518005e-02 9.307377971708774567e-03 9.985464215278625488e-01
1.403638523677829504e+09 6.791512668132781982e-02 -3.861362636089324951e-01 -1.180087924003601074e-01 1.081067696213722229e-02 -4.206836596131324768e-02 2.917257836088538170e-03 9.990519881248474121e-01
1.403638523877829552e+09 8.607595413923263550e-02 -2.241326719522476196e-01 -7.753203064203262329e-02 1.869217958301305771e-03 -3.980044648051261902e-02 -5.813617259263992310e-03 9.991890192031860352e-01
1.403638524077829361e+09 9.536176174879074097e-02 -1.332505196332931519e-01 -6.615011394023895264e-02 -3.654101397842168808e-03 -3.432357683777809143e-02 -2.683920226991176605e-02 9.990437030792236328e-01
1.403638524277829409e+09 9.884189069271087646e-02 -3.201926350593566895e-01 -1.398489326238632202e-01 -9.767338633537292480e-03 -4.952168092131614685e-02 -2.150632813572883606e-02 9.984937310218811035e-01
1.403638524477829456e+09 1.021249964833259583e-01 -5.327649712562561035e-01 -2.011620402336120605e-01 1.722117885947227478e-02 -5.514810979366302490e-02 -1.300493441522121429e-02 9.982450008392333984e-01
1.403638524677829504e+09 6.986971944570541382e-02 -2.391531765460968018e-01 -5.218335986137390137e-02 -1.386017259210348129e-02 -5.094842240214347839e-02 -1.471096184104681015e-02 9.984967708587646484e-01
1.403638525977829456e+09 1.737510263919830322e-01 -1.860873848199844360e-01 -4.758917540311813354e-02 -1.088952925056219101e-02 -2.342820726335048676e-02 -1.290671434253454208e-02 9.995828866958618164e-01
1.403638526277829409e+09 3.138096630573272705e-01 -2.249553799629211426e-01 -8.282811939716339111e-02 -1.659167814068496227e-03 -8.719051256775856018e-03 -1.317769056186079979e-03 9.999597668647766113e-01
1.403638526477829456e+09 4.901611506938934326e-01 -2.486204057931900024e-01 -1.245299726724624634e-01 1.641897857189178467e-02 5.952208302915096283e-03 1.573101989924907684e-02 9.997237324714660645e-01
1.403638526677829504e+09 7.119015455245971680e-01 -2.466968446969985962e-01 -1.655017286539077759e-01 3.006442822515964508e-02 2.441515028476715088e-02 1.970147341489791870e-02 9.990555047988891602e-01
1.403638526877829552e+09 9.363440275192260742e-01 -2.299241572618484497e-01 -2.081617414951324463e-01 2.519992925226688385e-02 3.985056281089782715e-02 2.054742723703384399e-02 9.986765384674072266e-01
1.403638527077829361e+09 1.193077802658081055e+00 -2.315958738327026367e-01 -2.430483996868133545e-01 1.395777706056833267e-02 8.649942278861999512e-02 4.001362621784210205e-02 9.953501820564270020e-01
1.403638527377829552e+09 7.586516737937927246e-01 -3.227997720241546631e-01 -8.672158420085906982e-02 2.470549382269382477e-02 7.405776530504226685e-02 3.384219855070114136e-02 9.963732957839965820e-01
1.403638528277829409e+09 4.491022229194641113e-01 -3.662426471710205078e-01 9.589868783950805664e-02 2.742485515773296356e-02 3.655098378658294678e-02 2.383042126893997192e-02 9.986711144447326660e-01
1.403638528777829409e+09 2.181069701910018921e-01 -3.444029986858367920e-01 4.573177918791770935e-02 -9.005735628306865692e-03 6.871784478425979614e-02 1.952640898525714874e-02 9.974043965339660645e-01
1.403638529577829361e+09 1.722556799650192261e-01 -2.347647100687026978e-01 8.219606243073940277e-03 -3.499601781368255615e-02 6.485772877931594849e-02 1.525775063782930374e-02 9.971639513969421387e-01
1.403638529877829552e+09 1.295329630374908447e-01 -1.134047508239746094e-01 7.705072313547134399e-02 -1.713761501014232635e-02 6.854150444269180298e-02 1.947994902729988098e-02 9.973109364509582520e-01
1.403638530377829552e+09 1.619007140398025513e-01 -8.697911351919174194e-02 1.930283457040786743e-01 -2.216924726963043213e-02 8.523662388324737549e-02 3.339974209666252136e-02 9.955540299415588379e-01
1.403638538977829456e+09 1.642945259809494019e-01 -9.888556599617004395e-02 2.434253245592117310e-01 2.244626171886920929e-02 8.528913557529449463e-02 2.967527136206626892e-02 9.956612586975097656e-01
1.403638539277829409e+09 1.671491712331771851e-01 -1.742917746305465698e-01 2.485594451427459717e-01 2.738190069794654846e-02 8.417504280805587769e-02 2.879181504249572754e-02 9.956585168838500977e-01
1.403638539477829456e+09 1.721818894147872925e-01 -2.910715043544769287e-01 2.375637590885162354e-01 2.244904637336730957e-02 8.227221667766571045e-02 2.711642161011695862e-02 9.959880113601684570e-01
1.403638539777829409e+09 1.818662583827972412e-01 -4.580212533473968506e-01 2.994679808616638184e-01 -3.964173607528209686e-03 7.667712867259979248e-02 2.706255018711090088e-02 9.966807961463928223e-01
1.403638540377829552e+09 1.915721297264099121e-01 -6.937814950942993164e-01 6.115981936454772949e-01 1.303642243146896362e-02 4.096952825784683228e-02 5.190377589315176010e-03 9.990618824958801270e-01
1.403638540877829552e+09 9.073407202959060669e-02 -8.982858657836914062e-01 9.628357291221618652e-01 1.882078126072883606e-02 -6.670038402080535889e-02 -5.557661876082420349e-02 9.960463047027587891e-01
1.403638541677829504e+09 -5.669649839401245117e-01 -1.478569746017456055e+00 1.567650914192199707e+00 2.007817476987838745e-02 -1.516987085342407227e-01 -7.327841222286224365e-02 9.855022430419921875e-01
1.403638542177829504e+09 -1.088812112808227539e+00 -1.705903053283691406e+00 1.888438940048217773e+00 5.252186208963394165e-02 -2.476959079504013062e-01 -1.330944150686264038e-01 9.582140445709228516e-01
1.403638542877829552e+09 -2.296355962753295898e+00 -2.124951362609863281e+00 2.078781604766845703e+00 2.178339287638664246e-02 -2.705502808094024658e-01 -1.164631098508834839e-01 9.553870558738708496e-01
1.403638543677829504e+09 -2.900223255157470703e+00 -2.201013326644897461e+00 2.151487827301025391e+00 2.673105336725711823e-02 -3.402158915996551514e-01 -1.571910381317138672e-01 9.267306327819824219e-01
1.403638543977829456e+09 -3.561716318130493164e+00 -2.394284248352050781e+00 2.166593074798583984e+00 2.085492573678493500e-02 -4.011181592941284180e-01 -1.637566983699798584e-01 9.010288715362548828e-01
1.403638544677829504e+09 -5.225864410400390625e+00 -2.676981210708618164e+00 2.425155878067016602e+00 2.612166851758956909e-02 -4.123134911060333252e-01 -1.668684929609298706e-01 8.952486515045166016e-01
1.403638545677829504e+09 -6.165448665618896484e+00 -2.692576408386230469e+00 2.629566907882690430e+00 2.405124157667160034e-02 -4.734800457954406738e-01 -1.908151507377624512e-01 8.595508933067321777e-01
1.403638545977829456e+09 -7.114644527435302734e+00 -2.855131864547729492e+00 2.746764659881591797e+00 2.073323912918567657e-02 -5.421869158744812012e-01 -2.224291712045669556e-01 8.100177645683288574e-01
1.403638546777829409e+09 -8.513371467590332031e+00 -2.997844934463500977e+00 2.843099117279052734e+00 3.271724283695220947e-02 -5.594540238380432129e-01 -2.493951320648193359e-01 7.897739410400390625e-01
1.403638547777829409e+09 -1.031926345825195312e+01 -2.755972385406494141e+00 2.782129287719726562e+00 2.179776504635810852e-02 -5.696436762809753418e-01 -2.416457235813140869e-01 7.852632403373718262e-01
1.403638548377829552e+09 -1.188354873657226562e+01 -2.814263820648193359e+00 2.465457916259765625e+00 1.884979754686355591e-02 -6.302192807197570801e-01 -2.628325521945953369e-01 7.303338050842285156e-01
1.403638549277829409e+09 -1.385891151428222656e+01 -3.151335239410400391e+00 1.962148666381835938e+00 1.676391996443271637e-02 -6.343017816543579102e-01 -2.500420212745666504e-01 7.313407063484191895e-01
1.403638550177829504e+09 -1.614197921752929688e+01 -3.807616710662841797e+00 1.438884735107421875e+00 1.048943493515253067e-02 -6.366937756538391113e-01 -2.450119405984878540e-01 7.310815453529357910e-01
1.403638550877829552e+09 -1.738368415832519531e+01 -4.128095626831054688e+00 1.324135780334472656e+00 3.442372381687164307e-02 -6.455559730529785156e-01 -2.181362211704254150e-01 7.310876250267028809e-01
1.403638551477829456e+09 -1.853530311584472656e+01 -4.576853752136230469e+00 1.429904937744140625e+00 7.595200557261705399e-03 -6.002828478813171387e-01 -1.862972676753997803e-01 7.777507305145263672e-01
1.403638551777829409e+09 -1.910157012939453125e+01 -4.876153945922851562e+00 1.764660835266113281e+00 2.593735046684741974e-02 -5.389456748962402344e-01 -1.701844781637191772e-01 8.245616555213928223e-01
1.403638552377829552e+09 -1.972790145874023438e+01 -5.847063064575195312e+00 3.032507896423339844e+00 3.812281787395477295e-02 -5.349379181861877441e-01 -1.759123355150222778e-01 8.254956603050231934e-01
1.403638553377829552e+09 -1.949273681640625000e+01 -6.322575569152832031e+00 3.946022987365722656e+00 7.332805544137954712e-02 -5.412830710411071777e-01 -1.773961633443832397e-01 8.186368942260742188e-01
1.403638554077829361e+09 -1.855599403381347656e+01 -6.950707912445068359e+00 4.630399703979492188e+00 3.835731372237205505e-02 -5.303735136985778809e-01 -2.068639248609542847e-01 8.212429285049438477e-01
1.403638554977829456e+09 -1.736873435974121094e+01 -7.424048423767089844e+00 5.311890602111816406e+00 2.735500782728195190e-02 -5.212628245353698730e-01 -1.864600032567977905e-01 8.323277831077575684e-01
1.403638555377829552e+09 -1.677964591979980469e+01 -7.573605060577392578e+00 5.731940269470214844e+00 3.189088031649589539e-02 -4.918576180934906006e-01 -1.827501654624938965e-01 8.506829142570495605e-01
1.403638555977829456e+09 -1.564422702789306641e+01 -8.100386619567871094e+00 6.501387596130371094e+00 1.232780795544385910e-02 -4.872152805328369141e-01 -1.913371682167053223e-01 8.519738316535949707e-01
1.403638556877829552e+09 -1.472749137878417969e+01 -8.874486923217773438e+00 7.678956031799316406e+00 1.699185743927955627e-02 -4.934130907058715820e-01 -1.713984459638595581e-01 8.525710701942443848e-01
1.403638557577829361e+09 -1.416156387329101562e+01 -9.463143348693847656e+00 8.689048767089843750e+00 3.175690397620201111e-02 -4.851626753807067871e-01 -1.916992366313934326e-01 8.525609374046325684e-01
1.403638558177829504e+09 -1.375359344482421875e+01 -9.978171348571777344e+00 9.669388771057128906e+00 -2.750608138740062714e-03 -4.735094606876373291e-01 -2.130860388278961182e-01 8.546201586723327637e-01
1.403638558777829409e+09 -1.377631187438964844e+01 -1.073656558990478516e+01 1.068323326110839844e+01 1.453556120395660400e-02 -4.808550775051116943e-01 -1.862799525260925293e-01 8.566603660583496094e-01
1.403638559377829552e+09 -1.397248363494873047e+01 -1.119379425048828125e+01 1.189538002014160156e+01 3.625002875924110413e-02 -4.787149727344512939e-01 -1.989801377058029175e-01 8.543563485145568848e-01
1.403638559977829456e+09 -1.421221923828125000e+01 -1.147895526885986328e+01 1.283592224121093750e+01 3.439599648118019104e-02 -4.451000988483428955e-01 -1.757968664169311523e-01 8.773815035820007324e-01
1.403638560277829409e+09 -1.435351085662841797e+01 -1.156382465362548828e+01 1.341213798522949219e+01 4.763996973633766174e-02 -3.740850687026977539e-01 -1.368386149406433105e-01 9.160054326057434082e-01
1.403638560577829361e+09 -1.445560169219970703e+01 -1.159441947937011719e+01 1.396787643432617188e+01 4.637840017676353455e-02 -3.046873509883880615e-01 -8.539857715368270874e-02 9.474818110466003418e-01
1.403638560877829552e+09 -1.441205978393554688e+01 -1.174955558776855469e+01 1.458376502990722656e+01 6.144320219755172729e-02 -2.191825807094573975e-01 -4.331107065081596375e-02 9.727835655212402344e-01
1.403638561377829552e+09 -1.379281425476074219e+01 -1.195500946044921875e+01 1.541515350341796875e+01 4.625887423753738403e-02 -1.706311404705047607e-01 -6.446015089750289917e-02 9.821354746818542480e-01
1.403638562177829504e+09 -1.325295543670654297e+01 -1.200691890716552734e+01 1.582781696319580078e+01 4.998259246349334717e-02 -9.070453792810440063e-02 -2.709428407251834869e-02 9.942536950111389160e-01
1.403638562777829409e+09 -1.283363342285156250e+01 -1.211073684692382812e+01 1.593644618988037109e+01 4.915367439389228821e-02 4.574188787955790758e-04 2.895107865333557129e-02 9.983715415000915527e-01
1.403638563077829361e+09 -1.217650508880615234e+01 -1.200119972229003906e+01 1.602076911926269531e+01 7.397291809320449829e-02 7.403605431318283081e-02 6.739292293787002563e-02 9.922221899032592773e-01
1.403638563877829552e+09 -1.028533649444580078e+01 -1.157822322845458984e+01 1.521724605560302734e+01 7.295444607734680176e-02 5.374172702431678772e-02 5.237955600023269653e-02 9.945079088211059570e-01
1.403638564777829409e+09 -9.068070411682128906e+00 -1.124037837982177734e+01 1.438752460479736328e+01 6.688452512025833130e-02 4.627326503396034241e-02 6.924582272768020630e-02 9.942787885665893555e-01
1.403638565277829409e+09 -8.235843658447265625e+00 -1.073586463928222656e+01 1.391701698303222656e+01 6.314653903245925903e-02 4.646268859505653381e-02 6.945376843214035034e-02 9.944998621940612793e-01
1.403638565477829456e+09 -7.020284175872802734e+00 -9.983311653137207031e+00 1.320801067352294922e+01 6.664024293422698975e-02 6.178322061896324158e-02 4.696236923336982727e-02 9.947544932365417480e-01
1.403638565877829552e+09 -5.820346832275390625e+00 -9.319828987121582031e+00 1.234060668945312500e+01 5.324392393231391907e-02 7.591666281223297119e-02 3.036395832896232605e-02 9.952285289764404297e-01
1.403638566277829409e+09 -4.726912498474121094e+00 -8.518778800964355469e+00 1.149717903137207031e+01 5.130000039935112000e-02 7.314093410968780518e-02 3.337561711668968201e-02 9.954419732093811035e-01
1.403638566677829504e+09 -3.975292205810546875e+00 -7.801212787628173828e+00 1.090133953094482422e+01 8.946950547397136688e-03 6.799749284982681274e-02 3.085678443312644958e-02 9.971681237220764160e-01
1.403638566977829456e+09 -3.019574165344238281e+00 -6.838189601898193359e+00 1.029013156890869141e+01 2.425581403076648712e-02 6.484040617942810059e-02 2.382553368806838989e-02 9.973163008689880371e-01
1.403638567477829456e+09 -1.950807213783264160e+00 -5.700012207031250000e+00 9.680777549743652344e+00 2.733529359102249146e-02 7.649589329957962036e-02 1.668975688517093658e-02 9.965554475784301758e-01
1.403638567877829552e+09 -1.076917409896850586e+00 -4.923890113830566406e+00 9.038629531860351562e+00 1.436818018555641174e-02 8.262204378843307495e-02 1.422389876097440720e-02 9.963758587837219238e-01
1.403638568577829361e+09 -5.412074550986289978e-02 -4.070778846740722656e+00 8.236407279968261719e+00 5.491463001817464828e-03 8.738476783037185669e-02 9.840896353125572205e-03 9.961109161376953125e-01
1.403638570577829361e+09 2.228796929121017456e-01 -3.584259510040283203e+00 8.140818595886230469e+00 4.127696901559829712e-02 1.359681040048599243e-01 1.140130236744880676e-01 9.832649230957031250e-01
1.403638570877829552e+09 4.880667328834533691e-01 -3.274186134338378906e+00 8.142855644226074219e+00 4.892668500542640686e-02 2.335475087165832520e-01 1.406337320804595947e-01 9.608766436576843262e-01
1.403638571277829409e+09 1.062202930450439453e+00 -2.952437400817871094e+00 7.775673866271972656e+00 3.692700713872909546e-02 2.929163873195648193e-01 1.368633061647415161e-01 9.455711841583251953e-01
1.403638571877829552e+09 1.631500601768493652e+00 -2.651969432830810547e+00 7.362966537475585938e+00 2.749028429388999939e-02 3.578717112541198730e-01 1.769193261861801147e-01 9.164451360702514648e-01
1.403638572177829504e+09 2.137664318084716797e+00 -2.480877399444580078e+00 6.964588165283203125e+00 1.489437464624643326e-02 4.202931821346282959e-01 1.937137395143508911e-01 8.863446712493896484e-01
1.403638572477829456e+09 2.696524381637573242e+00 -2.278286933898925781e+00 6.552281856536865234e+00 2.737050643190741539e-03 4.601877331733703613e-01 1.988437175750732422e-01 8.652635216712951660e-01
1.403638572877829552e+09 3.735846042633056641e+00 -2.096058130264282227e+00 5.910427570343017578e+00 -1.584606058895587921e-02 4.655174911022186279e-01 1.899986714124679565e-01 8.642585873603820801e-01
1.403638573477829456e+09 4.920036792755126953e+00 -2.031483173370361328e+00 5.472482681274414062e+00 -2.170294150710105896e-02 4.690099954605102539e-01 1.856575757265090942e-01 8.631859421730041504e-01
1.403638573877829552e+09 5.951426029205322266e+00 -2.140485763549804688e+00 5.264868259429931641e+00 1.781302317976951599e-02 5.252881646156311035e-01 1.988035589456558228e-01 8.271833658218383789e-01
1.403638574177829504e+09 6.696231842041015625e+00 -2.136562824249267578e+00 5.137959957122802734e+00 4.284922406077384949e-02 5.835424065589904785e-01 2.369823455810546875e-01 7.755525112152099609e-01
1.403638574477829456e+09 7.384610176086425781e+00 -2.061140298843383789e+00 4.938984394073486328e+00 3.275068104267120361e-02 6.328014135360717773e-01 2.493979036808013916e-01 7.323185205459594727e-01
1.403638574877829552e+09 8.400406837463378906e+00 -2.001385688781738281e+00 4.520044803619384766e+00 1.526233088225126266e-02 6.399225592613220215e-01 2.667428851127624512e-01 7.204959988594055176e-01
1.403638575477829456e+09 9.435970306396484375e+00 -1.758649349212646484e+00 4.086167335510253906e+00 -5.012309644371271133e-03 6.304813623428344727e-01 2.635598182678222656e-01 7.300714850425720215e-01
1.403638575877829552e+09 1.039248466491699219e+01 -1.717158555984497070e+00 3.672346115112304688e+00 -1.911001279950141907e-02 6.275581717491149902e-01 2.569691538810729980e-01 7.346920371055603027e-01
1.403638576277829409e+09 1.148317718505859375e+01 -1.787435531616210938e+00 3.307179450988769531e+00 -2.589159458875656128e-02 6.337729096412658691e-01 2.421966493129730225e-01 7.341678142547607422e-01
1.403638576677829504e+09 1.265159034729003906e+01 -1.803709983825683594e+00 3.148825645446777344e+00 -2.350847050547599792e-02 6.405922174453735352e-01 2.246260046958923340e-01 7.339156270027160645e-01
1.403638577077829361e+09 1.409126853942871094e+01 -1.896441936492919922e+00 3.198824882507324219e+00 -9.092022664844989777e-03 6.406349539756774902e-01 2.271464318037033081e-01 7.334226369857788086e-01
1.403638577677829504e+09 1.571861553192138672e+01 -2.154810905456542969e+00 3.485811233520507812e+00 -9.474592283368110657e-03 6.373879313468933105e-01 2.304591238498687744e-01 7.352111935615539551e-01
1.403638578177829504e+09 1.675478935241699219e+01 -2.389144897460937500e+00 3.787857055664062500e+00 1.241680700331926346e-02 6.299371719360351562e-01 2.470516413450241089e-01 7.362000942230224609e-01
1.403638578677829504e+09 1.821258163452148438e+01 -2.588958263397216797e+00 4.241670608520507812e+00 1.329736405750736594e-04 6.372563242912292480e-01 2.310933917760848999e-01 7.351871728897094727e-01
1.403638579277829409e+09 1.953273391723632812e+01 -2.930514812469482422e+00 4.705478668212890625e+00 2.394000627100467682e-02 6.286887526512145996e-01 2.417005151510238647e-01 7.387544512748718262e-01
1.403638579777829409e+09 2.026017570495605469e+01 -3.053831100463867188e+00 5.045468330383300781e+00 1.963371224701404572e-02 5.656697154045104980e-01 1.940440833568572998e-01 8.012360930442810059e-01
1.403638580077829361e+09 2.066702842712402344e+01 -3.083384037017822266e+00 5.320910453796386719e+00 4.086715728044509888e-02 4.597122967243194580e-01 1.405544430017471313e-01 8.759218454360961914e-01
1.403638580377829552e+09 2.103161048889160156e+01 -3.009663343429565430e+00 5.649755477905273438e+00 3.099006786942481995e-02 3.484309911727905273e-01 1.332727968692779541e-01 9.272938370704650879e-01
1.403638580877829552e+09 2.206368827819824219e+01 -3.435111999511718750e+00 6.204490661621093750e+00 4.380204156041145325e-02 3.381905853748321533e-01 1.047578305006027222e-01 9.342025518417358398e-01
1.403638583577829361e+09 2.181307411193847656e+01 -4.849231243133544922e+00 6.475890159606933594e+00 1.872891746461391449e-02 3.404727876186370850e-01 1.071783006191253662e-01 9.339380860328674316e-01
1.403638584277829409e+09 2.028983688354492188e+01 -5.144316196441650391e+00 6.742801666259765625e+00 2.491792105138301849e-02 3.364483714103698730e-01 1.137307211756706238e-01 9.344768524169921875e-01
1.403638585877829552e+09 1.842061614990234375e+01 -5.573923110961914062e+00 6.934321880340576172e+00 2.665418758988380432e-02 3.399190306663513184e-01 1.111775115132331848e-01 9.334796071052551270e-01
1.403638587377829552e+09 1.686067962646484375e+01 -5.532651901245117188e+00 7.215488433837890625e+00 2.114243432879447937e-02 3.377536535263061523e-01 1.190105527639389038e-01 9.334409236907958984e-01
1.403638588477829456e+09 1.505542087554931641e+01 -5.472951889038085938e+00 7.503995895385742188e+00 2.503832802176475525e-02 3.383627533912658691e-01 1.178172528743743896e-01 9.332753419876098633e-01
1.403638589577829361e+09 1.296376991271972656e+01 -5.413352012634277344e+00 7.617428779602050781e+00 2.145480923354625702e-02 3.409682810306549072e-01 1.199340894818305969e-01 9.321460127830505371e-01
1.403638590677829504e+09 1.119579887390136719e+01 -5.365507602691650391e+00 7.607641696929931641e+00 -8.114785887300968170e-03 3.373298645019531250e-01 1.340000182390213013e-01 9.317653775215148926e-01
1.403638591577829361e+09 1.039510440826416016e+01 -5.596700191497802734e+00 8.153785705566406250e+00 2.112803794443607330e-02 3.140266835689544678e-01 1.357713937759399414e-01 9.394184350967407227e-01
1.403638592577829361e+09 1.059133243560791016e+01 -6.550564289093017578e+00 8.579220771789550781e+00 5.495725665241479874e-03 2.597211003303527832e-01 9.322799742221832275e-02 9.611573219299316406e-01
1.403638593677829504e+09 1.082820510864257812e+01 -7.404416561126708984e+00 9.108237266540527344e+00 3.377110511064529419e-02 2.447378784418106079e-01 7.220937311649322510e-02 9.663068056106567383e-01
1.403638596377829552e+09 9.193474769592285156e+00 -8.148642539978027344e+00 9.275547981262207031e+00 7.409929297864437103e-03 2.688094973564147949e-01 -7.019302342087030411e-03 9.631392955780029297e-01
1.403638597177829504e+09 7.716583728790283203e+00 -8.548717498779296875e+00 9.584918975830078125e+00 2.108514681458473206e-02 2.713856697082519531e-01 -2.648615278303623199e-03 9.622361063957214355e-01
1.403638597577829361e+09 6.101649284362792969e+00 -8.738005638122558594e+00 9.973635673522949219e+00 3.905490040779113770e-02 2.623341381549835205e-01 2.169491536915302277e-02 9.639423489570617676e-01
1.403638597977829456e+09 4.216423511505126953e+00 -8.852190017700195312e+00 1.035006332397460938e+01 3.752261772751808167e-02 2.347588092088699341e-01 2.350687235593795776e-02 9.710447192192077637e-01
1.403638598277829409e+09 2.691052198410034180e+00 -8.967359542846679688e+00 1.057651710510253906e+01 3.158568218350410461e-02 2.155963033437728882e-01 5.491613969206809998e-02 9.744254350662231445e-01
1.403638598677829504e+09 1.696530103683471680e+00 -8.986626625061035156e+00 1.072476768493652344e+01 2.716954424977302551e-02 2.009075433015823364e-01 5.158577114343643188e-02 9.778736829757690430e-01
1.403638598777829409e+09 7.109522223472595215e-01 -8.997660636901855469e+00 1.086062717437744141e+01 2.832129970192909241e-02 1.714566648006439209e-01 4.050117731094360352e-02 9.839513301849365234e-01
1.403638598977829456e+09 -2.504005134105682373e-01 -9.021195411682128906e+00 1.096677112579345703e+01 2.878083474934101105e-02 1.339611709117889404e-01 2.534900046885013580e-02 9.902441501617431641e-01
1.403638599177829504e+09 -1.201730728149414062e+00 -9.079988479614257812e+00 1.104581356048583984e+01 2.803148888051509857e-02 9.367296099662780762e-02 7.970849983394145966e-03 9.951764345169067383e-01
1.403638599377829552e+09 -2.139469385147094727e+00 -9.159994125366210938e+00 1.109132671356201172e+01 2.130645513534545898e-02 5.783837288618087769e-02 -5.181085783988237381e-03 9.980852007865905762e-01
1.403638599577829361e+09 -3.518377065658569336e+00 -9.251529693603515625e+00 1.118300533294677734e+01 1.518325600773096085e-02 3.956795111298561096e-02 -1.116530131548643112e-02 9.990391731262207031e-01
1.403638599977829456e+09 -4.422618865966796875e+00 -9.286472320556640625e+00 1.127463340759277344e+01 1.271491497755050659e-02 3.826175257563591003e-02 -1.286813989281654358e-03 9.991860389709472656e-01
1.403638600077829361e+09 -5.297253131866455078e+00 -9.305467605590820312e+00 1.137883472442626953e+01 7.460146676748991013e-03 3.254732489585876465e-02 2.527460455894470215e-02 9.991227984428405762e-01
1.403638600377829552e+09 -6.123447418212890625e+00 -9.301382064819335938e+00 1.150781822204589844e+01 2.189817168982699513e-04 2.770228497684001923e-02 5.109903961420059204e-02 9.983093142509460449e-01
1.403638600577829361e+09 -6.864717483520507812e+00 -9.326873779296875000e+00 1.164857292175292969e+01 -3.440846456214785576e-03 2.737531438469886780e-02 5.938542634248733521e-02 9.978538155555725098e-01
1.403638600777829409e+09 -7.500168800354003906e+00 -9.418611526489257812e+00 1.179381084442138672e+01 -1.342508103698492050e-02 2.617909759283065796e-02 6.304844468832015991e-02 9.975767731666564941e-01
1.403638600977829456e+09 -8.517073631286621094e+00 -9.659864425659179688e+00 1.220876312255859375e+01 -2.150148339569568634e-02 4.147104173898696899e-02 7.316987961530685425e-03 9.988815188407897949e-01
1.403638601377829552e+09 -9.231490135192871094e+00 -9.847332954406738281e+00 1.263967895507812500e+01 7.632081862539052963e-03 2.719837799668312073e-02 -2.961026271805167198e-03 9.995965361595153809e-01
1.403638601577829361e+09 -9.707648277282714844e+00 -1.001543903350830078e+01 1.292122268676757812e+01 1.984249055385589600e-02 -1.039487589150667191e-02 -1.929639279842376709e-02 9.995629191398620605e-01
1.403638601777829409e+09 -1.018672370910644531e+01 -1.022061634063720703e+01 1.317057704925537109e+01 2.753325924277305603e-02 -6.336621195077896118e-02 -4.967958480119705200e-02 9.963727593421936035e-01
1.403638601977829456e+09 -1.119585514068603516e+01 -1.061182308197021484e+01 1.364249992370605469e+01 3.816707804799079895e-02 -1.380503177642822266e-01 -8.830756694078445435e-02 9.857419729232788086e-01
1.403638602377829552e+09 -1.199184989929199219e+01 -1.086042308807373047e+01 1.388293552398681641e+01 1.066735237836837769e-01 -2.270747870206832886e-01 -5.762813240289688110e-02 9.663006067276000977e-01
1.403638602677829504e+09 -1.259777450561523438e+01 -1.108987903594970703e+01 1.386436843872070312e+01 1.081342846155166626e-01 -2.924731075763702393e-01 -7.760766148567199707e-02 9.469653964042663574e-01
1.403638602977829456e+09 -1.304780864715576172e+01 -1.127435779571533203e+01 1.353975486755371094e+01 7.519605010747909546e-02 -3.690493404865264893e-01 -1.003712341189384460e-01 9.209092259407043457e-01
1.403638603377829552e+09 -1.322587299346923828e+01 -1.074508094787597656e+01 1.240351295471191406e+01 6.977587938308715820e-02 -3.772174715995788574e-01 -1.443574577569961548e-01 9.121399521827697754e-01
1.403638604577829361e+09 -1.309039688110351562e+01 -1.038667392730712891e+01 1.144287586212158203e+01 3.412689268589019775e-02 -3.792309165000915527e-01 -1.401453465223312378e-01 9.139904975891113281e-01
1.403638605077829361e+09 -1.293181419372558594e+01 -1.003493213653564453e+01 1.017746067047119141e+01 4.157964512705802917e-02 -3.667201697826385498e-01 -1.765753328800201416e-01 9.124739170074462891e-01
1.403638606077829361e+09 -1.326019382476806641e+01 -9.508361816406250000e+00 8.524877548217773438e+00 3.941830247640609741e-02 -3.578307628631591797e-01 -1.902731806039810181e-01 9.133452177047729492e-01
1.403638606577829361e+09 -1.367923641204833984e+01 -9.028474807739257812e+00 7.618227481842041016e+00 -9.119412861764431000e-03 -3.805164098739624023e-01 -1.754481047391891479e-01 9.079328775405883789e-01
1.403638606877829552e+09 -1.411011028289794922e+01 -8.686316490173339844e+00 7.027468681335449219e+00 -1.658658869564533234e-02 -4.334407150745391846e-01 -1.913403868675231934e-01 8.804788589477539062e-01
1.403638607177829504e+09 -1.464518165588378906e+01 -8.455732345581054688e+00 6.518547058105468750e+00 1.186884846538305283e-02 -4.753556847572326660e-01 -1.771472692489624023e-01 8.616931438446044922e-01
1.403638607577829361e+09 -1.551275634765625000e+01 -7.947911262512207031e+00 5.933684349060058594e+00 1.545892655849456787e-02 -4.839746356010437012e-01 -1.725505143404006958e-01 8.577621579170227051e-01
1.403638608277829409e+09 -1.663556289672851562e+01 -6.878329277038574219e+00 5.472836494445800781e+00 4.219155386090278625e-02 -4.792243540287017822e-01 -1.625988781452178955e-01 8.614671230316162109e-01
1.403638608977829456e+09 -1.715738868713378906e+01 -6.081450462341308594e+00 5.104235649108886719e+00 2.259132638573646545e-02 -4.827322065830230713e-01 -1.552467346191406250e-01 8.616018891334533691e-01
1.403638609777829409e+09 -1.708514595031738281e+01 -4.513325691223144531e+00 4.952946662902832031e+00 3.647532314062118530e-02 -4.825879037380218506e-01 -1.553540229797363281e-01 8.611873984336853027e-01
1.403638611477829456e+09 -1.586107540130615234e+01 -3.753753423690795898e+00 4.778026580810546875e+00 3.144167736172676086e-02 -4.775795042514801025e-01 -1.707293093204498291e-01 8.612669110298156738e-01
1.403638612477829456e+09 -1.407905292510986328e+01 -2.981160163879394531e+00 4.422395229339599609e+00 3.730813786387443542e-02 -4.666513502597808838e-01 -1.688544899225234985e-01 8.673712611198425293e-01
1.403638613777829409e+09 -1.268985748291015625e+01 -2.513619899749755859e+00 3.930108070373535156e+00 4.553431272506713867e-02 -4.401106536388397217e-01 -1.413482427597045898e-01 8.855788707733154297e-01
1.403638614177829504e+09 -1.196331310272216797e+01 -2.171734333038330078e+00 3.732481956481933594e+00 3.355957195162773132e-02 -3.737851083278656006e-01 -1.280069202184677124e-01 9.180265069007873535e-01
1.403638614577829361e+09 -1.119314956665039062e+01 -2.030629634857177734e+00 3.443720817565917969e+00 1.766441762447357178e-02 -3.377237617969512939e-01 -9.681420773267745972e-02 9.360864162445068359e-01
1.403638614977829456e+09 -1.056777191162109375e+01 -2.080226898193359375e+00 3.250801324844360352e+00 3.464844077825546265e-03 -2.730735242366790771e-01 -7.104986160993576050e-02 9.593595862388610840e-01
1.403638615177829504e+09 -1.012035369873046875e+01 -2.183727025985717773e+00 3.160564184188842773e+00 1.796795055270195007e-02 -2.094888687133789062e-01 -6.134929135441780090e-02 9.757191538810729980e-01
1.403638615377829552e+09 -9.673467636108398438e+00 -2.270218372344970703e+00 3.080152034759521484e+00 2.489223703742027283e-02 -1.452239602804183960e-01 -4.242183268070220947e-02 9.881755113601684570e-01
1.403638615577829361e+09 -9.239714622497558594e+00 -2.309062004089355469e+00 3.002368211746215820e+00 2.590281143784523010e-02 -9.569945931434631348e-02 -2.510808221995830536e-02 9.947564005851745605e-01
1.403638615777829409e+09 -8.596534729003906250e+00 -2.395045995712280273e+00 2.853421211242675781e+00 2.418396994471549988e-02 -5.813009664416313171e-02 -6.913118064403533936e-03 9.979920983314514160e-01
1.403638616077829361e+09 -7.955963611602783203e+00 -2.387717723846435547e+00 2.729577541351318359e+00 2.288388647139072418e-02 -8.109658025205135345e-03 1.282529346644878387e-02 9.996230006217956543e-01
1.403638616377829552e+09 -7.311886310577392578e+00 -2.190508127212524414e+00 2.665863990783691406e+00 1.705016754567623138e-02 4.765998572111129761e-02 3.518976271152496338e-02 9.980978965759277344e-01
1.403638616777829409e+09 -6.444417953491210938e+00 -1.870049476623535156e+00 2.629079103469848633e+00 -1.553397439420223236e-02 6.438449770212173462e-02 5.356315150856971741e-02 9.963655471801757812e-01
1.403638617177829504e+09 -5.285716533660888672e+00 -1.774410367012023926e+00 2.680386066436767578e+00 -1.905917562544345856e-02 6.231699883937835693e-02 2.737349644303321838e-02 9.974989295005798340e-01
1.403638617777829409e+09 -3.997740983963012695e+00 -2.189462900161743164e+00 2.917248010635375977e+00 -1.192513201385736465e-02 5.419223010540008545e-02 1.523115020245313644e-02 9.983431696891784668e-01
1.403638618377829552e+09 -2.891746044158935547e+00 -2.605435609817504883e+00 3.476798295974731445e+00 -8.515084162354469299e-03 5.547128617763519287e-02 1.196993328630924225e-02 9.983521699905395508e-01
1.403638618977829456e+09 -2.255298376083374023e+00 -2.955409288406372070e+00 3.972504615783691406e+00 7.244240026921033859e-03 9.162870049476623535e-02 2.213793992996215820e-02 9.955208301544189453e-01
1.403638619177829504e+09 -1.692901372909545898e+00 -3.164849519729614258e+00 4.544016838073730469e+00 1.726436242461204529e-02 1.862514615058898926e-01 6.394969671964645386e-02 9.802666902542114258e-01
1.403638619677829504e+09 3.471033871173858643e-01 -3.398169040679931641e+00 5.983532905578613281e+00 1.262997090816497803e-02 2.183011621236801147e-01 8.576511591672897339e-02 9.720234274864196777e-01
1.403638621577829361e+09 2.067668914794921875e+00 -3.083110332489013672e+00 6.354115009307861328e+00 3.966667130589485168e-02 2.143241167068481445e-01 6.618487834930419922e-02 9.737101197242736816e-01
1.403638622877829552e+09 1.761415958404541016e+00 -1.967973828315734863e+00 2.986477851867675781e+00 2.682537399232387543e-02 2.022530138492584229e-01 7.546614110469818115e-02 9.760527610778808594e-01
1.403638625777829409e+09 1.500981569290161133e+00 -9.696034193038940430e-01 4.331641197204589844e-01 9.602936916053295135e-03 1.994095891714096069e-01 6.613415479660034180e-02 9.776348471641540527e-01
1.403638627177829504e+09 1.468364119529724121e+00 -2.002349346876144409e-01 -7.685135602951049805e-01 -5.410528392530977726e-04 2.006051093339920044e-01 6.066069006919860840e-02 9.777922630310058594e-01
1.403638628377829552e+09 1.345687389373779297e+00 -1.599367475137114525e-03 -9.049826264381408691e-01 1.254364755004644394e-02 2.024152874946594238e-01 6.543603539466857910e-02 9.770306944847106934e-01
1.403638629577829361e+09 1.295522212982177734e+00 1.458047777414321899e-01 -8.461093306541442871e-01 2.019661478698253632e-02 2.055264264345169067e-01 6.611023843288421631e-02 9.762071371078491211e-01
1.403638630377829552e+09 1.291442513465881348e+00 1.604902446269989014e-01 -7.549271583557128906e-01 -1.297573652118444443e-02 1.969171464443206787e-01 6.878666579723358154e-02 9.779180288314819336e-01
