1.403638522277829376e+18 4.499562133687603271e+00 -1.271517856357917253e+00 5.795802478509035627e-01 -7.819490599849365786e-01 2.771851430616972811e-01 -1.836238884273075078e-01 5.272630573569292434e-01
1.403638522477829376e+18 4.502759779862887335e+00 -1.267092912747777467e+00 6.610268848314353463e-01 -7.793747026831967517e-01 2.727299960087637420e-01 -1.700969884269131760e-01 5.378293750090568093e-01
1.403638522577829376e+18 4.504737940972063370e+00 -1.264773811896386047e+00 7.083666218584988572e-01 -7.818641373889936297e-01 2.755758992212996028e-01 -1.577983452210995063e-01 5.365128858460156414e-01
1.403638522777829376e+18 4.511714178550924714e+00 -1.253956756545179463e+00 8.041667857482508452e-01 -7.776801597107591002e-01 2.622491004576422702e-01 -1.543482725777020337e-01 5.501050711034073393e-01
1.403638523077829376e+18 4.524559798113565456e+00 -1.249596131286828449e+00 9.424548414939148966e-01 -7.625730150840741572e-01 2.649816802662396387e-01 -1.391982077292567843e-01 5.734901609913005682e-01
1.403638523577829376e+18 4.543307421802612822e+00 -1.275016555960815978e+00 8.220444246123586041e-01 -7.727191121336335344e-01 2.617218460576421490e-01 -1.596512237060794537e-01 5.558042243530908477e-01
1.403638524077829376e+18 4.539238690251938380e+00 -1.315742741054694243e+00 6.270458850694495823e-01 -7.971766890969852470e-01 2.454350295840577179e-01 -1.787159226083207264e-01 5.218539945422451254e-01
1.403638524277829376e+18 4.541558102103122607e+00 -1.315008736140446999e+00 7.406939648327041104e-01 -8.013459524202988238e-01 2.427139653950764198e-01 -1.622164516942041224e-01 5.221306525588624847e-01
1.403638524477829376e+18 4.551498541462099645e+00 -1.304965275461784868e+00 8.650425667163984533e-01 -7.857717750201074214e-01 2.411569587962208439e-01 -1.610044814370071575e-01 5.463365224503190509e-01
1.403638525977829376e+18 4.586667559520797077e+00 -1.328057569890108924e+00 6.508795919225209836e-01 -7.953099178336618946e-01 2.635478603758281690e-01 -1.780301097255101439e-01 5.160716422337693343e-01
1.403638526277829376e+18 4.640675410832008296e+00 -1.386641587393204311e+00 6.792924273020715109e-01 -7.846733708417471531e-01 2.785934935720161820e-01 -1.861885881591568703e-01 5.215430721143643478e-01
1.403638526477829376e+18 4.706104318860489855e+00 -1.463584613526865752e+00 7.012866919621002504e-01 -7.674086789042166012e-01 2.960080256514003860e-01 -1.938681499513200124e-01 5.346758912901322658e-01
1.403638527077829376e+18 4.967695211046790682e+00 -1.769948301343719610e+00 7.204417798687665631e-01 -7.428488420923943236e-01 3.561610045498025401e-01 -2.426544899133281641e-01 5.122926264987298639e-01
1.403638528277829376e+18 4.778956436891825810e+00 -1.341026416724340864e+00 7.147731715903735683e-01 -7.526572427079283312e-01 3.158502861547371476e-01 -2.164940998456757193e-01 5.356080436917283194e-01
1.403638528777829376e+18 4.659126828870657988e+00 -1.280467563299673373e+00 7.134794754846143228e-01 -7.656541628517191667e-01 3.358969891455467760e-01 -2.332973170426212994e-01 4.965070769400007911e-01
1.403638529577829376e+18 4.611559105582296425e+00 -1.297101228493324987e+00 6.641947889674808536e-01 -7.809536988571698091e-01 3.354927052698438161e-01 -2.250781535451827631e-01 4.763357951579096916e-01
1.403638538977829376e+18 4.668860881964112863e+00 -1.223265682886075734e+00 5.421693347565993415e-01 -7.418405257558938759e-01 3.459002422882521133e-01 -2.495603406942774882e-01 5.174411010769279784e-01
1.403638539277829376e+18 4.682196145586937419e+00 -1.209604978390669272e+00 5.804535486048451043e-01 -7.397342494823632153e-01 3.436771653266668669e-01 -2.505497946774001283e-01 5.214441931433358990e-01
1.403638539477829376e+18 4.696714649287875964e+00 -1.196222963854878474e+00 6.438554602109421987e-01 -7.434025003123529984e-01 3.424212430465357060e-01 -2.485977760953251015e-01 5.179764092700226419e-01
1.403638539777829376e+18 4.744759410015543466e+00 -1.147063811448350235e+00 7.176652063831411299e-01 -7.587899096223379436e-01 3.447551576600311751e-01 -2.368877137656943688e-01 4.992654257897232717e-01
1.403638543977829376e+18 4.022675130298229540e+00 1.286863830334383341e+00 1.311590899998682280e+00 -8.173715561146326358e-01 -8.512041564017105988e-02 4.869418140456187316e-02 5.677033827566363433e-01
1.403638545977829376e+18 2.745601643691782723e+00 2.890769734941988744e+00 1.414642218554960973e+00 -7.901358745472412126e-01 -2.302462737372640011e-01 1.460137679432923219e-01 5.489553103437236903e-01
1.403638546777829376e+18 2.192919199341897940e+00 3.463068435083703989e+00 1.463638584899671802e+00 -7.790536575298580013e-01 -2.683746272649858988e-01 1.459746309533621889e-01 5.474868630823580551e-01
1.403638547777829376e+18 1.358177713312999746e+00 4.056577931691542460e+00 1.344515751159543582e+00 -7.809771940008151114e-01 -2.667965206287139512e-01 1.619446066467964962e-01 5.409881545921685353e-01
1.403638549277829376e+18 -3.949670953887052249e-01 5.086643423226077765e+00 1.717136170004013973e+00 -7.562914182592266332e-01 -3.213599009288784503e-01 2.199469768645593848e-01 5.257132603526086800e-01
1.403638551477829376e+18 -2.400864966904871167e+00 6.818711234349084549e+00 2.561659844585226775e+00 -7.726946924866909816e-01 -2.388721055148636530e-01 2.201943744529131497e-01 5.453416056648203725e-01
1.403638551777829376e+18 -2.491538066413237829e+00 7.208806901395961475e+00 2.643498088080740605e+00 -7.833418723423158925e-01 -1.845895907407011094e-01 1.663992758240774583e-01 5.697486068702912743e-01
1.403638554077829376e+18 -1.002685101870301132e+00 8.500162586590750635e+00 3.107300188765360183e+00 -7.830399037069194490e-01 -2.121386206332377677e-01 1.377152516433258755e-01 5.682255047983155727e-01
1.403638554977829376e+18 -1.940868643537685401e-01 8.418342965244171694e+00 3.210664906846190103e+00 -7.898858133933102099e-01 -1.861760109466384927e-01 1.422016600861637503e-01 5.667429599180963118e-01
1.403638555977829376e+18 1.046281411023576524e+00 8.377177469514560215e+00 3.311652007041648638e+00 -8.078887318435032938e-01 -1.637885618727989989e-01 1.135223555885327279e-01 5.546185885286996076e-01
1.403638557577829376e+18 2.613509102343343660e+00 8.937188122182980976e+00 3.553856905252992249e+00 -7.979391724677821207e-01 -1.665821806442654707e-01 1.061009144098572915e-01 5.694611927907150539e-01
1.403638558777829376e+18 3.628581076185244836e+00 9.805198564818464746e+00 3.787718222334658158e+00 -8.077413800292723156e-01 -1.556188736160076247e-01 1.096527907388417516e-01 5.579542047928982562e-01
1.403638559977829376e+18 4.269085381846798199e+00 1.094663799333914156e+01 3.707079160194798995e+00 -8.037316094491263607e-01 -1.267551206893113291e-01 7.752550626096682551e-02 5.761409855498356158e-01
1.403638560277829376e+18 4.414235899994969792e+00 1.124203640418864403e+01 3.625943847143764387e+00 -8.022819163940203557e-01 -5.091464732800392995e-02 3.108422186109300808e-02 5.939572345429370293e-01
1.403638560577829376e+18 4.561961034105747714e+00 1.150587269049017358e+01 3.521030826808918768e+00 -7.995652853875596655e-01 3.460964444789560446e-02 -2.098653770967167081e-03 5.995774533508161364e-01
1.403638562777829376e+18 5.999071353276312912e+00 1.178572188303990131e+01 3.369087948799191601e+00 -7.466152954462281777e-01 2.967874486364756037e-01 -1.917206884711364079e-01 5.636718802191096334e-01
1.403638563077829376e+18 6.296640126317218034e+00 1.156136498045712457e+01 3.295765125849273058e+00 -7.037883011614387563e-01 3.586181544857601211e-01 -2.350885562224816761e-01 5.663995207931873388e-01
1.403638564777829376e+18 6.984658010034324960e+00 9.649485317271123463e+00 3.262984100580080593e+00 -7.139132567013201092e-01 3.475626938719256764e-01 -2.108037331108540136e-01 5.701664860732633677e-01
1.403638565277829376e+18 7.116280983497668799e+00 9.073882210871220266e+00 3.104285077196208498e+00 -7.159366808183770248e-01 3.486073085931554183e-01 -2.098251321605713871e-01 5.673455978219981155e-01
1.403638565477829376e+18 7.299025255142751689e+00 8.221844545355928346e+00 2.869034849295715173e+00 -7.177473175045973042e-01 3.383990377219533996e-01 -2.345532343141140952e-01 5.615244070889521266e-01
1.403638566277829376e+18 7.511646474143143237e+00 6.458100191311970661e+00 2.482789316859120632e+00 -7.279384922701385152e-01 3.368431154025831598e-01 -2.462845030277718561e-01 5.440461475332059038e-01
1.403638566977829376e+18 7.611272728220244588e+00 5.072529227669721585e+00 1.872453669836397161e+00 -7.477952136701608854e-01 3.308014742029498079e-01 -2.374521532213529074e-01 5.243941056187574334e-01
1.403638567477829376e+18 7.711175143733975723e+00 4.249005582022956418e+00 1.413666586114888712e+00 -7.453754374194205834e-01 3.304814410491032639e-01 -2.510068473455399074e-01 5.217212253680771905e-01
1.403638568577829376e+18 7.819599213874841581e+00 2.708439028566093310e+00 8.822678111080013430e-01 -7.562454533460662986e-01 3.348815570935651520e-01 -2.567992411238285699e-01 5.000013067685100676e-01
1.403638570577829376e+18 7.840211544681033651e+00 2.487701532697563334e+00 6.497915942424143942e-01 -6.886347789335661718e-01 4.310705561090116822e-01 -2.482260226927048841e-01 5.275833190664264150e-01
1.403638571277829376e+18 7.992980061017272320e+00 1.930136292961390776e+00 4.017605762216738263e-01 -6.246856700602755330e-01 5.207872846850223336e-01 -3.505271772243683248e-01 4.644126567599788924e-01
1.403638572477829376e+18 8.193882620575301701e+00 7.335819936657412832e-01 3.204408819563751010e-01 -5.298599847269863661e-01 6.401269323496034946e-01 -4.238399578704243886e-01 3.603409457419465833e-01
1.403638573477829376e+18 8.756804202561550454e+00 -5.488347844372647444e-01 4.331561966869594826e-01 -5.430022236994401785e-01 6.385336363185054598e-01 -4.302643391519965221e-01 3.351059217641866872e-01
1.403638574477829376e+18 9.646451441790818038e+00 -1.655021160987603324e+00 5.725754624982928309e-01 -3.626696012338807562e-01 7.259955113729806842e-01 -5.153544030005408061e-01 2.753381868086917650e-01
1.403638575477829376e+18 1.020392376926990607e+01 -2.793559492814926770e+00 6.063914111072140622e-01 -3.770011973444256093e-01 7.425019489235035186e-01 -4.950149152154224574e-01 2.480346483053053885e-01
1.403638576277829376e+18 1.083007671593771448e+01 -3.845562402044172323e+00 7.972206973631553728e-01 -3.965036704794006051e-01 7.327024574533913537e-01 -5.035737927017835958e-01 2.287911349726331200e-01
1.403638577077829376e+18 1.193625794162762155e+01 -4.821321910338302708e+00 8.863400562496897006e-01 -3.901236569274398880e-01 7.210586245954836437e-01 -5.213991599974120428e-01 2.366873637438702271e-01
1.403638579277829376e+18 1.494018568730266239e+01 -6.031198239256001514e+00 1.117753371891668124e+00 -3.752661683019712369e-01 7.213621369873411959e-01 -5.148866376417884361e-01 2.714842916762335023e-01
1.403638579777829376e+18 1.538650771001000805e+01 -6.140218883237301917e+00 1.110834275943091809e+00 -4.520328643514529565e-01 6.698606646405591558e-01 -5.012550135002409313e-01 3.093483327163764063e-01
1.403638580077829376e+18 1.565951407251084859e+01 -6.173818632703517828e+00 1.067873655741083949e+00 -5.349777603174064033e-01 5.899836498581030320e-01 -4.666942935091260014e-01 3.845965747012065616e-01
1.403638583577829376e+18 1.678787947308338602e+01 -5.834990705148973333e+00 1.743529753049477771e+00 -6.243232070222725083e-01 5.225461842100431742e-01 -3.957528655484481850e-01 4.249066814621070276e-01
1.403638584277829376e+18 1.625990689842492287e+01 -5.123744135923372411e+00 1.834700612540622888e+00 -6.204381107529148842e-01 5.245331953003403713e-01 -3.910558215311744634e-01 4.324312918834012365e-01
1.403638588477829376e+18 1.429868025421926525e+01 -2.856838067092195121e+00 1.823829483042519684e+00 -6.179070389933931651e-01 5.283604329877712447e-01 -3.902273819218785023e-01 4.321443444195341987e-01
1.403638589577829376e+18 1.342432444813869985e+01 -2.059049510755177614e+00 1.761133762961343496e+00 -6.177866518100731952e-01 5.317422138451580738e-01 -3.899273031542187518e-01 4.284233526725959029e-01
1.403638591577829376e+18 1.251991622313120089e+01 -8.780253253612383402e-01 1.732011517378603038e+00 -6.243410528317492325e-01 5.322240363694187293e-01 -3.619285597368953056e-01 4.426551055916592703e-01
1.403638592577829376e+18 1.287957290945579558e+01 -6.199307397215265691e-01 2.138627046833843970e+00 -6.720211234345861984e-01 4.798750719252291019e-01 -3.413769084658037078e-01 4.489647328786559588e-01
1.403638597577829376e+18 1.170976718529785110e+01 1.939777968287972998e+00 2.963817794795146732e+00 -6.765274122591714567e-01 4.196324041583103792e-01 -3.907256423828571745e-01 4.621177103582255197e-01
1.403638597977829376e+18 1.103737544452775410e+01 2.796285745764989450e+00 2.935534171408265447e+00 -6.876798197844977700e-01 4.090035901946418861e-01 -3.691586239720089369e-01 4.727942882651472445e-01
1.403638598277829376e+18 1.047008233298634039e+01 3.461991363326359927e+00 2.941495304270550282e+00 -6.881926173989236784e-01 4.256863865105440237e-01 -3.367912735285860104e-01 4.814079972042505928e-01
1.403638598777829376e+18 9.713958403069204550e+00 4.302219188958278373e+00 2.889106026957537043e+00 -7.099411996415830872e-01 3.947694526095851808e-01 -3.106985087303343884e-01 4.935656076050528585e-01
1.403638598977829376e+18 9.337331447809159357e+00 4.698965523137332845e+00 2.875176243681528909e+00 -7.261516707316139074e-01 3.650996926798809605e-01 -2.906175846211318525e-01 5.049231476251820894e-01
1.403638599577829376e+18 8.028887794770271924e+00 6.015254095518594468e+00 2.937714542051042432e+00 -7.686704519103629840e-01 2.925264878203560626e-01 -2.336690173860178910e-01 5.186258580106257732e-01
1.403638599977829376e+18 7.673623393901651824e+00 6.387308268332746231e+00 2.933082546698356552e+00 -7.675181870484929503e-01 3.000868784783756182e-01 -2.268323837037405921e-01 5.190479434678247905e-01
1.403638600077829376e+18 7.333215115832435238e+00 6.750902445054578926e+00 2.917491631998786250e+00 -7.637666857452083402e-01 3.188721964611978543e-01 -2.070321840983678219e-01 5.216499274583012991e-01
1.403638600577829376e+18 6.749445705798756023e+00 7.433468728412190529e+00 2.864945835444417721e+00 -7.597647576152373183e-01 3.445882848158856593e-01 -1.818903618632099484e-01 5.205115976755714247e-01
1.403638600777829376e+18 6.536322790975127361e+00 7.738423430360076516e+00 2.879245764618053816e+00 -7.639372308114681376e-01 3.486754813459362889e-01 -1.761605773838153255e-01 5.136076002787398620e-01
1.403638600977829376e+18 6.269887037712265965e+00 8.315033617612163752e+00 2.911867220057627659e+00 -7.820335938486452365e-01 3.149945030889886310e-01 -2.150906819001295878e-01 4.928873295953455913e-01
1.403638601577829376e+18 6.044535063815569487e+00 9.092714133782974884e+00 2.939089762384589744e+00 -7.785948611672460773e-01 2.594074258960699098e-01 -2.002656722579630733e-01 5.351555755749890508e-01
1.403638601777829376e+18 5.949786396344024730e+00 9.401188683098885335e+00 2.990579256724089863e+00 -7.909339022877673875e-01 2.056869696603126907e-01 -1.762401526583646238e-01 5.486855577785495486e-01
1.403638601977829376e+18 5.726566509226398871e+00 1.002283598061542769e+01 3.089196673996778220e+00 -8.024501704626855192e-01 1.315368334710745601e-01 -1.389333230569081701e-01 5.652161684781978890e-01
1.403638602977829376e+18 4.982141783929163736e+00 1.076827546500989996e+01 3.451400112347364324e+00 -7.804464793741776596e-01 -2.370394001765300032e-02 3.736638174636856130e-02 6.236546877682196399e-01
1.403638604577829376e+18 4.133598228814840958e+00 9.799145786639716249e+00 3.442446827496199901e+00 -8.096728124460739195e-01 -5.414559528914811293e-02 3.760977939233942080e-02 5.831669536166361745e-01
1.403638605077829376e+18 3.726501268357627961e+00 9.177985738085054024e+00 3.533744493467181780e+00 -8.125357631230889499e-01 -7.797981030625911192e-02 7.039031159496582021e-03 5.776289768276128278e-01
1.403638606077829376e+18 2.954055845728057683e+00 8.550723301497368922e+00 3.616087994360785096e+00 -8.165165659136832677e-01 -8.339638803631826969e-02 -6.596710415790964580e-03 5.712286962878456720e-01
1.403638606577829376e+18 2.400715158528925475e+00 8.261630381628737751e+00 3.560702373007700317e+00 -8.377215254572137892e-01 -7.579577306414546356e-02 3.367828712307682076e-02 5.397623732233500782e-01
1.403638607577829376e+18 8.904632552172486726e-01 8.077407030603216853e+00 3.355594212864282611e+00 -8.048263082233422239e-01 -1.463748384251782608e-01 1.187651946986691409e-01 5.627822392327036516e-01
1.403638608277829376e+18 1.022702871834306748e-01 8.123594742618928777e+00 2.893133454207398980e+00 -7.900640212375071858e-01 -1.402239116704634136e-01 1.119302177628729994e-01 5.861806234373582170e-01
1.403638608977829376e+18 -3.574056571251924552e-01 8.033205489689692058e+00 2.555107441535686696e+00 -7.989634086678490954e-01 -1.324853064138860614e-01 1.240380632982750614e-01 5.733408009617695367e-01
1.403638609777829376e+18 -5.928463257814575726e-01 7.683395965697821239e+00 1.769056301674522658e+00 -7.914134209581589197e-01 -1.352885083614872586e-01 1.200082639262024797e-01 5.839176596250937878e-01
1.403638611477829376e+18 -2.270337815794087888e-01 7.039928360669347462e+00 1.414309814089131700e+00 -7.974951172420978729e-01 -1.437080846481045282e-01 1.095012800074274678e-01 5.756379018606405662e-01
1.403638612477829376e+18 3.172326856800635753e-01 6.118835486581216010e+00 1.093818996047071890e+00 -7.965739293139085797e-01 -1.359510194729779131e-01 9.909177345676280224e-02 5.806617912992482200e-01
1.403638613777829376e+18 6.874275029156224903e-01 5.337695710942433891e+00 9.610102288633258771e-01 -7.936007818570401939e-01 -9.704654495496164990e-02 8.681807148264276963e-02 5.943419803549420122e-01
1.403638614577829376e+18 1.103980882975984734e+00 4.517116823064235120e+00 8.192091070178828538e-01 -8.152158624811104426e-01 1.078633096623783823e-02 2.813291444069204381e-02 5.783729694138016741e-01
1.403638614977829376e+18 1.316077737842774820e+00 4.220552503277680501e+00 8.890457337174956232e-01 -8.210256584849943140e-01 7.393189435875169302e-02 -9.452170936243686067e-03 5.660049465953457259e-01
1.403638615577829376e+18 1.837921984988480251e+00 3.675758602283518250e+00 1.066886963725760973e+00 -7.897781851085152738e-01 2.079181740165510217e-01 -1.373951247118665731e-01 5.604846393486030420e-01
1.403638615777829376e+18 2.077568497733042197e+00 3.396335071120570870e+00 1.146250647880511453e+00 -7.807947187973175440e-01 2.429527275576333634e-01 -1.574292315033871403e-01 5.536692300812618983e-01
1.403638616077829376e+18 2.311734758822867164e+00 3.112206789126317652e+00 1.171418456350505455e+00 -7.674999158213623440e-01 2.851401760575906774e-01 -1.862032877319900748e-01 5.431089161943907229e-01
1.403638616777829376e+18 2.860245471590580735e+00 2.434188147917678791e+00 9.278427838268316075e-01 -7.594148656197425851e-01 3.612140805444700176e-01 -2.101353177315188892e-01 4.986547885401629299e-01
1.403638617777829376e+18 4.059455872099733575e+00 1.710618534446340711e+00 1.040314802021214291e+00 -7.719277629841206911e-01 3.258057209314510483e-01 -2.235299868157884784e-01 4.980085400239659399e-01
1.403638618977829376e+18 5.274568518136082851e+00 1.624453714422921191e+00 1.217288891517470661e+00 -7.505627512084199759e-01 3.461993352966920567e-01 -2.540985119583971663e-01 5.022305476164353744e-01
1.403638621577829376e+18 7.965686851845036998e+00 1.018949574976232286e+00 7.817365862971930035e-01 -6.804727043732656799e-01 4.320727399752771758e-01 -3.320856572310725285e-01 4.898868871837633865e-01
1.403638625777829376e+18 5.430649499621263310e+00 -1.488852699938684854e+00 9.602754595921618730e-01 -7.020833048021044576e-01 4.311782701159182496e-01 -3.126750571658817868e-01 4.726506544206955374e-01
1.403638629577829376e+18 4.756462545068905534e+00 -2.110977018154228446e+00 6.544674535165069251e-01 -6.942791464847054561e-01 4.318965605328835555e-01 -3.202013837237940308e-01 4.784484315134714949e-01
