1.403636859551666432e+18 4.585973317708268659e+00 -1.937935237105595565e+00 7.341154142170230879e-01 -6.585545751626991073e-01 -4.829656318098595191e-01 3.546393673944903124e-01 4.552812198156385715e-01
1.403636859651666432e+18 4.581342054479382142e+00 -1.931170538636362455e+00 7.786875622093009097e-01 -6.590515968603425367e-01 -4.811186285508980975e-01 3.465866619449217700e-01 4.626592090286448800e-01
1.403636859751666432e+18 4.576002309698250059e+00 -1.926487819890454034e+00 8.246926222653996330e-01 -6.550768188734099606e-01 -4.757687591117412684e-01 3.457414404209125935e-01 4.743219429919305341e-01
1.403636860351666432e+18 4.580539543218709930e+00 -1.911604941452390349e+00 8.320006605547223266e-01 -6.716537170112846233e-01 -4.737052002078392943e-01 3.289841457770452116e-01 4.650312887842323883e-01
1.403636860551666432e+18 4.591977572973807931e+00 -1.914543089807204890e+00 7.220638151952873951e-01 -6.963246986694274776e-01 -4.819529809418885424e-01 3.143082089788443723e-01 4.290263254774344115e-01
1.403636860651666432e+18 4.601840137247332763e+00 -1.910140026965228222e+00 8.165533451372288809e-01 -6.787445219825759546e-01 -4.941310156159214317e-01 3.196141052016576167e-01 4.393031266007177416e-01
1.403636861251666432e+18 4.594875841170800612e+00 -1.900772745366614336e+00 9.383633219462910180e-01 -6.575556265463913252e-01 -4.779752092860068413e-01 3.415673770377588014e-01 4.716906022476239912e-01
1.403636862051666432e+18 4.600885124053096575e+00 -1.915090221183251229e+00 6.967773752737900228e-01 -6.879889684452044074e-01 -4.928973095582740438e-01 3.256965722271427111e-01 4.214797318583752839e-01
1.403636862251666432e+18 4.596440726796743093e+00 -1.904994210951555633e+00 8.283373923401246008e-01 -6.804706753986577983e-01 -4.979859852413996424e-01 3.096647368249843546e-01 4.394057000003068203e-01
1.403636862751666432e+18 4.586856001923402815e+00 -1.898168158304285535e+00 9.657118543348123252e-01 -6.790263443469638505e-01 -4.812319288717776811e-01 3.185190722085098902e-01 4.537451431768462773e-01
1.403636863051666432e+18 4.592148603988323252e+00 -1.900315440712659676e+00 8.028599809564234135e-01 -6.761604170848883877e-01 -4.786151138060912302e-01 3.111881920428913872e-01 4.657215609535900747e-01
1.403636863651666432e+18 4.602661071066824761e+00 -1.907945829396922699e+00 6.907196926092379341e-01 -6.941149914994687586e-01 -4.824440569415717750e-01 3.125247368373970103e-01 4.333363582278385584e-01
1.403636863851666432e+18 4.609091476288510236e+00 -1.903441045158954070e+00 7.974898826762971682e-01 -6.920985603886868898e-01 -4.938613023944585234e-01 3.066013848237756356e-01 4.278974030410787610e-01
1.403636864251666432e+18 4.601615027758547249e+00 -1.900735573769076536e+00 9.368625799965346612e-01 -6.864241102579609066e-01 -4.897356712993190531e-01 3.089417309830262970e-01 4.399271757584241604e-01
1.403636865251666432e+18 4.589196121966958586e+00 -1.907899984939862570e+00 7.010435960655941878e-01 -6.999663033105691934e-01 -4.742027374372475568e-01 3.163263441743480731e-01 4.302517658511686438e-01
1.403636865751666432e+18 4.586603994875763313e+00 -1.913364729163264055e+00 8.002079720540500318e-01 -6.973845248712277067e-01 -4.870090706688894322e-01 3.102487248682356258e-01 4.245264635732270975e-01
1.403636865851666432e+18 4.579561145649297949e+00 -1.913514428527485878e+00 9.362439972193622451e-01 -6.829779752513486235e-01 -4.712516495618511159e-01 3.322568646839714201e-01 4.484064495267425787e-01
1.403636866051666432e+18 4.601649578995297141e+00 -1.906912912623850653e+00 8.224544432419306217e-01 -6.877385038503014414e-01 -4.816425268904315216e-01 3.178172428680483552e-01 4.404865795323405497e-01
1.403636867151666432e+18 4.661244922724021578e+00 -1.932658304461414067e+00 7.985271887869652696e-01 -7.228924050848202221e-01 -5.243884735119604956e-01 2.737682175867229284e-01 3.570633873108094991e-01
1.403636867751666432e+18 4.681569409307982710e+00 -1.937989927633918530e+00 7.903546404047350205e-01 -7.635237442202931213e-01 -5.450596394850557580e-01 2.125751132954943612e-01 2.734105020361384808e-01
1.403636868551666432e+18 4.712341001600190538e+00 -1.999866856621732136e+00 8.189801970427397215e-01 -7.606385590501839600e-01 -5.313056623822904889e-01 2.299906008356197296e-01 2.936794155773362891e-01
1.403636869751666432e+18 4.716374604578162710e+00 -1.927112130075312013e+00 8.121390298539734598e-01 -7.643684563376201835e-01 -5.292737009235550794e-01 2.239602753971220994e-01 2.923217533998659912e-01
1.403636870151666432e+18 4.723124311331067027e+00 -1.788202202510891015e+00 8.105504866170117895e-01 -7.767322336883059064e-01 -5.088311960339098050e-01 2.155191435850521420e-01 3.022074615899502659e-01
1.403636870251666432e+18 4.727188319041156106e+00 -1.735802122947131432e+00 8.107876110436951222e-01 -7.795833743748730171e-01 -5.071140278694291625e-01 2.090905974213501939e-01 3.022685018428372117e-01
1.403636870351666432e+18 4.731004893394258559e+00 -1.683986828400834579e+00 8.115624389516242765e-01 -7.805373104198511935e-01 -5.017578302907302890e-01 2.097995358360849050e-01 3.081959466758881216e-01
1.403636870551666432e+18 4.745199713456775825e+00 -1.559420420812746233e+00 8.005218011711886517e-01 -7.908063557813026501e-01 -4.896084162929739136e-01 1.955011671394042694e-01 3.109472624065252044e-01
1.403636870751666432e+18 4.748199724474294392e+00 -1.508089576613045102e+00 7.893454177801785265e-01 -7.878494037057298671e-01 -4.775251967150748178e-01 2.116695231554160950e-01 3.262805794862966291e-01
1.403636871551666432e+18 4.722894390412368359e+00 -1.638801474283543058e+00 7.965443904603823899e-01 -7.917102277691585588e-01 -4.832371218191550688e-01 2.063701907156428594e-01 3.115897041393301259e-01
1.403636871751666432e+18 4.712202618584484526e+00 -1.690591454081390888e+00 8.014778084506883893e-01 -7.902819099007217796e-01 -4.864651699912545535e-01 2.133022739560215264e-01 3.054640423916334391e-01
1.403636871851666432e+18 4.700066927278481188e+00 -1.744296368733480485e+00 8.037457044340989842e-01 -7.867280226308080993e-01 -4.920275574107145222e-01 2.168343773719399736e-01 3.032338271789403739e-01
1.403636872051666432e+18 4.668230702893025885e+00 -1.857626434427998241e+00 8.049266071500063013e-01 -7.768678978612564290e-01 -4.989978450837774249e-01 2.364378149484076819e-01 3.026129203071173390e-01
1.403636872151666432e+18 4.652534793762553633e+00 -1.911607700878193761e+00 8.031115580456734682e-01 -7.715339130666406531e-01 -5.038109193032945798e-01 2.443169913194078169e-01 3.020251418863652559e-01
1.403636872251666432e+18 4.639941803308565760e+00 -1.960703892286838501e+00 7.995403600044973524e-01 -7.684406860155492680e-01 -5.103430029953548441e-01 2.464804830732642560e-01 2.971469381191831349e-01
1.403636872351666432e+18 4.630785867506406639e+00 -2.004068173689334653e+00 7.947809974492469065e-01 -7.662885985435263780e-01 -5.188286339177879958e-01 2.464093001349160483e-01 2.879254924042348729e-01
1.403636873151666432e+18 4.649528975555791810e+00 -1.896412114943189620e+00 7.871534954226520053e-01 -7.701180498953670295e-01 -5.150357595815238110e-01 2.341808927091069970e-01 2.946449814057682248e-01
1.403636873251666432e+18 4.659910255236174415e+00 -1.837881143740037304e+00 7.857322761315524984e-01 -7.752483196306646507e-01 -5.086393814602656605e-01 2.298496573926015751e-01 2.957112739380298727e-01
1.403636873351666432e+18 4.670871900699041568e+00 -1.777468196279638812e+00 7.846962048775173448e-01 -7.802530289982173572e-01 -5.021173656210926595e-01 2.250807810981362012e-01 2.973583761408001847e-01
1.403636873551666432e+18 4.696969922467427949e+00 -1.663209275016140021e+00 7.784039143910815861e-01 -7.889969243203173166e-01 -4.923611395492332732e-01 2.148772661328473832e-01 2.981478193348621741e-01
1.403636873651666432e+18 4.710363654499043484e+00 -1.615690323526213668e+00 7.722669886391216876e-01 -7.935360681980891950e-01 -4.880902845251764433e-01 2.064164630577549064e-01 2.990996930783713648e-01
1.403636873751666432e+18 4.735024890769262917e+00 -1.544326527706138430e+00 7.577318088257626316e-01 -7.989355880648816299e-01 -4.820591865842777102e-01 2.015698255502481606e-01 2.978094561641197457e-01
1.403636874351666432e+18 4.720872646373433845e+00 -1.587565657901666150e+00 7.590970620888989329e-01 -7.975491422757577942e-01 -4.876530274889084859e-01 2.014042411032919422e-01 2.924828577912075844e-01
1.403636874551666432e+18 4.693338865319193864e+00 -1.673395543045195444e+00 7.643875915404092503e-01 -7.906279120777652825e-01 -4.960893360591607792e-01 2.114889830460610076e-01 2.899573853897803311e-01
1.403636874651666432e+18 4.677493258218520467e+00 -1.729126587358535971e+00 7.662380562462401956e-01 -7.859963284265751859e-01 -5.006212609038983574e-01 2.175231104338362087e-01 2.902960923921013014e-01
1.403636874751666432e+18 4.661063167286055631e+00 -1.788000557188573758e+00 7.661555937615458500e-01 -7.815685575909803173e-01 -5.058977188902615829e-01 2.236731955223786039e-01 2.884239750984509687e-01
1.403636874851666432e+18 4.644694801885604463e+00 -1.844572810457049350e+00 7.633566908702468234e-01 -7.788909220308052328e-01 -5.097913557344827540e-01 2.302162385664756894e-01 2.836233218490745722e-01
1.403636875051666432e+18 4.615570439628296384e+00 -1.931931230201513916e+00 7.585653741211759726e-01 -7.746102686184729302e-01 -5.126993817436731327e-01 2.408848358807094969e-01 2.812343712158885678e-01
1.403636875151666432e+18 4.584917708745739340e+00 -1.998805805511099765e+00 7.501824317325934688e-01 -7.934743780364694743e-01 -4.547846862907850563e-01 2.449794727130363281e-01 3.217986303020464178e-01
1.403636875551666432e+18 4.613528916737022811e+00 -2.034150025123614203e+00 7.481927886157949681e-01 -8.171261350397932555e-01 -4.205644001803363619e-01 2.439291269922714833e-01 3.097241445878435306e-01
1.403636875651666432e+18 4.688443997235816951e+00 -2.038921719444777736e+00 7.469969599071690780e-01 -8.307555069809372528e-01 -3.974756477892380513e-01 2.351439952735177585e-01 3.107502188610318239e-01
1.403636875851666432e+18 4.732191849512090265e+00 -2.028941030180065219e+00 7.446221675101485360e-01 -8.383372761313303556e-01 -3.832732189143183699e-01 2.241732373312992632e-01 3.162888091225535825e-01
1.403636876051666432e+18 4.816615612422548764e+00 -1.982641213030413407e+00 7.456763496015358372e-01 -8.569115488921185131e-01 -3.445038086921844434e-01 1.949673809817297487e-01 3.301627530855260617e-01
1.403636876151666432e+18 4.849177347423441198e+00 -1.943719002804815688e+00 7.490373497929248003e-01 -8.628632199448192930e-01 -3.221435880626609682e-01 1.804508022430590108e-01 3.451493594176432977e-01
1.403636876251666432e+18 4.870423783825896358e+00 -1.897367228945501694e+00 7.510201052239413588e-01 -8.683912396643572729e-01 -3.033431925590370226e-01 1.687527134321570865e-01 3.541215668546270345e-01
1.403636876351666432e+18 4.880234043624591678e+00 -1.842868174209519427e+00 7.499899168270829364e-01 -8.747261087319241346e-01 -2.901900587538743248e-01 1.579352522271235126e-01 3.545425511939063745e-01
1.403636876551666432e+18 4.863561718430661429e+00 -1.714054603599963977e+00 7.454906758580798209e-01 -8.767792240448066821e-01 -2.815214220326909822e-01 1.392060490645897486e-01 3.641779195996174279e-01
1.403636876651666432e+18 4.835846675280080831e+00 -1.650958685335480958e+00 7.462518904664167119e-01 -8.687567184889833927e-01 -2.891010925893354733e-01 1.389724830227548891e-01 3.773181301056123260e-01
1.403636876751666432e+18 4.795883163940236393e+00 -1.600783731133647025e+00 7.496897008868145251e-01 -8.597328097132469482e-01 -3.028861404679455416e-01 1.462809066029347738e-01 3.843453891728394467e-01
1.403636876851666432e+18 4.748136791608293272e+00 -1.568971587743453355e+00 7.525285699954076257e-01 -8.486032976941538797e-01 -3.244045017527531494e-01 1.553413380748825401e-01 3.879474591620110657e-01
1.403636877051666432e+18 4.635876147977040063e+00 -1.569093338219694544e+00 7.534175359950242568e-01 -8.177823742029318721e-01 -3.790163912144921543e-01 1.913931482326717004e-01 3.885192742237446595e-01
1.403636877151666432e+18 4.580519543394557580e+00 -1.599503170626256576e+00 7.532729739420016557e-01 -7.985840296669876048e-01 -4.134732045007369350e-01 2.140159532218590122e-01 3.814454462793690492e-01
1.403636877251666432e+18 4.531175989208158228e+00 -1.647293905135068570e+00 7.546723229786005405e-01 -7.795976337538507162e-01 -4.468929056832256497e-01 2.373189228045459731e-01 3.690446980709657931e-01
1.403636877351666432e+18 4.493288979604647793e+00 -1.707672489012268979e+00 7.572150828366717157e-01 -7.607488923549742266e-01 -4.779471691193667438e-01 2.571262132480728879e-01 3.559687300482584638e-01
1.403636877551666432e+18 4.464637167909514481e+00 -1.842875941615861990e+00 7.585325798972208933e-01 -7.308483409579810131e-01 -5.289644112849585245e-01 2.861019002563824354e-01 3.228049825864076072e-01
1.403636877651666432e+18 4.475506671423091554e+00 -1.905991529112587735e+00 7.560290528722378722e-01 -7.249622643084107088e-01 -5.441893352369941983e-01 2.926412581578913819e-01 3.043826157435844393e-01
1.403636877751666432e+18 4.500657905805068637e+00 -1.960587390190944079e+00 7.545953108983363133e-01 -7.250506807379818452e-01 -5.504060442475975368e-01 2.970174045990510714e-01 2.883320276735567567e-01
1.403636877851666432e+18 4.536213440903232197e+00 -2.004321288529246736e+00 7.529666507010304155e-01 -7.314456028508534713e-01 -5.485840780253976590e-01 2.939902979516748616e-01 2.785902800125323320e-01
1.403636878051666432e+18 4.624441375355783812e+00 -2.051270245923368485e+00 7.428896061109470095e-01 -7.547264337864286743e-01 -5.307386618510203657e-01 2.702650124912791552e-01 2.750660029587378985e-01
1.403636878151666432e+18 4.669862673055940938e+00 -2.050915101349336300e+00 7.360583546055130544e-01 -7.695248315106175685e-01 -5.118009334880135874e-01 2.561028528129185577e-01 2.833772519988815852e-01
1.403636878251666432e+18 4.714639643387726231e+00 -2.034788290698595681e+00 7.297583154956168716e-01 -7.831274420584504181e-01 -4.901936265064953391e-01 2.447642410699853721e-01 2.941293666413359320e-01
1.403636878351666432e+18 4.756035375914594354e+00 -2.004991654905678988e+00 7.244339937976442823e-01 -7.970180824682955301e-01 -4.654724415027575724e-01 2.379593156677342058e-01 3.024449478945995806e-01
1.403636878551666432e+18 4.820328394125548144e+00 -1.907171246669899123e+00 7.215905356766739720e-01 -8.217082436779805654e-01 -4.190737325593830165e-01 2.135069438205383918e-01 3.218502041180157369e-01
1.403636878651666432e+18 4.835717610496394592e+00 -1.845454684032160841e+00 7.259844502934471588e-01 -8.300411605980874130e-01 -4.001862630986557923e-01 1.989468092874022986e-01 3.336207331903631723e-01
1.403636878751666432e+18 4.839544203346984652e+00 -1.780733003149042704e+00 7.326376017401339258e-01 -8.340608762844531343e-01 -3.867414416110505626e-01 1.845989782721843830e-01 3.474143480242035675e-01
1.403636878851666432e+18 4.832684612397333268e+00 -1.717860386675613693e+00 7.397587555824609584e-01 -8.357759630528385220e-01 -3.769028618353200133e-01 1.773954339814432235e-01 3.577060697360070485e-01
1.403636879051666432e+18 4.794876803934532639e+00 -1.612765019840291414e+00 7.477712230504768298e-01 -8.383340576407181111e-01 -3.715644286995710144e-01 1.752541027071786162e-01 3.583599902459983499e-01
1.403636879151666432e+18 4.761656320634681805e+00 -1.575315537620201045e+00 7.542652256510983255e-01 -8.343565147581396557e-01 -3.716396159894236884e-01 1.823173591209059918e-01 3.639966794780724046e-01
1.403636879251666432e+18 4.679105789011130057e+00 -1.542126790941651171e+00 7.691771871999342203e-01 -8.141390136738303474e-01 -3.863458182577346189e-01 2.022734955772740040e-01 3.834058008375917370e-01
1.403636879651666432e+18 4.572631784268021526e+00 -1.623219513576428907e+00 7.881052819744518434e-01 -7.747207238016223796e-01 -4.503128462023890388e-01 2.457579340854656735e-01 3.696338438122753201e-01
1.403636879751666432e+18 4.552099283757014447e+00 -1.677176419299265753e+00 7.964018439783380199e-01 -7.656695711766836610e-01 -4.670894498616475210e-01 2.612647006565358976e-01 3.568169135465803499e-01
1.403636879851666432e+18 4.543038066598180436e+00 -1.736612557402395396e+00 8.011365173036510967e-01 -7.591793537109606804e-01 -4.824922839685922837e-01 2.706062633283446428e-01 3.429579494008703766e-01
1.403636880051666432e+18 4.603589163613803770e+00 -1.870124671930841087e+00 8.062514878348413516e-01 -7.563104105945256395e-01 -5.038855017294094907e-01 2.700586206519289822e-01 3.180602228899724326e-01
1.403636880251666432e+18 4.692784306470998423e+00 -1.878798881573552793e+00 8.078950118787923129e-01 -7.712936820855325060e-01 -4.762084572104609004e-01 2.524543926669928773e-01 3.385237670818901923e-01
1.403636880651666432e+18 4.860359714611848680e+00 -1.922733034383403483e+00 8.327666414471766032e-01 -8.067171865273274900e-01 -4.204936971497913456e-01 2.036376306190293695e-01 3.618344193337610371e-01
1.403636880851666432e+18 4.880858619668473786e+00 -1.999950278091554567e+00 8.399118916249787015e-01 -8.038004152565235705e-01 -4.282272110568304258e-01 2.153882043948088520e-01 3.523269356031538124e-01
1.403636881051666432e+18 4.846966617916936393e+00 -2.065558764812444714e+00 8.443921132586755807e-01 -7.789799938173156413e-01 -4.509153323039178374e-01 2.434048855349821294e-01 3.614133285081283509e-01
1.403636881251666432e+18 4.782820301979086253e+00 -2.098601118022291434e+00 8.510782668537349993e-01 -7.506151416589533776e-01 -4.860289469657513295e-01 2.743827053654832038e-01 3.536479928120486171e-01
1.403636881651666432e+18 4.632630464611513510e+00 -1.971955031140334436e+00 8.463689459954820693e-01 -7.153251493255156079e-01 -5.245633980880952674e-01 2.767469514276251763e-01 3.695325384918293210e-01
1.403636881851666432e+18 4.588897924870470213e+00 -1.855564593135982321e+00 8.311445988165057086e-01 -7.254217474360651341e-01 -5.154575068929807546e-01 2.655050618751576552e-01 3.709095699131357282e-01
1.403636882051666432e+18 4.592564150372336229e+00 -1.754162864504484443e+00 8.088839144979577123e-01 -7.385465067091639968e-01 -4.952218045277782532e-01 2.599859739672655823e-01 3.764461649269838506e-01
1.403636882251666432e+18 4.652076571281069661e+00 -1.713144215790511904e+00 7.623511860008602703e-01 -7.394289354401977210e-01 -4.817070192542989848e-01 2.634493387235105066e-01 3.896121699344866629e-01
1.403636882651666432e+18 4.640739659996778954e+00 -1.762005418830172143e+00 7.287383668464304520e-01 -7.063076054826159522e-01 -4.910719861873280578e-01 3.150646048777536179e-01 4.008892185787377715e-01
1.403636882851666432e+18 4.593256630835870880e+00 -1.784118579413759509e+00 6.930331432481342535e-01 -6.614377820772537886e-01 -5.065685449020662645e-01 3.658340335988266023e-01 4.147937193561863634e-01
1.403636883051666432e+18 4.551757164637138864e+00 -1.801632642732742928e+00 6.458623952005907443e-01 -6.358553626938336922e-01 -5.325716843834357173e-01 3.861246411586689020e-01 4.036869086514609517e-01
1.403636883351666432e+18 4.502585903243832455e+00 -1.816852539564051794e+00 5.842390864313724563e-01 -6.011374565344131948e-01 -5.444949162895215133e-01 4.131109860474498352e-01 4.141236019512860023e-01
1.403636883851666432e+18 4.509605657708147142e+00 -1.806706379199209733e+00 5.633614852164217091e-01 -5.743143715669836169e-01 -5.547341448228387817e-01 4.332565023343564192e-01 4.179974095186410055e-01
1.403636897551666432e+18 4.539480887509705909e+00 -1.789023176404191062e+00 5.630028643434503710e-01 -5.871475145128252082e-01 -5.637237906401033616e-01 4.071808312035860578e-01 4.143392990872595827e-01
1.403636897751666432e+18 4.573414112363340500e+00 -1.768361365045650890e+00 5.843268879269065685e-01 -5.958406052775634398e-01 -5.803281018969486116e-01 3.799382109435863741e-01 4.047718161089504663e-01
1.403636898251666432e+18 4.576491514041621578e+00 -1.733771112604336917e+00 6.858979194100716104e-01 -5.768771381489800065e-01 -5.820779245456765283e-01 4.000054279954515235e-01 4.103580324689844461e-01
1.403636898651666432e+18 4.535935329878305389e+00 -1.729524473105349625e+00 7.643966184373544026e-01 -5.730842193923988415e-01 -5.874927905005042916e-01 4.045255675651713845e-01 4.034671780695566756e-01
1.403636899051666432e+18 4.453105148322138440e+00 -1.715666085947573194e+00 8.138656173685379080e-01 -5.894041322546000883e-01 -5.607543303165474224e-01 4.074828159650372150e-01 4.148675747821778947e-01
1.403636899351666432e+18 4.372503389981995170e+00 -1.659038623801458723e+00 8.448436663237571809e-01 -6.388273559266494095e-01 -5.043754649979215188e-01 3.770329952120611838e-01 4.419854297930175813e-01
1.403636899851666432e+18 4.273809482880894350e+00 -1.466701661157691072e+00 9.135392830131164876e-01 -6.401385863419444266e-01 -5.025254412281178196e-01 3.566318367172376935e-01 4.588076985342688374e-01
1.403636901051666432e+18 4.130020409093366318e+00 -1.139210336386952793e+00 9.704779397614600178e-01 -6.414440574122939331e-01 -5.062376201788441055e-01 3.674210769542584076e-01 4.441562172658253815e-01
1.403636901751666432e+18 4.014729403011080500e+00 -8.283907627749846903e-01 9.555607166534880736e-01 -6.347266723551152623e-01 -5.088746029541629801e-01 3.638181500435539450e-01 4.536574077077671352e-01
1.403636903251666432e+18 3.728598180578729604e+00 1.495035578810544052e-02 9.400049680669110286e-01 -6.411995842136237744e-01 -5.125906987894413014e-01 3.640936200798964850e-01 4.399428423510765573e-01
1.403636904351666432e+18 3.567019832627009723e+00 4.073432137277450682e-01 1.090171101397822806e+00 -6.377122199138158809e-01 -5.073343599554990258e-01 3.611934744505819750e-01 4.532926712351019738e-01
1.403636905151666432e+18 3.241374903955061892e+00 9.948993992466694802e-01 1.136038132459298744e+00 -6.326619383888579806e-01 -5.297763468564484768e-01 3.492892360851394540e-01 4.439289623132833262e-01
1.403636906551666432e+18 2.550601243103666871e+00 1.430048466556077980e+00 1.178129532109954747e+00 -6.366265459248683367e-01 -5.244663105849746154e-01 3.725241488336142326e-01 4.252851850475717344e-01
1.403636908051666432e+18 2.136024604771119773e+00 1.726538729152517160e+00 1.209159498372681663e+00 -6.168681588638909030e-01 -5.332159843354167261e-01 3.739018900339836082e-01 4.419861595775380625e-01
1.403636909651666432e+18 1.203906684500375857e+00 2.344859262613431916e+00 1.251258108258912705e+00 -6.125007247500878771e-01 -5.308594116048946931e-01 3.781612210467781843e-01 4.472418117613024546e-01
1.403636910051666432e+18 5.084557258745356911e-01 2.707840436980323062e+00 1.101835303514925313e+00 -6.146540331161425286e-01 -5.365754290336413046e-01 3.783297262882081013e-01 4.372114439697494248e-01
1.403636911351666432e+18 3.546097235581235907e-02 2.929552490873152948e+00 1.124855543984842887e+00 -6.169979570818248105e-01 -5.339621995577720215e-01 3.795287749522838205e-01 4.360685718823351098e-01
1.403636913251666432e+18 -8.644767681663303449e-01 3.725958002995335860e+00 9.215361403336905788e-01 -6.184948879820085788e-01 -5.284201435336371988e-01 3.766180338252263504e-01 4.431648474841314855e-01
1.403636915351666432e+18 -1.509358630028003301e+00 4.744455276067064631e+00 9.984312249702926856e-01 -6.159389520486263647e-01 -5.284279665861193465e-01 3.723886851690200173e-01 4.502330048285976272e-01
1.403636916551666432e+18 -1.657638195651484292e+00 4.995495947870106868e+00 1.053388623231341636e+00 -6.337127787703752402e-01 -5.071831104003682311e-01 3.487773135743464370e-01 4.685379302506891275e-01
1.403636917051666432e+18 -1.832346499248945548e+00 5.211006943392951563e+00 8.962916299392063024e-01 -6.743114505065515019e-01 -4.488095551109910764e-01 3.146072130187228533e-01 4.948700359421817629e-01
1.403636917851666432e+18 -2.146255291667034548e+00 5.336887456977226663e+00 1.140760015483509360e+00 -7.096374658747632846e-01 -3.841516979265660048e-01 3.014643190469803447e-01 5.078990099897033872e-01
1.403636919851666432e+18 -1.643227838086303905e+00 5.560612156769536796e+00 1.137298440488838658e+00 -7.282954450235773480e-01 -3.930431623632666960e-01 2.712207745345370791e-01 4.914693365188494978e-01
1.403636922151666432e+18 -1.434916285676568926e+00 5.664677015994312725e+00 9.760584311356734766e-01 -7.438216942835468304e-01 -3.162374866932585182e-01 2.393458013809162677e-01 5.379932401846813095e-01
1.403636925551666432e+18 -2.072771675235430600e+00 7.118565392109250212e+00 6.067953941308252830e-01 -7.724108667083849911e-01 -2.595727752747230554e-01 2.021616134990704694e-01 5.432624681997020311e-01
1.403636927151666432e+18 -2.081952263903804390e+00 7.375716126993372868e+00 5.447661106866932279e-01 -8.017313247434464385e-01 -1.889370228669814411e-01 1.327514140488096350e-01 5.512773769921286426e-01
1.403636927651666432e+18 -2.345112281650394426e+00 8.573717359682586192e+00 4.212361917865012906e-01 -7.946080017339918200e-01 -1.732274439719261316e-01 1.201081987575999266e-01 5.693543684090519585e-01
1.403636929651666432e+18 -2.418721047298113547e+00 9.431659628756268177e+00 6.262809823850892244e-01 -7.911622342103192818e-01 -1.775555615672051168e-01 1.224770742065809936e-01 5.723073544955419312e-01
1.403636931151666432e+18 -2.133846090461182676e+00 9.775845838943391541e+00 6.590109594056419162e-01 -7.842212156833102688e-01 -1.530353132225907020e-01 7.466494459194875088e-02 5.966593867761875725e-01
1.403636933251666432e+18 -1.627760857486529655e+00 8.897903048413709826e+00 7.229677017922524485e-01 -8.101276037804949759e-01 -2.805240763168535476e-02 2.064286039184978425e-02 5.852180792950451016e-01
1.403636934351666432e+18 -1.565733117383976136e+00 8.721208585059578411e+00 6.631218065722475075e-01 -8.094894599248322331e-01 6.740674300398163954e-02 -3.081111622764307403e-02 5.824378253384693283e-01
1.403636934651666432e+18 -1.390908787942824354e+00 8.334973792332652565e+00 8.239932962354719059e-01 -8.056111296437213909e-01 1.178767576798291222e-01 -8.011098046269993223e-02 5.750460925894226305e-01
1.403636937351666432e+18 -5.653448817441484309e-01 7.732398563044842632e+00 6.747786577192371738e-01 -8.009329183711988431e-01 1.076617336332679337e-01 -1.139879238771194514e-01 5.778599870129942362e-01
1.403636939851666432e+18 2.071621326184658329e-02 6.704728308981804830e+00 5.106458336136117104e-01 -7.935573835598340731e-01 1.592343999091208329e-01 -1.058296923361765479e-01 5.776773849678408235e-01
1.403636940351666432e+18 1.739805572924510990e-01 6.393245835809396205e+00 4.278831790021837556e-01 -7.933323953279467489e-01 1.785403043925484212e-01 -1.135727536297490153e-01 5.708312358864002789e-01
1.403636940751666432e+18 3.501111286444960058e-01 6.070308170055173314e+00 4.175964700921910300e-01 -8.078025004961715272e-01 1.766871100426613828e-01 -1.266937956542958099e-01 5.478918392161108430e-01
1.403636941251666432e+18 6.265970787564940636e-01 5.658685213209796672e+00 5.242088411225536149e-01 -7.971127760552305652e-01 1.644944860433233125e-01 -1.278671773306723214e-01 5.667475375088568690e-01
1.403636942551666432e+18 1.134399323609857291e+00 4.872235283976261044e+00 5.697382755433204604e-01 -8.043652364890928608e-01 1.757259577526698313e-01 -1.126479694470206988e-01 5.562619788186278225e-01
1.403636943551666432e+18 1.674722787326643925e+00 4.189640430782995750e+00 5.220540821627008832e-01 -7.919710292161459275e-01 1.743674134782930707e-01 -1.397332141980424380e-01 5.682011288699561069e-01
1.403636944051666432e+18 1.820195511145320300e+00 3.947530596443973305e+00 4.106048053538420284e-01 -8.251365388701427106e-01 1.552127022581432370e-01 -1.127114046147346810e-01 5.313707260932802878e-01
1.403636944551666432e+18 2.084352165666908618e+00 3.473508345904122940e+00 4.775364338478020887e-01 -8.188906305378191863e-01 1.233080427728343864e-01 -1.061321590240151824e-01 5.504082363353650642e-01
1.403636946851666432e+18 1.932992961830722667e+00 3.216980781876290774e+00 3.285003615119075349e-03 -8.158640586606991096e-01 1.590421465279102942e-01 -9.325006381884662354e-02 5.480655608695615966e-01
1.403636949851666432e+18 1.677127344590119140e+00 4.405227990341883171e+00 -3.906684104135058622e-01 -8.112441900672126005e-01 1.129971694195192750e-01 -1.151681317661534254e-01 5.620060544254508184e-01
1.403636951751666432e+18 1.445146135602889625e+00 5.050465625493787414e+00 -3.881395548312298605e-01 -8.144678180224812492e-01 1.147576174439045305e-01 -1.095492016394420259e-01 5.580966180371081942e-01
1.403636952151666432e+18 1.361712528697651692e+00 5.305854248774213744e+00 -4.039982922921956376e-01 -8.036740963107398272e-01 1.231541338690581300e-01 -9.767053409128491348e-02 5.739350773392415395e-01
1.403636952651666432e+18 1.205350795522202034e+00 5.620193946251852424e+00 -5.177604498816863465e-01 -8.124430352566758273e-01 1.225821913552555126e-01 -9.651223930717052479e-02 5.617787006369847624e-01
1.403636953151666432e+18 1.097583443883387577e+00 5.864677209362314514e+00 -6.375846852390500974e-01 -8.149244084505794516e-01 1.275863854103981287e-01 -8.960705014640285571e-02 5.582029194956279472e-01
1.403636953751666432e+18 1.024582228717799914e+00 6.143029603635628000e+00 -6.359892288186510534e-01 -8.187830902994134297e-01 1.076469570400037795e-01 -1.063235970734687230e-01 5.538065333535973078e-01
1.403636954151666432e+18 9.225848825499229910e-01 6.412400718433050706e+00 -5.979086606849328689e-01 -8.191113021946697659e-01 1.129033314006574890e-01 -9.888319660735382655e-02 5.536529831982277550e-01
1.403636954551666432e+18 8.006670974617247083e-01 6.718802793459262901e+00 -5.581696160919507044e-01 -8.163116477777461188e-01 1.196814662991390749e-01 -1.060979994825317491e-01 5.550268955939644533e-01
1.403636955351666432e+18 4.439840888896364746e-01 7.436729576990712687e+00 -6.915696303677298928e-01 -8.033213613180487656e-01 1.443035290905585744e-01 -1.300771699345382726e-01 5.629664393229391051e-01
1.403636955851666432e+18 2.375170904704697605e-01 7.730538923937448459e+00 -7.004142647691740109e-01 -8.001090491976873276e-01 1.637970998706149428e-01 -1.123110377475383670e-01 5.660231888059175098e-01
1.403636956551666432e+18 -5.965924143562340021e-02 8.152991112083741498e+00 -7.143119956719545804e-01 -7.964238758194219781e-01 1.418741201965055265e-01 -9.319890240587647146e-02 5.804263162827625333e-01
1.403636956851666432e+18 -1.744006696083282293e-01 8.277868086756432930e+00 -7.268300616460181551e-01 -8.095552418248059823e-01 7.110328271288794688e-02 -4.521091319924711027e-02 5.809652372983440394e-01
1.403636957151666432e+18 -2.968999729548569277e-01 8.394459374457857948e+00 -6.794230163764800601e-01 -8.152882943287450557e-01 -1.279907806976043894e-02 -3.385603634997630049e-03 5.789038939401917050e-01
1.403636957651666432e+18 -4.390088920822465823e-01 8.505958995750674489e+00 -7.471423937675019111e-01 -8.128582122855768644e-01 -7.984517525230575008e-02 6.275782520461641034e-02 5.735396499671240322e-01
1.403636958051666432e+18 -5.178763179513019566e-01 8.575454655267378712e+00 -7.539075449874426127e-01 -7.994241266463070206e-01 -1.746253885079233348e-01 1.265017480338797851e-01 5.607355412033545594e-01
1.403636958651666432e+18 -9.855110845562951027e-01 9.028649843962814003e+00 -8.892796111486704902e-01 -7.809150317536802666e-01 -2.147754235431256209e-01 1.139143241588657096e-01 5.753840086189817571e-01
1.403636960851666432e+18 -1.194758518616606757e+00 8.996131995447703034e+00 -9.649097423499313209e-01 -7.688211711433404760e-01 -2.693435276599568939e-01 1.835757609840429905e-01 5.501527159694861169e-01
1.403636961251666432e+18 -1.347413015212072906e+00 8.948180268497772261e+00 -9.261533082491699709e-01 -7.417214670639578067e-01 -3.367614100137962252e-01 2.314825097728232806e-01 5.318428956856383616e-01
1.403636961751666432e+18 -1.480924778299076650e+00 8.888427507102161229e+00 -8.093564282683725075e-01 -7.117816032379669089e-01 -3.929226176769536893e-01 2.726287606178314227e-01 5.144437041055756055e-01
1.403636962151666432e+18 -1.593004827454955752e+00 8.808215907161175195e+00 -7.274239539719906666e-01 -6.698183107806198189e-01 -4.602663092740329476e-01 3.199819117937875435e-01 4.869393506537028071e-01
1.403636964651666432e+18 -1.691810261045091579e+00 7.603799470812267813e+00 -3.069830428142603651e-01 -5.774908617841314484e-01 -5.606244682326692041e-01 3.781663824445448130e-01 4.573780683017760751e-01
1.403636965351666432e+18 -1.494277697866350785e+00 6.964890297296983057e+00 -1.515074618941074647e-01 -5.467015654281116577e-01 -6.337745550242703807e-01 4.035983911595662499e-01 3.695342344298425674e-01
1.403636965651666432e+18 -1.456233313870255230e+00 6.505179171082406064e+00 8.079374742707523538e-02 -5.300726517342612132e-01 -6.059329715697745478e-01 4.349434374154705907e-01 4.033514895190615790e-01
1.403636967551666432e+18 -6.589251655253800521e-01 5.096538489897747048e+00 3.966479477043716173e-02 -5.397156371711768763e-01 -5.879825288851912024e-01 4.334581250816320064e-01 4.184466877863917134e-01
1.403636969251666432e+18 5.881613228820037342e-01 4.223792849761790258e+00 -1.362043132567780646e-02 -5.572931431848423545e-01 -5.991638900768785359e-01 4.160855012201980507e-01 3.966104399299614780e-01
1.403636969651666432e+18 9.328544285230848665e-01 3.971860376315850427e+00 5.495029870241685543e-02 -5.608416057800883481e-01 -5.999591771503692827e-01 4.108373916707409590e-01 3.958766431405698061e-01
1.403636970051666432e+18 1.214018665931499985e+00 3.714391390971218510e+00 4.274901082691617837e-02 -5.492665071355073980e-01 -5.886334784512036178e-01 4.278977864736249748e-01 4.107559086812609950e-01
1.403636970851666432e+18 1.669347366060406124e+00 3.197510249670433513e+00 6.077494052617082865e-02 -5.706911835354988582e-01 -6.097831232614616681e-01 4.049616969902999908e-01 3.721318846740825914e-01
1.403636971251666432e+18 1.747484050518423260e+00 2.935263967716204014e+00 7.070303551842016532e-03 -5.706270886362369010e-01 -5.824443240442185310e-01 4.442674854453787514e-01 3.711734587483944137e-01
1.403636972051666432e+18 1.928337725798491498e+00 2.791624643483638479e+00 -8.484396656441495210e-02 -5.710859332686116785e-01 -5.814368044512793210e-01 4.147982980714651213e-01 4.046411634636535859e-01
1.403636973551666432e+18 1.989377035912638814e+00 2.792127065991268253e+00 -2.594467388836216859e-01 -6.070478459864566689e-01 -5.426874191364697841e-01 3.887857750505960275e-01 4.310787618434804847e-01
1.403636974351666432e+18 2.004821903631516467e+00 2.806768492807874882e+00 -3.361995310568437478e-01 -6.635709189873137959e-01 -4.662851525867472979e-01 3.333621368646648153e-01 4.807509517999005166e-01
1.403636974751666432e+18 2.016623498029294748e+00 2.823341283115510691e+00 -3.735928572347791965e-01 -7.312883810126928896e-01 -3.764321912058715136e-01 2.759327275438479554e-01 4.973703238935684445e-01
1.403636975351666432e+18 1.951663632668973580e+00 2.947229787885079499e+00 -3.974970037634324438e-01 -7.654394297296756022e-01 -2.694271519835512718e-01 2.376964012853586272e-01 5.338650672268518971e-01
1.403636978051666432e+18 2.244116141920055263e+00 3.598005900768852516e+00 -7.535332206469756988e-01 -7.960024355142015784e-01 -2.130405856612597459e-01 1.494517123811447967e-01 5.464961273265445119e-01
1.403636978851666432e+18 2.272187566683079751e+00 4.200654466130799847e+00 -8.747365564594985488e-01 -8.060843130819478342e-01 -2.147308224758321393e-01 1.401870936495956399e-01 5.333538533245416602e-01
1.403636980651666432e+18 1.779271286412957842e+00 5.127528145908626378e+00 -9.691898518125215967e-01 -7.919987296770318874e-01 -1.968229430285634296e-01 1.530038675358044997e-01 5.573047261657020357e-01
1.403636981751666432e+18 1.521302444459220915e+00 5.538434751924842914e+00 -1.018105643376479685e+00 -8.182487832527558513e-01 -1.980082495549827515e-01 1.210712178918440796e-01 5.259310049918540786e-01
1.403636984051666432e+18 5.385746126390982269e-01 7.187062643862084599e+00 -1.035122207211284451e+00 -8.007783986607768245e-01 -1.905075789785333207e-01 1.197244236373448956e-01 5.550917770735982470e-01
1.403636984651666432e+18 1.428592705587368172e-01 7.629944983658802471e+00 -1.058314090669749685e+00 -7.963557816658181077e-01 -1.829820038079425504e-01 1.290616528750095360e-01 5.618524228363034334e-01
1.403636985351666432e+18 -3.338498969782541792e-01 8.058194495715635952e+00 -1.079015315201000913e+00 -7.885547636927675574e-01 -2.131821555258997525e-01 1.290420991033561227e-01 5.622124953091792721e-01
1.403636985851666432e+18 -8.651503970721368120e-01 8.280562384242522000e+00 -1.079727317503279327e+00 -7.776512784490560160e-01 -2.283419292390683752e-01 1.392607164350007920e-01 5.689682814849522652e-01
1.403636986651666432e+18 -1.381370391412924725e+00 8.285479730607669069e+00 -1.038562939561935128e+00 -7.852456957778015667e-01 -2.130198493636995538e-01 1.602862758524432607e-01 5.588560197518297468e-01
1.403636988051666432e+18 -2.031259254810260373e+00 8.021289635619675451e+00 -8.159233150100591025e-01 -7.690644927973826483e-01 -2.036608258097670765e-01 1.936029124541507884e-01 5.740905732008310114e-01
1.403636990551666432e+18 -5.642575824640703175e-01 6.592788580314914881e+00 -5.508201616708991999e-01 -7.808761166761508665e-01 -2.336718059376910461e-01 1.596385033522128016e-01 5.569071069415956199e-01
1.403636991651666432e+18 7.443832669007299785e-02 5.852921242650575451e+00 -4.372334783577551676e-01 -7.837520744957150454e-01 -2.128832712071961342e-01 1.536310239398175903e-01 5.628595802213814947e-01
1.403636992651666432e+18 5.243149086634173450e-01 5.299526077039356409e+00 -3.617649656131605163e-01 -7.808233007067862941e-01 -2.209707244260579739e-01 1.637055235227891647e-01 5.609700647878747004e-01
1.403636993551666432e+18 7.664938119732798150e-01 4.872730195145281940e+00 -2.241086707930650679e-01 -7.454604707506188310e-01 -2.960203946534412656e-01 2.159740124510226011e-01 5.567906594432885381e-01
1.403636994751666432e+18 1.397333055724703677e+00 3.938342675975193607e+00 -1.527207470589078131e-01 -7.498745529284355227e-01 -2.941676138023197051e-01 2.199754428597999467e-01 5.502402878732736147e-01
1.403636996051666432e+18 2.167146209290641501e+00 3.104462256812950294e+00 8.551194895041036581e-02 -7.477060436688068856e-01 -3.287062495496650971e-01 2.335812138631385704e-01 5.275677115767760661e-01
1.403636996851666432e+18 2.439741093596846433e+00 2.805404129194441154e+00 1.029217864319240672e-01 -7.100275333262092703e-01 -4.098342419000134407e-01 2.910679339232702389e-01 4.931290438886953842e-01
1.403636997351666432e+18 2.784453433727655636e+00 2.406348101207032908e+00 2.344513317254909301e-01 -7.036221461557942147e-01 -4.264688942937066019e-01 2.939099373095245271e-01 4.864741579875835331e-01
1.403636998751666432e+18 2.923529196576785338e+00 1.960482114876311854e+00 5.777681792305080499e-01 -6.920124305848595059e-01 -4.093633910791110719e-01 2.994528503933730490e-01 5.136812244491033574e-01
1.403637000651666432e+18 3.254763224068437655e+00 1.146585094885768985e+00 6.521620018472346070e-01 -6.945733446223618657e-01 -4.071705761608838681e-01 2.971835343356458159e-01 5.132854349859281573e-01
1.403637001851666432e+18 3.675335839814784400e+00 4.033932863554152704e-01 7.020150311631001561e-01 -7.036031184782988168e-01 -4.088575506821880978e-01 2.876092073369870272e-01 5.050337600326982868e-01
1.403637003151666432e+18 3.989967284815982396e+00 -2.462896147476736353e-01 7.243732377399302313e-01 -7.063794286908828823e-01 -3.972109341762284362e-01 2.885337411083388481e-01 5.099018108765804858e-01
1.403637003851666432e+18 4.131924135736895209e+00 -5.280539885496891017e-01 7.518030365556331862e-01 -7.092788500771745053e-01 -4.051482629760965737e-01 2.825347681776829711e-01 5.029438364384590798e-01
1.403637004251666432e+18 4.224618394176635761e+00 -7.379054905980146906e-01 7.414203740428779721e-01 -7.087537304419994078e-01 -4.049809115940043447e-01 2.873738140539572883e-01 5.010737488884450253e-01
1.403637004751666432e+18 4.356642675662454778e+00 -1.003702906161405561e+00 8.128659496825235697e-01 -7.222695092074008505e-01 -3.870475495115816011e-01 2.923791887953843815e-01 4.929861665865817311e-01
1.403637005351666432e+18 4.490946536644226939e+00 -1.172779651882051022e+00 6.993247689810216938e-01 -7.137463379553521392e-01 -3.987651882656286784e-01 2.825921171270021071e-01 5.016913244421121743e-01
1.403637006151666432e+18 4.590476992784276788e+00 -1.337596496800161905e+00 7.350071700727947022e-01 -7.245621197117592116e-01 -4.012287021326321201e-01 2.846315464624303293e-01 4.827112449717439469e-01
1.403637006751666432e+18 4.614895610421886119e+00 -1.375284346784681144e+00 6.911262980492159924e-01 -6.647705805520509603e-01 -4.674399212577337592e-01 3.371260809665724278e-01 4.753167373227804582e-01
1.403637007851666432e+18 4.669774470561950608e+00 -1.441789403999706121e+00 5.928447283424846947e-01 -6.595308657464105107e-01 -4.817217469615052705e-01 3.417187905008689519e-01 4.649639382261481213e-01
1.403637008351666432e+18 4.644888638764371080e+00 -1.491263313390432055e+00 5.987198818252786880e-01 -6.675185423315413979e-01 -4.635227442763321659e-01 3.497890786580206690e-01 4.660614354714248675e-01
1.403637009051666432e+18 4.615742271598132440e+00 -1.461135858939188736e+00 5.371740862403017180e-01 -6.667116749391036601e-01 -4.729778154144685942e-01 3.295914781673693894e-01 4.723949472053023402e-01
1.403637009351666432e+18 4.613233258747655441e+00 -1.433428533114264436e+00 5.109679046714955541e-01 -6.388000538584572841e-01 -4.762817210008478130e-01 3.771063264433759388e-01 4.721027769324009915e-01
