1.403715528712143104e+18 5.533561962592932204e-01 2.049621454133116583e+00 9.609782877669300616e-01 -4.183822742722688171e-01 7.073498986855050186e-01 -4.991321679437756287e-01 2.747352768177329096e-01
1.403715528812143104e+18 5.641052107076640620e-01 2.052621672804368469e+00 9.836106912132009938e-01 -4.158664703013310593e-01 7.067668672164837407e-01 -5.016372313984269748e-01 2.754918553406438542e-01
1.403715528912143104e+18 5.757536316347218186e-01 2.056566641412318486e+00 1.009371495468256441e+00 -4.143037395066956896e-01 7.055178080994443102e-01 -5.046386594494074451e-01 2.755664298756800301e-01
1.403715529012143104e+18 5.876325562367413768e-01 2.062525572988266553e+00 1.034762864592062792e+00 -4.162093314665789023e-01 7.051534663143542714e-01 -5.047801566211747026e-01 2.733594242503753491e-01
1.403715529212143104e+18 6.148673250955486447e-01 2.083584208190881970e+00 1.101319752801063645e+00 -4.298125702648091240e-01 7.002584171832089144e-01 -4.933607506427749589e-01 2.854723687708204394e-01
1.403715529312143104e+18 6.297956870720103906e-01 2.096425551153926925e+00 1.143643580901315682e+00 -4.445295060109969998e-01 6.954809243075620317e-01 -4.833984108745552621e-01 2.915918012802699577e-01
1.403715529412143104e+18 6.465790311807265711e-01 2.109114568322150163e+00 1.179667640343849966e+00 -4.612127219531413358e-01 6.876252033901912863e-01 -4.749446750773504422e-01 2.981307773223743629e-01
1.403715529812143104e+18 7.442061161078858955e-01 2.155195588614226665e+00 1.257439601517088557e+00 -4.925461131962479144e-01 6.604035687948915934e-01 -4.683767899837266713e-01 3.191999926421989486e-01
1.403715530012143104e+18 8.072948552338428119e-01 2.183717445792243250e+00 1.304184519940631004e+00 -4.935667754393266993e-01 6.532972130961315349e-01 -4.713035594605166634e-01 3.278224281270276652e-01
1.403715530312143104e+18 9.016223199190194215e-01 2.249814477262122026e+00 1.409636261346820740e+00 -5.024627891927403445e-01 6.436425789840384271e-01 -4.834247699039053159e-01 3.155247499623184959e-01
1.403715530512143104e+18 1.031706061216513426e+00 2.418297932144952256e+00 1.656317069945547393e+00 -5.071315261808675423e-01 6.437884899564934038e-01 -4.639076241187974348e-01 3.363684165278518767e-01
1.403715530912143104e+18 1.164101612614239389e+00 2.617340771048131565e+00 1.818280647747706258e+00 -5.464977443861623874e-01 6.323789960117112141e-01 -4.234317160826118198e-01 3.494890593414782809e-01
1.403715531312143104e+18 1.303212598201843875e+00 2.751457215329284889e+00 1.914231665525122805e+00 -5.354404409078274973e-01 6.338066085599631805e-01 -4.062444713822802589e-01 3.828291350687412775e-01
1.403715532312143104e+18 1.716808356032040184e+00 2.715135063479996447e+00 1.800864961735715308e+00 -4.513040430085605847e-01 6.550805620334576584e-01 -4.623922446544130316e-01 3.916472010540993365e-01
1.403715533412143104e+18 1.620600471042852764e+00 2.570218210696328498e+00 1.798963804147267087e+00 -4.353539063699850553e-01 6.748839163303634869e-01 -4.720405056087250140e-01 3.635607744953301412e-01
1.403715533912143104e+18 1.231349663917364445e+00 2.041586880841897322e+00 2.002384249588847531e+00 -4.265346313988891414e-01 7.019273960121213962e-01 -4.586962971527326904e-01 3.390631886882269908e-01
1.403715534312143104e+18 8.899497775058484716e-01 1.509842046208111910e+00 2.029247190391428646e+00 -4.520774321690553266e-01 6.871274206304233134e-01 -4.804585499572313068e-01 3.043706374048077423e-01
1.403715534512143104e+18 7.325498027227965725e-01 1.250127258410121289e+00 1.977491236675340325e+00 -4.381667340598753846e-01 6.966904677157415016e-01 -4.879781404769527597e-01 2.907054175174224597e-01
1.403715534712143104e+18 5.852267540502958942e-01 9.889331684791620170e-01 1.915548865839518111e+00 -4.095740231492612793e-01 7.211666930615450166e-01 -4.936213965621032429e-01 2.617358157304468524e-01
1.403715534912143104e+18 4.605352062026579207e-01 7.329489142838307991e-01 1.851709186223359449e+00 -3.735262724201794948e-01 7.503573083410034483e-01 -4.986755985108403122e-01 2.208272652572257078e-01
1.403715535312143104e+18 3.137693730952785254e-01 8.538372452863751683e-02 1.713508888796125618e+00 -3.117433335990640320e-01 7.893811611236528636e-01 -4.883533554497173079e-01 2.029888584149826258e-01
1.403715536012143104e+18 3.446477304590773172e-01 -9.458230363405837338e-01 1.553296418539150237e+00 -4.002501650381754539e-01 7.424803787445608538e-01 -4.891566667507821209e-01 2.219199133460334206e-01
1.403715536412143104e+18 4.662461184139548576e-01 -1.368709738979323687e+00 1.509336133134294489e+00 -4.355478572730213660e-01 7.137556952954062783e-01 -5.050727682311444422e-01 2.138980370400338227e-01
1.403715536712143104e+18 6.924621050244806897e-01 -1.714429299024290643e+00 1.502004900966285250e+00 -4.367849578824188339e-01 6.791326447473799988e-01 -5.431508245832409321e-01 2.301845632544192999e-01
1.403715536912143104e+18 9.510214248170010265e-01 -1.902225866878734406e+00 1.516386692896409150e+00 -4.377972204448605797e-01 6.276055639298582234e-01 -5.980335502374645174e-01 2.383290219117540354e-01
1.403715537212143104e+18 1.150980438403747419e+00 -1.831754424728366581e+00 1.573700027076764041e+00 -4.029822324554233060e-01 6.231445360217653384e-01 -6.051126627143504910e-01 2.883311862671296688e-01
1.403715537512143104e+18 1.201255933854946445e+00 -1.663498633310073860e+00 1.611264723292827883e+00 -3.978479715589704480e-01 6.864816082913159923e-01 -5.312456658788592412e-01 2.970488772729295013e-01
1.403715537812143104e+18 1.203206057788422934e+00 -1.279818244991854037e+00 1.714509327852143272e+00 -3.793649619742897050e-01 6.957942912114833955e-01 -5.277844002628591102e-01 3.056078480388376151e-01
1.403715538212143104e+18 1.059430195747097736e+00 -9.268492130137939711e-01 1.750238800027076103e+00 -3.458988379777174771e-01 7.247139013134142882e-01 -5.258002536234673840e-01 2.804957190729524541e-01
1.403715538912143104e+18 6.173055939970492068e-01 -4.173614454937548679e-01 1.684665951219574076e+00 -2.262590142388359038e-01 7.756497749258490781e-01 -5.699095060167976845e-01 1.495909090982474043e-01
1.403715539312143104e+18 2.771184748940016540e-01 -3.253951175039326849e-02 1.486200638398723406e+00 -8.884928922738345725e-02 8.160838425972146704e-01 -5.693264180878488956e-01 4.450163281064174747e-02
1.403715539512143104e+18 1.226714300896908361e-01 1.544907288943502266e-01 1.391509414582437376e+00 -3.955092854605724711e-02 8.236539437323763257e-01 -5.651856289817931422e-01 2.439487277488812736e-02
1.403715539812143104e+18 -1.662900190254440469e-01 4.807087135063090599e-01 1.409888035671617246e+00 -1.767552683020904777e-02 8.326479896931996416e-01 -5.529152526411935664e-01 2.587710199911599784e-02
1.403715540212143104e+18 -4.978182512997072484e-01 6.573071330601296669e-01 1.559161186955476452e+00 -2.819288052708588538e-02 8.475154636010744369e-01 -5.287647016429438684e-01 3.647726334430047984e-02
1.403715541012143104e+18 -1.230357959105219390e+00 3.347638807796611271e-01 1.751298853654021714e+00 -1.766673910984545640e-02 8.412911751683822548e-01 -5.394654273853118909e-01 2.990146432886211028e-02
1.403715541412143104e+18 -1.638032498685492389e+00 -6.124839593208575295e-02 1.796284890562750203e+00 -2.029234665036110455e-02 8.417773314782156513e-01 -5.393143021771782397e-01 1.179950609045415932e-02
1.403715541712143104e+18 -1.839788824995268746e+00 -2.959770919274302692e-01 1.807243291635105109e+00 4.497534153691944842e-02 -8.399053375312567349e-01 5.404043483460295727e-01 2.234687738468477125e-02
1.403715541912143104e+18 -2.003065487131070022e+00 -5.539088221226502462e-01 1.816497655626745589e+00 7.916009136521209855e-02 -8.239009429002898122e-01 5.586533457499504030e-01 5.317288317790502122e-02
1.403715542312143104e+18 -2.112556365539530301e+00 -1.044105114866297424e+00 1.870316063589166911e+00 -1.362017020777606113e-01 7.793817514117540313e-01 -6.112619040196298759e-01 1.928902827423654986e-02
1.403715542512143104e+18 -2.063455861387629042e+00 -1.349112581908413322e+00 1.914970155549226227e+00 -1.706397045387979261e-01 7.738356973043561959e-01 -6.017383739561332767e-01 9.985656774104141598e-02
1.403715543012143104e+18 -2.131316990548687507e+00 -1.545132620965912418e+00 1.750504399655553600e+00 -1.608052557492776757e-01 7.557061406026001071e-01 -6.322072293811098476e-01 5.799929221286332509e-02
1.403715544012143104e+18 -2.168721621249668274e+00 -1.386732511631522335e+00 1.649414225126435873e+00 7.845734674674202658e-02 -7.845544224498016694e-01 6.150488042442975312e-01 5.811312552191331623e-03
1.403715544312143104e+18 -2.170806892417915357e+00 -1.239800788851961766e+00 1.524193803950797399e+00 -1.990574292449766997e-02 -7.997858180614353385e-01 5.985874549886660567e-01 4.049031188588596286e-02
1.403715544512143104e+18 -2.155295084095546709e+00 -1.071202215071343389e+00 1.378844609440406543e+00 -9.834625777657506063e-02 -7.972914480697461670e-01 5.902924197204270085e-01 7.879860174389939631e-02
1.403715544712143104e+18 -2.106650448584601598e+00 -7.826310563258891406e-01 1.313194129867183868e+00 -1.271554680330586884e-01 -7.816666259528094463e-01 6.004354613531310836e-01 1.109325451366608845e-01
1.403715545512143104e+18 -1.864862444954061615e+00 1.118132584102822236e-01 1.367917494042641735e+00 -2.207570828276106401e-01 -7.811827056978916106e-01 5.736031013251196020e-01 1.095416489293899176e-01
1.403715545912143104e+18 -1.822767353862692286e+00 6.013021887677703070e-01 1.383537209867548246e+00 -1.380632301115540250e-01 -7.994504772846670049e-01 5.756108757106516149e-01 1.024187415666625578e-01
1.403715546212143104e+18 -1.809510687909151150e+00 8.547305317008615511e-01 1.402302534976345605e+00 -6.268803340272981195e-02 -8.099189791214305156e-01 5.805432575824299724e-01 5.541645786748539831e-02
1.403715546412143104e+18 -1.797194858729307843e+00 1.107373028462651066e+00 1.430037409039962348e+00 -1.838384156627786287e-02 8.154837531869898459e-01 -5.784759048113938817e-01 3.729639388154344041e-03
1.403715546812143104e+18 -1.768290990017732156e+00 1.582641950030585720e+00 1.480717152497904365e+00 -1.912815547279918260e-01 8.229859576066862470e-01 -5.235974993955466728e-01 1.093212652221772357e-01
1.403715547012143104e+18 -1.740447418300658855e+00 1.771939575646855669e+00 1.502192511863810198e+00 -2.794125512831274749e-01 8.023965352194447620e-01 -5.072840478670783693e-01 1.440531889021414158e-01
1.403715547212143104e+18 -1.684087915601918617e+00 1.925520403976023198e+00 1.523923337064453820e+00 -3.572158193885509592e-01 7.717257697193833366e-01 -4.937304591182033464e-01 1.818417676677147321e-01
1.403715547412143104e+18 -1.585604200879819903e+00 2.053247380261679300e+00 1.539098030067783007e+00 -4.172854440177598545e-01 7.495962765281717344e-01 -4.663521786794096458e-01 2.156245020097884713e-01
1.403715547812143104e+18 -1.234143627143124977e+00 2.257935163221068464e+00 1.554152355163068933e+00 -5.317597521180035258e-01 6.792209184973425629e-01 -4.190510650633934020e-01 2.833491040611583744e-01
1.403715548012143104e+18 -9.751381117581758851e-01 2.343465397066844425e+00 1.565688623531931389e+00 -5.510404399780161055e-01 6.371167088607662121e-01 -4.257369544659934113e-01 3.304312007079245328e-01
1.403715548212143104e+18 -6.875496241465031133e-01 2.426916878631172558e+00 1.569473908833684428e+00 -5.540772708775866251e-01 6.105680566274197529e-01 -4.441488222307183875e-01 3.506235158031005272e-01
1.403715548512143104e+18 -3.959541753100250805e-01 2.523201592761911360e+00 1.536222438610051810e+00 -5.521397870213010650e-01 6.095458990433348934e-01 -4.479586214069249395e-01 3.506116456347854737e-01
1.403715548712143104e+18 -1.056339623234493486e-01 2.633001954610683537e+00 1.487453138415593790e+00 -5.412354610535071719e-01 6.202362518590763818e-01 -4.437341210922281509e-01 3.542191374792016401e-01
1.403715548912143104e+18 1.833901564038398213e-01 2.751051359386010198e+00 1.441129021691912815e+00 -5.317934606748786486e-01 6.267956536152422542e-01 -4.454554606899027713e-01 3.548131287509300735e-01
1.403715549212143104e+18 8.599597107301701904e-01 3.059655491928119808e+00 1.353983061669526977e+00 -5.301341531202105051e-01 5.916045942747577557e-01 -4.512811944176791101e-01 4.065797182515002994e-01
1.403715550012143104e+18 1.586612019563016895e+00 3.219996913473043065e+00 1.281299648134905489e+00 -4.169085377365033818e-01 7.079372456727499596e-01 -4.380314710547775769e-01 3.648843073047644547e-01
1.403715550312143104e+18 1.704854502103091196e+00 3.097241690184103557e+00 1.327616250071029569e+00 -3.766913212189217375e-01 7.350378939800543687e-01 -4.709567685453801555e-01 3.098752411745782087e-01
1.403715550512143104e+18 1.800303762100343041e+00 2.928679981646055808e+00 1.394453590061772275e+00 -3.266537623247069422e-01 7.565133213903793008e-01 -5.035948549536063412e-01 2.595710619122761353e-01
1.403715550712143104e+18 1.879393234058404305e+00 2.740308108113127972e+00 1.421322823649936229e+00 -2.538406713217369881e-01 7.833150491777098878e-01 -5.172804374982655773e-01 2.332453564302088278e-01
1.403715550912143104e+18 1.928827655342199243e+00 2.526684829725959869e+00 1.402182993152540469e+00 -1.795635845606700087e-01 8.049341231990742029e-01 -5.262463481817679645e-01 2.071298081754867071e-01
1.403715551312143104e+18 1.871667673975034418e+00 2.004440294984125348e+00 1.453797027562145683e+00 -4.731405141513723295e-02 8.207846381908813216e-01 -5.552684326128937142e-01 1.255026931670003842e-01
1.403715551512143104e+18 1.755321142634426845e+00 1.720845169606362912e+00 1.500191962891588515e+00 1.578703864689981126e-02 8.172777324384378206e-01 -5.711779803226924024e-01 7.458949165624086108e-02
1.403715551712143104e+18 1.577735071300644165e+00 1.441326762741856227e+00 1.542086082328407048e+00 6.840131530249010661e-02 7.967929228567901534e-01 -6.003242706748317392e-01 7.284791620498989526e-03
1.403715551912143104e+18 1.374426040738883970e+00 1.208305415497737512e+00 1.584375457495701855e+00 -1.258510938431041948e-01 -7.691723325226536012e-01 6.246039325424809219e-01 4.904439328427515760e-02
1.403715552312143104e+18 9.580226454124495250e-01 9.259077171047105370e-01 1.642162670064871488e+00 -2.226945516438567640e-01 -7.343558951957587233e-01 6.160011812207131232e-01 1.779637620249239771e-01
1.403715552512143104e+18 7.822752930824078410e-01 8.789270248752449888e-01 1.667531448005301398e+00 -2.915616443333884922e-01 -7.031583334064462898e-01 6.068327889272308040e-01 2.287228278888639443e-01
1.403715552712143104e+18 6.493417053881858081e-01 8.883048138087084045e-01 1.684674973972648315e+00 -3.763249034534331128e-01 -6.650352614267772688e-01 5.865566207535833909e-01 2.684380724672251195e-01
1.403715552912143104e+18 5.455133164586269956e-01 9.729294800999125359e-01 1.687499264267976251e+00 -4.668716955594409690e-01 -6.253752331778564821e-01 5.519574644914353456e-01 2.937338846734920406e-01
1.403715553312143104e+18 4.116911697505236667e-01 1.346698837865091036e+00 1.660307044060634452e+00 -5.772328437033543702e-01 -5.158379255690170861e-01 4.953292712156068256e-01 3.941603630146078285e-01
1.403715553512143104e+18 4.107193842198588740e-01 1.626555199444776889e+00 1.629054694812528403e+00 -5.926978303348762189e-01 -4.642249412076385195e-01 4.546763273397672056e-01 4.758927644269405066e-01
1.403715553712143104e+18 4.891318834088639322e-01 1.916287401664058754e+00 1.586302419413805342e+00 -6.211792745433065699e-01 -4.603762080378046018e-01 3.960863364210019388e-01 4.952834239616469847e-01
1.403715553912143104e+18 6.197269571705386060e-01 2.190654576376172891e+00 1.546857057343967723e+00 -6.524539586233070176e-01 -4.851263608845050590e-01 3.408989272575372320e-01 4.719578024001649386e-01
1.403715554312143104e+18 8.278110334469730436e-01 2.709797802022962276e+00 1.474066420963490387e+00 -6.733748225767066664e-01 -5.398446731713543167e-01 2.724335946654896090e-01 4.253398801734232237e-01
1.403715554512143104e+18 8.376297018788027016e-01 2.943286915456745145e+00 1.403756943092401066e+00 -5.628208147654024662e-01 -5.964388992405619261e-01 2.260345428382935784e-01 5.257392465694364914e-01
1.403715554712143104e+18 7.511125214154688035e-01 2.883462120869086487e+00 1.275588060341089847e+00 -4.952514523352226639e-01 -5.866893703233807544e-01 2.437043179198497278e-01 5.925620534059097277e-01
1.403715555212143104e+18 7.208067292411726168e-01 2.499743079102132004e+00 1.335079483067326489e+00 -6.089709013843600527e-01 -5.219551915453064517e-01 3.438880203747509690e-01 4.883218700086633945e-01
1.403715555312143104e+18 7.109753304643439131e-01 2.287028328351119910e+00 1.361233603334872200e+00 -6.640566046572926595e-01 -4.834685596913938510e-01 3.921427042988979705e-01 4.141389586432354109e-01
1.403715555412143104e+18 7.017257491063154662e-01 2.092403868385849464e+00 1.370457519465541507e+00 -6.846496869068503521e-01 -4.623063785443660700e-01 4.146780255330453913e-01 3.815360451065669678e-01
1.403715555512143104e+18 6.841647767600029795e-01 1.785729433603822081e+00 1.401130530906065763e+00 -6.651004941871315745e-01 -4.680752857576795378e-01 4.093726686591530051e-01 4.134741559635670693e-01
1.403715555812143104e+18 6.821329959877491245e-01 1.564934777181806069e+00 1.479256142750538627e+00 -6.602401187531817817e-01 -4.842931278250701133e-01 4.002443356165469868e-01 4.115186796939642733e-01
1.403715555912143104e+18 6.906061230029820752e-01 1.371421982809940987e+00 1.661361168771762431e+00 -6.801685996385345989e-01 -4.783587066715419556e-01 4.193094617261348689e-01 3.643119530350641400e-01
1.403715556312143104e+18 7.105483732169042277e-01 1.538113946120190256e+00 1.849398608489451368e+00 -6.328046511158736953e-01 -5.317922435383948265e-01 3.771543075685777069e-01 4.177438348090665721e-01
1.403715556912143104e+18 6.853430457585178992e-01 1.790177795979066122e+00 1.794755843154008934e+00 -6.260467811057173204e-01 -5.602201412372953548e-01 3.469092929444491102e-01 4.169805315455596961e-01
1.403715557312143104e+18 5.058723483987931369e-01 2.027984850726806787e+00 1.748981650400614152e+00 -6.442458954335340549e-01 -5.566028366222171009e-01 3.422275618588266899e-01 3.975183069813364445e-01
1.403715558412143104e+18 -5.787037870053052258e-01 2.578504431942390873e+00 1.862439471328635632e+00 -6.052703235830672046e-01 -5.082041778288607370e-01 3.714217574987802584e-01 4.872599173782481974e-01
1.403715558812143104e+18 -1.009723046476643571e+00 2.646324271567935593e+00 1.848767736342938228e+00 -5.400427749582171755e-01 -5.655634976473077336e-01 4.067413719235685732e-01 4.722850703866311450e-01
1.403715559312143104e+18 -1.082243531476981824e+00 2.538526666810660526e+00 1.829876182965875397e+00 -5.015920638467767922e-01 -6.346829214322586843e-01 4.254982553992380234e-01 4.056281861265923494e-01
1.403715559712143104e+18 -1.093949375043304917e+00 2.345462831500562118e+00 1.705335749288308111e+00 -4.521042678613655386e-01 -6.839519114301462199e-01 4.340158496106198416e-01 3.734190087815028036e-01
1.403715560412143104e+18 -1.073976502180844506e+00 1.912986327959986799e+00 1.661461690205349395e+00 -3.817403048138053867e-01 -7.326530789823456624e-01 4.839895898697368914e-01 2.885270913381891567e-01
1.403715560812143104e+18 -1.070078033004650431e+00 1.494382551702484685e+00 1.672969389612973590e+00 -2.919581012995349778e-01 -7.718481605402415235e-01 5.115911083219296662e-01 2.393437319884426095e-01
1.403715561012143104e+18 -1.061701128185309928e+00 1.263636988624214919e+00 1.681845411665424672e+00 -2.400830139569830324e-01 -7.905492447603323924e-01 5.247567056151944964e-01 2.049937509537487490e-01
1.403715561212143104e+18 -1.042468293738096019e+00 1.016718058059919549e+00 1.694137149906554285e+00 -2.123286339869829564e-01 -7.988531183940686953e-01 5.416553645533330741e-01 1.528388447741255707e-01
1.403715561412143104e+18 -1.038377571675877409e+00 7.712874059675356442e-01 1.700468905664598296e+00 -1.884145229965154544e-01 -8.015832461597584002e-01 5.553004825512189990e-01 1.166432213133839491e-01
1.403715561912143104e+18 -1.034187617953555183e+00 1.098904591977236667e-01 1.728783285581066531e+00 -4.453885533034873667e-02 -7.790454571008046392e-01 6.205463617913140606e-01 7.763168814359426573e-02
1.403715562312143104e+18 -7.669829316132775743e-01 -2.317937732244166327e-01 1.773449749463248404e+00 2.203619823141425918e-02 -8.087258456832964182e-01 5.833937250826957133e-01 7.161476122615435813e-02
1.403715562812143104e+18 -5.808070123069373203e-01 -3.038098390601253751e-01 1.788746662082309591e+00 1.416943797818497920e-02 -8.167505657245950346e-01 5.766472564486526675e-01 1.398863989736272295e-02
1.403715563012143104e+18 -3.853565113412196208e-01 -3.693358937715680579e-01 1.798059431762030869e+00 -4.340375997945650904e-02 8.115335871685060987e-01 -5.822606507171048662e-01 2.240279320880445707e-02
1.403715563212143104e+18 -1.895671736025830167e-01 -4.238463977575788189e-01 1.805092027740456739e+00 -1.056403727357194122e-01 7.883989759367588945e-01 -6.031080372862169803e-01 5.939580583588940921e-02
1.403715563412143104e+18 8.004540706768481506e-03 -4.396822496847543338e-01 1.806212056609275196e+00 -1.851729898041777067e-01 7.671481036671679021e-01 -6.046616722426579882e-01 1.076058223683217657e-01
1.403715563812143104e+18 3.654941859463263221e-01 -3.614542161842253520e-01 1.709341014544839776e+00 -3.142150954306842103e-01 7.137083424720758185e-01 -5.910009277287672225e-01 2.064150651308765128e-01
1.403715564012143104e+18 5.228442565364073147e-01 -2.468179727045025640e-01 1.606645129952867901e+00 -3.576796034022268200e-01 6.977095599269583781e-01 -5.515227392417264562e-01 2.847618994807042392e-01
1.403715564212143104e+18 6.341655426804234663e-01 -1.098366385482565377e-01 1.510565460028864271e+00 -4.148897226563687535e-01 6.682526620922366600e-01 -5.132176829488516168e-01 3.433839069458154980e-01
1.403715564412143104e+18 6.895655649496859052e-01 2.830543462251333686e-02 1.455418725908827815e+00 -4.986052446161192697e-01 6.296512690791178368e-01 -4.623984417282783754e-01 3.756591147245282314e-01
1.403715564812143104e+18 7.364393483080957648e-01 2.700659482004994505e-01 1.536615784691055975e+00 -6.361193289081191748e-01 5.053348688421805956e-01 -3.888749306253281857e-01 4.344711245329038185e-01
1.403715565012143104e+18 7.453482406701562590e-01 4.045456749585927270e-01 1.661646108863417348e+00 -6.789238065871028294e-01 4.369571843072161954e-01 -3.559688531890906060e-01 4.705497417817069983e-01
1.403715565212143104e+18 7.327478229802135701e-01 5.487807460614890775e-01 1.775766472200063673e+00 -7.096414918568234587e-01 3.804448135752252491e-01 -3.017632031368387979e-01 5.104994281010792889e-01
1.403715565412143104e+18 6.994750690803734905e-01 6.905587201674736608e-01 1.842514381719631889e+00 -7.227727914003101439e-01 3.201506312907873020e-01 -2.603157702344373048e-01 5.543814256112534755e-01
1.403715565812143104e+18 5.549049782560946387e-01 8.769307567309216900e-01 1.949007972049365156e+00 -7.762071231662234227e-01 1.622305234025492870e-01 -1.404470419861457153e-01 5.928392595129745590e-01
1.403715566012143104e+18 4.474693500343186470e-01 9.095180310903595577e-01 2.012910344243370453e+00 -7.925203493612484884e-01 6.220011930896598290e-02 -6.614725545000985085e-02 6.030482415219422521e-01
1.403715566212143104e+18 3.383820435995567033e-01 9.086632123744637912e-01 2.079065645174742460e+00 -7.947572862418306183e-01 -3.552184042512764039e-02 5.065963715406761325e-03 6.058658191629288092e-01
1.403715566412143104e+18 2.275044690064562669e-01 8.750112873902813337e-01 2.124804595241894578e+00 -7.849417388414724472e-01 -1.258881943627055966e-01 6.998223353355947918e-02 6.025953170530596870e-01
1.403715566812143104e+18 2.644608914725932181e-02 7.051087598290501912e-01 2.104015076093991521e+00 -7.359943061595187741e-01 -2.921117748542870207e-01 1.979212919809350546e-01 5.777631473820776797e-01
1.403715567012143104e+18 -4.500699417657605395e-02 5.634342188191225897e-01 2.098521722991151695e+00 -6.979243981379360529e-01 -3.831623724339721093e-01 2.779489770968480156e-01 5.374313881467901455e-01
1.403715567212143104e+18 -9.906359964499278359e-02 3.856129732687605394e-01 2.089170026270962932e+00 -6.461708904967236045e-01 -4.808695342271047113e-01 3.499306462538553375e-01 4.783055656578100723e-01
1.403715567412143104e+18 -1.243505689751068788e-01 2.010645079722439554e-01 2.060074109429655298e+00 -5.723768876902078917e-01 -5.829566662111841380e-01 3.979806263326811089e-01 4.173219917783624888e-01
1.403715567812143104e+18 -1.399656953841732498e-01 -1.472643614683031288e-01 1.896384715952307731e+00 -3.923927245448154411e-01 -7.080668153272234866e-01 5.006569296032008509e-01 3.066137204969071051e-01
1.403715568012143104e+18 -1.264418867416936543e-01 -3.173639535276073786e-01 1.820124439258062887e+00 -2.940501568598697935e-01 -7.458358644300133733e-01 5.415752545291049325e-01 2.529023769408974553e-01
1.403715568212143104e+18 -8.051235188715544222e-02 -4.806255386276854225e-01 1.755896287798614841e+00 -2.032431387416577251e-01 -7.703041800097127911e-01 5.738262288200713934e-01 1.898608857351573864e-01
1.403715568412143104e+18 -6.224785386348186123e-03 -6.244412788663009639e-01 1.696710260304682194e+00 -1.152255736359702187e-01 -7.864563255424359411e-01 5.939567731076070833e-01 1.241968875380946580e-01
1.403715568812143104e+18 2.151832585755610872e-01 -8.267238893659840659e-01 1.630854545505245223e+00 -6.157282452221245900e-02 7.974959524170185388e-01 -6.001617400838018535e-01 3.857317515087686777e-03
1.403715569012143104e+18 3.532230581562619820e-01 -8.882485860452513649e-01 1.607707075417503351e+00 -1.345147690411371277e-01 7.983904439147793131e-01 -5.839025583279824350e-01 5.946661545277791977e-02
1.403715569212143104e+18 5.005622120499161332e-01 -9.369738445710156238e-01 1.586166766418185992e+00 -1.892281477252943933e-01 7.837071533482506958e-01 -5.805774863937231967e-01 1.136907568449671141e-01
1.403715569412143104e+18 6.457219956982918063e-01 -9.714930707367424034e-01 1.578182185610281341e+00 -2.321218455380629209e-01 7.561160942940075014e-01 -5.928195162395342166e-01 1.515682088668458827e-01
1.403715569812143104e+18 9.230582909085472965e-01 -9.247046128420275402e-01 1.564937070527883112e+00 -3.389015864269959155e-01 7.203915551478596857e-01 -5.623043555586689779e-01 2.235968105959111885e-01
1.403715570012143104e+18 1.047525960131861167e+00 -8.465467368778294421e-01 1.563557603855380229e+00 -3.971798845249457366e-01 6.848229705376878140e-01 -5.464935720318041534e-01 2.731490693387167434e-01
1.403715570212143104e+18 1.146604057735351789e+00 -7.378223957724583393e-01 1.556789889902696622e+00 -4.580826901558195385e-01 6.426562839265579363e-01 -5.218164833339123954e-01 3.238220304895022550e-01
1.403715570412143104e+18 1.218628773396840170e+00 -5.979467821863115873e-01 1.544860604694182848e+00 -5.182803868696261862e-01 5.886702679471571553e-01 -4.913980886318713992e-01 3.786564071955427213e-01
1.403715570812143104e+18 1.245976628014232590e+00 -3.527193396394976421e-01 1.508967414566782184e+00 -6.155671369113142610e-01 4.998567138518182906e-01 -4.177074589669254601e-01 4.435547816171784286e-01
1.403715570912143104e+18 1.237132199386546727e+00 -2.681126263511039998e-01 1.495228242540031838e+00 -6.446528674509036660e-01 4.684137213330240024e-01 -3.888601630743199200e-01 4.623840824769906988e-01
1.403715571012143104e+18 1.199034679160434269e+00 -9.089874685384402575e-02 1.465908874414787233e+00 -6.874159208325784087e-01 4.206599342957046961e-01 -3.338734975730822674e-01 4.889100725926481816e-01
1.403715571212143104e+18 1.151441142495464698e+00 7.718696669593616555e-02 1.444593858593416602e+00 -6.896279160231491012e-01 3.883314971225687029e-01 -3.189177653699261650e-01 5.214436160464192005e-01
1.403715571512143104e+18 1.030770336979284441e+00 2.991414238107708012e-01 1.409735996695481441e+00 -7.040147270507588484e-01 3.970843607021820043e-01 -2.898314614077231455e-01 5.125280466078405706e-01
1.403715571712143104e+18 9.429289001174320228e-01 4.229922593306199019e-01 1.352834230379607039e+00 -7.084195079807369400e-01 4.525906144698683686e-01 -2.111200807018657755e-01 4.987302356289977090e-01
1.403715571912143104e+18 1.017117152709453798e+00 5.478164415731061609e-01 1.215957442773387021e+00 -7.534671447754015539e-01 4.549310992799192044e-01 -2.032548150871777981e-01 4.289667082604964321e-01
1.403715572312143104e+18 1.205812762820454687e+00 6.067727701977345678e-01 1.166561482898632152e+00 -7.583760292338391773e-01 3.562312850206639236e-01 -2.841602491959293042e-01 4.660665431383685942e-01
1.403715572512143104e+18 1.391908113417962944e+00 7.083165057217026828e-01 1.119792526233554186e+00 -7.560167119005845038e-01 2.923775848875996286e-01 -2.861054845305518457e-01 5.109772312969154129e-01
1.403715572712143104e+18 1.577887130692602558e+00 9.084837002453469701e-01 1.069110096806528354e+00 -7.813821699243436170e-01 2.253839561793609947e-01 -2.221105043060347672e-01 5.378762875403441113e-01
1.403715573012143104e+18 1.647411022892180998e+00 1.063644136221115755e+00 1.092932656363698518e+00 -7.894855862833484172e-01 1.806848531551218662e-01 -1.709685381543376292e-01 5.611018195056205471e-01
1.403715573212143104e+18 1.687030662419783722e+00 1.211109709420420621e+00 1.144046959393742791e+00 -8.005134775644057177e-01 1.346409005872299114e-01 -1.171053004162269373e-01 5.721331564777787371e-01
1.403715573412143104e+18 1.734688168576196787e+00 1.408894927774346773e+00 1.211937600786540115e+00 -8.170698373576606999e-01 6.925699537828965135e-02 -3.039539657291165722e-02 5.715561821366932360e-01
1.403715573712143104e+18 1.804041367231878690e+00 1.601145177456722024e+00 1.265198869964953232e+00 -8.369639850814010185e-01 -3.348842275408228653e-02 4.263039561593131958e-03 5.462157446575489628e-01
1.403715574012143104e+18 1.855612850032948291e+00 1.838148009332391863e+00 1.331914017175709564e+00 -8.340047707968102353e-01 -1.396673131132772361e-01 7.872323934009471669e-02 5.279505048048347415e-01
1.403715574312143104e+18 1.881035242286375642e+00 2.031825699401745844e+00 1.372051675417867989e+00 -7.971091327646920854e-01 -2.220751114753521660e-01 1.031142817739424539e-01 5.519665933918231904e-01
1.403715575012143104e+18 1.611166946869313499e+00 2.693650682015259257e+00 1.488008724851948683e+00 -7.496829159380036245e-01 -2.839453508103915169e-01 1.773434338959978263e-01 5.708764049755706838e-01
1.403715575312143104e+18 1.364864850319185141e+00 2.874782628004627583e+00 1.556521591060568754e+00 -7.539936906158032359e-01 -2.800014045577254862e-01 1.335603957499855998e-01 5.790115272119962242e-01
1.403715575812143104e+18 1.031181988471592259e+00 2.873265928615230891e+00 1.642404418046060632e+00 -7.610010018559889566e-01 -2.645654546093302306e-01 1.221469386149492686e-01 5.796229125807014215e-01
1.403715576312143104e+18 6.069945109170340469e-01 2.717817391138470651e+00 1.717685730104676178e+00 -7.578901511398495883e-01 -2.417475449295252432e-01 1.584077609898853489e-01 5.848654756300241120e-01
1.403715576512143104e+18 4.027723191464745445e-01 2.602948069411898935e+00 1.764648791177728437e+00 -7.355586788993100367e-01 -2.360619139067105798e-01 1.632732930412184591e-01 6.136530245000662021e-01
1.403715576912143104e+18 1.423220333871194621e-01 2.332404133372451671e+00 1.834815851222585836e+00 -7.599579785920325126e-01 -2.219035484094196986e-01 1.375451168029811766e-01 5.952344301376347735e-01
1.403715577712143104e+18 -4.337052655930416778e-01 1.380055523437038190e+00 1.816958823581534821e+00 -7.932672138886666113e-01 -1.571168516258091008e-01 1.180810299572752631e-01 5.762797000317947393e-01
1.403715578012143104e+18 -6.217687927319762720e-01 9.036026451903347301e-01 1.756447731477640994e+00 -8.161383096461646280e-01 -9.023038116342967097e-02 1.335049717205177844e-01 5.549352758375584171e-01
1.403715578212143104e+18 -6.501591625480068748e-01 7.011847626980642900e-01 1.663306030713745942e+00 -8.341793641807877524e-01 -3.067589104211720583e-02 1.140627205627976620e-01 5.386960867330690128e-01
1.403715578412143104e+18 -6.154316837328798195e-01 5.431675540789813184e-01 1.567998671155668822e+00 -8.402538415791586113e-01 8.896980084668024841e-03 4.755401165467627173e-02 5.400305004649145202e-01
1.403715578812143104e+18 -4.479927459441538362e-01 3.988026864183327191e-01 1.330361808041962357e+00 -8.696447764555537141e-01 3.365752889711854517e-02 -6.251467121853250541e-02 4.885458519059888705e-01
1.403715579412143104e+18 -5.106999955132944802e-01 7.059917736998910787e-01 1.268380834130981683e+00 -8.227206486605324054e-01 -6.729097703196519967e-03 -1.224881204691457698e-01 5.550514515390712056e-01
1.403715579712143104e+18 -6.749837947424099927e-01 8.626423938182736784e-01 1.259869614073186650e+00 -8.249854599800964250e-01 1.031335860400878907e-02 -9.401113169488742316e-02 5.571844690703254832e-01
1.403715579812143104e+18 -7.764000240897338534e-01 9.461005343604098616e-01 1.263913943825865749e+00 -8.205245416188011731e-01 1.054204471165363748e-02 -8.738985379141429866e-02 5.647931969746701197e-01
1.403715579912143104e+18 -8.876753687888550015e-01 1.030551941706711494e+00 1.276808945868945999e+00 -8.169667011765321396e-01 8.944024185519127909e-03 -8.956824547425711047e-02 5.696164876500390273e-01
1.403715580012143104e+18 -1.009253541015574740e+00 1.115498103240118999e+00 1.296334543536158623e+00 -8.142870184763703056e-01 2.283197715777755821e-02 -8.479059761656322636e-02 5.737821075249350811e-01
1.403715580412143104e+18 -1.537371239019791780e+00 1.442389915693456981e+00 1.284208110533750613e+00 -7.979941257934179966e-01 1.366713807618651078e-01 -1.069204078011644632e-01 5.771432536861855755e-01
1.403715580812143104e+18 -2.039006825248349752e+00 1.697932111740186434e+00 1.259767940981000756e+00 -7.855769122779465707e-01 2.506455164499564736e-01 -8.826753865230702045e-02 5.587974423703508942e-01
1.403715581012143104e+18 -2.209334638181975841e+00 1.938986082280078183e+00 1.279252458988909380e+00 -8.010324886764128571e-01 2.271348798986482509e-01 -9.999020914202080834e-02 5.447555933572725273e-01
1.403715581712143104e+18 -2.047048570754315566e+00 2.062165167355238360e+00 1.223133811303262597e+00 -8.207270010244395175e-01 6.010379464892751100e-02 -1.062035540813117268e-01 5.581357619421345451e-01
1.403715582012143104e+18 -1.993755614931721487e+00 2.176815633052661347e+00 1.262187579595073883e+00 -7.976269343736175355e-01 -2.276917328906946647e-03 -3.308703692809141644e-02 6.022386048706453998e-01
1.403715582412143104e+18 -2.031305751159109718e+00 2.431924565977431119e+00 1.238176651600307654e+00 -8.541561047881884861e-01 -4.201852207067250343e-03 -3.215851086922209140e-02 5.190043576597147545e-01
1.403715583212143104e+18 -2.106750101903682282e+00 2.648037303840388379e+00 1.165173637276536667e+00 -8.202711987688059425e-01 1.575280238614433503e-02 -2.779427567701846583e-02 5.710818574661242764e-01
1.403715583412143104e+18 -2.190879740422436939e+00 2.859454837888190326e+00 1.089936732147781973e+00 -7.569116740737965587e-01 2.665295174880469298e-02 -9.971210677615865645e-03 6.528973217677501717e-01
1.403715583712143104e+18 -2.298206380303552621e+00 2.500907219404077786e+00 1.115455134378430913e+00 -7.490467867316812356e-01 3.855464589746617626e-02 2.885124754433295718e-02 6.607647509377294615e-01
1.403715584312143104e+18 -2.280350964760651244e+00 2.128452575036257510e+00 1.196749439512729829e+00 -8.133208505395345123e-01 4.041063048129894808e-02 3.572145581149954729e-02 5.793100660410270830e-01
1.403715584512143104e+18 -2.222729793886588645e+00 1.760405154324482524e+00 1.227028389794915464e+00 -8.376276375798248353e-01 3.339104451954452712e-02 2.692802642764568002e-02 5.445547358172978525e-01
1.403715584712143104e+18 -2.132806787786627467e+00 1.433607672347857021e+00 1.252430273511177194e+00 -8.487672016559404398e-01 1.023105971302572942e-02 -6.844651117334332562e-03 5.286234137468510674e-01
1.403715585012143104e+18 -2.040548538188128092e+00 1.159908114029683412e+00 1.283834708637076272e+00 -8.610638499640208554e-01 -4.250938312245350348e-03 -3.405984258760695604e-02 5.073370703304762586e-01
1.403715585712143104e+18 -1.924351760822271551e+00 6.886605805298340321e-01 1.484368230385869625e+00 -8.020517755232551282e-01 1.327022079510976338e-01 -5.311383132878937791e-02 5.798982620309138802e-01
1.403715588312143104e+18 -1.741605042845012719e+00 5.041223488444472878e-01 1.428875054526179245e+00 -7.507376601680521011e-01 2.448967294907661851e-01 -1.733908344485134700e-01 5.885186284387038391e-01
1.403715588512143104e+18 -1.660317385203288865e+00 3.601048897570233720e-01 1.353670948759796877e+00 -7.335465326783257023e-01 3.004498861562584500e-01 -2.137752049262710563e-01 5.709111244870151980e-01
1.403715588712143104e+18 -1.591098244884611601e+00 1.856974374539246408e-01 1.277351553873705248e+00 -7.331029695807029789e-01 3.551823864402051667e-01 -2.427203157608020800e-01 5.267754328663895036e-01
1.403715588912143104e+18 -1.519668217579214886e+00 2.850348837950544834e-03 1.192642655386041195e+00 -7.427334359882863390e-01 4.075421948841616016e-01 -2.680205502583590249e-01 4.587171100942722402e-01
1.403715589312143104e+18 -1.266732639444560604e+00 -2.532118622175372202e-01 1.147113816791673901e+00 -7.172970054586959021e-01 4.903263167663186040e-01 -3.021108351481894272e-01 3.921659754905144624e-01
1.403715589512143104e+18 -1.051102123417958722e+00 -3.147746225594110214e-01 1.175964523839370113e+00 -7.046409810691871556e-01 5.222469791088328872e-01 -3.111315616854257171e-01 3.659731300693262468e-01
1.403715589712143104e+18 -7.528037526999565854e-01 -3.300578603502679620e-01 1.259630867827315370e+00 -6.834106480393258298e-01 5.179531115605577885e-01 -3.402028139289376418e-01 3.859229272355268470e-01
1.403715589912143104e+18 -4.089793502203205033e-01 -3.030369949078071112e-01 1.380862701556329508e+00 -6.509070361546014372e-01 4.955957002071650908e-01 -3.735634278754731974e-01 4.372131031596928064e-01
1.403715590512143104e+18 3.813785003389434936e-01 -1.630364997250006720e-01 1.609707646278494941e+00 -6.976282314209431012e-01 4.313595201813300029e-01 -3.717521631726020126e-01 4.347920701322772752e-01
1.403715590812143104e+18 9.000616502330538449e-01 1.332997019686075202e-01 1.766726959624020710e+00 -7.525590604226787272e-01 3.409070864120489763e-01 -2.749303900778201637e-01 4.917829802071643774e-01
1.403715591012143104e+18 1.134341615747267218e+00 3.282328276585879667e-01 1.838738626340821192e+00 -7.807739944303080382e-01 2.720568044173868327e-01 -2.256534705205232860e-01 5.152257524945593747e-01
1.403715591212143104e+18 1.346843505725398016e+00 5.375715834663561399e-01 1.899580688344662427e+00 -8.117508780974436178e-01 1.813282714341298008e-01 -1.893734080154134691e-01 5.218412423557258206e-01
1.403715591412143104e+18 1.527332998744671322e+00 7.697162722475732188e-01 1.953448271655191082e+00 -8.292680431896591875e-01 9.806690121610311950e-02 -1.436798358591276636e-01 5.310870928555493364e-01
1.403715591812143104e+18 1.768750624565907703e+00 1.296993498712799564e+00 1.935528435093971655e+00 -8.327033444628867409e-01 -3.855889904255996314e-02 -4.822783994160283888e-02 5.502657784012341402e-01
1.403715592012143104e+18 1.831880580249282797e+00 1.722963930378302866e+00 1.808046223325137314e+00 -8.111764634699771825e-01 -1.535735044691800832e-01 -6.125490609848216993e-03 5.642432119238872668e-01
1.403715592312143104e+18 1.783064424515163671e+00 1.987266221540009870e+00 1.761044955682440571e+00 -7.845165920562956474e-01 -2.294775718678111198e-01 3.488136893882375772e-02 5.750278696715340754e-01
1.403715592512143104e+18 1.654690417773343469e+00 2.215327647551616153e+00 1.751890680984869997e+00 -7.569538411925967880e-01 -3.043721323527706635e-01 7.368738432560997809e-02 5.735404578075119497e-01
1.403715592712143104e+18 1.452660401634408682e+00 2.379554483002359166e+00 1.744954062788511395e+00 -7.283672132826227719e-01 -3.713889417838220353e-01 1.234393116554828723e-01 5.624181654904290006e-01
1.403715592912143104e+18 1.185479460456922762e+00 2.476481172919415830e+00 1.749896273319721418e+00 -7.217510093988559472e-01 -3.991896039112447503e-01 2.245621368229835102e-01 5.189364000206689864e-01
1.403715593312143104e+18 6.334759368598814611e-01 2.609319240502277815e+00 1.742141963525054793e+00 -6.387407923593513281e-01 -5.106684318032812531e-01 3.268954511359995485e-01 4.736742730635865040e-01
1.403715593512143104e+18 3.651322691377109630e-01 2.648868531957591088e+00 1.731319347498998074e+00 -5.812590856001337292e-01 -5.708912055757583426e-01 3.492507574620323241e-01 4.628660877789064765e-01
1.403715593712143104e+18 1.062206406140434600e-01 2.646635445623106264e+00 1.733176318907608371e+00 -5.212960862867295209e-01 -6.057721415724360847e-01 3.994530248462257460e-01 4.491411625069376412e-01
1.403715593912143104e+18 -1.196318003830010301e-01 2.594779644179616263e+00 1.729910159339088871e+00 -4.657265074445834374e-01 -6.550988277413665184e-01 4.304274614751534278e-01 4.107025037218705599e-01
1.403715594312143104e+18 -5.522368055624121697e-01 2.300577037796542879e+00 1.723371104439579415e+00 -3.279401973049746455e-01 -7.495530942681194464e-01 4.881451977109136919e-01 3.038744013839191904e-01
1.403715594812143104e+18 -7.595651099817510854e-01 1.906111358852411453e+00 1.724607275268055018e+00 -2.111217074524673887e-01 -8.190688327374283650e-01 5.028167381496607691e-01 1.781269202479991154e-01
1.403715595012143104e+18 -8.407686658214698072e-01 1.647770222092619141e+00 1.721111605972440950e+00 -1.495844164126600984e-01 -8.373368321699041772e-01 5.125327766186216216e-01 1.174805717970423685e-01
1.403715595212143104e+18 -9.290534787783805148e-01 1.358566407755936289e+00 1.718499684735938615e+00 -8.545282625242378582e-02 -8.368530985035207426e-01 5.374686829058518134e-01 5.917872004342661363e-02
1.403715595412143104e+18 -1.021764133039625433e+00 1.050005980350355639e+00 1.711263809138697578e+00 -1.084795949553279786e-02 -8.250614192318197482e-01 5.648748232559490656e-01 8.509425451792390974e-03
1.403715595812143104e+18 -1.174834337410703533e+00 4.731528324537717101e-01 1.694964004634918586e+00 -1.873200596340633406e-01 7.428125835870982296e-01 -6.426356793391804212e-01 1.265087204983987232e-02
1.403715596012143104e+18 -1.148577490979046489e+00 2.832422389978526134e-01 1.771725494868171324e+00 -2.378628064443829293e-01 7.120071536496346276e-01 -6.543357946356838095e-01 9.116888899528974299e-02
1.403715596412143104e+18 -1.101935042549249788e+00 3.700380259715772002e-01 1.831597043400741365e+00 -2.604978575171940647e-01 7.856051892011225446e-01 -5.508148139296054069e-01 1.075564674248561531e-01
1.403715596812143104e+18 -6.635927870364100034e-01 4.934777601793358670e-01 2.004740397745818914e+00 -3.376550614408843631e-01 8.257259807054160294e-01 -4.209820271801859581e-01 1.641334733157536474e-01
1.403715597212143104e+18 -3.895260884251492417e-01 3.847948964910132830e-01 2.057111781059209221e+00 -3.323820548556989940e-01 7.935391629434744853e-01 -4.647051269640040116e-01 2.094442920163790411e-01
1.403715597412143104e+18 -8.672577732955666363e-02 2.324225525030632067e-01 2.108727593216485285e+00 -3.391234181173701234e-01 7.464725767604933893e-01 -5.101265935820878950e-01 2.598939359609530042e-01
1.403715597912143104e+18 7.006893701962293441e-01 -2.565489818516186737e-01 2.186263435641499164e+00 -4.215134154598070282e-01 6.732765823134748695e-01 -5.181119286182065409e-01 3.171515626939543364e-01
1.403715598312143104e+18 9.957919231238022695e-01 -4.668605696624428258e-01 2.163571066028740830e+00 -4.020939803594222872e-01 6.401879242814245696e-01 -5.574671785348590536e-01 3.430891974681529177e-01
1.403715598512143104e+18 1.119380786284375429e+00 -6.363164679574500049e-01 2.059979741528190633e+00 -4.102927555890894529e-01 6.693152884919599810e-01 -5.323609507026345611e-01 3.166523605928486806e-01
1.403715599012143104e+18 9.764859045910503355e-01 -6.531973886415747277e-01 1.875447247272976403e+00 -4.095352827326045886e-01 6.980535254092214981e-01 -4.949237200601241393e-01 3.163109849226405923e-01
1.403715599812143104e+18 7.942936237654427689e-01 -7.001398548357278262e-01 1.710179561340185561e+00 -3.899942801652782065e-01 6.929525561721050497e-01 -5.015610508362601250e-01 3.408192022420948319e-01
1.403715600012143104e+18 5.121547769077837708e-01 -7.977290968538621740e-01 1.533641834012474447e+00 -4.566461599685502915e-01 6.714627355489243277e-01 -5.172649025505884346e-01 2.702759699722913633e-01
1.403715600412143104e+18 3.263474235455122718e-01 -7.699156972827940759e-01 1.411060865494337735e+00 -5.330875735145029770e-01 6.316928933124265066e-01 -4.798732878556467574e-01 2.941145271923957805e-01
1.403715600812143104e+18 1.943513252362955024e-01 -5.932431476208521737e-01 1.327214005120094464e+00 -6.194890794762883957e-01 5.635361034406031200e-01 -3.879843443351411181e-01 3.848746407331010699e-01
1.403715601012143104e+18 1.932178688078813877e-01 -3.745503344694065539e-01 1.430017961520604119e+00 -6.594275183953649533e-01 4.973214447664822124e-01 -3.778024628334915591e-01 4.184399928726432738e-01
1.403715601512143104e+18 2.373353612869210094e-01 -7.682802265559507404e-02 1.579752392448786846e+00 -6.573720175091170015e-01 4.938483627622202721e-01 -3.697639530510827832e-01 4.327244437481022610e-01
1.403715601912143104e+18 2.765285852418488677e-01 1.856318746033192024e-01 1.678252423537262450e+00 -6.273730043025232961e-01 4.936069655991104921e-01 -3.956421845046980135e-01 4.541173183493611987e-01
1.403715603012143104e+18 -2.142636054388180611e-02 1.179607722610287901e+00 1.611196030592878081e+00 -4.540760747245145001e-01 6.826078932862486015e-01 -4.938022873620328546e-01 2.898632149516578993e-01
1.403715603412143104e+18 -7.933796612892740630e-02 1.532002457989489974e+00 1.468752206488630030e+00 -4.006631335953929618e-01 7.241808426071491001e-01 -4.905046298781038372e-01 2.728302927580896764e-01
1.403715603812143104e+18 -1.083102156666045923e-01 1.806668319055062533e+00 1.410632441554647842e+00 -3.750001041980952632e-01 7.536361060226776099e-01 -4.553624907377818998e-01 2.899181670393833898e-01
1.403715604412143104e+18 -5.195433921469050365e-02 1.940812471758045499e+00 1.368294272837665471e+00 -3.945021747920119948e-01 7.201577691062894804e-01 -5.063081190371889750e-01 2.634253409929436796e-01
1.403715605512143104e+18 2.856060141401279839e-01 2.036803628835578195e+00 1.260624955681584947e+00 -4.028575305770323300e-01 7.116978785711560729e-01 -5.059962352768268001e-01 2.741527851041648534e-01
1.403715606212143104e+18 4.303246090836264637e-01 2.050535685473340752e+00 1.156077925747886592e+00 -4.025207267038002912e-01 7.100070111241282289e-01 -5.011586859689595164e-01 2.875883867722968668e-01
1.403715607912143104e+18 5.597886105040795757e-01 2.088481051784992104e+00 1.018572938283970997e+00 -4.189930854186693088e-01 6.977505318268061307e-01 -5.078366585574489722e-01 2.822957986438298650e-01
