1.403715523912143230e+09 -0.000000000000000000e+00 -0.000000000000000000e+00 -0.000000000000000000e+00 -0.000000000000000000e+00 -0.000000000000000000e+00 -0.000000000000000000e+00 1.000000000000000000e+00
1.403715528612143278e+09 -5.287679377943277359e-03 -1.994513347744941711e-02 2.163624158129096031e-04 -1.564503274857997894e-02 1.020721392706036568e-03 6.078548729419708252e-03 9.998586177825927734e-01
1.403715528712143183e+09 -1.074948161840438843e-02 -3.995013609528541565e-02 4.191484476905316114e-04 -1.128095388412475586e-02 2.073997166007757187e-03 9.299941360950469971e-03 9.998909831047058105e-01
1.403715528812143087e+09 -1.760657690465450287e-02 -6.423455476760864258e-02 2.943949948530644178e-04 -8.222945034503936768e-03 3.724632319062948227e-03 1.050025876611471176e-02 9.999041557312011719e-01
1.403715528912143230e+09 -2.558580972254276276e-02 -9.162868559360504150e-02 -5.779370549134910107e-04 -5.031714681535959244e-03 5.391775164753198624e-03 1.027039438486099243e-02 9.999201297760009766e-01
1.403715529012143135e+09 -3.544811531901359558e-02 -1.184943094849586487e-01 -2.098635071888566017e-03 -6.207362748682498932e-03 5.920181050896644592e-03 7.625897414982318878e-03 9.999341368675231934e-01
1.403715529112143278e+09 -4.858787730336189270e-02 -1.484297215938568115e-01 -5.086602643132209778e-03 -8.136900141835212708e-03 -1.685987925156950951e-03 8.386048488318920135e-03 9.999303221702575684e-01
1.403715529212143183e+09 -6.412369757890701294e-02 -1.870329678058624268e-01 -1.185473147779703140e-02 -1.031435839831829071e-02 -1.562627777457237244e-02 5.389105994254350662e-03 9.998102188110351562e-01
1.403715529312143087e+09 -8.070909231901168823e-02 -2.299481332302093506e-01 -1.974623091518878937e-02 -1.630734093487262726e-02 -3.291216120123863220e-02 -1.026107696816325188e-03 9.993246793746948242e-01
1.403715529412143230e+09 -9.835419058799743652e-02 -2.675139307975769043e-01 -2.397541701793670654e-02 -2.004830166697502136e-02 -5.170332267880439758e-02 -1.031711790710687637e-02 9.984079003334045410e-01
1.403715529612143278e+09 -1.370793431997299194e-01 -3.222523927688598633e-01 -1.476105023175477982e-02 -1.625582017004489899e-02 -7.845725864171981812e-02 -2.285073697566986084e-02 9.965230226516723633e-01
1.403715529812143087e+09 -1.827869713306427002e-01 -3.652246594429016113e-01 8.066822774708271027e-03 -1.052516885101795197e-02 -9.263030439615249634e-02 -3.113963827490806580e-02 9.951578974723815918e-01
1.403715530012143135e+09 -2.364133447408676147e-01 -4.252114593982696533e-01 3.052942827343940735e-02 -1.505312859080731869e-03 -9.988651424646377563e-02 -3.127805888652801514e-02 9.945060610771179199e-01
1.403715530312143087e+09 -3.354107439517974854e-01 -5.455091595649719238e-01 4.123158752918243408e-02 4.199502523988485336e-03 -9.338022023439407349e-02 -5.116752535104751587e-02 9.943059682846069336e-01
1.403715530512143135e+09 -5.347042679786682129e-01 -7.972446680068969727e-01 -1.418682746589183807e-02 -1.957695698365569115e-03 -1.184997707605361938e-01 -3.836506605148315430e-02 9.922107458114624023e-01
1.403715530912143230e+09 -7.655545473098754883e-01 -9.659927487373352051e-01 -5.432493984699249268e-02 -2.969907596707344055e-02 -1.679417341947555542e-01 -5.277843773365020752e-02 9.839349389076232910e-01
1.403715531312143087e+09 -9.461371898651123047e-01 -1.082662582397460938e+00 -3.633205592632293701e-02 -2.525553107261657715e-02 -1.924337446689605713e-01 -2.275626175105571747e-02 9.807209968566894531e-01
1.403715531612143278e+09 -1.162615180015563965e+00 -1.182633996009826660e+00 1.254411935806274414e-01 1.064924336969852448e-02 -1.882448345422744751e-01 -3.876068070530891418e-02 9.812992215156555176e-01
1.403715532312143087e+09 -1.122184514999389648e+00 -1.107894062995910645e+00 3.555907309055328369e-01 3.003806807100772858e-02 -1.261585205793380737e-01 3.387308865785598755e-02 9.909765124320983887e-01
1.403715533412143230e+09 -9.489732980728149414e-01 -1.094497323036193848e+00 3.467099964618682861e-01 1.921966299414634705e-02 -8.891218155622482300e-02 3.641293942928314209e-02 9.951881170272827148e-01
1.403715533612143278e+09 -5.924869775772094727e-01 -1.169587850570678711e+00 2.652008831501007080e-01 -8.294293656945228577e-03 -7.777359336614608765e-02 7.042384147644042969e-02 9.944460988044738770e-01
1.403715533912143230e+09 -2.888932228088378906e-01 -1.232176661491394043e+00 2.137218564748764038e-01 -1.176439598202705383e-02 -6.551800668239593506e-02 4.522025957703590393e-02 9.967568516731262207e-01
1.403715534112143278e+09 3.131608664989471436e-02 -1.246633648872375488e+00 1.871014684438705444e-01 -1.026897598057985306e-02 -5.580052733421325684e-02 1.448625139892101288e-02 9.982840418815612793e-01
1.403715534312143087e+09 3.425075113773345947e-01 -1.218513965606689453e+00 1.794506907463073730e-01 -1.078873127698898315e-02 -4.921207576990127563e-02 -2.507366240024566650e-03 9.987269639968872070e-01
1.403715534512143135e+09 6.433957219123840332e-01 -1.153546094894409180e+00 1.917251497507095337e-01 -1.234687864780426025e-02 -2.678648568689823151e-02 2.205260563641786575e-03 9.995625019073486328e-01
1.403715534712143183e+09 9.401776790618896484e-01 -1.082265973091125488e+00 2.162792682647705078e-01 -2.521573379635810852e-02 1.710478775203227997e-02 1.619227975606918335e-02 9.994045495986938477e-01
1.403715534912143230e+09 1.221253871917724609e+00 -1.015529155731201172e+00 2.574350237846374512e-01 -4.388262704014778137e-02 7.416565716266632080e-02 3.145914897322654724e-02 9.957832098007202148e-01
1.403715535112143278e+09 1.481855750083923340e+00 -9.627469182014465332e-01 3.233560919761657715e-01 -6.574793905019760132e-02 1.112348064780235291e-01 4.627116024494171143e-02 9.905367493629455566e-01
1.403715535312143087e+09 1.850736379623413086e+00 -9.207103252410888672e-01 4.914037585258483887e-01 -6.140771135687828064e-02 1.244495734572410583e-01 8.481065928936004639e-02 9.866856336593627930e-01
1.403715535612143278e+09 2.236532688140869141e+00 -9.133993387222290039e-01 7.213224172592163086e-01 -2.316064015030860901e-02 1.117657050490379333e-01 6.543014198541641235e-02 9.913076758384704590e-01
1.403715536012143135e+09 2.726255655288696289e+00 -9.078019261360168457e-01 1.060005784034729004e+00 -5.343215540051460266e-02 5.360715091228485107e-02 1.268246676772832870e-02 9.970508813858032227e-01
1.403715536412143230e+09 3.032923221588134766e+00 -9.566196203231811523e-01 1.374844908714294434e+00 -4.086527228355407715e-02 4.003728181123733521e-02 -3.255059942603111267e-02 9.978314638137817383e-01
1.403715536712143183e+09 3.222814321517944336e+00 -1.062628984451293945e+00 1.726203441619873047e+00 9.841355495154857635e-03 3.458996489644050598e-02 -5.028685927391052246e-02 9.980871677398681641e-01
1.403715536912143230e+09 3.260341167449951172e+00 -1.179391264915466309e+00 2.021644830703735352e+00 7.748294621706008911e-02 3.736965730786323547e-02 -8.379877358675003052e-02 9.927626252174377441e-01
1.403715537212143183e+09 3.103631496429443359e+00 -1.286338806152343750e+00 2.132274627685546875e+00 1.154490038752555847e-01 2.198206819593906403e-02 -3.793003782629966736e-02 9.923455119132995605e-01
1.403715537512143135e+09 2.934202194213867188e+00 -1.316283345222473145e+00 2.080837488174438477e+00 3.683254122734069824e-02 4.778438713401556015e-03 1.727246306836605072e-02 9.991607666015625000e-01
1.403715537812143087e+09 2.603832244873046875e+00 -1.366379737854003906e+00 1.865849256515502930e+00 3.840673714876174927e-02 9.323447011411190033e-03 3.940685465931892395e-02 9.984413385391235352e-01
1.403715538212143183e+09 2.368532180786132812e+00 -1.311680436134338379e+00 1.568902969360351562e+00 2.093707025051116943e-02 5.100692063570022583e-02 6.273996084928512573e-02 9.965057969093322754e-01
1.403715538612143278e+09 2.214020490646362305e+00 -1.157465577125549316e+00 1.208272457122802734e+00 3.050860017538070679e-02 1.627675592899322510e-01 6.494531780481338501e-02 9.840518832206726074e-01
1.403715538912143230e+09 2.138509988784790039e+00 -1.049878716468811035e+00 9.876101016998291016e-01 3.473176388069987297e-03 2.358601242303848267e-01 8.890658617019653320e-02 9.677053689956665039e-01
1.403715539112143278e+09 2.055062770843505859e+00 -9.021214842796325684e-01 7.795255184173583984e-01 -5.546283908188343048e-03 3.182468712329864502e-01 1.195765808224678040e-01 9.404199719429016113e-01
1.403715539312143087e+09 1.961120247840881348e+00 -7.097620964050292969e-01 5.925692915916442871e-01 -2.398158609867095947e-02 3.899562358856201172e-01 1.485011428594589233e-01 9.084638357162475586e-01
1.403715539512143135e+09 1.869651794433593750e+00 -5.494849681854248047e-01 4.088701009750366211e-01 -2.560319192707538605e-02 4.293948411941528320e-01 1.769867390394210815e-01 8.852345347404479980e-01
1.403715539812143087e+09 1.727968811988830566e+00 -4.369675517082214355e-01 1.198166608810424805e-02 -3.206369653344154358e-02 4.367865324020385742e-01 2.001847773790359497e-01 8.764219880104064941e-01
1.403715540212143183e+09 1.743302941322326660e+00 -4.534160494804382324e-01 -3.915957808494567871e-01 -5.488789081573486328e-02 4.179407060146331787e-01 2.112033665180206299e-01 8.818764090538024902e-01
1.403715540612143278e+09 1.966281890869140625e+00 -4.514843821525573730e-01 -7.037474513053894043e-01 -8.004411309957504272e-02 4.205756783485412598e-01 2.199412137269973755e-01 8.765472173690795898e-01
1.403715541012143135e+09 2.391567230224609375e+00 -4.488323032855987549e-01 -8.988411426544189453e-01 -4.413370788097381592e-02 4.306857287883758545e-01 2.096085846424102783e-01 8.767133951187133789e-01
1.403715541412143230e+09 2.938062667846679688e+00 -4.148793220520019531e-01 -1.057705640792846680e+00 -5.286615341901779175e-02 4.420407116413116455e-01 1.988161057233810425e-01 8.730850219726562500e-01
1.403715541712143183e+09 3.241745471954345703e+00 -3.922489285469055176e-01 -1.114166975021362305e+00 -7.241133600473403931e-02 4.532333612442016602e-01 1.631430834531784058e-01 8.733386993408203125e-01
1.403715541912143230e+09 3.546708106994628906e+00 -3.827782273292541504e-01 -1.127649784088134766e+00 -7.402467727661132812e-02 4.606287777423858643e-01 1.118187904357910156e-01 8.774042129516601562e-01
1.403715542112143278e+09 3.818395614624023438e+00 -4.045727550983428955e-01 -1.086391210556030273e+00 -4.765407368540763855e-02 4.399087727069854736e-01 7.652919739484786987e-02 8.935058712959289551e-01
1.403715542312143087e+09 4.029566287994384766e+00 -4.609012007713317871e-01 -1.001467943191528320e+00 1.847593957791104913e-04 3.910371959209442139e-01 7.555694133043289185e-02 9.172682762145996094e-01
1.403715542512143135e+09 4.273097038269042969e+00 -5.562090873718261719e-01 -8.310461640357971191e-01 2.092120796442031860e-02 3.117877244949340820e-01 9.282143414020538330e-02 9.453755617141723633e-01
1.403715543012143135e+09 4.469595909118652344e+00 -4.046348929405212402e-01 -7.388972043991088867e-01 3.640422597527503967e-02 3.538485765457153320e-01 6.230004131793975830e-02 9.325153231620788574e-01
1.403715544012143135e+09 4.345443725585937500e+00 -2.780058383941650391e-01 -8.114247322082519531e-01 5.531536415219306946e-03 4.409440755844116211e-01 1.041867062449455261e-01 8.914499282836914062e-01
1.403715544312143087e+09 4.212891578674316406e+00 -1.409496068954467773e-01 -8.417389392852783203e-01 -1.185121596790850163e-03 5.124102830886840820e-01 1.661089211702346802e-01 8.425213098526000977e-01
1.403715544512143135e+09 4.051949024200439453e+00 1.236188411712646484e-02 -8.613747358322143555e-01 -2.287536772200837731e-04 5.748276710510253906e-01 2.025438100099563599e-01 7.928109169006347656e-01
1.403715544712143183e+09 3.773910999298095703e+00 9.526199102401733398e-02 -9.373486042022705078e-01 9.162514470517635345e-03 6.118600368499755859e-01 1.968721002340316772e-01 7.660188078880310059e-01
1.403715545112143278e+09 3.331713438034057617e+00 6.289529800415039062e-02 -1.069279789924621582e+00 -1.765871047973632812e-02 6.347205042839050293e-01 2.201770842075347900e-01 7.404999732971191406e-01
1.403715545512143135e+09 2.879173994064331055e+00 8.064377307891845703e-02 -1.183760285377502441e+00 1.714729331433773041e-02 6.470298767089843750e-01 2.700448334217071533e-01 7.128353118896484375e-01
1.403715545912143230e+09 2.433068275451660156e+00 1.139917075634002686e-01 -1.387458562850952148e+00 -1.057882234454154968e-02 6.058893203735351562e-01 2.231858521699905396e-01 7.635275721549987793e-01
1.403715546212143183e+09 2.206763744354248047e+00 1.238216906785964966e-01 -1.503404378890991211e+00 -1.341330818831920624e-02 5.397510528564453125e-01 1.976118683815002441e-01 8.181921839714050293e-01
1.403715546412143230e+09 1.982008337974548340e+00 1.253856271505355835e-01 -1.622701048851013184e+00 -1.507182046771049500e-02 4.579337239265441895e-01 1.741045117378234863e-01 8.716405630111694336e-01
1.403715546612143278e+09 1.762525200843811035e+00 1.249147951602935791e-01 -1.739570140838623047e+00 -2.903540246188640594e-02 3.700287938117980957e-01 1.434951275587081909e-01 9.174121022224426270e-01
1.403715546812143087e+09 1.556324005126953125e+00 1.279678195714950562e-01 -1.841951131820678711e+00 -6.026224792003631592e-02 2.752235233783721924e-01 1.256151050329208374e-01 9.512315392494201660e-01
1.403715547012143135e+09 1.378835320472717285e+00 1.227413639426231384e-01 -1.916385650634765625e+00 -7.082070410251617432e-02 1.935869008302688599e-01 7.764182984828948975e-02 9.754385352134704590e-01
1.403715547212143183e+09 1.218490242958068848e+00 1.040203571319580078e-01 -1.950659155845642090e+00 -7.018066197633743286e-02 1.134554594755172729e-01 3.339859843254089355e-02 9.904984235763549805e-01
1.403715547412143230e+09 1.059729456901550293e+00 7.526005059480667114e-02 -1.936121225357055664e+00 -8.031921088695526123e-02 4.165245592594146729e-02 6.911739241331815720e-03 9.958745241165161133e-01
1.403715547612143278e+09 8.931997418403625488e-01 3.716538846492767334e-02 -1.869983792304992676e+00 -8.651442080736160278e-02 -3.174080699682235718e-02 -2.543557062745094299e-02 9.954199790954589844e-01
1.403715547812143087e+09 7.100548744201660156e-01 -2.183564193546772003e-02 -1.751870393753051758e+00 -8.047972619533538818e-02 -1.032445877790451050e-01 -5.513442680239677429e-02 9.898604750633239746e-01
1.403715548012143135e+09 5.092523097991943359e-01 -1.019541770219802856e-01 -1.585161924362182617e+00 -3.981574997305870056e-02 -1.546824723482131958e-01 -6.427458673715591431e-02 9.850670099258422852e-01
1.403715548212143183e+09 2.959115207195281982e-01 -1.838414520025253296e-01 -1.391601085662841797e+00 -5.773437675088644028e-03 -1.698537319898605347e-01 -7.243147492408752441e-02 9.827868938446044922e-01
1.403715548512143135e+09 6.776587665081024170e-02 -2.304383516311645508e-01 -1.188666105270385742e+00 -2.067088615149259567e-03 -1.675311774015426636e-01 -7.257141917943954468e-02 9.831900000572204590e-01
1.403715548712143183e+09 -1.722222566604614258e-01 -2.603223919868469238e-01 -9.880843758583068848e-01 -5.913237575441598892e-03 -1.633318513631820679e-01 -5.744638666510581970e-02 9.848795533180236816e-01
1.403715548912143230e+09 -4.186477959156036377e-01 -2.910832762718200684e-01 -7.932902574539184570e-01 -5.190687719732522964e-03 -1.564024984836578369e-01 -4.826328158378601074e-02 9.864999055862426758e-01
1.403715549112143278e+09 -6.634308695793151855e-01 -3.248752951622009277e-01 -6.058514118194580078e-01 4.463752266019582748e-03 -1.683840602636337280e-01 -4.780470207333564758e-02 9.845514893531799316e-01
1.403715549212143183e+09 -1.022632956504821777e+00 -3.791448771953582764e-01 -3.596724867820739746e-01 3.912210091948509216e-02 -1.989071518182754517e-01 -3.726039826869964600e-02 9.785280227661132812e-01
1.403715549612143278e+09 -1.456994891166687012e+00 -4.471115171909332275e-01 -3.211188688874244690e-02 -1.649398473091423512e-03 -1.836299300193786621e-01 2.918632142245769501e-02 9.825607538223266602e-01
1.403715550012143135e+09 -1.521404623985290527e+00 -5.147925615310668945e-01 1.805518716573715210e-01 -1.565131172537803650e-02 -8.570069819688796997e-02 7.331767678260803223e-02 9.934962987899780273e-01
1.403715550312143087e+09 -1.470347404479980469e+00 -6.102639436721801758e-01 3.201001882553100586e-01 -1.863433606922626495e-02 -5.480060819536447525e-03 7.573471963405609131e-02 9.969388246536254883e-01
1.403715550512143135e+09 -1.367319107055664062e+00 -7.237685322761535645e-01 4.560881257057189941e-01 -1.425345987081527710e-02 7.478105276823043823e-02 8.509261906147003174e-02 9.934605956077575684e-01
1.403715550712143183e+09 -1.240830540657043457e+00 -7.970071434974670410e-01 6.013389825820922852e-01 -9.364577010273933411e-03 1.433690488338470459e-01 1.300159692764282227e-01 9.810470938682556152e-01
1.403715550912143230e+09 -1.079904675483703613e+00 -8.208600282669067383e-01 7.495918273925781250e-01 -4.636221099644899368e-03 2.091279178857803345e-01 1.751792430877685547e-01 9.620583653450012207e-01
1.403715551112143278e+09 -8.654560446739196777e-01 -8.546459674835205078e-01 8.673388361930847168e-01 -7.403737399727106094e-04 2.836586236953735352e-01 1.894325166940689087e-01 9.400279521942138672e-01
1.403715551312143087e+09 -5.948716402053833008e-01 -9.170477986335754395e-01 9.344201087951660156e-01 9.551434777677059174e-03 3.499687910079956055e-01 2.245388478040695190e-01 9.094025492668151855e-01
1.403715551512143135e+09 -2.888756394386291504e-01 -9.602813720703125000e-01 9.591689705848693848e-01 1.833039149641990662e-02 4.233254492282867432e-01 2.367520183324813843e-01 8.743043541908264160e-01
1.403715551712143183e+09 4.336106777191162109e-02 -9.798681139945983887e-01 9.335252642631530762e-01 3.514702990651130676e-02 5.036818385124206543e-01 2.224791049957275391e-01 8.340097665786743164e-01
1.403715551912143230e+09 3.477293252944946289e-01 -9.860907793045043945e-01 8.646547794342041016e-01 5.817785114049911499e-02 5.748172402381896973e-01 2.154881954193115234e-01 7.872517108917236328e-01
1.403715552112143278e+09 6.024022102355957031e-01 -9.726622700691223145e-01 7.649021148681640625e-01 4.213275387883186340e-02 6.380944252014160156e-01 2.125425487756729126e-01 7.388409972190856934e-01
1.403715552312143087e+09 8.001536130905151367e-01 -9.473425745964050293e-01 6.403994560241699219e-01 4.213220626115798950e-02 7.007102966308593750e-01 2.050729691982269287e-01 6.820374131202697754e-01
1.403715552512143135e+09 9.282771944999694824e-01 -9.229036569595336914e-01 5.110743641853332520e-01 4.917280003428459167e-02 7.586391568183898926e-01 2.166032791137695312e-01 6.124799847602844238e-01
1.403715552712143183e+09 9.859907627105712891e-01 -8.968866467475891113e-01 3.925608992576599121e-01 6.105378642678260803e-02 8.103454709053039551e-01 2.449746578931808472e-01 5.287723541259765625e-01
1.403715552912143230e+09 9.632878303527832031e-01 -8.569591045379638672e-01 2.667037844657897949e-01 7.142593711614608765e-02 8.484600186347961426e-01 2.880208194255828857e-01 4.382441937923431396e-01
1.403715553112143278e+09 8.696366548538208008e-01 -8.026386499404907227e-01 1.334320902824401855e-01 7.762817293405532837e-02 8.819912672042846680e-01 3.085128962993621826e-01 3.476852178573608398e-01
1.403715553312143087e+09 7.021673321723937988e-01 -7.434007525444030762e-01 -1.127445697784423828e-02 7.569419592618942261e-02 9.204161167144775391e-01 2.831967175006866455e-01 2.586583793163299561e-01
1.403715553512143135e+09 4.575673639774322510e-01 -6.787173151969909668e-01 -1.349035203456878662e-01 4.332113638520240784e-02 9.538179039955139160e-01 2.418034821748733521e-01 1.728748232126235962e-01
1.403715553712143183e+09 1.649707853794097900e-01 -6.264495253562927246e-01 -1.947060823440551758e-01 4.099958110600709915e-03 9.559885263442993164e-01 2.663533985614776611e-01 1.229841485619544983e-01
1.403715553912143230e+09 -1.396558880805969238e-01 -5.953166484832763672e-01 -2.057374119758605957e-01 -2.846428379416465759e-02 9.391382932662963867e-01 3.257354497909545898e-01 1.053823679685592651e-01
1.403715554112143278e+09 -4.306915402412414551e-01 -5.704320073127746582e-01 -2.117472440004348755e-01 -3.552760556340217590e-02 9.131691455841064453e-01 3.926385641098022461e-01 1.034164577722549438e-01
1.403715554312143087e+09 -6.968601942062377930e-01 -5.261102318763732910e-01 -2.590382695198059082e-01 -7.854286581277847290e-02 9.034458994865417480e-01 4.060889780521392822e-01 1.127313971519470215e-01
1.403715554512143135e+09 -9.081331491470336914e-01 -4.337094724178314209e-01 -3.389309048652648926e-01 -2.126779556274414062e-01 9.132129549980163574e-01 3.146837949752807617e-01 1.475950777530670166e-01
1.403715554712143183e+09 -8.194456100463867188e-01 -2.936167120933532715e-01 -3.387577533721923828e-01 -2.423210442066192627e-01 9.302034378051757812e-01 2.245760858058929443e-01 1.598992496728897095e-01
1.403715555112143278e+09 -6.555234193801879883e-01 -3.333382904529571533e-01 -2.771425247192382812e-01 -1.586712896823883057e-01 9.411862492561340332e-01 2.561277151107788086e-01 1.529399454593658447e-01
1.403715555212143183e+09 -4.678225815296173096e-01 -3.882367312908172607e-01 -2.005323171615600586e-01 -6.404858082532882690e-02 9.398632049560546875e-01 3.018421232700347900e-01 1.464457064867019653e-01
1.403715555312143087e+09 -2.766207456588745117e-01 -4.364034235477447510e-01 -1.159741282463073730e-01 3.575930371880531311e-02 9.259414076805114746e-01 3.483825325965881348e-01 1.413628607988357544e-01
1.403715555412143230e+09 -1.022176444530487061e-01 -4.665276408195495605e-01 -3.396555781364440918e-02 8.171167224645614624e-02 9.173709154129028320e-01 3.641523718833923340e-01 1.383724659681320190e-01
1.403715555512143135e+09 1.747831404209136963e-01 -5.282925367355346680e-01 8.750087022781372070e-02 5.617244541645050049e-02 9.290422797203063965e-01 3.381796777248382568e-01 1.391388475894927979e-01
1.403715555812143087e+09 3.715415596961975098e-01 -6.288827061653137207e-01 1.651266515254974365e-01 4.104179516434669495e-02 9.258264899253845215e-01 3.451653718948364258e-01 1.483970433473587036e-01
1.403715555912143230e+09 5.440856218338012695e-01 -8.273630142211914062e-01 2.040541470050811768e-01 8.281940966844558716e-02 9.094757437705993652e-01 3.752992153167724609e-01 1.585730612277984619e-01
1.403715556312143087e+09 3.976534008979797363e-01 -9.900398254394531250e-01 7.901078462600708008e-02 -9.432426653802394867e-03 9.195669293403625488e-01 3.493345379829406738e-01 1.796470284461975098e-01
1.403715556912143230e+09 1.880670189857482910e-01 -8.992897272109985352e-01 -4.344448447227478027e-02 -4.652532562613487244e-02 9.106608033180236816e-01 3.653873503208160400e-01 1.871478706598281860e-01
1.403715557312143087e+09 6.684734672307968140e-02 -7.710863947868347168e-01 -2.878353595733642578e-01 -3.469192981719970703e-02 9.033718705177307129e-01 3.877404928207397461e-01 1.799250841140747070e-01
1.403715557612143278e+09 2.277883887290954590e-02 -5.959482192993164062e-01 -6.808264255523681641e-01 -4.239050298929214478e-02 9.239715337753295898e-01 3.407130837440490723e-01 1.685059517621994019e-01
1.403715558112143278e+09 5.589830875396728516e-02 -5.276330709457397461e-01 -1.130489826202392578e+00 -5.343237891793251038e-02 9.257100820541381836e-01 3.422010540962219238e-01 1.520011425018310547e-01
1.403715558412143230e+09 1.238159537315368652e-01 -4.747788310050964355e-01 -1.471560955047607422e+00 -3.843005374073982239e-02 9.450840950012207031e-01 2.863815724849700928e-01 1.527245491743087769e-01
1.403715558812143087e+09 2.752485275268554688e-01 -3.204451203346252441e-01 -1.850788235664367676e+00 -5.467412248253822327e-02 9.322402477264404297e-01 2.630219161510467529e-01 2.424014061689376831e-01
1.403715559312143087e+09 4.037736654281616211e-01 -2.937039136886596680e-01 -1.852410554885864258e+00 -5.919740349054336548e-02 8.932323455810546875e-01 2.941717505455017090e-01 3.348055481910705566e-01
1.403715559712143183e+09 5.719944238662719727e-01 -1.967358589172363281e-01 -1.729041337966918945e+00 -7.837576419115066528e-02 8.628122806549072266e-01 2.945364713668823242e-01 4.033119976520538330e-01
1.403715560112143278e+09 7.730233669281005859e-01 -1.815907955169677734e-01 -1.589109301567077637e+00 -6.393168866634368896e-02 8.278533220291137695e-01 2.969727814197540283e-01 4.715705215930938721e-01
1.403715560412143230e+09 9.367883205413818359e-01 -2.154771089553833008e-01 -1.492537736892700195e+00 -5.185289680957794189e-02 8.024150729179382324e-01 2.954564094543457031e-01 5.158942937850952148e-01
1.403715560612143278e+09 1.113601207733154297e+00 -2.458061575889587402e-01 -1.396699786186218262e+00 -4.763240367174148560e-02 7.750420570373535156e-01 2.867194712162017822e-01 5.610997080802917480e-01
1.403715560812143087e+09 1.299871206283569336e+00 -2.797533273696899414e-01 -1.294002771377563477e+00 -5.655504390597343445e-02 7.449480891227722168e-01 2.668324410915374756e-01 6.088138818740844727e-01
1.403715561012143135e+09 1.497076034545898438e+00 -3.194938898086547852e-01 -1.180321574211120605e+00 -5.669589340686798096e-02 7.053419947624206543e-01 2.524122297763824463e-01 6.599744558334350586e-01
1.403715561212143183e+09 1.703199863433837891e+00 -3.678224682807922363e-01 -1.051219820976257324e+00 -3.475242108106613159e-02 6.643002629280090332e-01 2.584389746189117432e-01 7.005046606063842773e-01
1.403715561412143230e+09 1.915175437927246094e+00 -4.056733846664428711e-01 -9.332084059715270996e-01 -1.792916283011436462e-02 6.334232091903686523e-01 2.575657963752746582e-01 7.294610738754272461e-01
1.403715561612143278e+09 2.228613138198852539e+00 -4.502796530723571777e-01 -7.816510200500488281e-01 -1.821995154023170471e-02 6.003691554069519043e-01 2.014902979135513306e-01 7.737097144126892090e-01
1.403715561912143230e+09 2.490270137786865234e+00 -5.161771774291992188e-01 -6.244687438011169434e-01 1.577540487051010132e-02 5.543923377990722656e-01 1.495509594678878784e-01 8.185565471649169922e-01
1.403715562312143087e+09 2.658915519714355469e+00 -6.833630204200744629e-01 -2.587513923645019531e-01 -4.107357189059257507e-02 5.088169574737548828e-01 1.290109604597091675e-01 8.501614928245544434e-01
1.403715562812143087e+09 2.631125688552856445e+00 -7.642122507095336914e-01 -7.771849632263183594e-02 -2.331916429102420807e-02 4.720073342323303223e-01 1.690694689750671387e-01 8.649166822433471680e-01
1.403715563012143135e+09 2.592873096466064453e+00 -8.414702415466308594e-01 1.097627878189086914e-01 -9.439337998628616333e-03 4.326955378055572510e-01 1.634450852870941162e-01 8.865501880645751953e-01
1.403715563212143183e+09 2.544760704040527344e+00 -9.153083562850952148e-01 2.930315732955932617e-01 1.531433127820491791e-02 3.776665329933166504e-01 1.233332827687263489e-01 9.175632596015930176e-01
1.403715563412143230e+09 2.461835384368896484e+00 -9.792960882186889648e-01 4.613038897514343262e-01 2.562350966036319733e-02 2.983800172805786133e-01 8.299607038497924805e-02 9.504864215850830078e-01
1.403715563612143278e+09 2.360618114471435547e+00 -1.004765510559082031e+00 6.098823547363281250e-01 3.292509540915489197e-02 2.230497002601623535e-01 3.961537778377532959e-02 9.734451770782470703e-01
1.403715563812143087e+09 2.214272499084472656e+00 -9.884824156761169434e-01 7.475392818450927734e-01 4.942035302519798279e-02 1.433033794164657593e-01 2.447572536766529083e-02 9.881410598754882812e-01
1.403715564012143135e+09 2.032768487930297852e+00 -9.258856773376464844e-01 8.551724553108215332e-01 5.115814134478569031e-02 4.545603692531585693e-02 3.817237168550491333e-02 9.969250559806823730e-01
1.403715564212143183e+09 1.854650259017944336e+00 -8.525393605232238770e-01 9.124597311019897461e-01 4.842266812920570374e-02 -4.885428026318550110e-02 2.623607777059078217e-02 9.972864389419555664e-01
1.403715564412143230e+09 1.704753875732421875e+00 -8.003948330879211426e-01 9.100975990295410156e-01 2.315186150372028351e-02 -1.460983902215957642e-01 -1.799279451370239258e-02 9.888355135917663574e-01
1.403715564612143278e+09 1.586701869964599609e+00 -8.055928945541381836e-01 8.709661364555358887e-01 1.102623064070940018e-02 -2.379719167947769165e-01 -7.073065638542175293e-02 9.686305522918701172e-01
1.403715564812143087e+09 1.474956631660461426e+00 -8.612653017044067383e-01 8.065298795700073242e-01 2.201835438609123230e-02 -3.224924802780151367e-01 -1.162011697888374329e-01 9.391544461250305176e-01
1.403715565012143135e+09 1.359136343002319336e+00 -9.651408791542053223e-01 7.085897326469421387e-01 3.729476034641265869e-02 -4.022260904312133789e-01 -1.475121080875396729e-01 9.028086662292480469e-01
1.403715565212143183e+09 1.244865179061889648e+00 -1.050875186920166016e+00 5.920662879943847656e-01 3.666094690561294556e-02 -4.842381477355957031e-01 -1.575256884098052979e-01 8.598574995994567871e-01
1.403715565412143230e+09 1.140723705291748047e+00 -1.085865855216979980e+00 4.754748642444610596e-01 5.336693301796913147e-02 -5.556947588920593262e-01 -1.584014594554901123e-01 8.144104480743408203e-01
1.403715565612143278e+09 1.073277711868286133e+00 -1.099850654602050781e+00 3.599672317504882812e-01 5.899327620863914490e-02 -6.280508637428283691e-01 -1.751621663570404053e-01 7.559036016464233398e-01
1.403715565812143087e+09 1.054054975509643555e+00 -1.118435382843017578e+00 2.338063120841979980e-01 5.163837969303131104e-02 -7.040033340454101562e-01 -2.097525596618652344e-01 6.765476465225219727e-01
1.403715566012143135e+09 1.081178903579711914e+00 -1.141483306884765625e+00 1.096252202987670898e-01 5.053823068737983704e-02 -7.784712910652160645e-01 -2.377046942710876465e-01 5.787270069122314453e-01
1.403715566212143183e+09 1.138330936431884766e+00 -1.170318126678466797e+00 -7.355213165283203125e-04 5.117867887020111084e-02 -8.386818766593933105e-01 -2.594799399375915527e-01 4.760919213294982910e-01
1.403715566412143230e+09 1.223996043205261230e+00 -1.183439493179321289e+00 -9.022104740142822266e-02 5.322227999567985535e-02 -8.838218450546264648e-01 -2.745789587497711182e-01 3.750104308128356934e-01
1.403715566612143278e+09 1.328202962875366211e+00 -1.155355572700500488e+00 -1.418639421463012695e-01 5.650139227509498596e-02 -9.169296026229858398e-01 -2.807494997978210449e-01 2.778984606266021729e-01
1.403715566812143087e+09 1.469463229179382324e+00 -1.122998952865600586e+00 -1.664860248565673828e-01 5.161233991384506226e-02 -9.416260123252868652e-01 -2.880315482616424561e-01 1.664767712354660034e-01
1.403715567012143135e+09 1.627565503120422363e+00 -1.113447785377502441e+00 -1.555387973785400391e-01 3.560253232717514038e-02 -9.531321525573730469e-01 -2.984016537666320801e-01 3.504478186368942261e-02
1.403715567212143183e+09 1.808446288108825684e+00 -1.110134840011596680e+00 -1.119368225336074829e-01 2.442175708711147308e-02 -9.430105090141296387e-01 -3.138306140899658203e-01 -1.079126596450805664e-01
1.403715567412143230e+09 1.980204463005065918e+00 -1.097918510437011719e+00 -3.516423702239990234e-02 3.745713829994201660e-02 -9.114711880683898926e-01 -3.233017027378082275e-01 -2.515816688537597656e-01
1.403715567612143278e+09 2.132206439971923828e+00 -1.043358325958251953e+00 6.259119510650634766e-02 3.995120897889137268e-02 -8.706888556480407715e-01 -3.095512092113494873e-01 -3.801091611385345459e-01
1.403715567812143087e+09 2.283763647079467773e+00 -9.821965098381042480e-01 1.717929840087890625e-01 3.242982178926467896e-02 -8.206999301910400391e-01 -2.786809206008911133e-01 -4.977318048477172852e-01
1.403715568012143135e+09 2.421808242797851562e+00 -9.356757998466491699e-01 2.888908386230468750e-01 2.757239528000354767e-02 -7.609581947326660156e-01 -2.421106547117233276e-01 -6.013026833534240723e-01
1.403715568212143183e+09 2.538569927215576172e+00 -9.096463322639465332e-01 4.251930713653564453e-01 1.596404798328876495e-02 -6.912059783935546875e-01 -2.123108208179473877e-01 -6.905820965766906738e-01
1.403715568412143230e+09 2.624738693237304688e+00 -8.946948647499084473e-01 5.737056732177734375e-01 6.695515941828489304e-03 -6.136220693588256836e-01 -1.856217086315155029e-01 -7.674424052238464355e-01
1.403715568612143278e+09 2.672846555709838867e+00 -9.041001796722412109e-01 7.267432212829589844e-01 3.095134394243359566e-03 -5.294799208641052246e-01 -1.570784449577331543e-01 -8.336473703384399414e-01
1.403715568812143087e+09 2.689458847045898438e+00 -9.261382222175598145e-01 8.722008466720581055e-01 2.678639721125364304e-03 -4.400732815265655518e-01 -1.304620355367660522e-01 -8.884301185607910156e-01
1.403715569012143135e+09 2.674377679824829102e+00 -9.545743465423583984e-01 1.021666646003723145e+00 1.110509317368268967e-02 -3.575665950775146484e-01 -1.127690449357032776e-01 -9.269876480102539062e-01
1.403715569212143183e+09 2.643670082092285156e+00 -9.857983589172363281e-01 1.172096252441406250e+00 -1.860918710008263588e-03 -2.864651083946228027e-01 -9.691984206438064575e-02 -9.531741142272949219e-01
1.403715569412143230e+09 2.602271556854248047e+00 -1.027360796928405762e+00 1.309520483016967773e+00 -2.859975770115852356e-02 -2.357902228832244873e-01 -7.123633474111557007e-02 -9.687674641609191895e-01
1.403715569612143278e+09 2.530587434768676758e+00 -1.061448574066162109e+00 1.424074172973632812e+00 -2.742584422230720520e-02 -1.820826679468154907e-01 -4.496282711625099182e-02 -9.818716645240783691e-01
1.403715569812143087e+09 2.425106763839721680e+00 -1.094599127769470215e+00 1.517779111862182617e+00 -2.645925618708133698e-02 -1.084773316979408264e-01 -2.675932087004184723e-02 -9.933863878250122070e-01
1.403715570012143135e+09 2.296033382415771484e+00 -1.121949434280395508e+00 1.582546234130859375e+00 -3.838542476296424866e-02 -2.777021750807762146e-02 -6.657478515990078449e-04 -9.988768696784973145e-01
1.403715570212143183e+09 2.152538299560546875e+00 -1.132572054862976074e+00 1.613844394683837891e+00 -4.723578691482543945e-02 6.062528863549232483e-02 2.702812664210796356e-02 -9.966759085655212402e-01
1.403715570412143230e+09 1.994937419891357422e+00 -1.126094460487365723e+00 1.609963893890380859e+00 -6.005088239908218384e-02 1.572561413049697876e-01 5.552509054541587830e-02 -9.841653108596801758e-01
1.403715570612143278e+09 1.842419505119323730e+00 -1.095131874084472656e+00 1.565948724746704102e+00 -5.858058854937553406e-02 2.570531964302062988e-01 8.944045007228851318e-02 -9.604646563529968262e-01
1.403715570812143087e+09 1.766409397125244141e+00 -1.070092082023620605e+00 1.527432680130004883e+00 -5.442542210221290588e-02 3.076911270618438721e-01 1.075327470898628235e-01 -9.438225030899047852e-01
1.403715570912143230e+09 1.696455955505371094e+00 -1.043852448463439941e+00 1.484499216079711914e+00 -5.023711919784545898e-02 3.564999699592590332e-01 1.235580816864967346e-01 -9.247255325317382812e-01
1.403715571012143135e+09 1.559495687484741211e+00 -9.823424220085144043e-01 1.378791093826293945e+00 -3.559916466474533081e-02 4.331920742988586426e-01 1.448794007301330566e-01 -8.888686299324035645e-01
1.403715571212143183e+09 1.435494661331176758e+00 -9.265894889831542969e-01 1.267042994499206543e+00 -5.476499721407890320e-02 4.722539484500885010e-01 1.394088715314865112e-01 -8.686438798904418945e-01
1.403715571512143135e+09 1.299771308898925781e+00 -8.287991881370544434e-01 1.074542284011840820e+00 -2.228927798569202423e-02 4.832385480403900146e-01 1.422385722398757935e-01 -8.635692000389099121e-01
1.403715571712143183e+09 1.232393860816955566e+00 -7.325888276100158691e-01 9.627531766891479492e-01 6.787657737731933594e-02 4.938094913959503174e-01 1.071141734719276428e-01 -8.602741360664367676e-01
1.403715571912143230e+09 1.081209182739257812e+00 -6.108309626579284668e-01 1.008996486663818359e+00 1.164947897195816040e-01 4.707686603069305420e-01 1.708499044179916382e-01 -8.576806783676147461e-01
1.403715572312143087e+09 9.352344274520874023e-01 -6.151131391525268555e-01 1.151105165481567383e+00 -4.455589223653078079e-03 4.921862781047821045e-01 2.194834053516387939e-01 -8.423538208007812500e-01
1.403715572512143135e+09 7.535711526870727539e-01 -6.157574653625488281e-01 1.269966363906860352e+00 -5.793928727507591248e-02 5.391139388084411621e-01 2.225284278392791748e-01 -8.102347850799560547e-01
1.403715572712143183e+09 4.859181642532348633e-01 -6.003720164299011230e-01 1.343103051185607910e+00 -5.177290365099906921e-02 6.163393259048461914e-01 2.371776849031448364e-01 -7.491276264190673828e-01
1.403715573012143135e+09 3.178445100784301758e-01 -6.249300241470336914e-01 1.318123102188110352e+00 -4.644047468900680542e-02 6.706278920173645020e-01 2.357844561338424683e-01 -7.017886638641357422e-01
1.403715573212143183e+09 1.723463535308837891e-01 -6.669578552246093750e-01 1.263419985771179199e+00 -3.393079340457916260e-02 7.194248437881469727e-01 2.424507439136505127e-01 -6.499955654144287109e-01
1.403715573412143230e+09 -2.014541625976562500e-02 -7.210081815719604492e-01 1.185800075531005859e+00 -1.924303360283374786e-03 7.821732759475708008e-01 2.579810917377471924e-01 -5.671394467353820801e-01
1.403715573712143183e+09 -2.191028594970703125e-01 -7.686471939086914062e-01 1.133328676223754883e+00 -1.382127776741981506e-02 8.176661729812622070e-01 3.186143040657043457e-01 -4.792868793010711670e-01
1.403715574012143135e+09 -4.477108716964721680e-01 -8.179041147232055664e-01 1.040630221366882324e+00 -9.020965546369552612e-03 8.642440438270568848e-01 3.501717448234558105e-01 -3.610826432704925537e-01
1.403715574312143087e+09 -6.269866228103637695e-01 -8.394356966018676758e-01 9.559840559959411621e-01 -5.428816378116607666e-02 8.952960968017578125e-01 3.403389155864715576e-01 -2.822537422180175781e-01
1.403715574612143278e+09 -9.175317287445068359e-01 -8.245941400527954102e-01 7.204681634902954102e-01 -7.902345061302185059e-02 9.093406200408935547e-01 3.557502627372741699e-01 -2.007403075695037842e-01
1.403715575012143135e+09 -1.065833926200866699e+00 -7.829577922821044922e-01 3.828256726264953613e-01 -5.511066690087318420e-02 9.328313469886779785e-01 3.033100366592407227e-01 -1.865248978137969971e-01
1.403715575312143087e+09 -1.099826455116271973e+00 -7.489782571792602539e-01 7.321718335151672363e-02 -8.587801456451416016e-02 9.210928678512573242e-01 3.126040995121002197e-01 -2.156190723180770874e-01
1.403715575812143087e+09 -9.312101006507873535e-01 -7.272051572799682617e-01 -2.264774441719055176e-01 -8.430506289005279541e-02 9.159936904907226562e-01 3.138042986392974854e-01 -2.353192120790481567e-01
1.403715576112143278e+09 -7.691537737846374512e-01 -7.061524391174316406e-01 -3.785570859909057617e-01 -5.077144503593444824e-02 9.196282029151916504e-01 3.096405863761901855e-01 -2.362817227840423584e-01
1.403715576312143087e+09 -5.847185254096984863e-01 -6.867151260375976562e-01 -5.232445001602172852e-01 -5.049239844083786011e-02 9.270955324172973633e-01 2.893027067184448242e-01 -2.329127639532089233e-01
1.403715576512143135e+09 -3.825661540031433105e-01 -6.823236346244812012e-01 -6.506114006042480469e-01 -6.254962086677551270e-02 9.362913966178894043e-01 2.553398311138153076e-01 -2.329110503196716309e-01
1.403715576912143230e+09 -1.628556847572326660e-02 -7.018864154815673828e-01 -7.574178576469421387e-01 -5.875520408153533936e-02 9.210729002952575684e-01 2.828414738178253174e-01 -2.611002027988433838e-01
1.403715577112143278e+09 6.875314712524414062e-01 -6.970602869987487793e-01 -8.062688112258911133e-01 -1.901109516620635986e-02 9.025471210479736328e-01 2.913365066051483154e-01 -3.164970278739929199e-01
1.403715577712143183e+09 1.094228029251098633e+00 -6.261353492736816406e-01 -7.681660056114196777e-01 -2.214860916137695312e-02 8.986761569976806641e-01 2.936890125274658203e-01 -3.250191211700439453e-01
1.403715578012143135e+09 1.598451256752014160e+00 -5.704894065856933594e-01 -6.748960018157958984e-01 3.797646239399909973e-02 8.834753632545471191e-01 2.879492938518524170e-01 -3.675789237022399902e-01
1.403715578212143183e+09 1.784402608871459961e+00 -4.991496801376342773e-01 -5.710349082946777344e-01 6.657031923532485962e-02 8.566589355468750000e-01 2.889770567417144775e-01 -4.221329689025878906e-01
1.403715578412143230e+09 1.900684237480163574e+00 -4.397021532058715820e-01 -4.361145496368408203e-01 4.144798591732978821e-02 8.216242790222167969e-01 2.941727936267852783e-01 -4.864955842494964600e-01
1.403715578612143278e+09 1.968090772628784180e+00 -3.752130270004272461e-01 -2.876284122467041016e-01 3.549676015973091125e-02 7.690914869308471680e-01 3.525986671447753906e-01 -5.318952798843383789e-01
1.403715578812143087e+09 1.933668971061706543e+00 -2.852796912193298340e-01 -1.525409221649169922e-01 7.196530699729919434e-03 7.472999095916748047e-01 3.607926368713378906e-01 -5.579603910446166992e-01
1.403715579112143278e+09 1.774375200271606445e+00 -2.265339493751525879e-01 -1.925978660583496094e-01 -1.086421236395835876e-01 7.536671161651611328e-01 3.330941200256347656e-01 -5.560854077339172363e-01
1.403715579412143230e+09 1.694122195243835449e+00 -1.691623628139495850e-01 -3.293828964233398438e-01 -9.624707698822021484e-02 7.555909752845764160e-01 3.278888463973999023e-01 -5.588450431823730469e-01
1.403715579612143278e+09 1.664740443229675293e+00 -1.310950517654418945e-01 -4.249509572982788086e-01 -7.553505152463912964e-02 7.591382861137390137e-01 3.236280083656311035e-01 -5.597038865089416504e-01
1.403715579712143183e+09 1.637805342674255371e+00 -9.090799093246459961e-02 -5.350663661956787109e-01 -6.799948215484619141e-02 7.655637860298156738e-01 3.133094608783721924e-01 -5.577861070632934570e-01
1.403715579812143087e+09 1.614991664886474609e+00 -5.302068591117858887e-02 -6.588038206100463867e-01 -6.771659851074218750e-02 7.713356614112854004e-01 3.044026792049407959e-01 -5.547926425933837891e-01
1.403715579912143230e+09 1.596540570259094238e+00 -2.031385898590087891e-02 -7.939716577529907227e-01 -7.307070493698120117e-02 7.724086642265319824e-01 3.007459044456481934e-01 -5.546147823333740234e-01
1.403715580012143135e+09 1.583003401756286621e+00 9.380728006362915039e-03 -9.399625062942504883e-01 -6.517609208822250366e-02 7.721332311630249023e-01 2.895660698413848877e-01 -5.618842244148254395e-01
1.403715580112143278e+09 1.563333153724670410e+00 1.023242473602294922e-01 -1.233182787895202637e+00 -4.907969757914543152e-02 7.548495531082153320e-01 2.647579908370971680e-01 -5.980774760246276855e-01
1.403715580412143230e+09 1.556489944458007812e+00 2.245343625545501709e-01 -1.522130489349365234e+00 -2.861157804727554321e-02 7.253819108009338379e-01 2.344732880592346191e-01 -6.465484499931335449e-01
1.403715580612143278e+09 1.564281463623046875e+00 3.361292779445648193e-01 -1.801971793174743652e+00 2.804830903187394142e-03 6.972681879997253418e-01 2.050837129354476929e-01 -6.868405342102050781e-01
1.403715580812143087e+09 1.578575015068054199e+00 4.342284202575683594e-01 -2.044699192047119141e+00 4.670387133955955505e-02 6.826763153076171875e-01 1.818026304244995117e-01 -7.062008380889892578e-01
1.403715581012143135e+09 1.452990531921386719e+00 4.984770417213439941e-01 -2.304697036743164062e+00 3.677734732627868652e-02 6.822873950004577637e-01 2.129015624523162842e-01 -6.984298229217529297e-01
1.403715581712143183e+09 1.263729333877563477e+00 5.166943073272705078e-01 -2.212460994720458984e+00 -5.274785310029983521e-02 7.451503872871398926e-01 2.921708226203918457e-01 -5.971640348434448242e-01
1.403715582012143135e+09 1.139562845230102539e+00 4.777272343635559082e-01 -2.236425876617431641e+00 -5.853855237364768982e-02 8.122960329055786133e-01 2.598080635070800781e-01 -5.188912153244018555e-01
1.403715582412143230e+09 9.347512722015380859e-01 5.437800884246826172e-01 -2.380496501922607422e+00 -8.058632723987102509e-03 7.839500308036804199e-01 3.421216011047363281e-01 -5.179867744445800781e-01
1.403715583212143183e+09 7.802453041076660156e-01 6.628589630126953125e-01 -2.520761013031005859e+00 -2.624587528407573700e-02 7.993516325950622559e-01 2.823600471019744873e-01 -5.297366380691528320e-01
1.403715583412143230e+09 6.339805126190185547e-01 7.861382961273193359e-01 -2.665137529373168945e+00 -6.037339940667152405e-02 8.286833763122558594e-01 1.870310306549072266e-01 -5.240785479545593262e-01
1.403715583712143183e+09 9.998786449432373047e-01 7.504579424858093262e-01 -2.590491294860839844e+00 -3.275160863995552063e-02 8.432954549789428711e-01 1.617879122495651245e-01 -5.114731788635253906e-01
1.403715584312143087e+09 1.319088459014892578e+00 6.218240857124328613e-01 -2.425541400909423828e+00 2.518130652606487274e-02 8.215982317924499512e-01 2.453555315732955933e-01 -5.139484405517578125e-01
1.403715584512143135e+09 1.612686634063720703e+00 5.295787453651428223e-01 -2.213440418243408203e+00 3.689059242606163025e-02 8.079542517662048340e-01 2.853807806968688965e-01 -5.142050981521606445e-01
1.403715584712143183e+09 1.854328870773315430e+00 4.371125400066375732e-01 -1.993015766143798828e+00 1.137627381831407547e-02 7.946316003799438477e-01 3.203749954700469971e-01 -5.155494213104248047e-01
1.403715585012143135e+09 2.048866033554077148e+00 3.448895215988159180e-01 -1.797927379608154297e+00 -2.567388815805315971e-03 7.785396575927734375e-01 3.534192144870758057e-01 -5.186176896095275879e-01
1.403715585112143278e+09 2.276433944702148438e+00 1.685056686401367188e-01 -1.563146829605102539e+00 -1.238670572638511658e-02 7.822357416152954102e-01 3.450848758220672607e-01 -5.185270309448242188e-01
1.403715585712143183e+09 2.411301612854003906e+00 6.114763021469116211e-02 -1.545102119445800781e+00 6.838040426373481750e-03 7.532156109809875488e-01 2.227149009704589844e-01 -6.188842654228210449e-01
1.403715588112143278e+09 2.434973239898681641e+00 1.583367586135864258e-02 -1.438168764114379883e+00 -2.843883074820041656e-02 7.038696408271789551e-01 1.955703049898147583e-01 -6.822836399078369141e-01
1.403715588312143087e+09 2.479973793029785156e+00 3.407406806945800781e-02 -1.289991617202758789e+00 -3.775915130972862244e-02 6.512667536735534668e-01 1.683390736579895020e-01 -7.389776110649108887e-01
1.403715588512143135e+09 2.562168121337890625e+00 6.194570660591125488e-02 -1.130393266677856445e+00 -3.495571389794349670e-02 5.978220701217651367e-01 1.529769450426101685e-01 -7.861201763153076172e-01
1.403715588712143183e+09 2.676683187484741211e+00 9.080129861831665039e-02 -9.658102989196777344e-01 -8.750557899475097656e-03 5.394665002822875977e-01 1.599739044904708862e-01 -8.266242742538452148e-01
1.403715588912143230e+09 2.797085762023925781e+00 1.258332133293151855e-01 -7.926430702209472656e-01 3.168730437755584717e-02 4.717543423175811768e-01 1.861612051725387573e-01 -8.612710833549499512e-01
1.403715589112143278e+09 2.876551151275634766e+00 1.228661537170410156e-01 -6.224045753479003906e-01 5.301658809185028076e-02 4.186306893825531006e-01 1.849970668554306030e-01 -8.875323534011840820e-01
1.403715589312143087e+09 2.894105911254882812e+00 5.878543853759765625e-02 -4.495558738708496094e-01 7.115055620670318604e-02 3.751312196254730225e-01 1.766970306634902954e-01 -9.071892499923706055e-01
1.403715589512143135e+09 2.843399286270141602e+00 -4.262845218181610107e-02 -2.539467811584472656e-01 8.868037909269332886e-02 3.377988636493682861e-01 1.701932549476623535e-01 -9.214456081390380859e-01
1.403715589712143183e+09 2.714379310607910156e+00 -2.154651880264282227e-01 -3.101885318756103516e-02 5.192729085683822632e-02 3.298000693321228027e-01 1.550891250371932983e-01 -9.297757744789123535e-01
1.403715589912143230e+09 2.527920961380004883e+00 -4.324946105480194092e-01 1.965201944112777710e-01 -1.337255164980888367e-02 3.410922586917877197e-01 1.250043362379074097e-01 -9.315853714942932129e-01
1.403715590112143278e+09 2.235548496246337891e+00 -7.158656120300292969e-01 5.188658237457275391e-01 -2.033171616494655609e-02 3.522565066814422607e-01 1.425772756338119507e-01 -9.247560501098632812e-01
1.403715590512143135e+09 2.029243946075439453e+00 -8.746758699417114258e-01 6.989469528198242188e-01 -3.085910715162754059e-02 3.816846609115600586e-01 1.854711323976516724e-01 -9.049668908119201660e-01
1.403715590612143278e+09 1.791017413139343262e+00 -1.017750740051269531e+00 8.353197574615478516e-01 -2.219519019126892090e-02 4.390565752983093262e-01 2.130989879369735718e-01 -8.725396990776062012e-01
1.403715590812143087e+09 1.524268150329589844e+00 -1.145803689956665039e+00 9.291459321975708008e-01 -1.829796284437179565e-02 5.152920484542846680e-01 2.062748968601226807e-01 -8.316187858581542969e-01
1.403715591012143135e+09 1.243044018745422363e+00 -1.261673808097839355e+00 1.003703355789184570e+00 -2.108864113688468933e-02 5.858468413352966309e-01 2.295200973749160767e-01 -7.769551277160644531e-01
1.403715591212143183e+09 9.594399929046630859e-01 -1.358494758605957031e+00 1.057331562042236328e+00 -3.619250655174255371e-02 6.466231942176818848e-01 2.760932743549346924e-01 -7.101697325706481934e-01
1.403715591412143230e+09 6.713434457778930664e-01 -1.436017036437988281e+00 1.076305389404296875e+00 -4.576507210731506348e-02 7.043035626411437988e-01 3.061864376068115234e-01 -6.388364434242248535e-01
1.403715591612143278e+09 3.798983097076416016e-01 -1.464556217193603516e+00 1.066330909729003906e+00 -4.359318315982818604e-02 7.582189440727233887e-01 3.192682862281799316e-01 -5.668080449104309082e-01
1.403715591812143087e+09 9.320342540740966797e-02 -1.427823305130004883e+00 1.028223752975463867e+00 -5.588607862591743469e-02 7.975270748138427734e-01 3.302280902862548828e-01 -5.017734766006469727e-01
1.403715592012143135e+09 -3.143467903137207031e-01 -1.273944139480590820e+00 9.190819263458251953e-01 -9.690335392951965332e-02 8.458961248397827148e-01 3.451122939586639404e-01 -3.949267566204071045e-01
1.403715592312143087e+09 -5.226809978485107422e-01 -1.181588649749755859e+00 7.690314054489135742e-01 -1.188550069928169250e-01 8.781601190567016602e-01 3.418067991733551025e-01 -3.128519058227539062e-01
1.403715592512143135e+09 -6.587908267974853516e-01 -1.104898333549499512e+00 5.588685870170593262e-01 -1.368876546621322632e-01 9.001995921134948730e-01 3.442963659763336182e-01 -2.288286536931991577e-01
1.403715592712143183e+09 -7.031464576721191406e-01 -1.015537977218627930e+00 3.182817995548248291e-01 -1.394899636507034302e-01 9.174530506134033203e-01 3.446188271045684814e-01 -1.416343301534652710e-01
1.403715592912143230e+09 -6.564607024192810059e-01 -9.256744384765625000e-01 5.266958475112915039e-02 -6.657388061285018921e-02 9.342122673988342285e-01 3.459475934505462646e-01 -5.599702149629592896e-02
1.403715593112143278e+09 -5.774309039115905762e-01 -8.301123380661010742e-01 -2.093123048543930054e-01 -3.269471228122711182e-02 9.401084184646606445e-01 3.373776078224182129e-01 3.610614314675331116e-02
1.403715593312143087e+09 -5.021182298660278320e-01 -7.314829230308532715e-01 -4.580965340137481689e-01 -5.573571473360061646e-02 9.344931244850158691e-01 3.299705982208251953e-01 1.213900819420814514e-01
1.403715593512143135e+09 -4.056153893470764160e-01 -6.335523724555969238e-01 -6.921615004539489746e-01 -8.209711313247680664e-02 9.238039255142211914e-01 3.146836459636688232e-01 2.020413875579833984e-01
1.403715593712143183e+09 -2.767813205718994141e-01 -5.557011365890502930e-01 -9.028381109237670898e-01 -7.560370862483978271e-02 9.145932197570800781e-01 2.807420790195465088e-01 2.810467779636383057e-01
1.403715593912143230e+09 -1.211633682250976562e-01 -4.894089400768280029e-01 -1.061259746551513672e+00 -7.820088416337966919e-02 8.862478733062744141e-01 2.738566100597381592e-01 3.653108477592468262e-01
1.403715594112143278e+09 5.379927158355712891e-02 -4.370927810668945312e-01 -1.172116756439208984e+00 -7.251726090908050537e-02 8.477613329887390137e-01 2.810121476650238037e-01 4.439304769039154053e-01
1.403715594312143087e+09 3.465762138366699219e-01 -3.864751458168029785e-01 -1.271900057792663574e+00 -7.890539616346359253e-02 7.921702861785888672e-01 2.561383247375488281e-01 5.483005642890930176e-01
1.403715594612143278e+09 5.592075586318969727e-01 -3.725834488868713379e-01 -1.286985278129577637e+00 -9.232798963785171509e-02 7.403224706649780273e-01 2.419097721576690674e-01 6.203852891921997070e-01
1.403715594812143087e+09 7.916312217712402344e-01 -3.728851079940795898e-01 -1.253704547882080078e+00 -8.314112573862075806e-02 6.704782843589782715e-01 2.640097737312316895e-01 6.883642673492431641e-01
1.403715595012143135e+09 1.056179285049438477e+00 -3.767638802528381348e-01 -1.195862889289855957e+00 -7.701635360717773438e-02 6.060449481010437012e-01 2.570011913776397705e-01 7.488179802894592285e-01
1.403715595212143183e+09 1.351107120513916016e+00 -3.831414580345153809e-01 -1.129404067993164062e+00 -5.244878679513931274e-02 5.431819558143615723e-01 2.348575145006179810e-01 8.043907880783081055e-01
1.403715595412143230e+09 1.664847850799560547e+00 -3.862079381942749023e-01 -1.055820703506469727e+00 -2.652683667838573456e-02 4.782327115535736084e-01 1.960650533437728882e-01 8.556567430496215820e-01
1.403715595612143278e+09 1.977112531661987305e+00 -3.825827836990356445e-01 -9.831935763359069824e-01 -9.870960377156734467e-03 4.228800833225250244e-01 1.089285984635353088e-01 8.995607495307922363e-01
1.403715595812143087e+09 2.241341829299926758e+00 -3.955747187137603760e-01 -9.008281826972961426e-01 2.373393252491950989e-02 3.728232085704803467e-01 1.241073012351989746e-02 9.275158643722534180e-01
1.403715596012143135e+09 2.397293567657470703e+00 -4.997534453868865967e-01 -8.143780231475830078e-01 6.680209934711456299e-02 2.888059318065643311e-01 8.606246556155383587e-04 9.550538659095764160e-01
1.403715596412143230e+09 2.301574945449829102e+00 -5.597747564315795898e-01 -8.373783826828002930e-01 -4.213684052228927612e-02 2.424228936433792114e-01 5.313567072153091431e-02 9.677976369857788086e-01
1.403715596612143278e+09 2.177715301513671875e+00 -6.343966722488403320e-01 -8.344063162803649902e-01 -1.055714190006256104e-01 1.909401714801788330e-01 7.891815155744552612e-02 9.727118611335754395e-01
1.403715596812143087e+09 1.987212896347045898e+00 -8.428894877433776855e-01 -5.957537293434143066e-01 -1.504561305046081543e-01 1.199086084961891174e-01 8.095780014991760254e-02 9.779727458953857422e-01
1.403715597212143183e+09 1.949972867965698242e+00 -9.903907775878906250e-01 -3.378315865993499756e-01 -8.298194408416748047e-02 1.005981042981147766e-01 8.199694007635116577e-02 9.880640506744384766e-01
1.403715597412143230e+09 1.936666011810302734e+00 -1.151494979858398438e+00 -3.544455766677856445e-02 -7.899696007370948792e-03 6.820027530193328857e-02 7.051313668489456177e-02 9.951453804969787598e-01
1.403715597612143278e+09 1.942451238632202148e+00 -1.291574120521545410e+00 2.636483311653137207e-01 1.465757936239242554e-02 2.020283788442611694e-02 4.145399481058120728e-02 9.988285899162292480e-01
1.403715597912143230e+09 1.980252385139465332e+00 -1.528549432754516602e+00 8.137066364288330078e-01 3.635678440332412720e-02 -3.047795034945011139e-02 9.044930338859558105e-03 9.988330602645874023e-01
1.403715598312143087e+09 2.017814874649047852e+00 -1.624434113502502441e+00 1.161882758140563965e+00 9.696058183908462524e-02 -3.118099831044673920e-02 1.091596577316522598e-02 9.947397708892822266e-01
1.403715598512143135e+09 2.100161552429199219e+00 -1.586017847061157227e+00 1.377437591552734375e+00 5.119484663009643555e-02 -1.949056237936019897e-02 1.100246701389551163e-02 9.984378814697265625e-01
1.403715599012143135e+09 2.176530838012695312e+00 -1.370022892951965332e+00 1.329792380332946777e+00 1.053878385573625565e-02 -2.675862424075603485e-02 3.385092318058013916e-02 9.990130662918090820e-01
1.403715599812143087e+09 2.299188852310180664e+00 -1.163820624351501465e+00 1.258052110671997070e+00 3.352282568812370300e-02 -3.250645846128463745e-02 5.595245584845542908e-02 9.973409175872802734e-01
1.403715600012143135e+09 2.514387130737304688e+00 -9.224728941917419434e-01 1.132622718811035156e+00 7.162224035710096359e-03 -1.652999781072139740e-02 -3.982966765761375427e-02 9.990441203117370605e-01
1.403715600412143230e+09 2.575649738311767578e+00 -7.460829019546508789e-01 1.008294463157653809e+00 -9.710622020065784454e-03 -9.883646667003631592e-02 -8.748273551464080811e-02 9.912033081054687500e-01
1.403715600612143278e+09 2.543303251266479492e+00 -6.491978168487548828e-01 9.211111068725585938e-01 -3.370910137891769409e-02 -1.868691891431808472e-01 -8.202985674142837524e-02 9.783735871315002441e-01
1.403715600812143087e+09 2.482692480087280273e+00 -6.042508482933044434e-01 8.442546129226684570e-01 -2.458991855382919312e-02 -2.637526690959930420e-01 -1.049823462963104248e-01 9.585450291633605957e-01
1.403715601012143135e+09 2.297465801239013672e+00 -6.735628843307495117e-01 7.053899168968200684e-01 5.157952196896076202e-03 -3.300695121288299561e-01 -1.409366726875305176e-01 9.333618879318237305e-01
1.403715601512143135e+09 2.023380994796752930e+00 -7.912323474884033203e-01 5.503520369529724121e-01 7.928590290248394012e-03 -3.433411717414855957e-01 -1.314844340085983276e-01 9.299278855323791504e-01
1.403715601912143230e+09 1.780102252960205078e+00 -8.634675741195678711e-01 4.249682724475860596e-01 4.342645034193992615e-02 -3.321180939674377441e-01 -1.069371104240417480e-01 9.361496567726135254e-01
1.403715602112143278e+09 1.500638604164123535e+00 -8.823159933090209961e-01 1.988555043935775757e-01 4.142842069268226624e-02 -2.520368695259094238e-01 -6.422356516122817993e-02 9.646950364112854004e-01
1.403715602612143278e+09 1.296045064926147461e+00 -8.058243393898010254e-01 -6.737229973077774048e-02 5.266344174742698669e-03 -1.378084570169448853e-01 -5.409992486238479614e-02 9.889662861824035645e-01
1.403715603012143135e+09 1.057565331459045410e+00 -5.843060612678527832e-01 -2.687686681747436523e-01 -5.873043090105056763e-03 -3.572067990899085999e-02 -1.687865331768989563e-02 9.992020726203918457e-01
1.403715603412143230e+09 7.726846337318420410e-01 -3.881523609161376953e-01 -4.366756677627563477e-01 -2.176917344331741333e-02 1.341802440583705902e-02 3.018458560109138489e-02 9.992172122001647949e-01
1.403715603812143087e+09 5.451071858406066895e-01 -2.901416122913360596e-01 -5.718090534210205078e-01 -4.693978279829025269e-02 7.837742567062377930e-03 7.893294095993041992e-02 9.957433342933654785e-01
1.403715604412143230e+09 3.988006711006164551e-01 -2.508692145347595215e-01 -5.757130980491638184e-01 -1.097948383539915085e-02 2.868048101663589478e-02 2.362829446792602539e-02 9.992490410804748535e-01
1.403715605112143278e+09 2.632959485054016113e-01 -2.676532268524169922e-01 -4.674794673919677734e-01 -7.049078121781349182e-03 2.301902137696743011e-02 2.343496866524219513e-02 9.994355440139770508e-01
1.403715605512143135e+09 1.450458168983459473e-01 -2.415080815553665161e-01 -3.106191158294677734e-01 -4.665059037506580353e-03 1.448183786123991013e-02 1.976951211690902710e-02 9.996888637542724609e-01
1.403715606212143183e+09 5.750105157494544983e-02 -1.858565807342529297e-01 -1.646706759929656982e-01 -1.403189962729811668e-03 2.773468615487217903e-03 2.746100537478923798e-02 9.996181130409240723e-01
1.403715606612143278e+09 5.308113060891628265e-03 -1.977634578943252563e-01 -7.837074249982833862e-02 8.665254339575767517e-03 -1.441362965852022171e-02 4.611014574766159058e-02 9.987947940826416016e-01
1.403715607112143278e+09 4.790036473423242569e-03 -1.447976082563400269e-01 -1.430917531251907349e-02 7.415357045829296112e-03 -6.350402254611253738e-03 7.752441335469484329e-03 9.999223351478576660e-01
1.403715607612143278e+09 -3.139768913388252258e-02 -1.090897321701049805e-01 -2.789537236094474792e-02 5.220700986683368683e-03 -1.108001568354666233e-03 8.778867311775684357e-03 9.999473094940185547e-01
1.403715607912143230e+09 -4.513966292142868042e-02 -9.139863401651382446e-02 -3.181368485093116760e-02 2.699517877772450447e-03 -2.478930167853832245e-03 6.256751716136932373e-03 9.999737143516540527e-01
