1.413394881655760527e+09 -0.000000000000000000e+00 -0.000000000000000000e+00 -0.000000000000000000e+00 -0.000000000000000000e+00 -0.000000000000000000e+00 -0.000000000000000000e+00 1.000000000000000000e+00
1.413394888255760431e+09 -8.201290667057037354e-02 -3.517272472381591797e-01 -4.222466424107551575e-02 -3.952788189053535461e-02 1.755511388182640076e-02 -1.527712959796190262e-02 9.989474415779113770e-01
1.413394888655760527e+09 -1.833083033561706543e-01 -4.904651939868927002e-01 6.277123838663101196e-02 -4.994589090347290039e-02 1.180779468268156052e-02 -9.017466567456722260e-03 9.986414909362792969e-01
1.413394888855760574e+09 -2.403267920017242432e-01 -5.175189971923828125e-01 1.486834138631820679e-01 -3.100466169416904449e-02 7.161691784858703613e-03 2.897555939853191376e-03 9.994894266128540039e-01
1.413394889155760527e+09 -3.109739124774932861e-01 -5.741812586784362793e-01 2.778855860233306885e-01 -1.732931472361087799e-02 2.520864363759756088e-03 1.270654704421758652e-02 9.997659325599670410e-01
1.413394889355760574e+09 -3.386832475662231445e-01 -6.322687864303588867e-01 3.454978168010711670e-01 4.338275641202926636e-02 6.585997529327869415e-03 8.345047826878726482e-04 9.990364909172058105e-01
1.413394889455760479e+09 -3.510082662105560303e-01 -6.581813097000122070e-01 3.590800166130065918e-01 9.264381229877471924e-02 7.967309094965457916e-03 -2.431826433166861534e-03 9.956645369529724121e-01
1.413394889655760527e+09 -3.743403851985931396e-01 -6.935534477233886719e-01 3.225986063480377197e-01 4.609362035989761353e-02 1.071108039468526840e-02 -7.529710885137319565e-03 9.988513588905334473e-01
1.413394889755760431e+09 -3.876940906047821045e-01 -6.995954513549804688e-01 2.791068255901336670e-01 -2.216217294335365295e-02 1.198064815253019333e-02 -7.867000997066497803e-03 9.996517300605773926e-01
1.413394889855760574e+09 -4.014762043952941895e-01 -7.068950533866882324e-01 2.335820347070693970e-01 -8.171226829290390015e-02 1.207580231130123138e-02 -4.890474025160074234e-03 9.965708255767822266e-01
1.413394889955760479e+09 -4.154205620288848877e-01 -7.181525826454162598e-01 1.978850066661834717e-01 -1.261261999607086182e-01 1.245177071541547775e-02 -5.751636344939470291e-04 9.919359087944030762e-01
1.413394890055760384e+09 -4.280916154384613037e-01 -7.250270843505859375e-01 1.827149093151092529e-01 -1.593952327966690063e-01 1.319993846118450165e-02 5.587890627793967724e-04 9.871264696121215820e-01
1.413394890255760431e+09 -4.491667747497558594e-01 -7.476770877838134766e-01 2.363554984331130981e-01 -1.241965666413307190e-01 1.197418291121721268e-02 1.805263012647628784e-02 9.920212030410766602e-01
1.413394890355760574e+09 -4.531319141387939453e-01 -7.583751082420349121e-01 2.946243286132812500e-01 -6.525924056768417358e-02 1.014539506286382675e-02 2.936153113842010498e-02 9.973847270011901855e-01
1.413394890455760479e+09 -4.456930756568908691e-01 -7.555817365646362305e-01 4.203800261020660400e-01 5.172143131494522095e-02 7.454640232026576996e-03 3.571904450654983521e-02 9.979947805404663086e-01
1.413394890655760527e+09 -3.426378071308135986e-01 -6.766918897628784180e-01 4.389125406742095947e-01 -7.551401853561401367e-02 8.976479992270469666e-03 -3.898525843396782875e-03 9.970967173576354980e-01
1.413394891155760527e+09 -2.263656407594680786e-01 -7.787376642227172852e-01 8.192688822746276855e-01 -2.353733405470848083e-02 1.271697506308555603e-02 -2.838545478880405426e-02 9.992389678955078125e-01
1.413394891955760479e+09 -2.561477124691009521e-01 -9.312424063682556152e-01 1.020591735839843750e+00 4.572375491261482239e-02 -2.209282945841550827e-03 -3.758463636040687561e-02 9.982444047927856445e-01
1.413394892255760431e+09 -3.322515785694122314e-01 -1.028455615043640137e+00 1.114881515502929688e+00 4.735523462295532227e-02 -8.155183494091033936e-02 -5.465188995003700256e-02 9.940422773361206055e-01
1.413394892555760384e+09 -4.464242458343505859e-01 -1.026043176651000977e+00 1.109145402908325195e+00 1.226382981985807419e-02 -1.944359242916107178e-01 -7.971405982971191406e-02 9.775939583778381348e-01
1.413394892855760574e+09 -5.285667181015014648e-01 -1.033572673797607422e+00 1.055297851562500000e+00 -1.607907563447952271e-02 -2.757940888404846191e-01 -1.034470573067665100e-01 9.554987549781799316e-01
1.413394893055760384e+09 -6.559032201766967773e-01 -1.050188422203063965e+00 9.688888192176818848e-01 -3.132726624608039856e-02 -3.672285676002502441e-01 -1.526327580213546753e-01 9.169870018959045410e-01
1.413394893355760574e+09 -8.255528211593627930e-01 -1.081081509590148926e+00 8.838682174682617188e-01 1.155395805835723877e-02 -4.090879857540130615e-01 -1.748917102813720703e-01 8.955034613609313965e-01
1.413394893755760431e+09 -1.114213585853576660e+00 -1.008324623107910156e+00 6.839513182640075684e-01 5.400488898158073425e-02 -3.985124528408050537e-01 -1.880812346935272217e-01 8.960450887680053711e-01
1.413394894055760384e+09 -1.273470878601074219e+00 -9.292562007904052734e-01 4.946981668472290039e-01 5.484902858734130859e-02 -4.292653203010559082e-01 -1.657802164554595947e-01 8.861375451087951660e-01
1.413394894255760431e+09 -1.426102995872497559e+00 -8.229855895042419434e-01 2.460902333259582520e-01 2.319319173693656921e-02 -4.891729056835174561e-01 -1.357582211494445801e-01 8.612442612648010254e-01
1.413394894455760479e+09 -1.550697803497314453e+00 -6.944808363914489746e-01 -1.088142395019531250e-02 9.468829957768321037e-04 -5.384679436683654785e-01 -1.460111290216445923e-01 8.298988342285156250e-01
1.413394894655760527e+09 -1.644715309143066406e+00 -5.563354492187500000e-01 -2.500408291816711426e-01 3.423635149374604225e-03 -5.755069255828857422e-01 -1.639390289783477783e-01 8.011892437934875488e-01
1.413394894855760574e+09 -1.720232486724853516e+00 -4.203463494777679443e-01 -4.820826649665832520e-01 -5.513952113687992096e-03 -5.935112237930297852e-01 -1.761043071746826172e-01 7.853033542633056641e-01
1.413394895055760384e+09 -1.778915047645568848e+00 -2.969623208045959473e-01 -7.023552656173706055e-01 -2.935769408941268921e-02 -5.994698405265808105e-01 -1.702944785356521606e-01 7.815202474594116211e-01
1.413394895355760574e+09 -1.910257935523986816e+00 -1.303710639476776123e-01 -1.203155755996704102e+00 -2.328145317733287811e-03 -5.685116648674011230e-01 -1.992522478103637695e-01 7.981777787208557129e-01
1.413394895855760574e+09 -1.966686606407165527e+00 -1.468037366867065430e-01 -1.438721656799316406e+00 -1.937089674174785614e-02 -5.709897279739379883e-01 -1.841795295476913452e-01 7.997958660125732422e-01
1.413394896055760384e+09 -2.029539823532104492e+00 -1.426161229610443115e-01 -1.661152839660644531e+00 -1.935718022286891937e-02 -5.748999714851379395e-01 -1.803513616323471069e-01 7.978651523590087891e-01
1.413394896255760431e+09 -2.095525503158569336e+00 -9.237897396087646484e-02 -1.861293792724609375e+00 -2.608596347272396088e-02 -5.807943940162658691e-01 -1.741458028554916382e-01 7.947770953178405762e-01
1.413394896355760574e+09 -2.164597034454345703e+00 -3.103391081094741821e-02 -2.038906574249267578e+00 -6.367737799882888794e-02 -5.946873426437377930e-01 -1.330546140670776367e-01 7.903092503547668457e-01
1.413394896555760384e+09 -2.269297361373901367e+00 9.934476017951965332e-02 -2.167335271835327148e+00 -1.275009810924530029e-01 -6.106147170066833496e-01 -5.194414779543876648e-02 7.798686027526855469e-01
1.413394897055760384e+09 -2.271586179733276367e+00 1.277460455894470215e-01 -1.932410359382629395e+00 -1.293599158525466919e-01 -6.101065278053283691e-01 -3.893285989761352539e-02 7.807177305221557617e-01
1.413394897255760431e+09 -2.224421024322509766e+00 7.778878509998321533e-02 -1.602697849273681641e+00 -7.393401116132736206e-02 -5.953454375267028809e-01 -1.064761057496070862e-01 7.929441928863525391e-01
1.413394897455760479e+09 -2.194456577301025391e+00 3.641811013221740723e-02 -1.410364627838134766e+00 -3.853455930948257446e-02 -5.863329768180847168e-01 -1.411984860897064209e-01 7.967382073402404785e-01
1.413394897555760384e+09 -2.162072181701660156e+00 -1.447275280952453613e-02 -1.216584801673889160e+00 -1.987587474286556244e-02 -5.803999900817871094e-01 -1.619810760021209717e-01 7.978113889694213867e-01
1.413394897655760527e+09 -2.127281665802001953e+00 -7.019120454788208008e-02 -1.023537516593933105e+00 -1.046502217650413513e-02 -5.785919427871704102e-01 -1.707627326250076294e-01 7.974722981452941895e-01
1.413394897755760431e+09 -2.053497791290283203e+00 -1.973379254341125488e-01 -6.551938056945800781e-01 5.138640757650136948e-03 -5.813091993331909180e-01 -1.673152297735214233e-01 7.962780594825744629e-01
1.413394897955760479e+09 -1.962844014167785645e+00 -3.332637548446655273e-01 -3.134778738021850586e-01 1.392552908509969711e-02 -5.810776948928833008e-01 -1.688336879014968872e-01 7.960213422775268555e-01
1.413394898155760527e+09 -1.855855941772460938e+00 -4.671304523944854736e-01 -4.937171936035156250e-03 2.433929778635501862e-02 -5.773048996925354004e-01 -1.892198324203491211e-01 7.939285039901733398e-01
1.413394898355760574e+09 -1.687297701835632324e+00 -6.548981070518493652e-01 3.522740602493286133e-01 5.294747650623321533e-02 -5.933905839920043945e-01 -2.446652352809906006e-01 7.649987339973449707e-01
1.413394898855760574e+09 -1.432098388671875000e+00 -9.021993875503540039e-01 4.653561115264892578e-01 2.386738918721675873e-02 -6.160293221473693848e-01 -3.158715069293975830e-01 7.212235331535339355e-01
1.413394899455760479e+09 -1.475127220153808594e+00 -8.264470100402832031e-01 2.459515333175659180e-01 -1.197472587227821350e-02 -6.485168933868408203e-01 -2.649092078208923340e-01 7.135164141654968262e-01
1.413394899655760527e+09 -1.542016863822937012e+00 -7.227649092674255371e-01 5.703520774841308594e-02 -1.653032004833221436e-02 -6.869472861289978027e-01 -2.654663026332855225e-01 6.762824058532714844e-01
1.413394899855760574e+09 -1.640798091888427734e+00 -6.342564225196838379e-01 -1.556276082992553711e-01 -7.076047360897064209e-03 -7.390239238739013672e-01 -2.603530883789062500e-01 6.212969422340393066e-01
1.413394900055760384e+09 -1.749661445617675781e+00 -5.793668031692504883e-01 -4.054765701293945312e-01 -1.668184413574635983e-03 -7.884170413017272949e-01 -2.407405823469161987e-01 5.660740137100219727e-01
1.413394900255760431e+09 -1.859011650085449219e+00 -5.442042946815490723e-01 -6.412575244903564453e-01 8.915222249925136566e-03 -8.259286284446716309e-01 -2.289798110723495483e-01 5.151026844978332520e-01
1.413394900455760479e+09 -1.949904203414916992e+00 -4.752839207649230957e-01 -8.539493083953857422e-01 4.469033330678939819e-02 -8.457573056221008301e-01 -2.517487108707427979e-01 4.683160185813903809e-01
1.413394900655760527e+09 -2.004717588424682617e+00 -3.901361227035522461e-01 -1.067341089248657227e+00 8.333954960107803345e-02 -8.599445223808288574e-01 -2.733213305473327637e-01 4.229011237621307373e-01
1.413394900855760574e+09 -1.984411835670471191e+00 -3.450820446014404297e-01 -1.328272342681884766e+00 8.876816183328628540e-02 -8.821703195571899414e-01 -2.829700410366058350e-01 3.658192753791809082e-01
1.413394901055760384e+09 -1.886668086051940918e+00 -3.372708559036254883e-01 -1.630497694015502930e+00 8.732511848211288452e-02 -9.107860922813415527e-01 -2.735659182071685791e-01 2.966558039188385010e-01
1.413394901255760431e+09 -1.727609872817993164e+00 -3.123773336410522461e-01 -1.932537317276000977e+00 3.757203742861747742e-02 -9.431251883506774902e-01 -2.399569898843765259e-01 2.269885987043380737e-01
1.413394901455760479e+09 -1.540326118469238281e+00 -2.666501998901367188e-01 -2.198361396789550781e+00 -2.962810453027486801e-03 -9.636467099189758301e-01 -2.082105129957199097e-01 1.674058139324188232e-01
1.413394901655760527e+09 -1.348723530769348145e+00 -1.894438266754150391e-01 -2.375522851943969727e+00 7.141974754631519318e-03 -9.649271368980407715e-01 -2.394888550043106079e-01 1.072831377387046814e-01
1.413394901855760574e+09 -1.168136119842529297e+00 -1.281639337539672852e-01 -2.501768827438354492e+00 4.275015741586685181e-02 -9.678410887718200684e-01 -2.464328855276107788e-01 2.695949561893939972e-02
1.413394902055760384e+09 -9.523438215255737305e-01 -1.079026460647583008e-01 -2.594830513000488281e+00 5.020013079047203064e-02 -9.668387174606323242e-01 -2.454073429107666016e-01 -4.978159070014953613e-02
1.413394902255760431e+09 -7.154418230056762695e-01 -8.903467655181884766e-02 -2.646396875381469727e+00 4.625634104013442993e-02 -9.665251374244689941e-01 -2.237913161516189575e-01 -1.166489720344543457e-01
1.413394902455760479e+09 -4.716985225677490234e-01 -6.995618343353271484e-02 -2.633821487426757812e+00 7.083068601787090302e-03 -9.631017446517944336e-01 -2.114450633525848389e-01 -1.663606166839599609e-01
1.413394902655760527e+09 -2.558751106262207031e-01 -8.117663860321044922e-02 -2.575307130813598633e+00 -6.228643655776977539e-02 -9.499359726905822754e-01 -2.398756444454193115e-01 -1.902675032615661621e-01
1.413394902855760574e+09 -3.767275810241699219e-02 -6.747901439666748047e-02 -2.403452873229980469e+00 -5.247300490736961365e-02 -9.390935897827148438e-01 -2.956711649894714355e-01 -1.671178042888641357e-01
1.413394903355760574e+09 -2.993941307067871094e-02 6.315672397613525391e-02 -2.300442457199096680e+00 -2.279070578515529633e-02 -9.492913484573364258e-01 -3.018768429756164551e-01 -8.483525365591049194e-02
1.413394903755760431e+09 -1.424672007560729980e-01 1.564216613769531250e-02 -2.319670200347900391e+00 7.956581190228462219e-03 -9.523447155952453613e-01 -3.045423626899719238e-01 -1.517637725919485092e-02
1.413394904255760431e+09 -2.021131217479705811e-01 7.350897789001464844e-02 -2.340205192565917969e+00 -1.287289429455995560e-02 -9.340198040008544922e-01 -3.433267474174499512e-01 9.781658649444580078e-02
1.413394904555760384e+09 -2.708438634872436523e-01 1.351946592330932617e-01 -2.393588542938232422e+00 -2.782437717542052269e-03 -9.309777617454528809e-01 -3.116017580032348633e-01 1.902028918266296387e-01
1.413394904755760431e+09 -3.430908918380737305e-01 1.840190887451171875e-01 -2.476929664611816406e+00 4.499844275414943695e-03 -9.191824793815612793e-01 -2.769175171852111816e-01 2.800002098083496094e-01
1.413394904955760479e+09 -4.086194038391113281e-01 2.112545967102050781e-01 -2.555068254470825195e+00 1.464664563536643982e-02 -9.045915007591247559e-01 -2.222802788019180298e-01 3.634434938430786133e-01
1.413394905155760527e+09 -4.472732543945312500e-01 2.372387945652008057e-01 -2.588562488555908203e+00 -4.527990892529487610e-02 -8.515528440475463867e-01 -2.535167336463928223e-01 4.566582143306732178e-01
1.413394905455760479e+09 -4.813392162322998047e-01 2.387824654579162598e-01 -2.586752414703369141e+00 -1.017804965376853943e-01 -7.985940575599670410e-01 -3.549158871173858643e-01 4.753134846687316895e-01
1.413394905755760431e+09 -7.076656818389892578e-01 2.091867923736572266e-01 -2.668320178985595703e+00 9.889316745102405548e-03 -8.391670584678649902e-01 -2.512276172637939453e-01 4.822711944580078125e-01
1.413394905955760479e+09 -8.625702857971191406e-01 1.648508310317993164e-01 -2.758745431900024414e+00 6.406775116920471191e-02 -8.699997663497924805e-01 -1.388673633337020874e-01 4.687341749668121338e-01
1.413394906155760527e+09 -8.995623588562011719e-01 4.452913999557495117e-02 -2.708865404129028320e+00 -4.735711216926574707e-02 -8.353082537651062012e-01 -2.329124212265014648e-01 4.957512021064758301e-01
1.413394906555760384e+09 -9.010252952575683594e-01 1.604181528091430664e-02 -2.593395471572875977e+00 -6.042128428816795349e-02 -7.710484266281127930e-01 -3.268944323062896729e-01 5.431147217750549316e-01
1.413394906755760431e+09 -9.716560840606689453e-01 -3.948092460632324219e-03 -2.517476320266723633e+00 3.442320274189114571e-03 -7.610416412353515625e-01 -2.591449320316314697e-01 5.946828722953796387e-01
1.413394906955760479e+09 -1.030288219451904297e+00 -1.124203205108642578e-02 -2.475682020187377930e+00 9.216699004173278809e-02 -7.676438093185424805e-01 -1.346240192651748657e-01 6.197617053985595703e-01
1.413394907155760527e+09 -8.090808391571044922e-01 -2.186670899391174316e-02 -2.326278686523437500e+00 -8.421687781810760498e-02 -7.384133338928222656e-01 -2.182808965444564819e-01 6.324608922004699707e-01
1.413394907555760384e+09 -6.896090507507324219e-01 -2.096849679946899414e-02 -2.207081794738769531e+00 -1.906144917011260986e-01 -6.942301392555236816e-01 -2.469268143177032471e-01 6.486430168151855469e-01
1.413394907755760431e+09 -6.875451803207397461e-01 -2.313198894262313843e-02 -2.019444227218627930e+00 -5.429790541529655457e-02 -6.874812245368957520e-01 -2.343623340129852295e-01 6.851975917816162109e-01
1.413394907955760479e+09 -7.134302854537963867e-01 -9.511262178421020508e-03 -1.830492734909057617e+00 6.517977267503738403e-02 -6.997711062431335449e-01 -1.757893860340118408e-01 6.893258094787597656e-01
1.413394908155760527e+09 -6.845363378524780273e-01 3.402045369148254395e-02 -1.668056726455688477e+00 9.934092871844768524e-03 -6.853813529014587402e-01 -2.404446452856063843e-01 6.872700452804565430e-01
1.413394908355760574e+09 -6.580007076263427734e-01 7.188578695058822632e-02 -1.542428493499755859e+00 -7.714696973562240601e-02 -6.646814942359924316e-01 -3.085537254810333252e-01 6.760483980178833008e-01
1.413394908655760527e+09 -8.111678361892700195e-01 1.094579696655273438e-03 -1.454702734947204590e+00 1.486029475927352905e-02 -7.060116529464721680e-01 -2.320872545242309570e-01 6.689261794090270996e-01
1.413394908855760574e+09 -9.291961193084716797e-01 -1.161601245403289795e-01 -1.448197245597839355e+00 9.373275935649871826e-02 -7.357320785522460938e-01 -1.413842290639877319e-01 6.556851267814636230e-01
1.413394909155760527e+09 -9.116216897964477539e-01 -2.730868458747863770e-01 -1.438607454299926758e+00 -2.331263199448585510e-02 -7.217506766319274902e-01 -2.034018486738204956e-01 6.611809730529785156e-01
1.413394909355760574e+09 -8.768677711486816406e-01 -3.837273418903350830e-01 -1.368353128433227539e+00 -8.050626516342163086e-02 -6.596518754959106445e-01 -2.090505212545394897e-01 7.174093127250671387e-01
1.413394909655760527e+09 -9.033310413360595703e-01 -4.683888256549835205e-01 -1.278350830078125000e+00 -1.984587125480175018e-02 -6.484088897705078125e-01 -1.345449388027191162e-01 7.490459084510803223e-01
1.413394909855760574e+09 -8.957412242889404297e-01 -5.705491304397583008e-01 -1.167959213256835938e+00 5.941920727491378784e-02 -6.392751932144165039e-01 -1.099173501133918762e-01 7.587587833404541016e-01
1.413394910055760384e+09 -8.107478618621826172e-01 -6.302800178527832031e-01 -1.068246126174926758e+00 -1.148541457951068878e-03 -6.146414279937744141e-01 -1.963529735803604126e-01 7.639765739440917969e-01
1.413394910255760431e+09 -7.241684794425964355e-01 -6.642506122589111328e-01 -9.730010032653808594e-01 -8.731156587600708008e-02 -5.966929197311401367e-01 -2.557947039604187012e-01 7.555814981460571289e-01
1.413394910455760479e+09 -7.447237372398376465e-01 -6.773539185523986816e-01 -8.094323873519897461e-01 -1.967779546976089478e-02 -6.229026317596435547e-01 -2.096656709909439087e-01 7.534225583076477051e-01
1.413394910755760431e+09 -7.900511026382446289e-01 -6.832081079483032227e-01 -7.068083286285400391e-01 6.612216681241989136e-02 -6.543111801147460938e-01 -1.163820773363113403e-01 7.442848682403564453e-01
1.413394910955760479e+09 -6.221576929092407227e-01 -6.630941033363342285e-01 -5.082654953002929688e-01 -3.169430792331695557e-02 -6.364446282386779785e-01 -2.142478525638580322e-01 7.402915954589843750e-01
1.413394911355760574e+09 -5.115455389022827148e-01 -6.247813701629638672e-01 -3.951759040355682373e-01 -8.355964720249176025e-02 -6.065881252288818359e-01 -2.745874822139739990e-01 7.413976192474365234e-01
1.413394911655760527e+09 -5.029206275939941406e-01 -5.515233278274536133e-01 -2.335665076971054077e-01 8.454852737486362457e-03 -6.194289922714233398e-01 -1.945921927690505981e-01 7.605065107345581055e-01
1.413394911855760574e+09 -4.052541851997375488e-01 -5.263862013816833496e-01 -1.271208524703979492e-01 -4.884876683354377747e-02 -5.761029124259948730e-01 -2.387311309576034546e-01 7.802094221115112305e-01
1.413394912355760574e+09 -4.426831901073455811e-01 -6.034846305847167969e-01 -1.155151650309562683e-01 -5.296800285577774048e-02 -5.092289447784423828e-01 -1.753162443637847900e-01 8.409188389778137207e-01
1.413394912755760431e+09 -6.149477362632751465e-01 -7.168954610824584961e-01 -6.344778835773468018e-02 -1.934647373855113983e-02 -4.571687877178192139e-01 -1.411040723323822021e-01 8.779020905494689941e-01
1.413394913355760574e+09 -8.358216881752014160e-01 -8.265779018402099609e-01 -5.400425195693969727e-02 2.578018419444561005e-02 -5.366351604461669922e-01 -1.858464181423187256e-01 8.226902484893798828e-01
1.413394913655760527e+09 -9.627138376235961914e-01 -7.664003372192382812e-01 -1.308898329734802246e-01 1.939041540026664734e-02 -6.339736580848693848e-01 -2.459932267665863037e-01 7.329316139221191406e-01
1.413394913955760479e+09 -1.049735426902770996e+00 -6.645984649658203125e-01 -2.150661945343017578e-01 -7.642093580216169357e-03 -7.012599110603332520e-01 -2.440852671861648560e-01 6.697750687599182129e-01
1.413394914155760527e+09 -1.144300580024719238e+00 -5.578887462615966797e-01 -3.187266588211059570e-01 1.028527226299047470e-02 -7.524467706680297852e-01 -2.601546943187713623e-01 6.050103902816772461e-01
1.413394914355760574e+09 -1.234011411666870117e+00 -5.105271339416503906e-01 -4.581303596496582031e-01 3.229115903377532959e-02 -7.956857085227966309e-01 -2.776502966880798340e-01 5.373563766479492188e-01
1.413394914555760384e+09 -1.306956768035888672e+00 -4.943248033523559570e-01 -6.480438709259033203e-01 2.281212620437145233e-02 -8.289179801940917969e-01 -2.759771347045898438e-01 4.860156178474426270e-01
1.413394914755760431e+09 -1.367492914199829102e+00 -4.397953748703002930e-01 -8.462809324264526367e-01 6.341615226119756699e-03 -8.535009622573852539e-01 -2.694423496723175049e-01 4.459784328937530518e-01
1.413394914955760479e+09 -1.434606671333312988e+00 -2.888942956924438477e-01 -1.132521867752075195e+00 5.238866806030273438e-02 -8.813521265983581543e-01 -2.799082398414611816e-01 3.769951164722442627e-01
1.413394915255760431e+09 -1.421994924545288086e+00 -1.790552139282226562e-01 -1.342286229133605957e+00 8.544868975877761841e-02 -9.003841876983642578e-01 -2.931095957756042480e-01 3.099899291992187500e-01
1.413394915455760479e+09 -1.338196516036987305e+00 -7.279253005981445312e-02 -1.584333419799804688e+00 9.617855399847030640e-02 -9.245258569717407227e-01 -2.829909920692443848e-01 2.364692538976669312e-01
1.413394915655760527e+09 -1.172715663909912109e+00 3.286004066467285156e-03 -1.842067480087280273e+00 4.017703235149383545e-02 -9.569406509399414062e-01 -2.492475807666778564e-01 1.432695537805557251e-01
1.413394915855760574e+09 -9.741047024726867676e-01 6.219387054443359375e-02 -2.051889896392822266e+00 2.779306657612323761e-02 -9.754451513290405273e-01 -2.134844511747360229e-01 4.646164551377296448e-02
1.413394916055760384e+09 -7.672038078308105469e-01 9.900528192520141602e-02 -2.196539402008056641e+00 1.840288937091827393e-02 -9.771754145622253418e-01 -2.091702222824096680e-01 -3.220710158348083496e-02
1.413394916255760431e+09 -5.558806657791137695e-01 1.224110722541809082e-01 -2.271330356597900391e+00 9.430103003978729248e-03 -9.608978033065795898e-01 -2.605490088462829590e-01 -9.327787160873413086e-02
1.413394916455760479e+09 -3.528226613998413086e-01 1.423717737197875977e-01 -2.313372373580932617e+00 -5.544584244489669800e-02 -9.426671266555786133e-01 -2.887614071369171143e-01 -1.578651517629623413e-01
1.413394916655760527e+09 -1.992704868316650391e-01 2.016339302062988281e-01 -2.355411052703857422e+00 -1.053032577037811279e-01 -9.216063618659973145e-01 -2.868513762950897217e-01 -2.393098771572113037e-01
1.413394916955760479e+09 -1.410474777221679688e-01 3.189733028411865234e-01 -2.395643949508666992e+00 -5.898448079824447632e-02 -8.943897485733032227e-01 -3.018555343151092529e-01 -3.247631788253784180e-01
1.413394917155760527e+09 -1.292855739593505859e-01 4.639683365821838379e-01 -2.473520755767822266e+00 1.877751573920249939e-02 -8.617657423019409180e-01 -2.942548394203186035e-01 -4.128212034702301025e-01
1.413394917355760574e+09 -3.493165969848632812e-02 7.144674062728881836e-01 -2.700436353683471680e+00 7.831737399101257324e-02 -8.049040436744689941e-01 -2.674365341663360596e-01 -5.239023566246032715e-01
1.413394917755760431e+09 2.687065601348876953e-01 8.487409949302673340e-01 -2.896701812744140625e+00 1.180351674556732178e-01 -8.087622523307800293e-01 -2.019792646169662476e-01 -5.396069884300231934e-01
1.413394918155760527e+09 4.886331558227539062e-01 8.735303878784179688e-01 -2.909674167633056641e+00 9.096845239400863647e-02 -7.886942028999328613e-01 -2.167475521564483643e-01 -5.680729150772094727e-01
1.413394918355760574e+09 7.377240657806396484e-01 8.877688646316528320e-01 -2.871276617050170898e+00 3.164893388748168945e-02 -7.513142824172973633e-01 -2.604940831661224365e-01 -6.055312752723693848e-01
1.413394918555760384e+09 1.003311395645141602e+00 9.047915935516357422e-01 -2.852878332138061523e+00 -2.366541884839534760e-03 -7.153354287147521973e-01 -2.752743065357208252e-01 -6.422723531723022461e-01
1.413394918755760431e+09 1.552378177642822266e+00 9.447850584983825684e-01 -2.923868179321289062e+00 3.225360810756683350e-02 -6.789203286170959473e-01 -1.690089106559753418e-01 -7.137666344642639160e-01
1.413394919155760527e+09 1.800251245498657227e+00 8.845393657684326172e-01 -2.967603206634521484e+00 -1.064879819750785828e-03 -6.506512165069580078e-01 -1.441034078598022461e-01 -7.455777525901794434e-01
1.413394919355760574e+09 1.986861467361450195e+00 7.629851102828979492e-01 -3.012283802032470703e+00 -2.266227081418037415e-02 -6.103568673133850098e-01 -1.111296191811561584e-01 -7.839650511741638184e-01
1.413394919555760384e+09 2.093286037445068359e+00 6.257101893424987793e-01 -3.046584129333496094e+00 9.292524307966232300e-03 -5.704145431518554688e-01 -6.872351467609405518e-02 -8.184241056442260742e-01
1.413394919755760431e+09 2.135493278503417969e+00 5.043470263481140137e-01 -3.050184726715087891e+00 4.388123005628585815e-02 -5.043498277664184570e-01 -1.115411520004272461e-01 -8.551399707794189453e-01
1.413394919955760479e+09 2.163283824920654297e+00 4.177624881267547607e-01 -3.017933845520019531e+00 6.068133935332298279e-02 -4.312847554683685303e-01 -1.481416970491409302e-01 -8.878993988037109375e-01
1.413394920155760527e+09 2.301740169525146484e+00 3.619205951690673828e-01 -2.862251281738281250e+00 8.336831629276275635e-02 -2.834673821926116943e-01 -9.232284873723983765e-02 -9.508798718452453613e-01
1.413394920555760384e+09 2.498011350631713867e+00 3.226322531700134277e-01 -2.557350635528564453e+00 6.936375051736831665e-02 -2.198046296834945679e-01 1.935102231800556183e-02 -9.728824496269226074e-01
1.413394920955760479e+09 2.533821821212768555e+00 2.358050942420959473e-01 -2.083908796310424805e+00 5.955559760332107544e-02 -2.106781005859375000e-01 -4.163694009184837341e-02 -9.748508930206298828e-01
1.413394921355760574e+09 2.526293754577636719e+00 2.310584783554077148e-01 -1.794430613517761230e+00 3.956652432680130005e-02 -2.069683372974395752e-01 -1.202707439661026001e-01 -9.701203703880310059e-01
1.413394921555760384e+09 2.691329002380371094e+00 3.352010250091552734e-01 -1.223639369010925293e+00 4.351513087749481201e-02 -2.511820197105407715e-01 -7.524832338094711304e-02 -9.640288949012756348e-01
1.413394921955760479e+09 2.812815427780151367e+00 3.702889680862426758e-01 -9.485995769500732422e-01 -4.496729467064142227e-03 -2.387871146202087402e-01 -3.983807563781738281e-02 -9.702440500259399414e-01
1.413394922155760527e+09 2.895205497741699219e+00 3.683878779411315918e-01 -7.195796966552734375e-01 -3.214044868946075439e-02 -1.764358580112457275e-01 -4.131378605961799622e-02 -9.829194545745849609e-01
1.413394922355760574e+09 3.024128913879394531e+00 2.092062234878540039e-01 -4.381440877914428711e-01 4.202724620699882507e-02 -8.801861107349395752e-02 2.461769431829452515e-02 -9.949273467063903809e-01
1.413394922755760431e+09 3.101563215255737305e+00 -2.471566498279571533e-01 -7.013220805674791336e-03 7.650420069694519043e-02 -5.803876370191574097e-02 -9.197451174259185791e-03 -9.953361749649047852e-01
1.413394923355760574e+09 3.139954090118408203e+00 -3.870921730995178223e-01 2.006634473800659180e-01 4.971323162317276001e-02 -6.789905577898025513e-02 1.912919618189334869e-02 -9.962692856788635254e-01
1.413394923555760384e+09 3.150860548019409180e+00 -6.522246003150939941e-01 6.592178344726562500e-01 5.606308206915855408e-02 4.296537954360246658e-03 3.765789046883583069e-02 -9.977075457572937012e-01
1.413394923955760479e+09 3.128319978713989258e+00 -7.452391982078552246e-01 9.242855906486511230e-01 3.376286849379539490e-02 6.240398064255714417e-02 6.779433041810989380e-02 -9.951732158660888672e-01
1.413394924155760527e+09 3.067120790481567383e+00 -8.171781897544860840e-01 1.196008563041687012e+00 2.361410669982433319e-02 1.296403110027313232e-01 7.892879843711853027e-02 -9.881326556205749512e-01
1.413394924355760574e+09 2.986417293548583984e+00 -8.908617496490478516e-01 1.450660109519958496e+00 3.197115287184715271e-02 2.097061276435852051e-01 6.617333739995956421e-02 -9.749986529350280762e-01
1.413394924555760384e+09 2.851432561874389648e+00 -1.051948189735412598e+00 1.951700806617736816e+00 1.360935252159833908e-02 3.422151505947113037e-01 1.267281472682952881e-01 -9.309369921684265137e-01
1.413394924905760527e+09 2.766945838928222656e+00 -1.167181491851806641e+00 2.213922977447509766e+00 -3.775069117546081543e-02 4.003194272518157959e-01 1.793418675661087036e-01 -8.978617787361145020e-01
1.413394925205760717e+09 2.567702770233154297e+00 -1.309753179550170898e+00 2.432257652282714844e+00 -2.977354265749454498e-02 4.410508871078491211e-01 2.401937544345855713e-01 -8.642306923866271973e-01
1.413394925605760574e+09 2.328782558441162109e+00 -1.307688713073730469e+00 2.430252313613891602e+00 -3.408035030588507652e-03 4.667710661888122559e-01 2.054591923952102661e-01 -8.601742982864379883e-01
1.413394925805760622e+09 2.138909101486206055e+00 -1.272827863693237305e+00 2.388170003890991211e+00 2.297640219330787659e-02 4.800511896610260010e-01 1.673708707094192505e-01 -8.608193397521972656e-01
1.413394926005760670e+09 1.845952510833740234e+00 -1.215872287750244141e+00 2.312187671661376953e+00 1.806924492120742798e-02 4.876880347728729248e-01 1.938216686248779297e-01 -8.510388135910034180e-01
1.413394926305760622e+09 1.633629441261291504e+00 -1.184193849563598633e+00 2.245159864425659180e+00 3.286701068282127380e-02 4.930569231510162354e-01 1.956352293491363525e-01 -8.470782637596130371e-01
1.413394926505760670e+09 1.397125005722045898e+00 -1.160535812377929688e+00 2.164957523345947266e+00 4.645690694451332092e-02 5.174006819725036621e-01 1.860159039497375488e-01 -8.339883089065551758e-01
1.413394926705760717e+09 1.146150588989257812e+00 -1.144776821136474609e+00 2.087319850921630859e+00 6.733600050210952759e-02 5.806397199630737305e-01 1.558028310537338257e-01 -7.962719202041625977e-01
1.413394926905760527e+09 9.007697105407714844e-01 -1.131496429443359375e+00 2.053884983062744141e+00 9.026936441659927368e-02 6.424815058708190918e-01 1.370836496353149414e-01 -7.485166192054748535e-01
1.413394927105760574e+09 4.275679588317871094e-01 -1.085150480270385742e+00 2.168314695358276367e+00 1.714457757771015167e-02 6.625393033027648926e-01 2.220206111669540405e-01 -7.151606082916259766e-01
1.413394927605760574e+09 -4.497361183166503906e-02 -1.219254255294799805e+00 2.230687379837036133e+00 2.570294775068759918e-02 6.678700447082519531e-01 2.229751944541931152e-01 -7.096275091171264648e-01
1.413394928005760670e+09 -5.367193222045898438e-01 -1.274845719337463379e+00 2.282857894897460938e+00 -1.600546576082706451e-02 6.713892817497253418e-01 2.229178547859191895e-01 -7.066031098365783691e-01
1.413394928305760622e+09 -1.121593117713928223e+00 -1.286041378974914551e+00 2.207870244979858398e+00 3.661245573312044144e-03 6.726071834564208984e-01 1.959992498159408569e-01 -7.135617733001708984e-01
1.413394929205760717e+09 -1.484805464744567871e+00 -1.177834987640380859e+00 2.070578575134277344e+00 -8.881639689207077026e-03 6.752778887748718262e-01 1.673053950071334839e-01 -7.182825803756713867e-01
1.413394929605760574e+09 -1.634214520454406738e+00 -9.545236229896545410e-01 1.934339523315429688e+00 3.773186728358268738e-02 6.648272275924682617e-01 1.873267143964767456e-01 -7.221425175666809082e-01
1.413394930605760574e+09 -1.600131988525390625e+00 -8.771330118179321289e-01 1.946080565452575684e+00 1.177574843168258667e-01 6.396352052688598633e-01 2.485146969556808472e-01 -7.178024649620056152e-01
1.413394930905760527e+09 -1.688307523727416992e+00 -7.845020890235900879e-01 1.998013138771057129e+00 1.970630837604403496e-03 6.521964669227600098e-01 2.115472406148910522e-01 -7.279310822486877441e-01
1.413394931105760574e+09 -1.644520282745361328e+00 -8.479623198509216309e-01 1.814352869987487793e+00 -8.909989148378372192e-03 6.650793552398681641e-01 2.641234099864959717e-01 -6.984475255012512207e-01
1.413394932005760670e+09 -1.606426477432250977e+00 -8.311460018157958984e-01 1.688938617706298828e+00 -2.299054991453886032e-03 7.286243438720703125e-01 2.447917461395263672e-01 -6.396705508232116699e-01
1.413394932205760717e+09 -1.561131477355957031e+00 -8.638940453529357910e-01 1.526822924613952637e+00 9.148964658379554749e-03 7.974551320075988770e-01 2.108046263456344604e-01 -5.652813911437988281e-01
1.413394932405760527e+09 -1.495620965957641602e+00 -9.045601487159729004e-01 1.388129472732543945e+00 -8.723366074264049530e-03 8.494608998298645020e-01 1.964999437332153320e-01 -4.896200895309448242e-01
1.413394932605760574e+09 -1.402209162712097168e+00 -9.248360991477966309e-01 1.304831147193908691e+00 -2.295465581119060516e-02 8.834484219551086426e-01 2.055886983871459961e-01 -4.203871488571166992e-01
1.413394932805760622e+09 -1.199343204498291016e+00 -9.444653987884521484e-01 1.244576692581176758e+00 5.651687737554311752e-03 9.005447030067443848e-01 2.783527970314025879e-01 -3.339268267154693604e-01
1.413394933105760574e+09 -9.992240667343139648e-01 -9.174872040748596191e-01 1.206461429595947266e+00 9.693069383502006531e-03 9.226488471031188965e-01 2.911660075187683105e-01 -2.526806890964508057e-01
1.413394933405760527e+09 -8.140614032745361328e-01 -7.975656986236572266e-01 1.187279462814331055e+00 1.615592744201421738e-03 9.429689049720764160e-01 2.808969914913177490e-01 -1.786167025566101074e-01
1.413394933705760717e+09 -5.730494260787963867e-01 -6.415111422538757324e-01 1.196293711662292480e+00 -1.733485725708305836e-03 9.560402631759643555e-01 2.771223187446594238e-01 -9.584990143775939941e-02
1.413394934105760574e+09 -3.838294744491577148e-01 -5.661030411720275879e-01 1.238058924674987793e+00 -2.062653889879584312e-03 9.638341069221496582e-01 2.662719786167144775e-01 -1.090612448751926422e-02
1.413394934405760527e+09 -2.592599093914031982e-01 -4.731942713260650635e-01 1.294476747512817383e+00 1.006507501006126404e-02 9.574425220489501953e-01 2.837973535060882568e-01 5.159091204404830933e-02
1.413394934605760574e+09 -9.813958406448364258e-02 -3.185792565345764160e-01 1.378741264343261719e+00 2.612160053104162216e-03 9.530358910560607910e-01 2.871931791305541992e-01 9.610388427972793579e-02
1.413394935105760574e+09 1.901381611824035645e-01 -2.648820281028747559e-01 1.549891471862792969e+00 1.019046525470912457e-03 9.628117084503173828e-01 2.653089761734008789e-01 5.102805420756340027e-02
1.413394936005760670e+09 3.186284899711608887e-01 -2.645265460014343262e-01 1.797213792800903320e+00 -6.262700539082288742e-03 9.513617753982543945e-01 3.048811256885528564e-01 4.380768910050392151e-02
1.413394936255760431e+09 4.143848419189453125e-01 -2.241411209106445312e-01 1.959151029586791992e+00 -1.242811884731054306e-02 9.445813894271850586e-01 2.911139130592346191e-01 1.512092202901840210e-01
1.413394936605760574e+09 4.981868267059326172e-01 -1.954410374164581299e-01 2.061062335968017578e+00 -3.197757899761199951e-02 9.272106289863586426e-01 2.645918130874633789e-01 2.631520628929138184e-01
1.413394936805760622e+09 6.081407070159912109e-01 -1.888861060142517090e-01 2.177163839340209961e+00 -3.426933288574218750e-02 8.978797197341918945e-01 2.645610868930816650e-01 3.502073287963867188e-01
1.413394937005760670e+09 7.226073741912841797e-01 -1.946711093187332153e-01 2.292049169540405273e+00 -4.288833960890769958e-02 8.670896887779235840e-01 2.644940316677093506e-01 4.199512302875518799e-01
1.413394937205760717e+09 8.589110374450683594e-01 -2.048712968826293945e-01 2.399085998535156250e+00 -5.225964635610580444e-02 8.310393095016479492e-01 2.617799341678619385e-01 4.879691898822784424e-01
1.413394937305760622e+09 1.077290296554565430e+00 -2.301539480686187744e-01 2.526908636093139648e+00 -3.529487922787666321e-02 7.970645427703857422e-01 2.706889808177947998e-01 5.386742353439331055e-01
1.413394937655760527e+09 1.281318187713623047e+00 -2.427830249071121216e-01 2.600636005401611328e+00 -2.668126113712787628e-02 7.927107810974121094e-01 2.625619173049926758e-01 5.495080351829528809e-01
1.413394937855760574e+09 1.720265865325927734e+00 -2.815119028091430664e-01 2.669874429702758789e+00 4.953084513545036316e-03 8.071796894073486328e-01 2.858472168445587158e-01 5.164570212364196777e-01
1.413394938255760431e+09 2.159868478775024414e+00 -4.430227875709533691e-01 2.522083282470703125e+00 7.660014554858207703e-03 8.445230126380920410e-01 2.874174118041992188e-01 4.517890512943267822e-01
1.413394938655760527e+09 2.373644351959228516e+00 -5.373710989952087402e-01 2.378834962844848633e+00 -1.275526266545057297e-02 8.705589175224304199e-01 2.808646559715270996e-01 4.038311541080474854e-01
1.413394938855760574e+09 2.587668418884277344e+00 -5.827199816703796387e-01 2.239056348800659180e+00 -1.035045273602008820e-02 8.904692530632019043e-01 3.044046759605407715e-01 3.380757868289947510e-01
1.413394939055760384e+09 2.799064159393310547e+00 -5.873276591300964355e-01 2.084249258041381836e+00 5.059689655900001526e-02 9.121608734130859375e-01 3.181007504463195801e-01 2.534056305885314941e-01
1.413394939255760431e+09 2.971641063690185547e+00 -5.326433777809143066e-01 1.911882162094116211e+00 7.243630290031433105e-02 9.325416088104248047e-01 3.129569292068481445e-01 1.648548394441604614e-01
1.413394939455760479e+09 3.178763151168823242e+00 -4.152241945266723633e-01 1.516573429107666016e+00 1.149366796016693115e-02 9.523033499717712402e-01 2.947539389133453369e-01 7.814349979162216187e-02
1.413394939855760574e+09 3.282222270965576172e+00 -4.233677387237548828e-01 1.082251310348510742e+00 2.343266829848289490e-02 9.452813863754272461e-01 3.252334892749786377e-01 1.083024125546216965e-02
1.413394940255760431e+09 3.273077011108398438e+00 -2.665868401527404785e-01 6.312437057495117188e-01 3.086466901004314423e-02 9.463769793510437012e-01 3.020047545433044434e-01 -1.105045005679130554e-01
1.413394940655760527e+09 3.226599693298339844e+00 -8.589446544647216797e-02 1.757352352142333984e-01 -1.941418275237083435e-02 9.260224699974060059e-01 2.984274327754974365e-01 -2.303184568881988525e-01
1.413394941005760670e+09 3.197768449783325195e+00 -6.213200092315673828e-02 -3.931279182434082031e-01 8.654206991195678711e-02 9.043069481849670410e-01 3.135981857776641846e-01 -2.763977944850921631e-01
1.413394941505760670e+09 2.963819742202758789e+00 -6.526967883110046387e-02 -9.301317930221557617e-01 -8.860896341502666473e-03 8.976010680198669434e-01 3.282625675201416016e-01 -2.940707206726074219e-01
1.413394941805760622e+09 2.828014135360717773e+00 -6.846806406974792480e-02 -1.253698229789733887e+00 2.316930517554283142e-02 9.017263054847717285e-01 2.964520454406738281e-01 -3.137977123260498047e-01
1.413394942005760670e+09 2.682458400726318359e+00 -7.768386602401733398e-02 -1.566090345382690430e+00 1.164560467004776001e-01 9.000563621520996094e-01 2.637616991996765137e-01 -3.267510831356048584e-01
1.413394942305760622e+09 2.301500082015991211e+00 -1.388841867446899414e-01 -1.930562496185302734e+00 1.774052530527114868e-01 8.773428201675415039e-01 2.425783127546310425e-01 -3.741025626659393311e-01
1.413394942505760670e+09 1.903100490570068359e+00 -1.917418241500854492e-01 -2.063373088836669922e+00 1.520272493362426758e-01 8.552991151809692383e-01 2.298684865236282349e-01 -4.387615621089935303e-01
1.413394942705760717e+09 1.451346397399902344e+00 -1.919441223144531250e-01 -2.108397722244262695e+00 7.907029241323471069e-02 8.256913423538208008e-01 2.116926759481430054e-01 -5.168828368186950684e-01
1.413394942905760527e+09 9.969073534011840820e-01 -1.315202414989471436e-01 -2.079651117324829102e+00 -5.203553661704063416e-02 7.833358049392700195e-01 1.931123882532119751e-01 -5.885448455810546875e-01
1.413394943105760574e+09 6.329226493835449219e-01 -2.242733538150787354e-02 -2.039584875106811523e+00 -1.040413379669189453e-01 7.301771044731140137e-01 1.729456037282943726e-01 -6.527684330940246582e-01
1.413394943305760622e+09 3.891493082046508789e-01 1.116508841514587402e-01 -2.021956920623779297e+00 -1.128826439380645752e-01 6.735443472862243652e-01 1.584413498640060425e-01 -7.130861282348632812e-01
1.413394943505760670e+09 2.520935535430908203e-01 2.563839256763458252e-01 -2.110144138336181641e+00 -5.570385605096817017e-02 5.950469970703125000e-01 1.834900975227355957e-01 -7.804791331291198730e-01
1.413394943805760622e+09 2.547118663787841797e-01 4.095815718173980713e-01 -2.304053783416748047e+00 1.494487375020980835e-02 5.762632489204406738e-01 1.554453223943710327e-01 -8.022057414054870605e-01
1.413394944205760717e+09 3.270677328109741211e-01 5.716955661773681641e-01 -2.539452075958251953e+00 4.068066179752349854e-02 5.534570217132568359e-01 1.874534934759140015e-01 -8.104885816574096680e-01
1.413394944605760574e+09 3.370831608772277832e-01 6.540979146957397461e-01 -2.696907520294189453e+00 1.170744970440864563e-01 4.537556767463684082e-01 1.865433156490325928e-01 -8.634819388389587402e-01
1.413394944905760527e+09 2.129555940628051758e-01 7.497900724411010742e-01 -2.657783031463623047e+00 1.054895371198654175e-01 3.357445895671844482e-01 1.464105695486068726e-01 -9.245061278343200684e-01
1.413394945205760717e+09 7.527716457843780518e-02 7.976724505424499512e-01 -2.561064958572387695e+00 6.453630328178405762e-02 2.521958351135253906e-01 1.244094446301460266e-01 -9.574730992317199707e-01
1.413394945405760527e+09 -9.105541557073593140e-02 8.167722225189208984e-01 -2.449252367019653320e+00 1.190199889242649078e-02 1.783725768327713013e-01 7.046113163232803345e-02 -9.813647866249084473e-01
1.413394945605760574e+09 -3.105063140392303467e-01 8.380199670791625977e-01 -2.304212093353271484e+00 7.063136901706457138e-03 6.533862650394439697e-02 -4.443068057298660278e-02 -9.968485236167907715e-01
1.413394945905760527e+09 -3.700443506240844727e-01 8.649014830589294434e-01 -2.169490337371826172e+00 6.987124215811491013e-03 -1.264258921146392822e-01 -8.628257364034652710e-02 -9.881917834281921387e-01
1.413394946255760431e+09 -2.751654684543609619e-01 8.781638741493225098e-01 -2.123347282409667969e+00 -2.483952790498733521e-03 -2.868207097053527832e-01 -1.362668275833129883e-01 -9.482400417327880859e-01
1.413394946655760527e+09 -1.699868440628051758e-01 8.929071426391601562e-01 -2.137366056442260742e+00 -1.045254245400428772e-02 -3.919914662837982178e-01 -1.585766375064849854e-01 -9.061385393142700195e-01
1.413394946855760574e+09 -3.506839275360107422e-02 9.134090542793273926e-01 -2.189193010330200195e+00 -1.483204122632741928e-02 -5.055945515632629395e-01 -1.488157510757446289e-01 -8.497105836868286133e-01
1.413394947055760384e+09 9.007811546325683594e-02 9.340142011642456055e-01 -2.264563560485839844e+00 -1.674765720963478088e-02 -6.065185666084289551e-01 -1.562887430191040039e-01 -7.793771028518676758e-01
1.413394947255760431e+09 1.810173988342285156e-01 9.200371503829956055e-01 -2.356286525726318359e+00 -1.237716758623719215e-03 -6.888899803161621094e-01 -1.828760653734207153e-01 -7.014167904853820801e-01
1.413394947455760479e+09 2.417778968811035156e-01 8.411122560501098633e-01 -2.452801942825317383e+00 -6.927438545972108841e-03 -7.487044930458068848e-01 -1.858184784650802612e-01 -6.362901329994201660e-01
1.413394947655760527e+09 2.987704277038574219e-01 6.606983542442321777e-01 -2.585613489151000977e+00 5.697710439562797546e-02 -7.378392815589904785e-01 -2.628599703311920166e-01 -6.190730929374694824e-01
1.413394948055760384e+09 5.260469913482666016e-01 4.840762019157409668e-01 -2.685659408569335938e+00 7.740329205989837646e-02 -6.718191504478454590e-01 -2.416886538267135620e-01 -6.958838701248168945e-01
1.413394948455760479e+09 7.387356758117675781e-01 4.133682548999786377e-01 -2.726527452468872070e+00 5.626453086733818054e-03 -6.794791817665100098e-01 -1.510754078626632690e-01 -7.179502844810485840e-01
1.413394948655760527e+09 9.202098846435546875e-01 3.373189866542816162e-01 -2.742109298706054688e+00 -6.625075638294219971e-02 -6.875723600387573242e-01 -8.411423116922378540e-02 -7.181782126426696777e-01
1.413394949055760384e+09 9.469902515411376953e-01 1.955568492412567139e-01 -2.733098983764648438e+00 2.830318547785282135e-02 -6.787537932395935059e-01 -1.718207448720932007e-01 -7.134212851524353027e-01
1.413394949255760431e+09 1.235299348831176758e+00 3.438553214073181152e-02 -2.404137611389160156e+00 -4.253844544291496277e-02 -7.005136609077453613e-01 -1.230012178421020508e-01 -7.016707658767700195e-01
1.413394950055760384e+09 1.293978571891784668e+00 -7.565325498580932617e-02 -2.163315773010253906e+00 -4.894745722413063049e-02 -6.260332465171813965e-01 -2.078790366649627686e-01 -7.499819397926330566e-01
1.413394950455760479e+09 1.449135899543762207e+00 -2.178406119346618652e-01 -2.001528263092041016e+00 1.552413776516914368e-02 -6.155810952186584473e-01 -1.353652179241180420e-01 -7.762056589126586914e-01
1.413394951055760384e+09 1.542345523834228516e+00 -3.190084993839263916e-01 -1.918617725372314453e+00 -8.253152668476104736e-02 -5.976645350456237793e-01 -4.827226698398590088e-02 -7.960248589515686035e-01
1.413394951255760431e+09 1.345860242843627930e+00 -4.905284941196441650e-01 -1.758678317070007324e+00 2.942397445440292358e-02 -4.907388687133789062e-01 -1.616326868534088135e-01 -8.556778430938720703e-01
1.413394951655760527e+09 1.250663995742797852e+00 -6.050959229469299316e-01 -1.734690666198730469e+00 1.359606534242630005e-01 -4.574922025203704834e-01 -2.316136956214904785e-01 -8.476855158805847168e-01
1.413394951855760574e+09 1.406258463859558105e+00 -8.654296398162841797e-01 -1.560022354125976562e+00 1.065968815237283707e-02 -5.059086084365844727e-01 -1.266798526048660278e-01 -8.531677126884460449e-01
1.413394952255760431e+09 1.539743185043334961e+00 -1.001317024230957031e+00 -1.441911816596984863e+00 -4.635442420840263367e-02 -5.142766833305358887e-01 -9.640594571828842163e-02 -8.509269952774047852e-01
1.413394952455760479e+09 1.693334817886352539e+00 -1.104643106460571289e+00 -1.220634102821350098e+00 3.849713876843452454e-02 -4.560754001140594482e-01 -1.549986004829406738e-01 -8.754934072494506836e-01
1.413394952855760574e+09 1.908869028091430664e+00 -1.276481270790100098e+00 -1.057980060577392578e+00 -7.634393870830535889e-02 -4.563351273536682129e-01 -5.541978403925895691e-02 -8.847929835319519043e-01
1.413394953255760431e+09 1.601092100143432617e+00 -1.359314203262329102e+00 -1.101294517517089844e+00 3.241564705967903137e-02 -4.546886086463928223e-01 -1.129406094551086426e-01 -8.828657865524291992e-01
1.413394953855760574e+09 1.410406589508056641e+00 -1.217460870742797852e+00 -1.113140463829040527e+00 1.287972629070281982e-01 -4.432722628116607666e-01 -1.603791266679763794e-01 -8.724675178527832031e-01
1.413394954055760384e+09 1.189720273017883301e+00 -8.954191207885742188e-01 -9.670729637145996094e-01 -2.008981816470623016e-02 -4.601746499538421631e-01 -7.367441058158874512e-02 -8.845381736755371094e-01
1.413394954455760479e+09 8.312429189682006836e-01 -6.701973080635070801e-01 -8.787859678268432617e-01 3.336175531148910522e-02 -4.402890801429748535e-01 -1.422035694122314453e-01 -8.858954906463623047e-01
1.413394954855760574e+09 6.377695202827453613e-01 -5.495319366455078125e-01 -8.337591290473937988e-01 1.171376034617424011e-01 -4.324865341186523438e-01 -2.098691910505294800e-01 -8.690161705017089844e-01
1.413394955055760384e+09 4.370628893375396729e-01 -3.568704128265380859e-01 -6.714300513267517090e-01 -2.118240110576152802e-02 -4.391309618949890137e-01 -7.384984940290451050e-02 -8.951321244239807129e-01
1.413394955455760479e+09 2.931373715400695801e-01 -2.858586609363555908e-01 -6.063707470893859863e-01 -8.253459818661212921e-03 -3.627024292945861816e-01 -1.299480199813842773e-01 -9.227634668350219727e-01
1.413394955655760527e+09 1.921686828136444092e-01 -2.567923665046691895e-01 -5.783635973930358887e-01 8.982263505458831787e-02 -3.044688701629638672e-01 -1.927763223648071289e-01 -9.284761548042297363e-01
1.413394955855760574e+09 2.628723084926605225e-01 -3.616349697113037109e-01 -4.343816637992858887e-01 5.326682236045598984e-03 -3.407876491546630859e-01 -6.420017778873443604e-02 -9.379305839538574219e-01
1.413394956305760622e+09 2.630920410156250000e-01 -4.847174882888793945e-01 -3.028702139854431152e-01 -4.031093046069145203e-02 -2.547192275524139404e-01 -6.667426228523254395e-02 -9.638712406158447266e-01
1.413394956655760527e+09 2.283443212509155273e-01 -4.689034521579742432e-01 -2.829408943653106689e-01 9.876298159360885620e-02 -1.935089081525802612e-01 -6.497546285390853882e-02 -9.739499092102050781e-01
1.413394957055760384e+09 2.419244945049285889e-01 -5.524587631225585938e-01 -9.672564268112182617e-02 2.028880454599857330e-02 -1.766200065612792969e-01 -3.657821938395500183e-02 -9.833899736404418945e-01
1.413394957255760431e+09 2.522873878479003906e-01 -6.412389874458312988e-01 1.204049773514270782e-02 -7.874353229999542236e-02 -1.741307973861694336e-01 -3.348832949995994568e-02 -9.809976816177368164e-01
1.413394957455760479e+09 2.234711498022079468e-01 -7.067272663116455078e-01 4.058859311044216156e-03 4.209315031766891479e-02 -1.455700844526290894e-01 -5.554785951972007751e-02 -9.868900775909423828e-01
1.413394957855760574e+09 2.313906699419021606e-01 -7.368838191032409668e-01 -2.505953423678874969e-03 -6.080856174230575562e-02 -3.828785941004753113e-02 -2.655008062720298767e-02 -9.970614314079284668e-01
1.413394958355760574e+09 3.233444392681121826e-01 -7.063454985618591309e-01 -1.577468067407608032e-01 9.238176792860031128e-02 5.895926803350448608e-02 2.425886318087577820e-02 -9.936805367469787598e-01
1.413394958755760431e+09 4.048673808574676514e-01 -7.866854071617126465e-01 -1.540577858686447144e-01 1.233188901096582413e-02 1.485012918710708618e-01 8.867802470922470093e-02 -9.848510026931762695e-01
1.413394959255760431e+09 4.046017527580261230e-01 -9.067997932434082031e-01 -1.393625736236572266e-01 1.118474304676055908e-01 2.368931621313095093e-01 1.154672130942344666e-01 -9.581435918807983398e-01
1.413394959755760431e+09 2.757628858089447021e-01 -1.004585266113281250e+00 -3.622294589877128601e-02 3.334394190460443497e-03 3.325945734977722168e-01 1.383673846721649170e-01 -9.328581690788269043e-01
1.413394960155760527e+09 1.474340260028839111e-01 -1.004802942276000977e+00 3.654141351580619812e-02 -3.768298774957656860e-02 4.364347755908966064e-01 1.292715966701507568e-01 -8.896030783653259277e-01
1.413394960455760479e+09 9.949572384357452393e-02 -9.681912064552307129e-01 3.529075160622596741e-02 5.953370407223701477e-02 4.839619994163513184e-01 1.933571845293045044e-01 -8.513809442520141602e-01
1.413394960655760527e+09 -1.291593313217163086e-01 -8.828724026679992676e-01 9.121480584144592285e-02 1.011787913739681244e-02 5.774394273757934570e-01 2.015065848827362061e-01 -7.911109328269958496e-01
1.413394961055760384e+09 -5.277721881866455078e-01 -8.119219541549682617e-01 1.406626403331756592e-01 3.686916455626487732e-02 5.685742497444152832e-01 2.661668062210083008e-01 -7.775083780288696289e-01
1.413394961655760527e+09 -7.073297500610351562e-01 -8.008185625076293945e-01 1.190814971923828125e-01 -3.650108724832534790e-02 5.933711528778076172e-01 1.934594810009002686e-01 -7.804818153381347656e-01
1.413394961855760574e+09 -9.580113291740417480e-01 -7.492372989654541016e-01 -4.576355218887329102e-02 2.788598649203777313e-02 5.811780691146850586e-01 2.000061124563217163e-01 -7.883222699165344238e-01
1.413394962455760479e+09 -1.044155597686767578e+00 -7.712378501892089844e-01 -1.737043857574462891e-01 -6.237827986478805542e-02 5.929021239280700684e-01 1.431690305471420288e-01 -7.899865508079528809e-01
1.413394962655760527e+09 -1.006746649742126465e+00 -7.634287476539611816e-01 -3.526186645030975342e-01 1.415968779474496841e-02 5.914492607116699219e-01 1.756922751665115356e-01 -7.868415713310241699e-01
1.413394962955760479e+09 -8.759098052978515625e-01 -6.875925064086914062e-01 -5.807282328605651855e-01 -5.373315140604972839e-02 6.234359145164489746e-01 1.517039835453033447e-01 -7.651315331459045410e-01
1.413394963355760574e+09 -7.580766677856445312e-01 -5.604597330093383789e-01 -6.952764987945556641e-01 1.483665313571691513e-02 6.091399788856506348e-01 2.124412655830383301e-01 -7.639353275299072266e-01
1.413394963555760384e+09 -6.169677972793579102e-01 -3.725150525569915771e-01 -8.648891448974609375e-01 1.626982912421226501e-02 6.021010875701904297e-01 2.217228561639785767e-01 -7.668431997299194336e-01
1.413394963855760574e+09 -5.081267952919006348e-01 -2.041219174861907959e-01 -1.062060117721557617e+00 2.152947522699832916e-02 6.042299866676330566e-01 1.945821791887283325e-01 -7.723862528800964355e-01
1.413394964155760527e+09 -4.287936091423034668e-01 -9.324936568737030029e-02 -1.197509765625000000e+00 6.961102038621902466e-02 5.809850096702575684e-01 2.471949011087417603e-01 -7.723376154899597168e-01
1.413394964355760574e+09 -4.085506200790405273e-01 -3.404389694333076477e-02 -1.338558316230773926e+00 -8.163731545209884644e-03 6.027541756629943848e-01 1.804345250129699707e-01 -7.772157192230224609e-01
1.413394964555760384e+09 -3.336143493652343750e-01 4.926027357578277588e-02 -1.565464615821838379e+00 7.697353512048721313e-02 6.028938293457031250e-01 1.875811368227005005e-01 -7.716265320777893066e-01
1.413394964855760574e+09 -2.974249124526977539e-01 7.838678359985351562e-02 -1.678652882575988770e+00 1.531510651111602783e-01 5.856467485427856445e-01 2.152202129364013672e-01 -7.663177847862243652e-01
1.413394965055760384e+09 -3.790659904479980469e-01 2.721794694662094116e-02 -1.750771999359130859e+00 5.058404058218002319e-03 6.227312684059143066e-01 1.520937085151672363e-01 -7.674944400787353516e-01
1.413394965355760574e+09 -3.997528553009033203e-01 -5.534315109252929688e-02 -1.825777769088745117e+00 -4.579310305416584015e-03 7.061687111854553223e-01 1.878834813833236694e-01 -6.826452612876892090e-01
1.413394965755760431e+09 -3.187620639801025391e-01 -1.039210557937622070e-01 -1.876972198486328125e+00 -9.858767502009868622e-03 7.778840661048889160e-01 2.196646779775619507e-01 -5.886821746826171875e-01
1.413394966055760384e+09 -1.449005603790283203e-01 -9.251326322555541992e-02 -1.887636184692382812e+00 -3.655481152236461639e-03 8.293368816375732422e-01 2.328400015830993652e-01 -5.079100131988525391e-01
1.413394966355760574e+09 7.520675659179687500e-03 -3.947108983993530273e-02 -1.872092962265014648e+00 7.119547575712203979e-02 8.150515556335449219e-01 3.501472771167755127e-01 -4.560911655426025391e-01
1.413394966555760384e+09 1.005468368530273438e-01 1.226902008056640625e-03 -1.931364297866821289e+00 9.929972700774669647e-03 8.821431398391723633e-01 2.472483962774276733e-01 -4.007408320903778076e-01
1.413394966855760574e+09 1.995728015899658203e-01 3.713279962539672852e-02 -1.977759003639221191e+00 1.336207054555416107e-02 8.971405625343322754e-01 2.886227667331695557e-01 -3.341514468193054199e-01
1.413394967155760527e+09 2.984311580657958984e-01 4.067444801330566406e-02 -2.039303541183471680e+00 1.125352864619344473e-04 9.276373982429504395e-01 2.699515819549560547e-01 -2.580989301204681396e-01
1.413394967455760479e+09 4.231662750244140625e-01 -8.365452289581298828e-03 -2.098520994186401367e+00 1.112307235598564148e-02 9.466923475265502930e-01 2.669518887996673584e-01 -1.799630224704742432e-01
1.413394967755760431e+09 5.581372976303100586e-01 -9.234714508056640625e-02 -2.115751266479492188e+00 4.297041334211826324e-03 9.589008092880249023e-01 2.674177587032318115e-01 -9.475563466548919678e-02
1.413394968055760384e+09 6.835450530052185059e-01 -1.483622789382934570e-01 -2.100357532501220703e+00 4.329694900661706924e-03 9.493693709373474121e-01 3.139624893665313721e-01 -1.032942347228527069e-02
1.413394968455760479e+09 8.404889702796936035e-01 -1.209379434585571289e-01 -2.110778808593750000e+00 1.363594550639390945e-03 9.448938369750976562e-01 3.225489556789398193e-01 5.599910020828247070e-02
1.413394968955760479e+09 1.021054863929748535e+00 -9.191560745239257812e-02 -2.242359399795532227e+00 -2.081992337480187416e-03 9.554287791252136230e-01 2.828027606010437012e-01 8.470056951045989990e-02
1.413394969255760431e+09 1.207651972770690918e+00 3.754806518554687500e-02 -2.342671632766723633e+00 8.130325935781002045e-03 9.642321467399597168e-01 2.341444492340087891e-01 1.239620223641395569e-01
1.413394969655760527e+09 1.379593014717102051e+00 2.078087329864501953e-01 -2.318455457687377930e+00 -6.856054067611694336e-02 9.487188458442687988e-01 2.852232158184051514e-01 1.178126037120819092e-01
1.413394970055760384e+09 1.717582225799560547e+00 2.104731798171997070e-01 -2.339604616165161133e+00 -9.408684447407722473e-03 9.446032047271728516e-01 3.083002865314483643e-01 1.121928840875625610e-01
1.413394970455760479e+09 1.901780128479003906e+00 1.890387535095214844e-01 -2.388834714889526367e+00 3.940315544605255127e-02 9.621312022209167480e-01 2.447975277900695801e-01 1.132484823465347290e-01
1.413394970655760527e+09 2.122494935989379883e+00 2.408013343811035156e-01 -2.334599256515502930e+00 -1.941227540373802185e-02 9.511856436729431152e-01 2.894790470600128174e-01 1.052188426256179810e-01
1.413394971255760431e+09 2.278472423553466797e+00 1.796535253524780273e-01 -2.403851747512817383e+00 2.007308788597583771e-02 9.236439466476440430e-01 3.714343607425689697e-01 9.228005260229110718e-02
1.413394971855760574e+09 2.340364217758178711e+00 1.815843582153320312e-01 -2.578667163848876953e+00 5.212789773941040039e-02 9.503367543220520020e-01 2.977394759654998779e-01 7.412173599004745483e-02
1.413394972055760384e+09 2.307713031768798828e+00 2.552846670150756836e-01 -2.885118246078491211e+00 6.149544194340705872e-02 9.735825061798095703e-01 2.140241265296936035e-01 -5.048832669854164124e-02
1.413394972455760479e+09 2.207990884780883789e+00 3.177682459354400635e-01 -2.944801807403564453e+00 6.491664797067642212e-02 9.629182815551757812e-01 2.134185880422592163e-01 -1.517457962036132812e-01
1.413394972655760527e+09 2.073616027832031250e+00 3.822863698005676270e-01 -2.938065052032470703e+00 5.879324302077293396e-02 9.269987940788269043e-01 2.591668367385864258e-01 -2.646681368350982666e-01
1.413394972855760574e+09 1.898220062255859375e+00 4.120857417583465576e-01 -2.906531333923339844e+00 1.120805740356445312e-02 8.852510452270507812e-01 2.770751416683197021e-01 -3.734089732170104980e-01
1.413394973005760670e+09 1.791703224182128906e+00 4.331136345863342285e-01 -2.887205123901367188e+00 -5.745374597609043121e-03 8.503707051277160645e-01 2.680322229862213135e-01 -4.527642130851745605e-01
1.413394973105760574e+09 1.642794370651245117e+00 4.479134976863861084e-01 -2.870712757110595703e+00 1.385288313031196594e-02 7.995265126228332520e-01 2.514857053756713867e-01 -5.452710390090942383e-01
1.413394973305760622e+09 1.502505540847778320e+00 4.643310904502868652e-01 -2.868563175201416016e+00 3.501049429178237915e-02 7.419303655624389648e-01 2.300240099430084229e-01 -6.288105249404907227e-01
1.413394973505760670e+09 1.357231497764587402e+00 4.707036018371582031e-01 -2.855935573577880859e+00 4.480291530489921570e-02 6.738017797470092773e-01 2.079878896474838257e-01 -7.076191902160644531e-01
1.413394973705760717e+09 1.208778381347656250e+00 4.684012532234191895e-01 -2.833719015121459961e+00 3.645460307598114014e-02 5.970507860183715820e-01 1.850312799215316772e-01 -7.797210812568664551e-01
1.413394973905760527e+09 1.063542842864990234e+00 4.575946033000946045e-01 -2.804104328155517578e+00 3.761293366551399231e-02 5.172629952430725098e-01 1.541392207145690918e-01 -8.409907221794128418e-01
1.413394974105760574e+09 8.738246560096740723e-01 4.248548448085784912e-01 -2.747564315795898438e+00 4.425221681594848633e-02 3.951973319053649902e-01 9.758005291223526001e-02 -9.123262166976928711e-01
1.413394974405760527e+09 7.420118451118469238e-01 3.654989898204803467e-01 -2.655662298202514648e+00 5.050775781273841858e-02 2.690105140209197998e-01 4.458942636847496033e-02 -9.607778787612915039e-01
1.413394974705760717e+09 6.862968802452087402e-01 2.994364798069000244e-01 -2.527527093887329102e+00 3.390493243932723999e-02 1.480362117290496826e-01 3.418252617120742798e-02 -9.878093600273132324e-01
1.413394975005760670e+09 6.651821136474609375e-01 3.802924454212188721e-01 -2.300696611404418945e+00 9.099381859414279461e-04 1.592112891376018524e-02 2.211669087409973145e-02 -9.996281862258911133e-01
1.413394975605760574e+09 3.456591069698333740e-01 5.285588502883911133e-01 -2.142382144927978516e+00 -3.973644599318504333e-02 -2.408237010240554810e-02 2.705256454646587372e-02 -9.985535740852355957e-01
1.413394976855760574e+09 1.746316254138946533e-01 5.751140713691711426e-01 -2.309004306793212891e+00 5.563161894679069519e-02 -8.235425688326358795e-03 -3.469922766089439392e-02 -9.978142976760864258e-01
1.413394977105760574e+09 1.263682991266250610e-01 5.811654329299926758e-01 -2.417810440063476562e+00 1.657849550247192383e-01 -1.886554062366485596e-02 -7.173506170511245728e-02 -9.833684563636779785e-01
1.413394977405760527e+09 2.254008501768112183e-01 3.913564085960388184e-01 -2.239776134490966797e+00 1.722421646118164062e-01 -5.536781251430511475e-02 1.334886439144611359e-02 -9.834067821502685547e-01
1.413394977805760622e+09 2.761960029602050781e-01 2.029111087322235107e-01 -1.980017542839050293e+00 1.503969281911849976e-01 -5.845586955547332764e-02 2.072470821440219879e-02 -9.866784214973449707e-01
1.413394978005760670e+09 3.134413957595825195e-01 -2.790397219359874725e-02 -1.633151412010192871e+00 7.870800048112869263e-02 -6.016832962632179260e-02 3.130660578608512878e-02 -9.945877790451049805e-01
1.413394978155760527e+09 3.200701475143432617e-01 -1.752435714006423950e-01 -1.360427856445312500e+00 4.034489020705223083e-02 -6.306605041027069092e-02 4.098267480731010437e-02 -9.963510632514953613e-01
1.413394978255760431e+09 2.702023684978485107e-01 -4.178731441497802734e-01 -7.993526458740234375e-01 2.852809801697731018e-02 -6.218803301453590393e-02 4.651226475834846497e-02 -9.965718388557434082e-01
1.413394978655760527e+09 8.639806509017944336e-02 -6.545427441596984863e-01 -7.822198420763015747e-02 2.680727839469909668e-02 -4.147079959511756897e-02 -1.859287731349468231e-03 -9.987783432006835938e-01
1.413394979055760384e+09 -5.748841539025306702e-02 -8.172096610069274902e-01 4.276296496391296387e-01 -1.672045141458511353e-02 -4.458110779523849487e-02 -1.795219443738460541e-02 -9.987045526504516602e-01
1.413394979255760431e+09 -1.582080721855163574e-01 -8.991992473602294922e-01 8.327390551567077637e-01 -1.007870957255363464e-01 -3.116280026733875275e-02 -5.426683649420738220e-02 -9.929380416870117188e-01
1.413394979555760384e+09 -1.944919973611831665e-01 -9.773353934288024902e-01 5.128031373023986816e-01 -2.174433320760726929e-02 -7.132890075445175171e-02 3.273388370871543884e-02 -9.966784119606018066e-01
1.413394980555760384e+09 -3.630084693431854248e-01 -8.814733028411865234e-01 1.227571815252304077e-01 2.434306964278221130e-02 -6.387008726596832275e-02 -9.954998269677162170e-03 -9.976116418838500977e-01
1.413394981055760384e+09 -5.817989110946655273e-01 -7.029692530632019043e-01 -4.301653206348419189e-01 4.024905338883399963e-02 -5.711695551872253418e-02 -3.373746573925018311e-02 -9.969851970672607422e-01
1.413394981655760527e+09 -6.362733244895935059e-01 -5.044013857841491699e-01 -7.646806240081787109e-01 6.425022333860397339e-02 -9.215495735406875610e-02 -2.963170036673545837e-02 -9.932278394699096680e-01
1.413394982055760384e+09 -5.888695716857910156e-01 -4.283250272274017334e-01 -9.159536361694335938e-01 4.282502457499504089e-02 -1.613000482320785522e-01 -1.035927161574363708e-01 -9.805186986923217773e-01
1.413394982355760574e+09 -4.195457100868225098e-01 -4.130521416664123535e-01 -1.011439919471740723e+00 2.624661847949028015e-02 -2.484442442655563354e-01 -1.464285105466842651e-01 -9.571548104286193848e-01
1.413394982655760527e+09 -2.283632457256317139e-01 -4.240396022796630859e-01 -1.104526519775390625e+00 1.810631714761257172e-02 -3.118232488632202148e-01 -1.631119400262832642e-01 -9.358594417572021484e-01
1.413394982855760574e+09 8.020755648612976074e-02 -4.368876218795776367e-01 -1.256467819213867188e+00 1.604813151061534882e-02 -3.898134529590606689e-01 -1.605919301509857178e-01 -9.066411852836608887e-01
1.413394983205760717e+09 3.670749664306640625e-01 -4.467885792255401611e-01 -1.401092410087585449e+00 1.954890787601470947e-02 -4.268152713775634766e-01 -1.438134163618087769e-01 -8.926165699958801270e-01
1.413394983405760527e+09 6.454613804817199707e-01 -4.592220485210418701e-01 -1.547714710235595703e+00 2.260215394198894501e-02 -4.391720592975616455e-01 -1.273931562900543213e-01 -8.890377283096313477e-01
1.413394983605760574e+09 9.200999140739440918e-01 -4.582721590995788574e-01 -1.686420440673828125e+00 4.012253507971763611e-02 -4.435564577579498291e-01 -9.342771023511886597e-02 -8.904600143432617188e-01
1.413394983805760622e+09 1.391566276550292969e+00 -3.623437285423278809e-01 -1.862864732742309570e+00 4.424697160720825195e-02 -4.402751624584197998e-01 -6.931016594171524048e-02 -8.940895199775695801e-01
1.413394984405760527e+09 1.735637545585632324e+00 -2.265079766511917114e-01 -1.898914337158203125e+00 5.716618523001670837e-02 -4.072869420051574707e-01 -6.810464709997177124e-02 -9.089615941047668457e-01
1.413394984605760574e+09 2.047138452529907227e+00 -1.781228780746459961e-01 -1.692129373550415039e+00 6.397391110658645630e-02 -2.989993095397949219e-01 -4.606004431843757629e-02 -9.509917497634887695e-01
1.413394985205760717e+09 2.159739971160888672e+00 -2.891836762428283691e-01 -1.414313077926635742e+00 5.862811207771301270e-02 -2.356397211551666260e-01 -6.111680716276168823e-02 -9.681432843208312988e-01
1.413394985605760574e+09 2.296065330505371094e+00 -5.744678378105163574e-01 -1.108709096908569336e+00 6.147966906428337097e-02 -2.314209192991256714e-01 -3.583451360464096069e-02 -9.702476263046264648e-01
1.413394986005760670e+09 2.420963525772094727e+00 -7.574561834335327148e-01 -7.077243328094482422e-01 5.592077597975730896e-02 -2.357240319252014160e-01 -3.691245242953300476e-02 -9.695073962211608887e-01
1.413394986405760527e+09 2.458895921707153320e+00 -8.653655052185058594e-01 -4.818769991397857666e-01 4.643258079886436462e-02 -2.275373786687850952e-01 -7.778553664684295654e-02 -9.695464372634887695e-01
1.413394986605760574e+09 2.586447238922119141e+00 -1.111796259880065918e+00 -2.698121964931488037e-02 5.671616643667221069e-02 -2.444820702075958252e-01 -2.299734205007553101e-02 -9.677204489707946777e-01
1.413394987005760670e+09 2.651442527770996094e+00 -1.338519215583801270e+00 4.793437719345092773e-01 2.277258783578872681e-02 -2.328231185674667358e-01 -7.595539093017578125e-02 -9.692810177803039551e-01
1.413394987405760527e+09 2.693251848220825195e+00 -1.462037444114685059e+00 9.682301282882690430e-01 7.344226818531751633e-03 -2.576989233493804932e-01 -2.042169915512204170e-03 -9.661952257156372070e-01
1.413394987805760622e+09 2.550596237182617188e+00 -1.615303635597229004e+00 1.362393498420715332e+00 -3.117806464433670044e-02 -2.600310444831848145e-01 9.901816956698894501e-03 -9.650459885597229004e-01
1.413394988205760717e+09 2.379553556442260742e+00 -1.706962943077087402e+00 1.495740413665771484e+00 -4.401283338665962219e-02 -2.520021200180053711e-01 -1.682891696691513062e-02 -9.665787816047668457e-01
1.413394988405760527e+09 2.172478199005126953e+00 -1.776026725769042969e+00 1.583213925361633301e+00 -4.905203357338905334e-02 -2.524209320545196533e-01 -8.199109137058258057e-02 -9.628889560699462891e-01
1.413394988605760574e+09 1.810985565185546875e+00 -1.782682418823242188e+00 1.599868535995483398e+00 -2.595210075378417969e-02 -3.771653175354003906e-01 -1.313772648572921753e-01 -9.164130687713623047e-01
1.413394989005760670e+09 1.456018686294555664e+00 -1.679522991180419922e+00 1.505201816558837891e+00 6.419349811039865017e-04 -4.450385868549346924e-01 -1.034869700670242310e-01 -8.895115256309509277e-01
1.413394989405760527e+09 1.035893440246582031e+00 -1.604965090751647949e+00 1.348797082901000977e+00 7.781894411891698837e-03 -4.307600557804107666e-01 -1.328933089971542358e-01 -8.925943970680236816e-01
1.413394989805760622e+09 6.290580630302429199e-01 -1.413615465164184570e+00 1.178032159805297852e+00 3.090231679379940033e-02 -3.298346996307373047e-01 -1.406372934579849243e-01 -9.329926967620849609e-01
1.413394990155760527e+09 4.451099336147308350e-01 -1.223981499671936035e+00 1.067121267318725586e+00 5.157568305730819702e-02 -2.249509990215301514e-01 -6.667588651180267334e-02 -9.707169532775878906e-01
1.413394990405760527e+09 2.748719751834869385e-01 -1.050278067588806152e+00 1.005082130432128906e+00 6.585900485515594482e-02 -1.274871677160263062e-01 -1.571757905185222626e-02 -9.895264506340026855e-01
1.413394990605760574e+09 2.598958462476730347e-02 -8.435717225074768066e-01 9.826444983482360840e-01 7.053872942924499512e-02 -8.095394074916839600e-02 -1.464209705591201782e-02 -9.941108226776123047e-01
1.413394991305760622e+09 -2.024962902069091797e-01 -7.317010760307312012e-01 1.089450597763061523e+00 6.228950619697570801e-02 -1.018098965287208557e-01 -3.772830963134765625e-02 -9.921347498893737793e-01
1.413394991505760670e+09 -3.526220321655273438e-01 -6.923922896385192871e-01 1.284537076950073242e+00 4.826060682535171509e-02 -1.996871680021286011e-01 -6.782360374927520752e-02 -9.763175845146179199e-01
1.413394991805760622e+09 -4.814119040966033936e-01 -6.944780349731445312e-01 1.546665906906127930e+00 1.661549881100654602e-02 -2.885172963142395020e-01 -1.265854239463806152e-01 -9.489245414733886719e-01
1.413394992405760527e+09 -4.661577343940734863e-01 -7.329695820808410645e-01 1.652410745620727539e+00 1.455300580710172653e-02 -3.843979239463806152e-01 -1.317612677812576294e-01 -9.136003255844116211e-01
1.413394993305760622e+09 -4.510663747787475586e-01 -5.206421613693237305e-01 1.783259749412536621e+00 3.099176473915576935e-02 -4.105445146560668945e-01 -1.119446605443954468e-01 -9.044120907783508301e-01
1.413394994005760670e+09 -4.527714848518371582e-01 -3.944731652736663818e-01 1.859490394592285156e+00 1.466961484402418137e-02 -4.705520868301391602e-01 -1.642366349697113037e-01 -8.668286800384521484e-01
1.413394994205760717e+09 -4.238681793212890625e-01 -3.195736706256866455e-01 1.869477033615112305e+00 2.304669842123985291e-02 -5.623306632041931152e-01 -1.672658324241638184e-01 -8.094907999038696289e-01
1.413394994605760574e+09 -4.798344373703002930e-01 -2.952010631561279297e-01 1.997987747192382812e+00 3.270689025521278381e-02 -5.979849100112915039e-01 -2.056708931922912598e-01 -7.739792466163635254e-01
1.413394995605760574e+09 -4.904897212982177734e-01 -2.125542312860488892e-01 2.042600870132446289e+00 4.529725760221481323e-02 -5.985315442085266113e-01 -2.023214697837829590e-01 -7.738050222396850586e-01
1.413394995805760622e+09 -4.730216264724731445e-01 -1.527534276247024536e-01 2.080561161041259766e+00 2.285530604422092438e-02 -6.037878990173339844e-01 -1.856711506843566895e-01 -7.748832702636718750e-01
1.413394996005760670e+09 -4.513741731643676758e-01 -8.475312590599060059e-02 2.115295410156250000e+00 1.819671876728534698e-02 -6.105070114135742188e-01 -1.734108626842498779e-01 -7.725792527198791504e-01
1.413394996205760717e+09 -4.684025049209594727e-01 -8.998560160398483276e-02 2.117171525955200195e+00 1.190307550132274628e-02 -6.092158555984497070e-01 -1.615355163812637329e-01 -7.762864232063293457e-01
