1.413394888255760384e+18 -1.137238201797951431e+00 9.251309360483381261e-02 1.708888328436335424e+00 -5.718633598234438287e-01 -5.828810049745242194e-01 4.028569877148800993e-01 4.134347338826582230e-01
1.413394889455760384e+18 -1.596273919812437825e+00 -1.861301807324350355e-01 1.906276722174028881e+00 -5.176466329511351105e-01 -5.194971173421745192e-01 4.867886215012160456e-01 4.745540500769845904e-01
1.413394889755760384e+18 -1.528712397311430937e+00 -2.197785168740671591e-01 1.967594927261330673e+00 -5.666981940367116222e-01 -5.738174378097670170e-01 4.191874552743388160e-01 4.169755176045564227e-01
1.413394889955760384e+18 -1.454291844205268580e+00 -2.446692962239782054e-01 2.006992117356614092e+00 -6.103129845906328788e-01 -6.111360725345805767e-01 3.598473537888389751e-01 3.529031647042176756e-01
1.413394890055760384e+18 -1.441059213495268221e+00 -2.567710486993224350e-01 2.017780597016049171e+00 -6.225533540331955606e-01 -6.221736073510855114e-01 3.389887266164039459e-01 3.322859716038960576e-01
1.413394890255760384e+18 -1.498107182220934641e+00 -2.793342775618511964e-01 2.026202459281648771e+00 -6.198626833681991632e-01 -6.001608145368252378e-01 3.690499914683164073e-01 3.455131752325892314e-01
1.413394890455760384e+18 -1.677940326075812338e+00 -2.817332163390681155e-01 1.986279254180714604e+00 -5.574229408831441468e-01 -5.178684144545250279e-01 4.809815065305140802e-01 4.356016077371389073e-01
1.413394891955760384e+18 -2.308321908020792179e+00 -1.098906440747107749e-01 1.997566575842963932e+00 -5.143998008594002913e-01 -5.655226153095480601e-01 4.523541905081487902e-01 4.592958771630505366e-01
1.413394892255760384e+18 -2.422324989733035672e+00 -1.879925132102830410e-01 2.068532513608435153e+00 -4.666798309624641261e-01 -6.051921050217669018e-01 4.884383457619247415e-01 4.211655657595042013e-01
1.413394892555760384e+18 -2.412900819854312484e+00 -3.019387639273818369e-01 2.069780618852237186e+00 -4.082010208549615160e-01 -6.726817727473218822e-01 5.136910629497462022e-01 3.420418849089201241e-01
1.413394893055760384e+18 -2.277729758151448625e+00 -5.065096292282471602e-01 2.133151653174213624e+00 -2.751982262836112358e-01 -7.707420001498016537e-01 5.279239352128728413e-01 2.269780255548808912e-01
1.413394893755760384e+18 -1.978683276223464294e+00 -9.557728058136676363e-01 2.174674517022377795e+00 -1.939203937494159979e-01 -7.540612685892217337e-01 5.694291163933217215e-01 2.636986262861558683e-01
1.413394894055760384e+18 -1.770952562864300139e+00 -1.109636361164842544e+00 2.150069373572027764e+00 -1.870600591749300989e-01 -7.485679116212567985e-01 5.919992176255416405e-01 2.327907693256086041e-01
1.413394894255760384e+18 -1.499066652785426168e+00 -1.255240700601975901e+00 2.114385499157000137e+00 -1.769608480564744957e-01 -7.568924701366533947e-01 6.090587599317223155e-01 1.576263742398505974e-01
1.413394894455760384e+18 -1.214157594284453578e+00 -1.372783926973450530e+00 2.058868036848536143e+00 -1.412638175514768224e-01 -7.753892640204679276e-01 6.057902379864280595e-01 1.087851582382769189e-01
1.413394895055760384e+18 -4.371923146973671903e-01 -1.582624574359585701e+00 1.857542401392717091e+00 -8.636397153421650208e-02 -8.005441041149905512e-01 5.910801055379141244e-01 4.790313794368889627e-02
1.413394896055760384e+18 5.356667907186802857e-01 -1.803691194867253600e+00 1.960513394272320964e+00 -9.644652072077175564e-02 -8.006573274548240970e-01 5.860553429679787873e-01 7.864507366924339271e-02
1.413394896255760384e+18 7.437919657341909296e-01 -1.863685812741163073e+00 1.964853843524453136e+00 -9.844904471204035667e-02 -8.009020836285242195e-01 5.867733332895186393e-01 6.753290586878403501e-02
1.413394896555760384e+18 1.093831097096849447e+00 -2.029446006696542959e+00 1.861838308330128200e+00 1.885155762050437778e-01 7.817539901091133947e-01 -5.907320786062681961e-01 6.601657202610701491e-02
1.413394897055760384e+18 8.744005856543086708e-01 -2.039627073888173214e+00 1.773814546127921776e+00 1.973417939354141226e-01 7.755979250795264068e-01 -5.952288663728395601e-01 7.215727000926717982e-02
1.413394897255760384e+18 5.417738421259814530e-01 -2.002636243616544132e+00 1.736108484964856480e+00 -1.492824577033293187e-01 -7.894321473714945858e-01 5.954054109129952588e-01 2.007280252675505694e-03
1.413394897455760384e+18 3.445090368394989611e-01 -1.978481456620307721e+00 1.725880495875126153e+00 -1.209232371256058758e-01 -7.914883560474296198e-01 5.975037097861224389e-01 4.373865288532526735e-02
1.413394897555760384e+18 1.433169810708889713e-01 -1.951856191318893208e+00 1.724430674932269092e+00 -1.045806991464185431e-01 -7.929341499469169108e-01 5.965018822213500327e-01 6.711047399916778011e-02
1.413394897755760384e+18 -4.491294815689360620e-01 -1.859607432812875993e+00 1.754184253515700842e+00 -8.982572046890074935e-02 -7.843669238560369017e-01 6.082243171449269736e-01 8.223775736514433998e-02
1.413394897955760384e+18 -8.168148053304924439e-01 -1.778649901541677014e+00 1.795622126741078350e+00 -8.524373731510219432e-02 -7.810879425094211514e-01 6.123088200047041019e-01 8.782391621534424431e-02
1.413394899455760384e+18 -1.498427053148291943e+00 -1.304196254097933494e+00 2.118665677939781222e+00 3.389942459726191792e-02 -8.276891032640196766e-01 5.584960330002837203e-01 4.317126906778349232e-02
1.413394900055760384e+18 -7.976994734337303772e-01 -1.560062539813512617e+00 2.053171049148799998e+00 -1.684687487034789710e-01 7.850429922139955385e-01 -5.871952026701320326e-01 1.026039718878536816e-01
1.413394900255760384e+18 -5.578194949487808030e-01 -1.662087502364327563e+00 2.082067945145123833e+00 -2.112142945377999681e-01 7.607526691357909820e-01 -5.964677606557059475e-01 1.444649046794314606e-01
1.413394900455760384e+18 -3.320336624905592116e-01 -1.746762376634641178e+00 2.072058316744632922e+00 -2.738826304718212645e-01 7.395072765124699465e-01 -5.974987810474969852e-01 1.453014086569708596e-01
1.413394901055760384e+18 4.516600206916372429e-01 -1.659875036618140731e+00 2.138002299835916276e+00 -4.283833206341954858e-01 6.631131437093384928e-01 -5.727960893773006434e-01 2.206203282483495398e-01
1.413394901255760384e+18 7.451949457853863645e-01 -1.491396738088776486e+00 2.188987075426421569e+00 -4.416171435054335181e-01 6.405881728555169463e-01 -5.460056696980212232e-01 3.106427208504115578e-01
1.413394901455760384e+18 1.008340737594160208e+00 -1.296096676492633382e+00 2.209982190266335689e+00 -4.489315554111696360e-01 6.157694170479155460e-01 -5.215176281830712357e-01 3.838070440714733134e-01
1.413394902055760384e+18 1.415406871648382303e+00 -6.972753253755232805e-01 2.148160839373622899e+00 -6.145593234811023153e-01 4.916465348203100105e-01 -4.417715828181131288e-01 4.306255813766880491e-01
1.413394902255760384e+18 1.463308265718557433e+00 -4.590376849156384553e-01 2.138890994730376249e+00 -6.377859022624995378e-01 4.434517846503342464e-01 -4.188872223107047987e-01 4.702267033575027733e-01
1.413394902455760384e+18 1.449134692239842703e+00 -2.160396524215202341e-01 2.112737757663416982e+00 -6.405543337272275872e-01 4.243703415146387603e-01 -3.780653928062492342e-01 5.163976351110383112e-01
1.413394903755760384e+18 1.158521089758400180e+00 1.019522840964840749e-01 1.942925407562571483e+00 -6.045830258518463118e-01 5.567055848960696940e-01 -4.003392758138381025e-01 4.053229833579661823e-01
1.413394904255760384e+18 1.195013882994732324e+00 4.240497693183076233e-02 1.893425064634538302e+00 -5.467534219826085673e-01 6.436455733684689484e-01 -4.120354325229486081e-01 3.420641369379568419e-01
1.413394904555760384e+18 1.264471227083301397e+00 -2.519896939398469371e-02 1.848880659451596076e+00 -4.802828625191166712e-01 6.724348529228111326e-01 -4.701600279068111066e-01 3.100149814182973085e-01
1.413394904755760384e+18 1.359630545771309595e+00 -9.521477151846610698e-02 1.824555937372793757e+00 -4.085375140848513942e-01 6.956853946012230283e-01 -5.219217068864941966e-01 2.769777305210625595e-01
1.413394904955760384e+18 1.443992970709823132e+00 -1.584603540458712767e-01 1.819618776892948375e+00 -3.290246882590631694e-01 7.018002997199960236e-01 -5.793022137212251454e-01 2.522459890793862791e-01
1.413394905455760384e+18 1.483780993902791501e+00 -2.303987696283376074e-01 1.802541942999821512e+00 -2.460211665230013778e-01 8.458417274663224683e-01 -4.483465702957250554e-01 1.516928165850616461e-01
1.413394905755760384e+18 1.561355535275619433e+00 -4.536492798323604747e-01 1.856340393663072241e+00 -2.483177735000608732e-01 7.597132659497247698e-01 -5.805560138407382942e-01 1.553343223416115970e-01
1.413394905955760384e+18 1.641631350700140102e+00 -6.050797848802870194e-01 1.925350796929741648e+00 -2.287214393413165570e-01 6.784978843639873913e-01 -6.694479166215289156e-01 1.979055608878234895e-01
1.413394906555760384e+18 1.444599109047374430e+00 -6.473180709185372139e-01 2.027123795526506456e+00 -1.976124160975187838e-01 8.387179838267974086e-01 -4.980764200485134907e-01 9.706367189257496253e-02
1.413394906755760384e+18 1.368142904633353529e+00 -7.201565548265542738e-01 2.028136880958806731e+00 -1.529838716966213097e-01 7.977155801312710848e-01 -5.797654244410527236e-01 6.417040469895475552e-02
1.413394906955760384e+18 1.327576514907737204e+00 -7.800311310399219433e-01 2.025473138796582973e+00 -1.087956237283402572e-01 7.061211973745333825e-01 -6.968404937650466424e-01 6.300550075353103519e-02
1.413394907555760384e+18 1.055974204012402717e+00 -4.481360568049324034e-01 1.959285333051632438e+00 -5.168746810851829361e-03 8.791245896754942279e-01 -4.619153013984464429e-01 1.172497088196009507e-01
1.413394907755760384e+18 8.741769519674051914e-01 -4.521204135605129126e-01 1.912909897157045291e+00 -3.188406546580631329e-02 8.297198474795843826e-01 -5.565763264169654168e-01 2.777001872564817050e-02
1.413394907955760384e+18 6.959902511476263598e-01 -4.842437920264741624e-01 1.851462216010860029e+00 5.201697437882133596e-02 -7.518047210026129745e-01 6.572862695136071354e-01 7.658705082599772535e-03
1.413394910055760384e+18 -1.977295837157895253e-01 -5.997243890289571944e-01 2.256151652139158692e+00 -4.334797864707584658e-02 -7.990389898705051452e-01 5.967858079296878282e-01 5.919750727560302295e-02
1.413394910255760384e+18 -3.009523816973502797e-01 -5.159235862138816797e-01 2.262792706793642861e+00 -4.914862892289535018e-02 -8.579361364502031684e-01 5.094943184426828919e-01 4.410824778342149061e-02
1.413394910455760384e+18 -4.616912733570182059e-01 -5.416220250059121666e-01 2.233612125537809856e+00 -3.406988283350912555e-02 -8.121392297367949764e-01 5.806747377569203561e-01 4.567234981000505706e-02
1.413394910755760384e+18 -5.610014964926125502e-01 -5.901820852562983388e-01 2.213613646956797520e+00 -3.182909203931236219e-02 -7.303000722618498974e-01 6.816957111649567524e-01 3.065404922018599015e-02
1.413394910955760384e+18 -7.523067139963049987e-01 -4.290163565725230166e-01 2.139857640207094569e+00 -2.322517492438469153e-02 -8.182594452921154726e-01 5.737040236474146848e-01 2.785255267903184034e-02
1.413394912755760384e+18 -1.195929007102104702e+00 -4.356410882812950525e-01 2.076891490816030750e+00 -2.151891171162952920e-01 -7.746567575194150956e-01 5.723300758932140520e-01 1.613655357636310239e-01
1.413394913955760384e+18 -1.023587353766996610e+00 -8.658157940302312339e-01 2.073495922305470529e+00 -7.160944925939095873e-02 8.115838799258656699e-01 -5.797117406996383782e-01 1.174692794902526191e-02
1.413394914555760384e+18 -5.541427887032138733e-01 -1.110648910821832702e+00 2.025494342318631791e+00 -2.611023224185032299e-01 7.656014468925721461e-01 -5.734284339995696644e-01 1.298454189583356233e-01
1.413394914755760384e+18 -3.469019544458507021e-01 -1.165303233476462363e+00 2.025097168792463265e+00 -2.836585510503738528e-01 7.569303065381584039e-01 -5.628613524081722552e-01 1.725729857923730681e-01
1.413394914955760384e+18 -2.958302480311414406e-02 -1.224684051996128176e+00 1.954443928017365995e+00 -3.595860825567809282e-01 7.151217430299841027e-01 -5.695116342223475181e-01 1.869632059059117002e-01
1.413394915255760384e+18 2.009980605032977152e-01 -1.206433354817564751e+00 1.902251567493362439e+00 -4.266165315827832316e-01 6.779944371187338614e-01 -5.636431761237826743e-01 2.015645014019629422e-01
1.413394915455760384e+18 4.597924215320130514e-01 -1.115955745987207370e+00 1.860537603873007484e+00 -4.769983052042365279e-01 6.362115409839618207e-01 -5.549034468581904855e-01 2.445192356768638997e-01
1.413394916055760384e+18 1.079028933141106705e+00 -5.272711112013293011e-01 1.842102063841550619e+00 -5.755427752615707160e-01 4.997809510544117262e-01 -4.525215809119303434e-01 4.628106887446790108e-01
1.413394916255760384e+18 1.151259461076997059e+00 -3.138933800824945664e-01 1.834912976787776095e+00 -6.276126154248133915e-01 4.910299964882549051e-01 -3.898688989130719706e-01 4.615129349960611638e-01
1.413394916455760384e+18 1.191213742889097205e+00 -1.097996157693219843e-01 1.822751370362153400e+00 -6.442559442975552830e-01 4.912756159314363713e-01 -3.027091881850916821e-01 5.019459082578282549e-01
1.413394916955760384e+18 1.310260975829188546e+00 1.026833124006412273e-01 1.669505808335100205e+00 -7.217593724616743200e-01 3.856157445265948613e-01 -1.946022872703099538e-01 5.408270108140805776e-01
1.413394917755760384e+18 1.919329394924534693e+00 5.229150863740000821e-01 1.279567251078253642e+00 -8.213344903027711696e-01 9.454296281907716148e-02 -1.938669900981154215e-01 5.280974089794179260e-01
1.413394918555760384e+18 1.870518479862136818e+00 1.255097228462137782e+00 1.200616400599681999e+00 -8.281423124256455104e-01 9.138880121891466979e-02 2.246244035111417785e-03 5.530129761314913628e-01
1.413394918755760384e+18 1.933718238728590499e+00 1.805728733410364217e+00 1.170217338566341470e+00 -8.063455001031996083e-01 -3.872124319549926502e-02 -9.995367166286458355e-03 5.900912577084388433e-01
1.413394919555760384e+18 1.954264951196500677e+00 2.353602543388766843e+00 1.500158864077452803e+00 -7.503993962055396372e-01 -1.890152621381631093e-01 6.758460582780512205e-02 6.297668599635135589e-01
1.413394919755760384e+18 1.925159149198197639e+00 2.397160365886020994e+00 1.617542854555698462e+00 -7.803380908130224114e-01 -2.288936827202996960e-01 1.190002944912979810e-01 5.696657580968076395e-01
1.413394919955760384e+18 1.870839269817621719e+00 2.424789497969168650e+00 1.692344578008067479e+00 -7.940120188232903109e-01 -2.650738052486492635e-01 1.800072259933890306e-01 5.166025457983429714e-01
1.413394920555760384e+18 1.391952317917366067e+00 2.745411924503406986e+00 1.659212745873622552e+00 -6.569176436199377633e-01 -4.988218059888655520e-01 2.601768672700007778e-01 5.019402485439907746e-01
1.413394920955760384e+18 9.113357363019938262e-01 2.766787763216669305e+00 1.620234605222171442e+00 -6.843194636121340269e-01 -4.654710566020560658e-01 2.972352807453367274e-01 4.761247263770362892e-01
1.413394921555760384e+18 1.018749096884614680e-01 2.895346423957082305e+00 1.299302538196467571e+00 -7.084515358396555884e-01 -4.165778352565255305e-01 2.930543542926645206e-01 4.885473098580417894e-01
1.413394921955760384e+18 -1.580970969175935492e-01 3.007502247428617714e+00 1.192192176581368557e+00 -6.663059853421464673e-01 -4.237864158111384061e-01 3.149768874085536186e-01 5.265272719143803126e-01
1.413394922755760384e+18 -1.235154029743554815e+00 3.272028699415109099e+00 1.540291819760950087e+00 -6.170655134364462224e-01 -5.665805859575838710e-01 3.680956105339109885e-01 4.033884148671640912e-01
1.413394923555760384e+18 -1.984585630111924015e+00 3.303947494014885411e+00 1.758712417387050309e+00 -5.558081086611708077e-01 -6.111074707954219365e-01 3.957525671000281520e-01 4.012541727113281831e-01
1.413394923955760384e+18 -2.263933151235347996e+00 3.273810356692068879e+00 1.780562439037499001e+00 -5.023519621186220974e-01 -6.409612032049398778e-01 4.269471489699520061e-01 3.930996999847185536e-01
1.413394924555760384e+18 -3.327368679589870482e+00 2.967029565560501236e+00 1.816749402419181258e+00 -3.012214939187369822e-01 -7.458851002590018986e-01 5.410290535181956351e-01 2.453743916185792129e-01
1.413394924905760512e+18 -3.607943139640213293e+00 2.875304464443095398e+00 1.861934193422011052e+00 -2.058840669288041492e-01 -7.581608790694513988e-01 5.657200892180593854e-01 2.505286671991905356e-01
1.413394925605760512e+18 -3.840634442484510913e+00 2.431853469952635294e+00 1.949875619012696237e+00 -1.551855462925980089e-01 -7.944445854550171715e-01 5.557179469272406358e-01 1.896122631214729737e-01
1.413394925805760512e+18 -3.785563386362818417e+00 2.243089325116407906e+00 1.930551911577050639e+00 -1.822527130237907578e-01 -7.908279057937007694e-01 5.644603496025384359e-01 1.508631357886902891e-01
1.413394926305760512e+18 -3.610125415445497588e+00 1.741808084661336631e+00 1.891130346211501001e+00 -1.570368057931308403e-01 -8.086244244057021469e-01 5.481943350615707811e-01 1.447375310250932634e-01
1.413394926905760512e+18 -3.390873148933873260e+00 1.015011959089954452e+00 1.903060087341243767e+00 9.328021560375676646e-02 8.083550335501941131e-01 -5.799606684353503239e-01 3.881448413933880764e-02
1.413394927105760512e+18 -3.475863154685747691e+00 5.379012707163024487e-01 1.837454494262986682e+00 1.278596296528082196e-02 -8.129021707129796548e-01 5.820888503648098400e-01 1.411206158399471236e-02
1.413394927605760512e+18 -3.557259432842296842e+00 6.500542634804379327e-02 1.959576877680038187e+00 1.517319287258982706e-02 -8.163242240461335841e-01 5.773775521062859406e-01 4.438217804722784446e-03
1.413394928305760512e+18 -3.521736564907335776e+00 -1.009562169662455933e+00 2.049761740249169684e+00 9.078282082723838214e-03 -7.957749864772373227e-01 6.055126610217266281e-01 3.764709014823282122e-03
1.413394929605760512e+18 -3.157266886440608822e+00 -1.516477569956081739e+00 1.809548478336144850e+00 1.831826336149481801e-02 8.075853251550064726e-01 -5.893627161337874343e-01 1.104412301210801368e-02
1.413394930605760512e+18 -3.149569302500914603e+00 -1.483596990607793265e+00 1.731136792638771960e+00 2.601764243294374390e-02 8.639969910169897904e-01 -5.025647750512611811e-01 1.615328677064550508e-02
1.413394930905760512e+18 -3.173246882560561755e+00 -1.574362025253513542e+00 1.629877295673525239e+00 1.551360952298572139e-03 -8.032445649382771169e-01 5.949346883504843531e-01 2.912865897403064605e-02
1.413394931105760512e+18 -3.013565988256489803e+00 -1.524001187099363719e+00 1.737772687946758987e+00 5.791817820970860536e-02 -8.164555578658816426e-01 5.731858302978917186e-01 3.877899700218928603e-02
1.413394932405760512e+18 -2.620899932799162446e+00 -1.360813956078861464e+00 1.899710952921648044e+00 -2.173718453565890441e-01 7.382251700521629267e-01 -6.118182467641699596e-01 1.828975452928304490e-01
1.413394932605760512e+18 -2.548379521627127886e+00 -1.264551376478607159e+00 1.939078400402812763e+00 -2.820339567352045940e-01 7.121384155089339751e-01 -6.043803507052540880e-01 2.191805559033548068e-01
1.413394932805760512e+18 -2.501069608170305436e+00 -1.059649906769520644e+00 1.969862576643707897e+00 -3.668341238651329772e-01 7.236176977620782935e-01 -5.290354549541764761e-01 2.488606848319702691e-01
1.413394933105760512e+18 -2.463008689456949618e+00 -8.586930985679508410e-01 1.949962997101211126e+00 -4.273778215623653121e-01 6.959104488165354097e-01 -4.977908111056196794e-01 2.919951253760666998e-01
1.413394933405760512e+18 -2.418772963580987145e+00 -6.742603368995894186e-01 1.835673521477158232e+00 -4.751766656602995353e-01 6.533066749691436303e-01 -4.852481126124083555e-01 3.345620929794906329e-01
1.413394934105760512e+18 -2.420254616310701046e+00 -2.483193846311732567e-01 1.591081743185047248e+00 -5.710494523045723803e-01 5.575522178978529197e-01 -4.309743215311026554e-01 4.210690935234253085e-01
1.413394934405760512e+18 -2.454269140515314085e+00 -1.266100558026426459e-01 1.484487005012981253e+00 -6.078361518834957122e-01 5.346860619522758595e-01 -3.856053990815030974e-01 4.426674867399068014e-01
1.413394934605760512e+18 -2.500262839854808128e+00 3.008832888718637744e-02 1.310428777152993218e+00 -6.357144057393345760e-01 5.062926215594256707e-01 -3.662712024603669292e-01 4.531891238083783913e-01
1.413394935105760512e+18 -2.659875119777606045e+00 3.121067440376171787e-01 1.209090838088988873e+00 -6.032438254797292121e-01 5.229646039369172383e-01 -4.017037981264207636e-01 4.485966658597602130e-01
1.413394936255760384e+18 -3.050921220346875629e+00 5.225633263705282694e-01 1.059991022156959950e+00 -6.711788251200422328e-01 4.671589666121481188e-01 -3.440691579491602647e-01 4.614086032710107976e-01
1.413394936605760512e+18 -3.144298825295206434e+00 6.027228434704661186e-01 1.004426136414631632e+00 -7.190423919500255057e-01 3.732405474880364227e-01 -3.070997756803552914e-01 4.993588489920769979e-01
1.413394936805760512e+18 -3.257850624649489824e+00 7.087897904208289024e-01 9.661093824518663942e-01 -7.554946664574816451e-01 3.107403726023301727e-01 -2.536136553614122269e-01 5.180234971538324462e-01
1.413394937305760512e+18 -3.619629279553084888e+00 1.166783448849583404e+00 9.070855846837124759e-01 -8.197723372502919714e-01 1.649772092376468602e-01 -1.122250151010503044e-01 5.368066518746953397e-01
1.413394938255760384e+18 -3.700932268103176881e+00 2.251100310347908806e+00 1.094058083762191824e+00 -7.838092895577487562e-01 2.622432836084455654e-01 -1.457593861303198846e-01 5.437146854372701954e-01
1.413394939055760384e+18 -3.333737860000927533e+00 2.905586003226548364e+00 1.334703863904615595e+00 -7.025753108127232860e-01 4.387117703835041183e-01 -2.339517582755152592e-01 5.091036141721758668e-01
1.413394939255760384e+18 -3.158096299114267591e+00 3.083071788940310753e+00 1.323196811826459207e+00 -6.502182612154886465e-01 5.040603820195890261e-01 -2.742430694477583919e-01 4.979257805336500531e-01
1.413394939455760384e+18 -2.751954651669398011e+00 3.301643738221502034e+00 1.307995387842446622e+00 -6.259388150063418532e-01 5.242642963869356132e-01 -3.656123208378642686e-01 4.468502861741482368e-01
1.413394940255760384e+18 -1.861365068191251915e+00 3.422999443674906050e+00 1.391181161310863112e+00 -5.142653298280217555e-01 6.409360224192943711e-01 -4.316811351477541914e-01 3.719994398648416856e-01
1.413394941805760512e+18 2.263151038519461977e-02 3.037110817124074380e+00 1.694471406737277253e+00 -3.814430811503843888e-01 7.305594346940449402e-01 -5.033171401055958061e-01 2.597228228283820495e-01
1.413394942305760512e+18 6.730345650478160024e-01 2.533525162269821607e+00 1.946856169620899912e+00 -2.420052067673341412e-01 7.925530335106023561e-01 -4.518482856545475435e-01 3.303426943670592086e-01
1.413394942905760512e+18 8.561661905349098323e-01 1.234431472440245203e+00 2.002193543871279680e+00 -1.493230570406735847e-01 7.453609037059626408e-01 -6.445963337837308238e-01 8.145743879616409999e-02
1.413394943105760512e+18 8.560820860062492432e-01 8.682295703053893865e-01 1.893163316463135848e+00 -1.004896650727910706e-01 7.251480289495140230e-01 -6.812064675864377694e-01 4.462268772856036250e-03
1.413394943305760512e+18 8.806891922162660702e-01 6.226363806352825936e-01 1.763580790196900061e+00 3.739921425385676901e-02 -7.234963659004708392e-01 6.874007290950902016e-01 5.132781839845133864e-02
1.413394943805760512e+18 1.233942385842487166e+00 4.943120633910382811e-01 1.551072411039531307e+00 -1.104796547291500147e-01 -7.878647640587504997e-01 6.016655714568260871e-01 7.114702783045613599e-02
1.413394944605760512e+18 1.674136630112753155e+00 5.868078710486351879e-01 1.414760696401294648e+00 -2.239708940196851739e-01 -8.335578256556147592e-01 4.898065353925870058e-01 1.229143921882909080e-01
1.413394944905760512e+18 1.664644821508758366e+00 4.604941090952984206e-01 1.314510476281306239e+00 -3.278998105572562549e-01 -7.910934503956407182e-01 4.744341342222625491e-01 2.038752541688337583e-01
1.413394945405760512e+18 1.489294459088476907e+00 1.492186763423929974e-01 1.201576000657325505e+00 -4.327550497118253237e-01 -6.736032990414330124e-01 4.966423719566778749e-01 3.351537212185748960e-01
1.413394945605760512e+18 1.361009354049399933e+00 -7.501749300058638270e-02 1.147650898374201756e+00 -5.541870382331769429e-01 -5.688595804168474768e-01 4.914495732661656180e-01 3.574252668164510927e-01
1.413394945905760512e+18 1.239575574663109414e+00 -1.391577324003652749e-01 1.088008529623667453e+00 -6.577031794598013903e-01 -4.602440542098025777e-01 3.984475279913420875e-01 4.436682383612571279e-01
1.413394946255760384e+18 1.195738996488739936e+00 -4.596370650012360226e-02 1.061545295299060276e+00 -7.305908067667783445e-01 -3.384230442444853271e-01 3.177997347757416935e-01 5.007097410362929546e-01
1.413394947055760384e+18 1.336099143327145189e+00 3.230578537158785846e-01 1.037331888070927910e+00 -7.831576942700927413e-01 -9.156617427243499141e-02 8.164957804898251292e-02 6.096006955697187424e-01
1.413394947255760384e+18 1.418453336671642528e+00 4.170565340213773231e-01 1.072834683742189155e+00 -7.976674379604336007e-01 -5.047824572204959864e-03 3.728922603941771993e-03 6.030648995099447962e-01
1.413394947455760384e+18 1.489505898085158542e+00 4.817223394593257435e-01 1.172865028787056119e+00 -7.871126561904789876e-01 6.096727255827617126e-02 -5.390027452023120336e-02 6.114175484464092758e-01
1.413394948055760384e+18 1.613920587610114143e+00 7.770618469385108806e-01 1.572617229188891574e+00 -8.532334579561495769e-01 -1.108065977481715800e-02 -8.977764125583334587e-03 5.213341394484459768e-01
1.413394948455760384e+18 1.629025132086908023e+00 9.916829446397817938e-01 1.647556701029991189e+00 -7.876290771996057316e-01 -3.907003879695269272e-02 -9.353408768956651296e-04 6.149090127454190924e-01
1.413394949055760384e+18 1.573108934450984542e+00 1.202288494864949042e+00 1.855820098743354851e+00 -8.060118065288560674e-01 -3.528507721940589426e-02 -6.645008896872719312e-03 5.908094235186763798e-01
1.413394949255760384e+18 1.205565489385472144e+00 1.481461633169393055e+00 1.921303595823936838e+00 -7.518093566321577548e-01 -1.540604117759517520e-02 -4.401596284967423597e-03 6.591858395973926310e-01
1.413394950055760384e+18 9.429076051877911535e-01 1.533458226371356092e+00 1.964363250904534564e+00 -7.910568639015261860e-01 -2.383122728051530886e-02 9.761319974661453180e-02 6.034341504388146538e-01
1.413394950455760384e+18 7.454958140534329036e-01 1.684767117138257442e+00 2.057101826814205836e+00 -7.871060087464749611e-01 -1.118833717328675675e-01 4.820206628290365364e-02 6.046675143671417230e-01
1.413394951055760384e+18 6.366207532913725764e-01 1.776290119577360382e+00 2.131713447523588378e+00 -6.999219572479641327e-01 -1.357548583414066312e-01 8.581116807455500817e-02 6.959283839825504137e-01
1.413394951255760384e+18 4.434560075964415482e-01 1.576523273718668072e+00 2.259724294268972589e+00 -7.968580670602797289e-01 -2.006272813343918104e-01 1.559814881004568943e-01 5.481201422273151991e-01
1.413394952255760384e+18 -3.006860892940110830e-06 1.765344556862626924e+00 2.667801687810460454e+00 -7.360008079704395412e-01 -1.909103107209599304e-01 1.562381010099942735e-01 6.304329621141946394e-01
1.413394952455760384e+18 -2.447655706460862834e-01 1.912761369462341765e+00 2.707677323157333227e+00 -7.926313947089344003e-01 -2.340542365951596426e-01 1.761292794263264183e-01 5.347266249050902642e-01
1.413394953255760384e+18 -4.232035571240448935e-01 1.819352435634092213e+00 2.924570566957513940e+00 -7.698167065959184985e-01 -2.595288858169186308e-01 1.659624959119970211e-01 5.590021874940228619e-01
1.413394954055760384e+18 -4.211194380472920162e-01 1.399066027679469526e+00 2.449390764211885951e+00 -7.289804444214017520e-01 -2.568368557249767758e-01 1.768444781136502830e-01 6.093835998393734021e-01
1.413394954455760384e+18 -4.378984369021552414e-01 1.035604316855853968e+00 2.215639781542057207e+00 -7.820675951720377217e-01 -2.514025907145978067e-01 1.870511692867878051e-01 5.386825354810191868e-01
1.413394955055760384e+18 -5.458496684887054196e-01 6.316954357706426881e-01 1.866709612990382627e+00 -7.252220171045056230e-01 -2.710624686303590436e-01 1.939320033306143609e-01 6.024687063168195911e-01
1.413394955455760384e+18 -5.861987433055310115e-01 4.850121628706051125e-01 1.783969621085668589e+00 -7.439454294390522859e-01 -2.931901945676120835e-01 2.649062300506279111e-01 5.388964623251054631e-01
1.413394956305760512e+18 -9.298062104826574359e-01 4.472289667119634382e-01 1.898278270298574544e+00 -6.699420684156502936e-01 -3.827428108146147534e-01 3.347713407503710159e-01 5.409378107961091420e-01
1.413394957055760384e+18 -1.145763907200054277e+00 4.201079640939971993e-01 1.910897860827983630e+00 -6.547069687234654545e-01 -4.700394826586900554e-01 3.400297145695690970e-01 4.845631672513089350e-01
1.413394957255760384e+18 -1.274035108367226776e+00 4.278672464840771461e-01 1.968392935210932393e+00 -6.090138595109259034e-01 -4.276967163706535957e-01 3.950031689930085244e-01 5.386558587956212785e-01
1.413394957455760384e+18 -1.282435975915530157e+00 4.000048965161536740e-01 2.034240575066484702e+00 -6.627929613742691295e-01 -4.841056188329480037e-01 3.544991458286511077e-01 4.479705300283169378e-01
1.413394958755760384e+18 -1.155616115984989811e+00 5.872401330774159600e-01 2.148950904719826749e+00 -4.377841289958973037e-01 -6.733822296932864271e-01 4.736721395299335335e-01 3.612978457806477750e-01
1.413394959255760384e+18 -1.200851713123898934e+00 5.877448373238139956e-01 2.261187135902564371e+00 -4.104470416848493008e-01 -7.542352218055747848e-01 4.436410564653314181e-01 2.566029407048473487e-01
1.413394959755760384e+18 -1.322041389451234394e+00 4.566580700078432531e-01 2.331390817676814109e+00 -2.956597161355605796e-01 -7.448775821018707166e-01 5.374461970289793333e-01 2.624772470821004067e-01
1.413394960455760384e+18 -1.376648615499606487e+00 2.778020049592808682e-01 2.281018129092597491e+00 -1.759166538740683794e-01 -8.177559453404815715e-01 5.309237118545814260e-01 1.358254649931305846e-01
1.413394961055760384e+18 -1.420072019467240265e+00 -3.541327885922098684e-01 2.114401286312468375e+00 -4.677492919633714080e-02 -8.420218533272704198e-01 5.276720959505299957e-01 1.018502021262647633e-01
1.413394962455760384e+18 -1.091254901638217145e+00 -8.604713127685871266e-01 2.165726240993715468e+00 -7.084432913758566264e-02 -7.469394289786241981e-01 6.543540367925103629e-01 9.425160475810689942e-02
1.413394962955760384e+18 -6.814224512449202908e-01 -6.800240608110468266e-01 2.186886443472808139e+00 -4.231865806275255520e-02 -7.542715564463758904e-01 6.519108516506001427e-01 6.554229028587785222e-02
1.413394963555760384e+18 -3.329816670886409646e-01 -4.153069795653676621e-01 1.951119447891820124e+00 -4.249320406960509222e-02 -8.162069227805298643e-01 5.718935807766376556e-01 7.027317467933599793e-02
1.413394964555760384e+18 4.444281363300488508e-01 -1.138292771216074251e-01 1.719311801085488423e+00 -8.953955989362734347e-02 -8.270532811003336038e-01 5.544717148407178886e-01 2.294896243454967039e-02
1.413394965055760384e+18 6.189569004258237417e-01 -1.530320251021261568e-01 1.789264622956786122e+00 -6.837182299963628918e-02 -7.815035984034142125e-01 6.191898490682405942e-01 3.437077702163424814e-02
1.413394965755760384e+18 7.051863332279180163e-01 -8.732088844505103697e-02 1.947400713982194054e+00 -1.441551023437008805e-01 7.765709423462561212e-01 -6.066664046888048389e-01 9.007081321762518134e-02
1.413394966055760384e+18 7.134655250194634757e-01 8.666693493328306297e-02 1.935938904925289306e+00 -2.167002059369483313e-01 7.625916635492446805e-01 -5.905980968307736889e-01 1.506282292664566647e-01
1.413394966555760384e+18 7.729114303009680942e-01 3.324151160439853259e-01 1.852166552124046905e+00 -3.021416676611305419e-01 7.382171685133811501e-01 -5.589335071233820784e-01 2.265814630321578982e-01
1.413394967455760384e+18 9.226176021750016609e-01 6.603548227567773710e-01 1.898645441261151756e+00 -4.642093994754891151e-01 6.520647700674677694e-01 -4.883915446613243394e-01 3.475555612830725227e-01
1.413394967755760384e+18 9.136865889938077245e-01 7.966761443237803109e-01 1.981734058053091774e+00 -5.201675489632199278e-01 6.062955525846203120e-01 -4.612020867419130421e-01 3.861658440445136509e-01
1.413394968055760384e+18 8.807580627396816020e-01 9.220944378356371596e-01 2.029564291027339706e+00 -5.892385313471814046e-01 5.805387082396135101e-01 -3.990627759906767436e-01 3.956281868496137610e-01
1.413394968455760384e+18 8.934270567129249940e-01 1.079000503941671685e+00 2.002879588439643754e+00 -6.302833132817083905e-01 5.446658988115059552e-01 -3.653410801049659651e-01 4.154610678008511804e-01
1.413394968955760384e+18 1.022823260251243704e+00 1.263417457347128625e+00 2.005487216562625630e+00 -6.299107230812848179e-01 5.092187198549990024e-01 -3.771338600705981814e-01 4.490866596601359451e-01
1.413394969255760384e+18 1.147822696670276033e+00 1.451809192004498428e+00 1.902893050782694218e+00 -6.238926765976896549e-01 4.681533482112786304e-01 -3.793181728907918382e-01 4.977028173128328903e-01
1.413394970055760384e+18 1.175000278866263237e+00 1.959552822390145943e+00 1.725694998750300080e+00 -6.579082126680477760e-01 5.001096724677184246e-01 -3.524094200157479317e-01 4.391522513802370020e-01
1.413394970455760384e+18 1.211731941335576712e+00 2.145459125468283101e+00 1.755720588688149508e+00 -6.099070321106433434e-01 4.930725978002008514e-01 -3.607511071677809156e-01 5.047290997731046502e-01
1.413394971255760384e+18 1.213043946007742235e+00 2.522517108931845442e+00 1.761740114829560611e+00 -6.608642365954279230e-01 5.507471076224351725e-01 -3.064182512913861123e-01 4.074848948245722302e-01
1.413394972055760384e+18 1.696462848653071509e+00 2.566524008126400247e+00 1.812357135564884647e+00 -4.971615408494359234e-01 5.829902311783490276e-01 -4.398917869296211647e-01 4.684527814440796467e-01
1.413394972455760384e+18 1.773095223832465539e+00 2.468142059013239020e+00 1.769237500941194918e+00 -4.342982142000198498e-01 6.368908170015842307e-01 -4.770141821392341885e-01 4.221523639632562275e-01
1.413394973105760512e+18 1.751350590761286075e+00 1.899525633661198531e+00 1.634788234437457355e+00 -1.859208208548532582e-01 7.893152806571245295e-01 -5.728018087820374582e-01 1.196366329760637504e-01
1.413394973305760512e+18 1.757527434710453917e+00 1.759077988948061666e+00 1.620952790262017995e+00 -9.296987469693904216e-02 8.097576999233420114e-01 -5.746910689092595836e-01 7.334333732267032946e-02
1.413394973905760512e+18 1.706086409938207593e+00 1.318353428215649492e+00 1.618889787706726757e+00 -1.683818443089806494e-01 -7.943273169708400250e-01 5.736965085903743544e-01 1.075359663193084375e-01
1.413394974105760512e+18 1.648448223114196143e+00 1.127255331758659551e+00 1.639408368494216450e+00 -2.967616270318355620e-01 -7.548941707977381288e-01 5.572144975220344465e-01 1.777057437683983165e-01
1.413394974405760512e+18 1.548129720832230438e+00 9.931613426390691890e-01 1.675446066225724007e+00 -4.120450659217724243e-01 -7.026244474916713001e-01 5.270481538321484249e-01 2.424004805660866513e-01
1.413394975605760512e+18 1.105997138565043336e+00 5.787435326557911486e-01 1.392749788676071354e+00 -5.346475081183975631e-01 -5.514569602581907981e-01 4.388860722596087949e-01 4.662899083425650626e-01
1.413394977105760512e+18 1.391810567489529582e+00 3.679429899151339667e-01 1.417049412740525538e+00 -6.658479706108199059e-01 -5.808713814036141621e-01 3.604029850612928132e-01 2.989056818774430413e-01
1.413394977405760512e+18 1.168002759338071739e+00 4.631277726242087889e-01 1.552626136398635559e+00 -6.366430791431053615e-01 -6.158142446964448569e-01 3.007811208133948644e-01 3.535380080986639806e-01
1.413394977805760512e+18 8.670143371214213968e-01 5.074453359259816221e-01 1.666679754484882814e+00 -6.265046799375949549e-01 -6.108223553910031578e-01 3.097548538447054134e-01 3.720750820607633402e-01
1.413394978255760384e+18 -4.333345739851195422e-01 4.697016570273105929e-01 1.961716591664582454e+00 -5.680058926849330669e-01 -5.753584289302854371e-01 3.700770104069004973e-01 4.575751200648444650e-01
1.413394979055760384e+18 -1.711964014623242436e+00 1.066519628998225250e-01 2.036804075114904578e+00 -5.788587660081656594e-01 -5.280614357134807424e-01 4.334058881368609839e-01 4.452336299697270960e-01
1.413394979255760384e+18 -2.121449002031198461e+00 -6.263365180062402393e-03 2.013297783483415149e+00 -5.549903885224637401e-01 -4.730680909355834962e-01 5.010387828249468489e-01 4.659961245456263335e-01
1.413394979555760384e+18 -1.831689849938941794e+00 -3.136722590536000776e-02 2.172011998465386284e+00 -5.588117919113255727e-01 -5.417037123205454829e-01 3.992081716845746753e-01 4.846847479952841597e-01
1.413394980555760384e+18 -1.425471482403211754e+00 -1.881637585726388118e-01 2.183177775614318250e+00 -5.994699094796879235e-01 -5.419533081222733806e-01 3.956359462839568186e-01 4.363423397422453442e-01
1.413394981055760384e+18 -8.391807640956617798e-01 -3.907936702059227052e-01 2.157476430867225847e+00 -6.162393600122644255e-01 -5.382172692843242290e-01 4.001042744311648636e-01 4.129016732803474365e-01
1.413394982055760384e+18 -2.989064307753702687e-01 -3.849944778817216973e-01 2.017691787004681991e+00 -6.936412965106195649e-01 -4.474866891463762375e-01 3.626542219251487342e-01 4.325498007533313261e-01
1.413394983405760512e+18 2.678574239010755864e-01 8.693799783539267745e-01 2.187906465233744768e+00 -7.704470601354327375e-01 -2.571376456566938917e-01 1.889303542094400989e-01 5.519029624608808859e-01
1.413394983605760512e+18 3.941882390384967572e-01 1.148336855170659421e+00 2.217740876630196922e+00 -7.613350771584912469e-01 -2.827543697702209480e-01 1.629822074204000937e-01 5.602282273576485450e-01
1.413394983805760512e+18 5.758907483244732894e-01 1.624243818462688616e+00 2.161954289095703530e+00 -7.500119003720263633e-01 -3.014298951437369145e-01 1.539724520098307292e-01 5.682557977144250261e-01
1.413394984405760512e+18 6.359880494327143641e-01 1.967874073211054453e+00 2.033725875446308784e+00 -7.484518020445591890e-01 -3.300390698001181566e-01 1.711066153183579686e-01 5.491963570673245032e-01
1.413394984605760512e+18 4.399307520388988646e-01 2.272004662746829329e+00 1.927895470491508778e+00 -7.144093149085639638e-01 -4.144576601454023623e-01 2.368791322710505354e-01 5.115979431283794732e-01
1.413394985605760512e+18 -2.329884901177292633e-01 2.506026008055758147e+00 2.155594483134595674e+00 -6.884503900502487728e-01 -4.582557256225820996e-01 2.801335195989386184e-01 4.874043101685622825e-01
1.413394986405760512e+18 -9.181037701880583324e-01 2.651503087223807675e+00 2.271814987257718688e+00 -7.037327482021561442e-01 -4.294831234711093404e-01 3.080720140779681371e-01 4.747589913875089884e-01
1.413394986605760512e+18 -1.424696746769834821e+00 2.766821739156343440e+00 2.390106111857412952e+00 -6.835659589157421223e-01 -4.563952247659416872e-01 2.690542970188405936e-01 5.020465754072473974e-01
1.413394987405760512e+18 -2.479253184535232357e+00 2.845004647539975728e+00 2.469603855029739226e+00 -6.560219310155690486e-01 -4.398458384315154790e-01 2.801255971828326974e-01 5.456193858763108695e-01
1.413394987805760512e+18 -2.895398347987559795e+00 2.691270735030049988e+00 2.518542574322774286e+00 -6.335165592740258367e-01 -4.278486179608342876e-01 2.950721896861435711e-01 5.731794937961653957e-01
1.413394988405760512e+18 -3.139368100322316835e+00 2.307894686974338860e+00 2.623748986612340239e+00 -6.733672372672629969e-01 -3.707616947819515341e-01 3.469755327439246750e-01 5.373270039133882792e-01
1.413394988605760512e+18 -3.146842697719517190e+00 1.946140958633219231e+00 2.632522186499679506e+00 -7.401877000317067523e-01 -2.749244935283549629e-01 2.646447088744355858e-01 5.536261099737936897e-01
1.413394989405760512e+18 -2.836323519447943475e+00 1.177774647477561443e+00 2.539898338572295966e+00 -7.656044729303326246e-01 -2.530628945625741366e-01 2.058623779085474170e-01 5.544633836300800755e-01
1.413394989805760512e+18 -2.610342960094501397e+00 7.747135511210752057e-01 2.406613299181830534e+00 -7.575714348973175971e-01 -3.240958902371100514e-01 2.700883593506316349e-01 4.980960279929146362e-01
1.413394990405760512e+18 -2.339291756770620623e+00 4.225586210873982784e-01 2.106793832851055370e+00 -6.437355657262161523e-01 -5.258514968254772715e-01 3.356096449156263373e-01 4.432278093093451887e-01
1.413394990605760512e+18 -2.257075264508345391e+00 1.724022082328678374e-01 1.917490842202524082e+00 -6.270825653222245055e-01 -5.506149960797596110e-01 3.604483439903101161e-01 4.167344162360810400e-01
1.413394991305760512e+18 -2.324754914972932962e+00 -6.056668214828928032e-02 1.786062761335097671e+00 -6.447794914263453858e-01 -5.242575652069180192e-01 3.623014898434425146e-01 4.220794276158447711e-01
1.413394991805760512e+18 -2.748640748277495494e+00 -3.544967619123090552e-01 1.637229895658717682e+00 -7.342596910437714230e-01 -3.519272980410137475e-01 3.023103938941457125e-01 4.955989394111161572e-01
1.413394992405760512e+18 -2.861132990227429396e+00 -3.422727631075278554e-01 1.646838702095129836e+00 -7.590145906033647361e-01 -2.879861384369674648e-01 2.366562569393735049e-01 5.338114380292122707e-01
1.413394993305760512e+18 -2.933015118581008274e+00 -3.336243774917917460e-01 1.407693746965495762e+00 -7.611490353212365667e-01 -2.901309714853037014e-01 2.004463411133337591e-01 5.443320950934470437e-01
1.413394994605760512e+18 -3.081245700617407657e+00 -3.716593002628051368e-01 1.135039309227287907e+00 -8.250084527096244180e-01 -8.645138503642292582e-02 7.678248623775971171e-02 5.531651297669656353e-01
1.413394995605760512e+18 -3.102651685088906763e+00 -3.846085292204769468e-01 1.043888522448354284e+00 -8.285391145028779825e-01 -9.355139229067882534e-02 6.788517965589387082e-02 5.478710387694799566e-01
1.413394995805760512e+18 -3.124343791072124343e+00 -3.689985103079828077e-01 9.760060211035285205e-01 -8.126486036550094605e-01 -9.131150981327729177e-02 7.113166659484905507e-02 5.711433630539903827e-01
