1.413394888255760384e+18 -1.154179048412435904e+00 3.016393852052612345e-01 1.617224893739708014e+00 -5.727998772112732340e-01 -5.810449527575283213e-01 4.074837354624210595e-01 4.101756561222799635e-01
1.413394889455760384e+18 -1.642891758311662009e+00 5.423465219600687170e-03 1.833205499214719092e+00 -5.190661824886166897e-01 -5.172740620695834846e-01 4.908382365308986417e-01 4.712490514218187210e-01
1.413394889755760384e+18 -1.570338329567188218e+00 -3.008875267976385270e-02 1.897602399041531163e+00 -5.676774548887628669e-01 -5.720422146708702416e-01 4.234954063533409863e-01 4.137168749798357803e-01
1.413394889955760384e+18 -1.490274529585333685e+00 -5.600076463734010579e-02 1.938594381802825062e+00 -6.108525083563092206e-01 -6.097456168392958453e-01 3.644167689181825875e-01 3.496711516715433343e-01
1.413394890055760384e+18 -1.476237886698718027e+00 -6.885661468635617677e-02 1.949735773251876525e+00 -6.229623856534407533e-01 -6.209231079747971060e-01 3.436230945512621648e-01 3.290828602873547837e-01
1.413394890255760384e+18 -1.537135081819925420e+00 -9.320404244899849200e-02 1.959022033093210213e+00 -6.203451225100600208e-01 -5.987525263450166335e-01 3.735342517978508803e-01 3.422564884808732555e-01
1.413394890455760384e+18 -1.729296361315253217e+00 -9.683495215409471113e-02 1.919565107828008266e+00 -5.586037757868307363e-01 -5.157827899037423780e-01 4.849068037794285191e-01 4.321982496080092884e-01
1.413394891955760384e+18 -2.402857534799606398e+00 8.596009469952881066e-02 1.936204336524900871e+00 -5.161319792900189718e-01 -5.639656608617112932e-01 4.562128291300935889e-01 4.554342629404344311e-01
1.413394892255760384e+18 -2.523817283317849380e+00 2.491165592778066262e-03 2.013881232058354342e+00 -4.683150106899244824e-01 -6.033924733460543921e-01 4.922786122350193971e-01 4.174450165085102360e-01
1.413394892555760384e+18 -2.512421620782525622e+00 -1.200028950931086857e-01 2.017029856532212229e+00 -4.093501986059364661e-01 -6.706168439304167617e-01 5.176330634464745284e-01 3.387646309240467390e-01
1.413394893055760384e+18 -2.367678762435835971e+00 -3.392700292364614900e-01 2.087062031654668637e+00 -2.759805616310692100e-01 -7.683701961750516451e-01 5.318361956314155981e-01 2.249271709865550140e-01
1.413394893755760384e+18 -2.055748172356608006e+00 -8.099548561604871244e-01 2.132952387378149517e+00 -1.949396263213969971e-01 -7.513859254689617684e-01 5.731110273279950151e-01 2.626051855007364155e-01
1.413394894055760384e+18 -1.843108958413994358e+00 -9.706378958422960945e-01 2.108855771408180590e+00 -1.878368436984527712e-01 -7.458815597994304936e-01 5.955476848861340766e-01 2.317347059189406588e-01
1.413394894255760384e+18 -1.569040576124388853e+00 -1.121346478690701254e+00 2.074840386109199297e+00 -1.771315873626804482e-01 -7.544147334815277661e-01 6.124265955954477647e-01 1.562577219587654720e-01
1.413394894455760384e+18 -1.286210874802279136e+00 -1.241484698052575331e+00 2.022811950524378233e+00 -1.408508657536007569e-01 -7.733521740425324253e-01 6.087924543577061254e-01 1.070476344309852224e-01
1.413394895055760384e+18 -5.084377306823745224e-01 -1.451747997045155891e+00 1.823744041133258831e+00 -8.548189160722746704e-02 -7.985707788421402276e-01 5.940308319225484635e-01 4.587949555207875701e-02
1.413394896055760384e+18 4.663259239372470333e-01 -1.669308170043597883e+00 1.930378635044656566e+00 -9.569932882005539876e-02 -7.988221940671882404e-01 5.889361169519682360e-01 7.667457778567574045e-02
1.413394896255760384e+18 6.748672857702548988e-01 -1.728713338808079314e+00 1.935746180748204370e+00 -9.765701033520252095e-02 -7.991029126539628269e-01 5.895738659790932257e-01 6.557667172714161385e-02
1.413394896555760384e+18 1.025812089239743985e+00 -1.893985283184156598e+00 1.834270941990055137e+00 1.873276507029829618e-01 7.799935197549193733e-01 -5.931798495295527163e-01 6.823581562882197193e-02
1.413394897055760384e+18 8.065986901053354696e-01 -1.905468689210972233e+00 1.745889229585698921e+00 1.961498162284789071e-01 7.738123539505105120e-01 -5.976647426400664154e-01 7.440796914368157100e-02
1.413394897255760384e+18 4.744744619045271339e-01 -1.870362732806659212e+00 1.708079609269266941e+00 1.483182100142869109e-01 7.876841794979185796e-01 -5.979593080424047136e-01 8.872596733010767274e-05
1.413394897455760384e+18 2.774958374426128582e-01 -1.847291611653858467e+00 1.697571105670004687e+00 -1.200937378837409614e-01 -7.897420728109724175e-01 6.001199026607407783e-01 4.172595096343877097e-02
1.413394897555760384e+18 7.654657346882687285e-02 -1.821586068986757567e+00 1.695717390552664572e+00 -1.038307214643973825e-01 -7.911872015909886535e-01 5.991683859914408439e-01 6.510943516276442022e-02
1.413394897755760384e+18 -5.147780643547420487e-01 -1.732047344175332571e+00 1.724577986942237962e+00 -8.911188078911652655e-02 -7.826757248596981631e-01 6.107690217077613726e-01 8.024328345547900032e-02
1.413394897955760384e+18 -8.813622344147027388e-01 -1.652521209329707474e+00 1.764478560668205631e+00 -8.459046484865764826e-02 -7.793362717675723639e-01 6.149065970957198202e-01 8.584465977724499430e-02
1.413394899455760384e+18 -1.562731459520732891e+00 -1.181481649295636593e+00 2.083930161273229498e+00 3.484590808427407566e-02 -8.260547605759712697e-01 5.609709538968786768e-01 4.160389529338316683e-02
1.413394900055760384e+18 -8.636444421173574693e-01 -1.433917089609259676e+00 2.021551662228405100e+00 -1.697113935270151697e-01 7.829847498668485173e-01 -5.893669957597358344e-01 1.038242201618222449e-01
1.413394900255760384e+18 -6.242635193355230427e-01 -1.534326232812865953e+00 2.051499190454996846e+00 -2.125276275829245942e-01 7.585808893959954391e-01 -5.985072512932324562e-01 1.455201426145999732e-01
1.413394900455760384e+18 -3.988728241895769244e-01 -1.617643757037821928e+00 2.042228668841240324e+00 -2.751808100756857334e-01 7.372072375778655484e-01 -5.995379516990264612e-01 1.461343734425176177e-01
1.413394901055760384e+18 3.840132553621229405e-01 -1.527499053230656045e+00 2.108578541588526534e+00 -4.299768448088329698e-01 6.604400961488334776e-01 -5.745696669930333567e-01 2.209264359434489899e-01
1.413394901255760384e+18 6.762705680501297500e-01 -1.360550532612406105e+00 2.158982870649396091e+00 -4.437001495656966443e-01 6.378403145802583607e-01 -5.473430332539135357e-01 3.109751024116572116e-01
1.413394901455760384e+18 9.394349250155689113e-01 -1.162395881828542699e+00 2.179935416105760915e+00 -4.510739957493629659e-01 6.132647154888974939e-01 -5.226393055558529177e-01 3.837796182487046570e-01
1.413394902055760384e+18 1.344380456181199834e+00 -5.613967382901831060e-01 2.114764546288945724e+00 -6.165471719918528271e-01 4.890505516602559610e-01 -4.425587631346049045e-01 4.299312547401232809e-01
1.413394902255760384e+18 1.391932258427247771e+00 -3.232216164007248871e-01 2.104281252372132371e+00 -6.399017561201485460e-01 4.407704333379819372e-01 -4.193452283618010479e-01 4.694643192614179616e-01
1.413394902455760384e+18 1.376863733729269068e+00 -7.997286266733355520e-02 2.076889972579498700e+00 -6.427881681307507922e-01 4.218214099321048738e-01 -3.783576311939990111e-01 5.154954625903810372e-01
1.413394903755760384e+18 1.084618665240085322e+00 2.380330009688362003e-01 1.903468511892539183e+00 -6.064393396077546461e-01 5.543159851835071095e-01 -4.015372143052378107e-01 4.046393226987923253e-01
1.413394904255760384e+18 1.121334782662980922e+00 1.774151646483634603e-01 1.854024175679884978e+00 -5.486609971496704263e-01 6.412493526888463080e-01 -4.134923816890575532e-01 3.417519980453304074e-01
1.413394904555760384e+18 1.191245595728639639e+00 1.094940555366265555e-01 1.810035935547335662e+00 -4.821728825646904859e-01 6.700137192381593332e-01 -4.716804807652338338e-01 3.100136310180306443e-01
1.413394904755760384e+18 1.286685338382046018e+00 3.928080398362643333e-02 1.786152372622014983e+00 -4.104067414494719790e-01 6.932513594163861592e-01 -5.234975855694720126e-01 2.773429954822945742e-01
1.413394904955760384e+18 1.371050243714740269e+00 -2.445409638427947785e-02 1.781713571069144741e+00 -3.309477555614462885e-01 6.993348002328940716e-01 -5.808272547634455441e-01 2.530693983792169366e-01
1.413394905455760384e+18 1.410523103544813583e+00 -9.599726352505905114e-02 1.763731780429997675e+00 -2.480217036953847043e-01 8.438643520714373958e-01 -4.506287620346235978e-01 1.526823782439699073e-01
1.413394905755760384e+18 1.490361000345203912e+00 -3.231427249569491789e-01 1.818520255804327412e+00 -2.499604805355483683e-01 7.571524626280869974e-01 -5.828588209702603162e-01 1.565742677575698572e-01
1.413394905955760384e+18 1.573688510903413329e+00 -4.778188055601672590e-01 1.892070416166444558e+00 -2.302432614506058906e-01 6.759590677224697197e-01 -6.710910382132845298e-01 1.992591221253707523e-01
1.413394906555760384e+18 1.371185876725748320e+00 -5.220968938026950834e-01 1.996346497978968237e+00 -1.994210831931089445e-01 8.367901581836748592e-01 -5.003280023099448970e-01 9.841419028558388848e-02
1.413394906755760384e+18 1.292347264810571161e+00 -5.972683820384712128e-01 1.997779464457472010e+00 -1.546064615356488869e-01 7.957121423784152547e-01 -5.818874733979232383e-01 6.592417481895411491e-02
1.413394906955760384e+18 1.252327987763468320e+00 -6.582598427590182766e-01 1.994674638316513260e+00 -1.099731052199735964e-01 7.038547436594910778e-01 -6.987655358466009492e-01 6.497031529338169464e-02
1.413394907555760384e+18 9.731426851929811939e-01 -3.218148598898866730e-01 1.924199987411206347e+00 -7.200462597281412185e-03 8.776493367922069133e-01 -4.641680619286100984e-01 1.192803640672781967e-01
1.413394907755760384e+18 7.886852395654273540e-01 -3.275137690099474974e-01 1.876762213649401989e+00 -3.349163529549040869e-02 8.279739252488781398e-01 -5.589646878217956472e-01 2.993271189654963735e-02
1.413394907955760384e+18 6.073830979949919051e-01 -3.613856988325599429e-01 1.813898287155247147e+00 5.329426629045766473e-02 -7.497110948735041802e-01 6.595947683485520185e-01 5.266590106816003772e-03
1.413394910055760384e+18 -2.900310667102268258e-01 -4.803898387524216940e-01 2.216340382208503268e+00 -4.181326834313264101e-02 -7.975492808590638472e-01 5.991606688792018298e-01 5.633194528757368841e-02
1.413394910255760384e+18 -3.935959706282995407e-01 -3.974987599331686883e-01 2.222030418490019255e+00 -4.724320659699975111e-02 -8.566793578413637311e-01 5.120118498756922598e-01 4.138143141329850977e-02
1.413394910455760384e+18 -5.535242135699213195e-01 -4.242245609391038230e-01 2.193180910841179276e+00 -3.235567795951440478e-02 -8.106711444872228833e-01 5.830388546229035018e-01 4.279134958808063216e-02
1.413394910755760384e+18 -6.520416581826642410e-01 -4.734309301611760445e-01 2.173509419459398018e+00 -3.042933177185982996e-02 -7.285502190729608030e-01 6.837618516409991187e-01 2.753841493497779028e-02
1.413394910955760384e+18 -8.434250718798405044e-01 -3.145424343551028179e-01 2.098160023038081690e+00 -2.140313540037640239e-02 -8.167162588232734777e-01 5.761022379658012893e-01 2.495335207030427091e-02
1.413394912755760384e+18 -1.284759549365427356e+00 -3.240788952086301467e-01 2.034464607001222447e+00 -2.138413405400647060e-01 -7.738836403599012037e-01 5.748283658572737043e-01 1.579504418011923039e-01
1.413394913955760384e+18 -1.110584728641725416e+00 -7.509985640738001678e-01 2.034560525824312016e+00 -7.356141212249221739e-02 8.097162274345395261e-01 -5.820138661981907324e-01 1.442945698064676541e-02
1.413394914555760384e+18 -6.423539724974274279e-01 -9.912671581867191772e-01 1.989680043286354838e+00 -2.632204957722572014e-01 7.630388335976295844e-01 -5.754112190374612856e-01 1.318659851258018045e-01
1.413394914755760384e+18 -4.363775827543374675e-01 -1.043886675695780530e+00 1.989892068315175289e+00 -2.858787346192132039e-01 7.542530875107659183e-01 -5.647332416196911842e-01 1.745049995923036446e-01
1.413394914955760384e+18 -1.213495731066032146e-01 -1.101071498985917829e+00 1.920712747128825448e+00 -3.617363291911606660e-01 7.121355121183374770e-01 -5.713540093997057090e-01 1.885853559164624438e-01
1.413394915255760384e+18 1.071908096743803274e-01 -1.081474874569735123e+00 1.869163623049550749e+00 -4.286859221559808919e-01 6.747654293609618437e-01 -5.654715592254240253e-01 2.028839845620157012e-01
1.413394915455760384e+18 3.621991740551226968e-01 -9.909970923610105231e-01 1.828144390627196803e+00 -4.791414102866795588e-01 6.327610498872372480e-01 -5.565092750778252162e-01 2.456305955015492815e-01
1.413394916055760384e+18 9.704223142972068228e-01 -4.138027905382082317e-01 1.810735876976893977e+00 -5.787299093353576174e-01 4.960496850449448991e-01 -4.522920863708404515e-01 4.630748002362169435e-01
1.413394916255760384e+18 1.039339122285135586e+00 -2.050359301879517426e-01 1.802416294688617526e+00 -6.307802386356204938e-01 4.872457488894654243e-01 -3.896641318547299226e-01 4.613780825763545979e-01
1.413394916455760384e+18 1.076275434329712510e+00 -3.987893171091494438e-03 1.788837942201998654e+00 -6.473954469022535907e-01 4.877980142233576122e-01 -3.026681048156891207e-01 5.013225019658102966e-01
1.413394916955760384e+18 1.190893388470444680e+00 2.027330900108210987e-01 1.637915874877011291e+00 -7.245518648084695590e-01 3.821909256348303696e-01 -1.942633558557651241e-01 5.396447351143318638e-01
1.413394917755760384e+18 1.763067165642521417e+00 5.976976189476983503e-01 1.267546770242038212e+00 -8.228605980338027370e-01 9.077830951608270582e-02 -1.922927835696792986e-01 5.269565637810001979e-01
1.413394918555760384e+18 1.710745315167007341e+00 1.283477301222377687e+00 1.189973429201535371e+00 -8.297330703289774734e-01 8.818339049622701820e-02 3.683014306346793498e-03 5.511380562514781589e-01
1.413394918755760384e+18 1.766620498841548370e+00 1.802321711895735978e+00 1.161120576308091179e+00 -8.078751498719702884e-01 -4.172797804312775721e-02 -7.988785811472042322e-03 5.878202934307665828e-01
1.413394919555760384e+18 1.783033502006998283e+00 2.322679439848059690e+00 1.473079098184788993e+00 -7.524806575983729040e-01 -1.915070024432734830e-01 7.072982287733434181e-02 6.261750714546635566e-01
1.413394919755760384e+18 1.754717247599465235e+00 2.364116363012279898e+00 1.585348352197109234e+00 -7.823236199730776441e-01 -2.312033616679945169e-01 1.219057245752437763e-01 5.653793005597419485e-01
1.413394919955760384e+18 1.702753764449688845e+00 2.390477074103459998e+00 1.655595180498240726e+00 -7.957280970471279913e-01 -2.671464293289237957e-01 1.827234917703459971e-01 5.119196288694303210e-01
1.413394920555760384e+18 1.254967644632240198e+00 2.687103490600915023e+00 1.621717147444438956e+00 -6.578076175408446025e-01 -5.001365285558143636e-01 2.643001697909864722e-01 4.972906708936266074e-01
1.413394920955760384e+18 8.093917959473730939e-01 2.703601102789918720e+00 1.584984003497674543e+00 -6.852165957234921390e-01 -4.667053728818465475e-01 3.010929979052252570e-01 4.711765258167778248e-01
1.413394921555760384e+18 5.955730833967831650e-02 2.814252078085646147e+00 1.285649244646481781e+00 -7.095102790009093496e-01 -4.180021581565967481e-01 2.967110906194250219e-01 4.835616697711995760e-01
1.413394921955760384e+18 -1.809030561417741545e-01 2.914607627534768763e+00 1.185533600646865970e+00 -6.675572491635729522e-01 -4.249309173298534414e-01 3.188132690375978240e-01 5.216887329355817116e-01
1.413394922755760384e+18 -1.176501198311249441e+00 3.155514133192904414e+00 1.503839328407893472e+00 -6.172926631783408613e-01 -5.673700918387974967e-01 3.722504289673332911e-01 3.980836155968515699e-01
1.413394923555760384e+18 -1.867531046004018425e+00 3.182126204460292929e+00 1.704660344756933954e+00 -5.562779866482445712e-01 -6.114819745410119411e-01 4.001048635247433927e-01 3.956775133436915004e-01
1.413394923955760384e+18 -2.123479297027590196e+00 3.151908169845030638e+00 1.724822369282373868e+00 -5.029310735501254515e-01 -6.408271679235952867e-01 4.314061614298254077e-01 3.876720263175127412e-01
1.413394924555760384e+18 -2.863464922652724454e+00 2.928692577909580486e+00 1.746932683252543583e+00 -3.735985368713698462e-01 -7.138786821928296833e-01 5.317535762687961576e-01 2.608438124310144546e-01
1.413394924755760384e+18 -3.270886181688847483e+00 2.811061033407936449e+00 1.786428253532482247e+00 -2.424633214743236731e-01 -7.540343279452078606e-01 5.619425807198680234e-01 2.384623785710278665e-01
1.413394925405760512e+18 -3.607251289407658934e+00 2.441547051824798142e+00 1.894506257914134739e+00 -1.458927213844666559e-01 -7.932361841788427848e-01 5.548862431245789040e-01 2.039434410504881723e-01
1.413394925905760512e+18 -3.502052325158386381e+00 2.088304964374632089e+00 1.863806062423987608e+00 -1.826962318701849664e-01 -7.895046105405938430e-01 5.694242252148807859e-01 1.380601627335473480e-01
1.413394926105760512e+18 -3.404207494877136142e+00 1.809696344638172416e+00 1.843915643565677165e+00 -1.540685240423908808e-01 -8.017970547679775795e-01 5.578371333250989883e-01 1.490037098478812494e-01
1.413394926405760512e+18 -3.326157507348614928e+00 1.601511269190565745e+00 1.840364825803862292e+00 -1.581258156789890623e-01 -8.089274066432152743e-01 5.518074654595773731e-01 1.270480155705450420e-01
1.413394926605760512e+18 -3.240427725486354049e+00 1.372155855579571870e+00 1.848903245354707625e+00 -1.390917015938370194e-01 -8.073835485570031167e-01 5.685506896873189220e-01 7.440038523628003664e-02
1.413394926805760512e+18 -3.172709247167710522e+00 1.140120211109675097e+00 1.860436131550915251e+00 1.103058011185560905e-01 8.042712576714681205e-01 -5.837884385219982430e-01 1.309325670700238822e-02
1.413394927405760512e+18 -3.274956121438469037e+00 3.678745171367992506e-01 1.850164438633886022e+00 1.181763038015897285e-02 -8.150781597979401827e-01 5.792226942589716598e-01 3.001247737024451741e-03
1.413394927805760512e+18 -3.330040220646340199e+00 -7.928984666131749792e-02 1.971225790986489868e+00 2.150279756010265927e-02 -8.103920113323921370e-01 5.854930045921977744e-01 5.993657730812742678e-04
1.413394929605760512e+18 -2.924700151236329759e+00 -1.313028020482904568e+00 1.810573648447233008e+00 1.654745060194345516e-02 8.040402546872195133e-01 -5.941520999960637761e-01 1.512391455130005988e-02
1.413394930605760512e+18 -2.917335256531462750e+00 -1.283569522092015802e+00 1.737648140631608884e+00 2.383047213875492953e-02 8.609509087936666472e-01 -5.077346906626531986e-01 2.002810881493991349e-02
1.413394930905760512e+18 -2.937807166991106111e+00 -1.368532755062433104e+00 1.645109059196348200e+00 3.016349164555903392e-03 -7.996089813481068731e-01 5.999823775273527282e-01 2.524926220279064340e-02
1.413394931105760512e+18 -2.792052505177922583e+00 -1.320491803471329328e+00 1.745424683622807560e+00 5.946005478995619598e-02 -8.128909704139728465e-01 5.783034923915648662e-01 3.518299008788609850e-02
1.413394932405760512e+18 -2.433959022720193932e+00 -1.165217401668513508e+00 1.891721988130571575e+00 -2.197241680123629415e-01 7.331835157390599322e-01 -6.162996514708027895e-01 1.853050507588866747e-01
1.413394932605760512e+18 -2.368458039849420160e+00 -1.076677768005296354e+00 1.926437871748498676e+00 -2.845718324729291093e-01 7.067811222601423360e-01 -6.087647979409738230e-01 2.210989329860691688e-01
1.413394932805760512e+18 -2.327707987475895912e+00 -8.897445915268539229e-01 1.952516338180388278e+00 -3.698966619766406172e-01 7.183254821871970508e-01 -5.335174309534486126e-01 2.500882083743683482e-01
1.413394933105760512e+18 -2.294944328501958175e+00 -7.071023507836549093e-01 1.932836814008304094e+00 -4.307686031018834183e-01 6.904889914764894554e-01 -5.019484740676209977e-01 2.927645685745103310e-01
1.413394933405760512e+18 -2.256003811182183405e+00 -5.401129657487625524e-01 1.827725745777657673e+00 -4.787774399444356677e-01 6.477177958780501177e-01 -4.889653869739190584e-01 3.348830695102082422e-01
1.413394934105760512e+18 -2.259509075295406344e+00 -1.559135019411748702e-01 1.601515372615900157e+00 -5.751133532547546556e-01 5.517585756098374317e-01 -4.336389617946961317e-01 4.204335333470594072e-01
1.413394934405760512e+18 -2.290483733838552638e+00 -4.719444346467199791e-02 1.503407322011423464e+00 -6.120539326802733049e-01 5.289919947457816241e-01 -3.879765783927696110e-01 4.416238530742298551e-01
1.413394934605760512e+18 -2.332304921233964379e+00 9.208066351051374943e-02 1.344069814019349440e+00 -6.399521393027377547e-01 5.005846352645176855e-01 -3.683467585789941823e-01 4.518815638895739561e-01
1.413394935105760512e+18 -2.477966565690731926e+00 3.446953249821399501e-01 1.248475715868019975e+00 -6.074604773614715736e-01 5.171503883377575050e-01 -4.038553350552256949e-01 4.477143203353124989e-01
1.413394936255760384e+18 -2.827168936772935570e+00 5.273084416879053604e-01 1.108040024958806491e+00 -6.752648244107430919e-01 4.611205551982113238e-01 -3.458873442525988162e-01 4.601599673734189655e-01
1.413394936605760512e+18 -2.908406799963385581e+00 5.935138096192924539e-01 1.059270497401682221e+00 -7.231697511388024413e-01 3.669870539183021640e-01 -3.075033760894131940e-01 4.977827708828625464e-01
1.413394936805760512e+18 -3.007078552584176112e+00 6.816952714257293877e-01 1.024263728381823224e+00 -7.592922509057488112e-01 3.045153519165251232e-01 -2.527602687722921848e-01 5.165829310883153225e-01
1.413394937305760512e+18 -3.329487953909214148e+00 1.077649055743762574e+00 9.712572848540307335e-01 -8.233912595117178768e-01 1.575163760164333682e-01 -1.081962545138584891e-01 5.343304179583348024e-01
1.413394938255760384e+18 -3.417161231011114797e+00 2.069330106317749163e+00 1.131765003095116962e+00 -7.881421601459711601e-01 2.541898477143936796e-01 -1.414041631360195006e-01 5.424244826399136077e-01
1.413394939055760384e+18 -3.089922689693731961e+00 2.677737940429550267e+00 1.346867664993308900e+00 -7.085229253574272246e-01 4.305738255185658225e-01 -2.303686256793549547e-01 5.094425790252189445e-01
1.413394939255760384e+18 -2.931211199155411951e+00 2.844407272959672106e+00 1.335429237562950622e+00 -6.568600548330673083e-01 4.962288645401384812e-01 -2.708866355406558957e-01 4.989110271855780598e-01
1.413394939455760384e+18 -2.559976102005904863e+00 3.054172139519082396e+00 1.319866553341921156e+00 -6.325980197001447314e-01 5.163332874742215806e-01 -3.628670256115329451e-01 4.489400889220711011e-01
1.413394940255760384e+18 -1.735578253613405897e+00 3.185058829394239233e+00 1.397030787341018376e+00 -5.220385250983753389e-01 6.338405925910425287e-01 -4.301339684469928093e-01 3.751088517817064982e-01
1.413394941305760512e+18 -7.621307168432562840e-01 3.164925006384565531e+00 1.461898167049114461e+00 -3.951873830776249652e-01 7.422969040023458254e-01 -4.447225149137025713e-01 3.082922692732049108e-01
1.413394941805760512e+18 3.131658650503288399e-02 2.863261860975999884e+00 1.687631515027630424e+00 -3.898415216687987628e-01 7.248891929018136393e-01 -5.029292321031787472e-01 2.638587377617425123e-01
1.413394942305760512e+18 6.499552500825405144e-01 2.404646465713237813e+00 1.926581657149116777e+00 -2.514524278893661147e-01 7.883401133598212374e-01 -4.509622453541633491e-01 3.345513345385115467e-01
1.413394942905760512e+18 8.490949960416436237e-01 1.186040919261232007e+00 1.986519991853116451e+00 -1.571386063500999908e-01 7.415617164341610223e-01 -6.462636668686487784e-01 8.795994542436902375e-02
1.413394943105760512e+18 8.564618259193974570e-01 8.376797567980565073e-01 1.885370920681519458e+00 -1.078412639822639157e-01 7.217737428471537875e-01 -6.835792094694468357e-01 1.150609839366401911e-02
1.413394943305760512e+18 8.849910912356542259e-01 6.044623883533627451e-01 1.763774137114004770e+00 4.454838627651372396e-02 -7.207343268347846665e-01 6.903751691232319354e-01 4.404085898613974842e-02
1.413394943805760512e+18 1.222787975316788289e+00 4.885312001422957850e-01 1.563602589880404237e+00 -1.026463234933643887e-01 -7.869371931049247149e-01 6.050315640436939590e-01 6.426813278973889099e-02
1.413394944605760512e+18 1.636045814106143581e+00 5.838607310686945162e-01 1.434688618270211879e+00 -2.156155561288904954e-01 -8.342957427103333545e-01 4.937969501675087969e-01 1.167266792807418879e-01
1.413394944905760512e+18 1.629979981891272134e+00 4.639169119838086885e-01 1.341361913014676333e+00 -3.202071132260946307e-01 -7.930605116000016830e-01 4.790347113974211535e-01 1.976061103724896240e-01
1.413394945405760512e+18 1.471260844076360819e+00 1.682728811476894570e-01 1.237256920148890105e+00 -4.266102350920152331e-01 -6.767615286461250435e-01 5.022389734784088455e-01 3.282583649789440061e-01
1.413394945605760512e+18 1.355763844409926699e+00 -4.415403645104926111e-02 1.187663859007173972e+00 -5.490878365980255138e-01 -5.734518800651910997e-01 4.970105448057363096e-01 3.501942422452186121e-01
1.413394945905760512e+18 1.243362123731655222e+00 -1.074740400212967906e-01 1.131908779487052374e+00 -6.540575602830727142e-01 -4.661594274992588161e-01 4.045216220268349483e-01 4.373400888357896199e-01
1.413394946255760384e+18 1.201257026349102475e+00 -2.265229011523006708e-02 1.106705189435930770e+00 -7.283118843028485445e-01 -3.454838307373320760e-01 3.242052160325569199e-01 4.950693888532957665e-01
1.413394947055760384e+18 1.329654173423780783e+00 3.210331761158110031e-01 1.086084953242426376e+00 -7.841485591204505612e-01 -1.009296023700862049e-01 8.978415966131274295e-02 6.056922133135356212e-01
1.413394947255760384e+18 1.410838914553113277e+00 4.142436075363581383e-01 1.121076622533107692e+00 -7.999109643996956676e-01 -1.564571887471666312e-02 1.204557146065909391e-02 5.997937684923282387e-01
1.413394947455760384e+18 1.477131436970270384e+00 4.786761538656633119e-01 1.219028806943508680e+00 -7.904129397369378252e-01 5.029420400946350150e-02 -4.580743916029519219e-02 6.087853121232823517e-01
1.413394948055760384e+18 1.594739599772688754e+00 7.732681629258146838e-01 1.607364950931012171e+00 -8.553347297360511803e-01 -2.218494915801455872e-02 -9.353356007899205548e-04 5.175997037146817803e-01
1.413394948455760384e+18 1.604779258807480513e+00 9.868146347750662573e-01 1.685017229422989260e+00 -7.905907629774256984e-01 -4.890820233925458060e-02 8.736446275579571458e-03 6.103260667423507924e-01
1.413394949055760384e+18 1.543760735212819535e+00 1.196647342536179881e+00 1.889253854306364389e+00 -8.089798379229162784e-01 -4.551194677362440516e-02 2.613633828860803532e-03 5.860660828381860643e-01
1.413394949255760384e+18 1.166543193841367065e+00 1.467255622026233608e+00 1.954951404085069067e+00 -7.555978820577375910e-01 -2.471533256864000272e-02 5.171478171650933237e-03 6.545488895257580708e-01
1.413394950055760384e+18 9.020324000742065973e-01 1.514196496894734567e+00 1.991347295482007063e+00 -7.936944403204635456e-01 -3.287535377709970008e-02 1.066194925200782961e-01 5.979971825461870560e-01
1.413394950455760384e+18 7.010228225982502170e-01 1.661079920092312312e+00 2.085786566319245416e+00 -7.890047672104050225e-01 -1.212118187107512068e-01 5.762518442118819834e-02 5.995485888937697183e-01
1.413394951055760384e+18 5.915639709601105967e-01 1.751559644187100195e+00 2.159493757777992240e+00 -7.019198816586766920e-01 -1.438258754950567930e-01 9.661189185150183267e-02 6.908608684990225068e-01
1.413394951255760384e+18 4.089353747368773551e-01 1.546875380508610842e+00 2.272801190260222093e+00 -7.956983186252376550e-01 -2.102906099612228130e-01 1.655715931366857907e-01 5.433489602872966229e-01
1.413394952255760384e+18 -4.060492766837286993e-02 1.724759071695150858e+00 2.689657045615039710e+00 -7.358204516355750791e-01 -1.999431239822779816e-01 1.661431529867853085e-01 6.252899030390905999e-01
1.413394952455760384e+18 -2.899627572181255886e-01 1.865625449294036287e+00 2.728453852160628745e+00 -7.914324498490098447e-01 -2.438675450846907733e-01 1.848729957444464056e-01 5.291363465354037565e-01
1.413394953255760384e+18 -4.673036632277800528e-01 1.768498909052460544e+00 2.948584389984788778e+00 -7.684075609626382919e-01 -2.690598109561479490e-01 1.749779040649464268e-01 5.536599782111126800e-01
1.413394954055760384e+18 -4.533692524496002463e-01 1.341376393210692131e+00 2.468712363965773093e+00 -7.273172763755655357e-01 -2.659854086132072415e-01 1.863046036769829272e-01 6.046089120574198450e-01
1.413394954455760384e+18 -4.637007473177383599e-01 9.672761076377860423e-01 2.228000497332227603e+00 -7.797445901020889636e-01 -2.611040934897878585e-01 1.949635861625976241e-01 5.346140913219747937e-01
1.413394955055760384e+18 -5.595240024801323431e-01 5.489800850607868821e-01 1.884527946034876278e+00 -7.232637103230526998e-01 -2.800430245001393481e-01 2.025685255206929325e-01 5.978557536955868557e-01
1.413394955455760384e+18 -5.966837557357472788e-01 3.972252344773555266e-01 1.800943452975210413e+00 -7.415774390863574261e-01 -3.022717125094671053e-01 2.728459255060123878e-01 5.331508366208211891e-01
1.413394956305760512e+18 -9.487959986325724682e-01 3.494392813891116223e-01 1.917393500611797030e+00 -6.660327860528696409e-01 -3.908230361007666298e-01 3.430372133082946196e-01 5.347739266655682222e-01
1.413394957055760384e+18 -1.172453064415163393e+00 3.164285940718249424e-01 1.931027183261815106e+00 -6.493675985607391121e-01 -4.781669780413390636e-01 3.477143453866164413e-01 4.783019935800281175e-01
1.413394957255760384e+18 -1.306698823951249366e+00 3.219082626127522939e-01 1.991280247395975422e+00 -6.043348416372303911e-01 -4.353557225183572466e-01 4.031978678322452603e-01 5.316730888707401625e-01
1.413394957455760384e+18 -1.315505630469195442e+00 2.920314734515886412e-01 2.060297147937693474e+00 -6.571574558823517487e-01 -4.925467898539820366e-01 3.614612926659083736e-01 4.414606119316454858e-01
1.413394958955760384e+18 -1.187776084321509273e+00 4.945148002463323200e-01 2.185346800512357301e+00 -4.300207799528716901e-01 -6.784258127444956488e-01 4.802169358076712746e-01 3.524375689028992342e-01
1.413394959255760384e+18 -1.231517869706857615e+00 4.931411994985045455e-01 2.291914518366387377e+00 -4.010723452409787337e-01 -7.584726876085867708e-01 4.493843563544942521e-01 2.488249511173785400e-01
1.413394959755760384e+18 -1.349090611713494869e+00 3.562409621064627774e-01 2.358687854637446790e+00 -2.862083065098196544e-01 -7.468933609808928731e-01 5.436723121681900084e-01 2.542745162007808979e-01
1.413394960455760384e+18 -1.400377392817665712e+00 1.724254653176919561e-01 2.308402578021704787e+00 -1.648877015084495856e-01 -8.182823843562901933e-01 5.355402716134768371e-01 1.281507035626712754e-01
1.413394961055760384e+18 -1.430009002589974765e+00 -3.808297373669387587e-01 2.159441618608457958e+00 -5.217356896917270392e-02 -8.480367809434199433e-01 5.221310415159992058e-01 7.409934111419805292e-02
1.413394961555760384e+18 -1.393826607726845079e+00 -6.313666310729457720e-01 2.150319737465911096e+00 -3.700157507101598658e-02 -7.800674298733194512e-01 6.181892031946909505e-01 8.926251927102871186e-02
1.413394962455760384e+18 -1.088087281244757287e+00 -9.465068486748693388e-01 2.206250339799447957e+00 -6.047374041792727417e-02 -7.462453421577556201e-01 6.574207523440248613e-01 8.519841791451071566e-02
1.413394962955760384e+18 -6.888744262713700772e-01 -7.570132785476058057e-01 2.225748586047911814e+00 -3.182031210616101391e-02 -7.531639814999493421e-01 6.546236356611704332e-01 5.656306517827330155e-02
1.413394963555760384e+18 -3.514751201434959116e-01 -4.848641665597563932e-01 1.986507023836266095e+00 -3.114563446331603674e-02 -8.148586147476883923e-01 5.754432458211875545e-01 6.245364892567933923e-02
1.413394964555760384e+18 4.153227605876854689e-01 -1.652835206708239135e-01 1.751938426142357619e+00 -7.823470030221200966e-02 -8.262075049073467348e-01 5.576860770191752747e-01 1.570764152769713040e-02
1.413394965055760384e+18 5.909622690961682245e-01 -1.993368456714782466e-01 1.821930460343265112e+00 -5.781246065727198291e-02 -7.801868936300546675e-01 6.223071148016201537e-01 2.645723469902541355e-02
1.413394965755760384e+18 6.771418129698281163e-01 -1.310717430509238390e-01 1.980679881387232166e+00 -1.549032751443424616e-01 7.728706499501940552e-01 -6.077018711800719064e-01 9.682132801898635233e-02
1.413394966055760384e+18 6.816085214959288763e-01 4.168910436409622999e-02 1.966174937003497547e+00 -2.273065407452292408e-01 7.578986337657126482e-01 -5.910279274618557288e-01 1.568674167271426612e-01
1.413394966555760384e+18 7.351781160700081585e-01 2.859201002671510339e-01 1.879101499028538846e+00 -3.124716447830956922e-01 7.324026771662213164e-01 -5.586661891999029628e-01 2.320342188797961114e-01
1.413394967455760384e+18 8.797141497145373190e-01 5.598002551067009502e-01 1.916038300958666563e+00 -4.375256046439391366e-01 6.297223137991483366e-01 -5.298309738806568081e-01 3.623538214246919131e-01
1.413394969055760384e+18 1.019837800308251108e+00 1.276676919770238561e+00 1.998585769064266549e+00 -6.373479383192541814e-01 4.798649966503286124e-01 -3.653269385280399906e-01 4.796388417295937012e-01
1.413394969455760384e+18 1.088263570368054767e+00 1.427393526401771862e+00 1.830391726417225806e+00 -6.621952707209638467e-01 4.520489633084436298e-01 -3.841226337544279001e-01 4.578197903587303830e-01
1.413394970255760384e+18 1.116396135515385524e+00 2.014635773051342227e+00 1.781009125667569304e+00 -6.186580449728079634e-01 4.849113286553490831e-01 -3.549880949865757418e-01 5.060698362379735249e-01
1.413394971255760384e+18 1.108767156409616428e+00 2.369403894523122833e+00 1.782609980504850533e+00 -6.697724678599552561e-01 5.417950752782378920e-01 -3.021835967640285059e-01 4.081029423414987423e-01
1.413394972055760384e+18 1.564428251870125353e+00 2.421915420436788313e+00 1.830110866456743146e+00 -5.073552644911472065e-01 5.757854139405255145e-01 -4.348383614691427868e-01 4.711447676471502422e-01
1.413394972455760384e+18 1.640902237695225363e+00 2.333487894731928414e+00 1.794143531786838830e+00 -4.450327696142085121e-01 6.313810375460628954e-01 -4.726649916520834771e-01 4.241363283937137907e-01
1.413394973105760512e+18 1.630915060375070835e+00 1.788448498127763298e+00 1.672596377107369969e+00 -1.994039168139221108e-01 7.853987853438838540e-01 -5.725963744362936314e-01 1.245801666479482706e-01
1.413394973305760512e+18 1.640662640160312824e+00 1.654631468166045671e+00 1.660741816746377442e+00 -1.066870593384203758e-01 8.070823692922858283e-01 -5.753940525302204678e-01 7.847040754399330076e-02
1.413394973905760512e+18 1.605133400418127243e+00 1.235585612081801843e+00 1.661943225413723857e+00 -1.553667427699581272e-01 -7.948268808682300568e-01 5.776836663055934240e-01 1.019459973420337867e-01
1.413394974105760512e+18 1.555392453062540259e+00 1.050879851802291043e+00 1.682745117516196931e+00 -2.843064556176200797e-01 -7.571806146244474123e-01 5.623525759058219942e-01 1.720666629628674893e-01
1.413394974405760512e+18 1.463753936197724759e+00 9.212090149735422395e-01 1.717568637212129268e+00 -4.003626943425735996e-01 -7.064527422948546631e-01 5.334094731916019239e-01 2.368724758014155163e-01
1.413394975605760512e+18 1.052120002059316661e+00 5.157683669401949000e-01 1.453594985461901912e+00 -5.257700881304957496e-01 -5.564998794575334307e-01 4.487186255455509198e-01 4.610046568956903124e-01
1.413394977105760512e+18 1.329028461430982411e+00 3.241774911666738257e-01 1.475183698167000568e+00 -6.564616321289337142e-01 -5.886669191764939413e-01 3.684209251511834649e-01 2.946106001497867943e-01
1.413394977405760512e+18 1.115528055883008740e+00 4.084452808341179075e-01 1.605094820120484211e+00 -6.270602451068144623e-01 -6.230655376029762271e-01 3.095440371637552257e-01 3.503816118383772937e-01
1.413394977805760512e+18 8.295436249511767279e-01 4.422986809048516377e-01 1.715439986039079878e+00 -6.169836496820249039e-01 -6.177968170418723926e-01 3.187449298161792455e-01 3.688630350068414776e-01
1.413394978255760384e+18 -4.096320366791524892e-01 3.705587994434130783e-01 2.006140417256453645e+00 -5.588740179519563478e-01 -5.808919819228919312e-01 3.800443766776376298e-01 4.536414984893219482e-01
1.413394979055760384e+18 -1.625809796260601292e+00 -1.312757031237887784e-02 2.091038344359979817e+00 -5.702320849885937903e-01 -5.337506997126484354e-01 4.430202057425721152e-01 4.400893740021774581e-01
1.413394979255760384e+18 -2.015824635119219721e+00 -1.326568893848879549e-01 2.072543679001408012e+00 -5.469798875262635862e-01 -4.782486283932017579e-01 5.107135773894149189e-01 4.596334343277076462e-01
1.413394979555760384e+18 -1.735578624574085405e+00 -1.478297102963108123e-01 2.221715109784030417e+00 -5.501453439947289192e-01 -5.470100028909191670e-01 4.094040165692731104e-01 4.801130163150593710e-01
1.413394980555760384e+18 -1.341259782140624024e+00 -2.869203714852300302e-01 2.228984097466685910e+00 -5.906575399703719587e-01 -5.480288633420411504e-01 4.053547831156408265e-01 4.318281315818255917e-01
1.413394981055760384e+18 -7.730887967341488753e-01 -4.644351817568996843e-01 2.199882716227675505e+00 -6.073523655376634744e-01 -5.446628759633754813e-01 4.096041559824314393e-01 4.082767333868397297e-01
1.413394982055760384e+18 -2.565623418398988997e-01 -4.442244191015931043e-01 2.061402134067814362e+00 -6.862556334915640432e-01 -4.550574355405777038e-01 3.726142744979188404e-01 4.279422137400267778e-01
1.413394983405760512e+18 2.528500671271181055e-01 7.726882467778538599e-01 2.215860804760842573e+00 -7.668323118467977872e-01 -2.653874432508618320e-01 2.004827378204330213e-01 5.489484331961331787e-01
1.413394983605760512e+18 3.662684226145422883e-01 1.044484602048409094e+00 2.241714215616342543e+00 -7.574363435764770447e-01 -2.908441917503070684e-01 1.746354646410407385e-01 5.578550851647905429e-01
1.413394983805760512e+18 5.262245760631927283e-01 1.505057866785560527e+00 2.185210432223813726e+00 -7.459412719965986538e-01 -3.091914110683212646e-01 1.655937795637107690e-01 5.661722266444036977e-01
1.413394984405760512e+18 5.727149386274856813e-01 1.835543231984651635e+00 2.059796970328208410e+00 -7.438728029083317983e-01 -3.377536511689392396e-01 1.823563519830593005e-01 5.471031759245993387e-01
1.413394984605760512e+18 3.756693954177463546e-01 2.122272109853245770e+00 1.958492018406766011e+00 -7.083309320774237028e-01 -4.217108528071023543e-01 2.476014034620026560e-01 5.090390871933914152e-01
1.413394985605760512e+18 -2.774401192888151790e-01 2.330354462684574912e+00 2.183222197036267520e+00 -6.815320054179092590e-01 -4.652064456557867822e-01 2.904378909598587799e-01 4.845027554164597072e-01
1.413394986405760512e+18 -9.433305546453290003e-01 2.452225313306056975e+00 2.302420880215605870e+00 -6.973275631984249268e-01 -4.366219809722726719e-01 3.179893594023762149e-01 4.711457127497406527e-01
1.413394986605760512e+18 -1.434093476958549163e+00 2.549751938098573145e+00 2.421507862445876569e+00 -6.772073971279383153e-01 -4.632155129325785659e-01 2.790631111774831141e-01 4.989441951097887129e-01
1.413394987405760512e+18 -2.449093210090246941e+00 2.597374126934570704e+00 2.505581966084354129e+00 -6.500688524467110874e-01 -4.460453639662601555e-01 2.903787721057573545e-01 5.423413953158796597e-01
1.413394987805760512e+18 -2.841625352424312467e+00 2.441699179855532531e+00 2.555536925315964325e+00 -6.274857243317430999e-01 -4.339185571525303597e-01 3.059177410934144081e-01 5.695530591637942841e-01
1.413394988405760512e+18 -3.063237108532836928e+00 2.068911930230965091e+00 2.658756525346315680e+00 -6.677338944107252816e-01 -3.775772727901369197e-01 3.574373341108535440e-01 5.327338937135264185e-01
1.413394988605760512e+18 -3.059918716181874387e+00 1.722268203231068995e+00 2.668313902109923141e+00 -7.361527552953125442e-01 -2.828486060818136139e-01 2.754721002407669594e-01 5.497189362734701268e-01
1.413394989405760512e+18 -2.743928898501897695e+00 9.940911018263046683e-01 2.579332193324131328e+00 -7.620620683571003307e-01 -2.613372784309424546e-01 2.166132055133433709e-01 5.514008977784135013e-01
1.413394989805760512e+18 -2.512392814054882351e+00 6.179233476656613711e-01 2.454105463654651320e+00 -7.525035872058062347e-01 -3.332945678517124088e-01 2.804503414393895167e-01 4.939642580890480916e-01
1.413394990405760512e+18 -2.289539727637541766e+00 3.437357054527391265e-01 2.212282790132990229e+00 -6.529126037397690041e-01 -5.073235724122604484e-01 3.311320386964071716e-01 4.546201686038339185e-01
1.413394991305760512e+18 -2.217093725891932543e+00 -1.788934998533681098e-01 1.849884449490663663e+00 -6.358644565161791773e-01 -5.312665191631381623e-01 3.722171645521013539e-01 4.181945252731807949e-01
1.413394991805760512e+18 -2.618041325818740273e+00 -4.734319330677631554e-01 1.710407881595345625e+00 -7.282698946143852936e-01 -3.599021769682939631e-01 3.137406563445698793e-01 4.915894467625535058e-01
1.413394992405760512e+18 -2.727188531342209288e+00 -4.650284244016070212e-01 1.721349410823644011e+00 -7.543768144644116269e-01 -2.963861090301675993e-01 2.484841060899927456e-01 5.304022484804729043e-01
1.413394993305760512e+18 -2.797596727395917249e+00 -4.587507790139141450e-01 1.492253891937484145e+00 -7.567397367422386001e-01 -2.986430449832359058e-01 2.127223103860981235e-01 5.412083897930896059e-01
1.413394994605760512e+18 -2.939307983596221252e+00 -4.995435414744808789e-01 1.235083731377990102e+00 -8.246360040611230291e-01 -9.676642048117624351e-02 8.922929308301891238e-02 5.501362139772916215e-01
1.413394995605760512e+18 -2.959932822637290073e+00 -5.128588465114016781e-01 1.148795806461871294e+00 -8.282270349608684690e-01 -1.039992049065510127e-01 8.039471496501117420e-02 5.447575917272089452e-01
1.413394995805760512e+18 -2.981432236547296277e+00 -4.990170493194968082e-01 1.084866487954677883e+00 -8.125971561869921311e-01 -1.015805791009486980e-01 8.387468775863940462e-02 5.677431500773213457e-01
