1.413394881555760384e+09 -0.000000000000000000e+00 -0.000000000000000000e+00 -0.000000000000000000e+00 -0.000000000000000000e+00 -0.000000000000000000e+00 -0.000000000000000000e+00 1.000000000000000000e+00
1.413394888255760431e+09 -2.385774999856948853e-02 -1.012205928564071655e-01 -1.184770278632640839e-02 -3.955337777733802795e-02 1.740917190909385681e-02 -1.543397363275289536e-02 9.989466071128845215e-01
1.413394888655760527e+09 -5.312245339155197144e-02 -1.411731690168380737e-01 1.843009516596794128e-02 -5.004924535751342773e-02 1.169225387275218964e-02 -9.221606887876987457e-03 9.986357688903808594e-01
1.413394888855760574e+09 -6.956704705953598022e-02 -1.488874852657318115e-01 4.317404329776763916e-02 -3.109390474855899811e-02 7.057982962578535080e-03 2.651021583005785942e-03 9.994881153106689453e-01
1.413394889155760527e+09 -8.995752036571502686e-02 -1.651680767536163330e-01 8.035285025835037231e-02 -1.744036562740802765e-02 2.434214344248175621e-03 1.242744270712137222e-02 9.997677803039550781e-01
1.413394889355760574e+09 -9.776646643877029419e-02 -1.820964813232421875e-01 9.993863105773925781e-02 4.311717301607131958e-02 6.395404692739248276e-03 5.879625678062438965e-04 9.990493655204772949e-01
1.413394889455760479e+09 -1.014081537723541260e-01 -1.898065209388732910e-01 1.038719937205314636e-01 9.222917258739471436e-02 7.815922610461711884e-03 -2.675421303138136864e-03 9.957035183906555176e-01
1.413394889655760527e+09 -1.082171499729156494e-01 -1.996452808380126953e-01 9.335707128047943115e-02 4.586175456643104553e-02 1.059483177959918976e-02 -7.873688824474811554e-03 9.988606572151184082e-01
1.413394889755760431e+09 -1.121329888701438904e-01 -2.013965696096420288e-01 8.085241168737411499e-02 -2.242032252252101898e-02 1.192821841686964035e-02 -8.213590830564498901e-03 9.996437430381774902e-01
1.413394889855760574e+09 -1.161504462361335754e-01 -2.032843679189682007e-01 6.765297800302505493e-02 -8.183354884386062622e-02 1.206393633037805557e-02 -5.267648957669734955e-03 9.965590834617614746e-01
1.413394889955760479e+09 -1.201410591602325439e-01 -2.064087092876434326e-01 5.738901346921920776e-02 -1.261757016181945801e-01 1.243819296360015869e-02 -9.456344414502382278e-04 9.919294714927673340e-01
1.413394890055760384e+09 -1.238211616873741150e-01 -2.082733511924743652e-01 5.308806896209716797e-02 -1.593862622976303101e-01 1.320990826934576035e-02 1.715466351015493274e-04 9.871279001235961914e-01
1.413394890255760431e+09 -1.299505382776260376e-01 -2.147797346115112305e-01 6.859496235847473145e-02 -1.242245435714721680e-01 1.199043076485395432e-02 1.762980222702026367e-02 9.920250773429870605e-01
1.413394890355760574e+09 -1.311339735984802246e-01 -2.178642898797988892e-01 8.529429882764816284e-02 -6.530033051967620850e-02 1.016515865921974182e-02 2.895442023873329163e-02 9.973937273025512695e-01
1.413394890455760479e+09 -1.289758980274200439e-01 -2.177674472332000732e-01 1.215196177363395691e-01 5.132587254047393799e-02 7.421703077852725983e-03 3.536341711878776550e-02 9.980280995368957520e-01
1.413394890655760527e+09 -9.911805391311645508e-02 -1.945983171463012695e-01 1.267825365066528320e-01 -7.564865052700042725e-02 8.894690312445163727e-03 -4.217127338051795959e-03 9.970860481262207031e-01
1.413394891155760527e+09 -6.502977013587951660e-02 -2.251297682523727417e-01 2.363958954811096191e-01 -2.434573136270046234e-02 1.227825693786144257e-02 -2.862333692610263824e-02 9.992183446884155273e-01
1.413394891955760479e+09 -7.402712851762771606e-02 -2.698000073432922363e-01 2.943211495876312256e-01 4.430646821856498718e-02 -2.499191556125879288e-03 -3.771823644638061523e-02 9.983026385307312012e-01
1.413394892255760431e+09 -9.615804255008697510e-02 -2.979930639266967773e-01 3.213952481746673584e-01 4.569936171174049377e-02 -8.173567056655883789e-02 -5.465563759207725525e-02 9.941044449806213379e-01
1.413394892555760384e+09 -1.293493956327438354e-01 -2.973366081714630127e-01 3.194645643234252930e-01 1.059678662568330765e-02 -1.944297254085540771e-01 -7.966557145118713379e-02 9.776186943054199219e-01
1.413394892855760574e+09 -1.533023416996002197e-01 -2.996643483638763428e-01 3.038654625415802002e-01 -1.782047376036643982e-02 -2.754752337932586670e-01 -1.033698618412017822e-01 9.555681943893432617e-01
1.413394893055760384e+09 -1.903415024280548096e-01 -3.043635189533233643e-01 2.791034281253814697e-01 -3.306619077920913696e-02 -3.665926754474639893e-01 -1.525142192840576172e-01 9.172000288963317871e-01
1.413394893355760574e+09 -2.385819256305694580e-01 -3.130851387977600098e-01 2.549653351306915283e-01 9.774239733815193176e-03 -4.082758128643035889e-01 -1.748560369014739990e-01 8.959022164344787598e-01
1.413394893755760431e+09 -3.204357326030731201e-01 -2.920901775360107422e-01 1.993537694215774536e-01 5.246761441230773926e-02 -3.975258469581604004e-01 -1.882815659046173096e-01 8.965324759483337402e-01
1.413394894055760384e+09 -3.654302060604095459e-01 -2.701637744903564453e-01 1.471626460552215576e-01 5.328137800097465515e-02 -4.282907247543334961e-01 -1.660948544740676880e-01 8.866457343101501465e-01
1.413394894255760431e+09 -4.081749022006988525e-01 -2.414481043815612793e-01 7.951743900775909424e-02 2.131778933107852936e-02 -4.884990453720092773e-01 -1.361681073904037476e-01 8.616104125976562500e-01
1.413394894455760479e+09 -4.425958395004272461e-01 -2.075938284397125244e-01 1.051369309425354004e-02 -1.538433949463069439e-03 -5.382295250892639160e-01 -1.466917842626571655e-01 8.299326300621032715e-01
1.413394894655760527e+09 -4.681877791881561279e-01 -1.703715473413467407e-01 -5.392771959304809570e-02 6.723119295202195644e-04 -5.756678581237792969e-01 -1.644496172666549683e-01 8.009758591651916504e-01
1.413394894855760574e+09 -4.885589480400085449e-01 -1.338079422712326050e-01 -1.168767213821411133e-01 -8.329951204359531403e-03 -5.936796665191650391e-01 -1.765932142734527588e-01 7.850413322448730469e-01
1.413394895055760384e+09 -5.043740868568420410e-01 -1.005505695939064026e-01 -1.766164600849151611e-01 -3.218882158398628235e-02 -5.996131300926208496e-01 -1.707503646612167358e-01 7.811992764472961426e-01
1.413394895355760574e+09 -5.398888587951660156e-01 -5.590676516294479370e-02 -3.123562633991241455e-01 -5.154887679964303970e-03 -5.686876773834228516e-01 -1.998624652624130249e-01 7.978864908218383789e-01
1.413394895855760574e+09 -5.552589893341064453e-01 -6.068135797977447510e-02 -3.760843276977539062e-01 -2.228045463562011719e-02 -5.710763335227966309e-01 -1.848743855953216553e-01 7.994978427886962891e-01
1.413394896055760384e+09 -5.722683668136596680e-01 -5.964762717485427856e-02 -4.361982047557830811e-01 -2.223887853324413300e-02 -5.749893784523010254e-01 -1.810065507888793945e-01 7.975770831108093262e-01
1.413394896255760431e+09 -5.901246070861816406e-01 -4.626886546611785889e-02 -4.903965294361114502e-01 -2.901068143546581268e-02 -5.808320045471191406e-01 -1.748429983854293823e-01 7.944951057434082031e-01
1.413394896355760574e+09 -6.087208986282348633e-01 -2.978808246552944183e-02 -5.384546518325805664e-01 -6.660281866788864136e-02 -5.945450663566589355e-01 -1.337077319622039795e-01 7.900649309158325195e-01
1.413394896555760384e+09 -6.369106769561767578e-01 5.469776690006256104e-03 -5.733035206794738770e-01 -1.304020136594772339e-01 -6.101557016372680664e-01 -5.250692740082740784e-02 7.797105312347412109e-01
1.413394897055760384e+09 -6.374304294586181641e-01 1.342789828777313232e-02 -5.098588466644287109e-01 -1.322329342365264893e-01 -6.096211075782775879e-01 -3.947472572326660156e-02 7.805885076522827148e-01
1.413394897255760431e+09 -6.248198151588439941e-01 9.652785956859588623e-05 -4.209095835685729980e-01 -7.690229266881942749e-02 -5.950919389724731445e-01 -1.071729511022567749e-01 7.927581667900085449e-01
1.413394897455760479e+09 -6.168293952941894531e-01 -1.093436777591705322e-02 -3.690006732940673828e-01 -4.153781756758689880e-02 -5.862254500389099121e-01 -1.419652253389358521e-01 7.965301871299743652e-01
1.413394897555760384e+09 -6.081638336181640625e-01 -2.451514452695846558e-02 -3.166797757148742676e-01 -2.290843985974788666e-02 -5.803986787796020508e-01 -1.627539992332458496e-01 7.975736260414123535e-01
1.413394897655760527e+09 -5.989271402359008789e-01 -3.946303576231002808e-02 -2.646636664867401123e-01 -1.355206966400146484e-02 -5.785840153694152832e-01 -1.716243475675582886e-01 7.972465753555297852e-01
1.413394897755760431e+09 -5.791897773742675781e-01 -7.351760566234588623e-02 -1.652292460203170776e-01 1.982598099857568741e-03 -5.813844203948974609e-01 -1.682159900665283203e-01 7.960475683212280273e-01
1.413394897955760479e+09 -5.549215078353881836e-01 -1.097782999277114868e-01 -7.310602068901062012e-02 1.080658845603466034e-02 -5.811700224876403809e-01 -1.696758121252059937e-01 7.958233952522277832e-01
1.413394898155760527e+09 -5.263875722885131836e-01 -1.458219736814498901e-01 1.000222563743591309e-02 2.111965976655483246e-02 -5.774105787277221680e-01 -1.901993006467819214e-01 7.937098145484924316e-01
1.413394898355760574e+09 -4.813369512557983398e-01 -1.964250355958938599e-01 1.063232719898223877e-01 4.961556568741798401e-02 -5.937126874923706055e-01 -2.456652820110321045e-01 7.646517157554626465e-01
1.413394898855760574e+09 -4.131093919277191162e-01 -2.632873654365539551e-01 1.368626356124877930e-01 2.050431258976459503e-02 -6.163711547851562500e-01 -3.167438209056854248e-01 7.206521630287170410e-01
1.413394899455760479e+09 -4.245363175868988037e-01 -2.430462837219238281e-01 7.786229252815246582e-02 -1.538536325097084045e-02 -6.487165689468383789e-01 -2.656249105930328369e-01 7.130032181739807129e-01
1.413394899655760527e+09 -4.425146877765655518e-01 -2.154056727886199951e-01 2.699178457260131836e-02 -2.005797438323497772e-02 -6.871928572654724121e-01 -2.660546600818634033e-01 6.757059693336486816e-01
1.413394899855760574e+09 -4.689251780509948730e-01 -1.915856450796127319e-01 -3.039300441741943359e-02 -1.060959324240684509e-02 -7.392730116844177246e-01 -2.606291174888610840e-01 6.208344101905822754e-01
1.413394900055760384e+09 -4.981333911418914795e-01 -1.769098639488220215e-01 -9.772819280624389648e-02 -5.208643618971109390e-03 -7.886562347412109375e-01 -2.407529950141906738e-01 5.657140016555786133e-01
1.413394900255760431e+09 -5.275202989578247070e-01 -1.675825566053390503e-01 -1.612516045570373535e-01 5.377632100135087967e-03 -8.261725306510925293e-01 -2.288156300783157349e-01 5.148334503173828125e-01
1.413394900455760479e+09 -5.518572330474853516e-01 -1.490796506404876709e-01 -2.185916900634765625e-01 4.121819511055946350e-02 -8.461663126945495605e-01 -2.514391541481018066e-01 4.680619537830352783e-01
1.413394900655760527e+09 -5.664712786674499512e-01 -1.261531412601470947e-01 -2.763328552246093750e-01 7.997734099626541138e-02 -8.605123758316040039e-01 -2.728638052940368652e-01 4.226907789707183838e-01
1.413394900855760574e+09 -5.609669089317321777e-01 -1.142963171005249023e-01 -3.467945456504821777e-01 8.549927920103073120e-02 -8.828262090682983398e-01 -2.823259830474853516e-01 3.655131459236145020e-01
1.413394901055760384e+09 -5.347234010696411133e-01 -1.126804351806640625e-01 -4.284720420837402344e-01 8.410675078630447388e-02 -9.114738702774047852e-01 -2.727096080780029297e-01 2.962616682052612305e-01
1.413394901255760431e+09 -4.925490021705627441e-01 -1.065364778041839600e-01 -5.099643468856811523e-01 3.435128182172775269e-02 -9.436722397804260254e-01 -2.389572262763977051e-01 2.262790501117706299e-01
1.413394901455760479e+09 -4.414645135402679443e-01 -9.489277005195617676e-02 -5.821502804756164551e-01 -6.124629639089107513e-03 -9.639202356338500977e-01 -2.071775645017623901e-01 1.670263856649398804e-01
1.413394901655760527e+09 -3.897106349468231201e-01 -7.450848817825317383e-02 -6.300480365753173828e-01 4.010131582617759705e-03 -9.653024077415466309e-01 -2.382705658674240112e-01 1.067816987633705139e-01
1.413394901855760574e+09 -3.405953347682952881e-01 -5.832687020301818848e-02 -6.643569469451904297e-01 3.978592529892921448e-02 -9.683424830436706543e-01 -2.449980974197387695e-01 2.656976133584976196e-02
1.413394902055760384e+09 -2.821384966373443604e-01 -5.320510268211364746e-02 -6.895517706871032715e-01 4.735297709703445435e-02 -9.673979282379150391e-01 -2.436967641115188599e-01 -5.010905861854553223e-02
1.413394902255760431e+09 -2.181602120399475098e-01 -4.851377010345458984e-02 -7.036943435668945312e-01 4.350400343537330627e-02 -9.670299887657165527e-01 -2.219150662422180176e-01 -1.171071603894233704e-01
1.413394902455760479e+09 -1.521424651145935059e-01 -4.377369582653045654e-02 -7.003750801086425781e-01 4.423852078616619110e-03 -9.634686708450317383e-01 -2.094734907150268555e-01 -1.668214648962020874e-01
1.413394902655760527e+09 -9.359484910964965820e-02 -4.703491926193237305e-02 -6.845806837081909180e-01 -6.483364850282669067e-02 -9.501770734786987305e-01 -2.378044277429580688e-01 -1.908119618892669678e-01
1.413394902855760574e+09 -3.395357728004455566e-02 -4.349046945571899414e-02 -6.381110548973083496e-01 -5.497220903635025024e-02 -9.395315647125244141e-01 -2.936741709709167480e-01 -1.673736721277236938e-01
1.413394903355760574e+09 -3.154367208480834961e-02 -7.645487785339355469e-03 -6.101688146591186523e-01 -2.553917653858661652e-02 -9.498870372772216797e-01 -2.997322380542755127e-01 -8.498812466859817505e-02
1.413394903755760431e+09 -6.240363419055938721e-02 -2.052238583564758301e-02 -6.153885126113891602e-01 5.047280341386795044e-03 -9.529231786727905273e-01 -3.027715981006622314e-01 -1.553929038345813751e-02
1.413394904255760431e+09 -7.868153601884841919e-02 -4.726618528366088867e-03 -6.209357976913452148e-01 -1.598237454891204834e-02 -9.345859885215759277e-01 -3.418558537960052490e-01 9.709912538528442383e-02
1.413394904555760384e+09 -9.725776314735412598e-02 1.198497414588928223e-02 -6.354500055313110352e-01 -6.037097424268722534e-03 -9.314790964126586914e-01 -3.104548156261444092e-01 1.895472258329391479e-01
1.413394904755760431e+09 -1.168325245380401611e-01 2.522802352905273438e-02 -6.579927206039428711e-01 1.114983111619949341e-03 -9.196387529373168945e-01 -2.760676145553588867e-01 2.793744206428527832e-01
1.413394904955760479e+09 -1.347211003303527832e-01 3.258988261222839355e-02 -6.790533065795898438e-01 1.114066876471042633e-02 -9.050281643867492676e-01 -2.217417508363723755e-01 3.628091514110565186e-01
1.413394905155760527e+09 -1.451448798179626465e-01 3.964397311210632324e-02 -6.880916357040405273e-01 -4.871448501944541931e-02 -8.518959283828735352e-01 -2.533895075321197510e-01 4.557347297668457031e-01
1.413394905455760479e+09 -1.542260050773620605e-01 4.042235016822814941e-02 -6.873795986175537109e-01 -1.051165685057640076e-01 -7.990285158157348633e-01 -3.546801805496215820e-01 4.740315675735473633e-01
1.413394905755760431e+09 -2.166692018508911133e-01 3.292421996593475342e-02 -7.096639871597290039e-01 6.616521161049604416e-03 -8.397758603096008301e-01 -2.506548762321472168e-01 4.815650284290313721e-01
1.413394905955760479e+09 -2.597295641899108887e-01 2.036085724830627441e-02 -7.349007725715637207e-01 6.048330292105674744e-02 -8.704344630241394043e-01 -1.385121047496795654e-01 4.685083627700805664e-01
1.413394906155760527e+09 -2.702942490577697754e-01 -1.292923092842102051e-02 -7.206750512123107910e-01 -5.096300691366195679e-02 -8.356965184211730957e-01 -2.327272146940231323e-01 4.948253333568572998e-01
1.413394906555760384e+09 -2.708008885383605957e-01 -2.064715325832366943e-02 -6.887797117233276367e-01 -6.394180655479431152e-02 -7.715857625007629395e-01 -3.269377946853637695e-01 5.419212579727172852e-01
1.413394906755760431e+09 -2.904347181320190430e-01 -2.605968713760375977e-02 -6.675236821174621582e-01 -2.386466512689366937e-04 -7.617132067680358887e-01 -2.593823671340942383e-01 5.937286615371704102e-01
1.413394906955760479e+09 -3.065343499183654785e-01 -2.767796814441680908e-02 -6.562342643737792969e-01 8.848321437835693359e-02 -7.682427167892456055e-01 -1.348336488008499146e-01 6.195108890533447266e-01
1.413394907155760527e+09 -2.456681728363037109e-01 -3.073152154684066772e-02 -6.147157549858093262e-01 -8.782912790775299072e-02 -7.388029694557189941e-01 -2.185257077217102051e-01 6.314291954040527344e-01
1.413394907555760384e+09 -2.127602100372314453e-01 -3.050797805190086365e-02 -5.819531679153442383e-01 -1.941259801387786865e-01 -6.943552494049072266e-01 -2.473135441541671753e-01 6.473190188407897949e-01
1.413394907755760431e+09 -2.123450040817260742e-01 -3.086637333035469055e-02 -5.304673910140991211e-01 -5.784053727984428406e-02 -6.880388855934143066e-01 -2.348385602235794067e-01 6.841840744018554688e-01
1.413394907955760479e+09 -2.194377481937408447e-01 -2.681947499513626099e-02 -4.784502983093261719e-01 6.158092617988586426e-02 -7.006531357765197754e-01 -1.761704087257385254e-01 6.886633038520812988e-01
1.413394908155760527e+09 -2.114028036594390869e-01 -1.464213430881500244e-02 -4.341410994529724121e-01 6.456325761973857880e-03 -6.862950325012207031e-01 -2.407754212617874146e-01 6.862832903861999512e-01
1.413394908355760574e+09 -2.041001319885253906e-01 -4.196148365736007690e-03 -3.997756242752075195e-01 -8.049028366804122925e-02 -6.655954122543334961e-01 -3.088875114917755127e-01 6.746054887771606445e-01
1.413394908655760527e+09 -2.460546791553497314e-01 -2.328627556562423706e-02 -3.756768703460693359e-01 1.129138376563787460e-02 -7.070505023002624512e-01 -2.322935163974761963e-01 6.678262352943420410e-01
1.413394908855760574e+09 -2.782482206821441650e-01 -5.521260946989059448e-02 -3.739847838878631592e-01 8.992110192775726318e-02 -7.367426156997680664e-01 -1.416013836860656738e-01 6.550371646881103516e-01
1.413394909155760527e+09 -2.736410796642303467e-01 -9.747336804866790771e-02 -3.709308803081512451e-01 -2.702111005783081055e-02 -7.226212024688720703e-01 -2.037156522274017334e-01 6.599913239479064941e-01
1.413394909355760574e+09 -2.644254863262176514e-01 -1.272900998592376709e-01 -3.518896400928497314e-01 -8.416634798049926758e-02 -6.603804230690002441e-01 -2.097567766904830933e-01 7.161116600036621094e-01
1.413394909655760527e+09 -2.717373967170715332e-01 -1.498868912458419800e-01 -3.275159597396850586e-01 -2.362386323511600494e-02 -6.491992473602294922e-01 -1.353457421064376831e-01 7.481068372726440430e-01
1.413394909855760574e+09 -2.698384821414947510e-01 -1.772344112396240234e-01 -2.975980639457702637e-01 5.563148111104965210e-02 -6.402888298034667969e-01 -1.106902956962585449e-01 7.580785155296325684e-01
1.413394910055760384e+09 -2.471733540296554565e-01 -1.934044063091278076e-01 -2.707357704639434814e-01 -4.849962424486875534e-03 -6.156601905822753906e-01 -1.972805410623550415e-01 7.629020214080810547e-01
1.413394910255760431e+09 -2.239599227905273438e-01 -2.025308012962341309e-01 -2.449466586112976074e-01 -9.087226539850234985e-02 -5.976301431655883789e-01 -2.567915618419647217e-01 7.540813088417053223e-01
1.413394910455760479e+09 -2.295801788568496704e-01 -2.059256136417388916e-01 -2.009308040142059326e-01 -2.339641749858856201e-02 -6.239647865295410156e-01 -2.105844169855117798e-01 7.521800994873046875e-01
1.413394910755760431e+09 -2.418663650751113892e-01 -2.073364853858947754e-01 -1.733482182025909424e-01 6.221828609704971313e-02 -6.554321646690368652e-01 -1.171490624547004700e-01 7.435144186019897461e-01
1.413394910955760479e+09 -1.967342197895050049e-01 -2.018122673034667969e-01 -1.198227107524871826e-01 -3.539190068840980530e-02 -6.375344395637512207e-01 -2.150425314903259277e-01 7.389547228813171387e-01
1.413394911355760574e+09 -1.669459044933319092e-01 -1.915111839771270752e-01 -8.932389318943023682e-02 -8.707769215106964111e-02 -6.077095270156860352e-01 -2.754876613616943359e-01 7.397385835647583008e-01
1.413394911655760527e+09 -1.645884066820144653e-01 -1.716630756855010986e-01 -4.609871655702590942e-02 4.759249277412891388e-03 -6.206240057945251465e-01 -1.954535841941833496e-01 7.593426108360290527e-01
1.413394911855760574e+09 -1.383513808250427246e-01 -1.649891585111618042e-01 -1.758839935064315796e-02 -5.243230238556861877e-02 -5.771926641464233398e-01 -2.398329079151153564e-01 7.788322567939758301e-01
1.413394912355760574e+09 -1.484877318143844604e-01 -1.856136471033096313e-01 -1.432888954877853394e-02 -5.652745068073272705e-02 -5.102286338806152344e-01 -1.767746210098266602e-01 8.397750854492187500e-01
1.413394912755760431e+09 -1.950364559888839722e-01 -2.156981825828552246e-01 -1.175701618194580078e-04 -2.285210601985454559e-02 -4.582865834236145020e-01 -1.427714824676513672e-01 8.769648671150207520e-01
1.413394913355760574e+09 -2.547908127307891846e-01 -2.451259344816207886e-01 2.370923757553100586e-03 2.204868942499160767e-02 -5.379266738891601562e-01 -1.872928589582443237e-01 8.216265439987182617e-01
1.413394913655760527e+09 -2.886295914649963379e-01 -2.287222146987915039e-01 -1.834422349929809570e-02 1.564689539372920990e-02 -6.353413462638854980e-01 -2.468167394399642944e-01 7.315587401390075684e-01
1.413394913955760479e+09 -3.117729127407073975e-01 -2.012555599212646484e-01 -4.119572043418884277e-02 -1.140630804002285004e-02 -7.024640440940856934e-01 -2.445288300514221191e-01 6.682962775230407715e-01
1.413394914155760527e+09 -3.369449377059936523e-01 -1.725438088178634644e-01 -6.929883360862731934e-02 6.554745603352785110e-03 -7.536677122116088867e-01 -2.602458596229553223e-01 6.035014986991882324e-01
1.413394914355760574e+09 -3.608729839324951172e-01 -1.599434465169906616e-01 -1.068632602691650391e-01 2.857576869428157806e-02 -7.969502806663513184e-01 -2.774408757686614990e-01 5.357987284660339355e-01
1.413394914555760384e+09 -3.802610039710998535e-01 -1.557487249374389648e-01 -1.578545272350311279e-01 1.909859478473663330e-02 -8.300871253013610840e-01 -2.755253016948699951e-01 4.844340980052947998e-01
1.413394914755760431e+09 -3.962219059467315674e-01 -1.412395834922790527e-01 -2.110972404479980469e-01 2.652112627401947975e-03 -8.545783162117004395e-01 -2.687826156616210938e-01 4.443476796150207520e-01
1.413394914955760479e+09 -4.137833714485168457e-01 -1.010305136442184448e-01 -2.879707515239715576e-01 4.887750744819641113e-02 -8.825310468673706055e-01 -2.789273262023925781e-01 3.754325211048126221e-01
1.413394915255760431e+09 -4.100226759910583496e-01 -7.184839248657226562e-02 -3.442744612693786621e-01 8.212195336818695068e-02 -9.016306400299072266e-01 -2.918124794960021973e-01 3.084861934185028076e-01
1.413394915455760479e+09 -3.874370455741882324e-01 -4.398125410079956055e-02 -4.089444875717163086e-01 9.297102689743041992e-02 -9.257276058197021484e-01 -2.814162969589233398e-01 2.349248379468917847e-01
1.413394915655760527e+09 -3.434031009674072266e-01 -2.469079196453094482e-02 -4.782905578613281250e-01 3.714869171380996704e-02 -9.576708078384399414e-01 -2.478597909212112427e-01 1.416060179471969604e-01
1.413394915855760574e+09 -2.910426855087280273e-01 -9.891033172607421875e-03 -5.342215895652770996e-01 2.483427338302135468e-02 -9.759265780448913574e-01 -2.120651006698608398e-01 4.448642209172248840e-02
1.413394916055760384e+09 -2.366540729999542236e-01 -5.502253770828247070e-04 -5.724633336067199707e-01 1.548429857939481735e-02 -9.775069355964660645e-01 -2.074823230504989624e-01 -3.451819345355033875e-02
1.413394916255760431e+09 -1.808143258094787598e-01 5.221575498580932617e-03 -5.920296907424926758e-01 6.777560338377952576e-03 -9.611852765083312988e-01 -2.586656510829925537e-01 -9.575501829385757446e-02
1.413394916455760479e+09 -1.267435848712921143e-01 1.019465923309326172e-02 -6.028051376342773438e-01 -5.778528377413749695e-02 -9.427739977836608887e-01 -2.866828739643096924e-01 -1.601594835519790649e-01
1.413394916655760527e+09 -8.580952882766723633e-02 2.549552917480468750e-02 -6.137431859970092773e-01 -1.072481125593185425e-01 -9.215339422225952148e-01 -2.846199572086334229e-01 -2.413806766271591187e-01
1.413394916955760479e+09 -7.069361209869384766e-02 5.638122558593750000e-02 -6.244369149208068848e-01 -6.092012673616409302e-02 -8.943673372268676758e-01 -2.991708517074584961e-01 -3.269442915916442871e-01
1.413394917155760527e+09 -6.805968284606933594e-02 9.420944750308990479e-02 -6.450112462043762207e-01 1.660185866057872772e-02 -8.617275953292846680e-01 -2.910205125808715820e-01 -4.152794182300567627e-01
1.413394917355760574e+09 -4.352074861526489258e-02 1.573009788990020752e-01 -7.028123140335083008e-01 7.633629441261291504e-02 -8.048344254493713379e-01 -2.638925015926361084e-01 -5.260941386222839355e-01
1.413394917755760431e+09 3.405147790908813477e-02 1.905081272125244141e-01 -7.523037195205688477e-01 1.160141378641128540e-01 -8.087823987007141113e-01 -1.984003782272338867e-01 -5.413401722908020020e-01
1.413394918155760527e+09 8.989930152893066406e-02 1.962411552667617798e-01 -7.553383111953735352e-01 8.915022015571594238e-02 -7.886322140693664551e-01 -2.131820470094680786e-01 -5.697938203811645508e-01
1.413394918355760574e+09 1.528240442276000977e-01 1.995739638805389404e-01 -7.455415725708007812e-01 3.002730943262577057e-02 -7.510113120079040527e-01 -2.568029165267944336e-01 -6.075629591941833496e-01
1.413394918555760384e+09 2.202587723731994629e-01 2.032814770936965942e-01 -7.403528690338134766e-01 -3.717371495440602303e-03 -7.150508165359497070e-01 -2.715511918067932129e-01 -6.441649794578552246e-01
1.413394918755760431e+09 3.600849509239196777e-01 2.117669135332107544e-01 -7.582907080650329590e-01 3.127808123826980591e-02 -6.784013509750366211e-01 -1.655548363924026489e-01 -7.151118516921997070e-01
1.413394919155760527e+09 4.232503175735473633e-01 1.956458985805511475e-01 -7.694081068038940430e-01 -1.713562989607453346e-03 -6.498001813888549805e-01 -1.409478634595870972e-01 -7.469206452369689941e-01
1.413394919355760574e+09 4.705378413200378418e-01 1.639191210269927979e-01 -7.805188298225402832e-01 -2.298871800303459167e-02 -6.094019412994384766e-01 -1.084786131978034973e-01 -7.850689888000488281e-01
1.413394919555760384e+09 4.979032874107360840e-01 1.285149753093719482e-01 -7.894686460494995117e-01 9.402110241353511810e-03 -5.690353512763977051e-01 -6.646262109279632568e-02 -8.195688724517822266e-01
1.413394919755760431e+09 5.084241628646850586e-01 9.700369834899902344e-02 -7.902533411979675293e-01 4.465702921152114868e-02 -5.030890107154846191e-01 -1.095327436923980713e-01 -8.561015725135803223e-01
1.413394919955760479e+09 5.154157280921936035e-01 7.491236925125122070e-02 -7.818089127540588379e-01 6.188129261136054993e-02 -4.301155805587768555e-01 -1.461846530437469482e-01 -8.887077569961547852e-01
1.413394920155760527e+09 5.503833889961242676e-01 6.083166599273681641e-02 -7.424268126487731934e-01 8.484363555908203125e-02 -2.819412648677825928e-01 -9.059786051511764526e-02 -9.513688683509826660e-01
1.413394920555760384e+09 5.995803475379943848e-01 5.107067525386810303e-02 -6.656308770179748535e-01 7.076408714056015015e-02 -2.178957164287567139e-01 2.091932483017444611e-02 -9.731784462928771973e-01
1.413394920955760479e+09 6.081247329711914062e-01 2.970387227833271027e-02 -5.469478368759155273e-01 6.111190840601921082e-02 -2.088196426630020142e-01 -4.011226072907447815e-02 -9.752182960510253906e-01
1.413394921355760574e+09 6.061347126960754395e-01 2.885700576007366180e-02 -4.744246006011962891e-01 4.126289114356040955e-02 -2.051581144332885742e-01 -1.187770739197731018e-01 -9.706181287765502930e-01
1.413394921555760384e+09 6.467984914779663086e-01 5.530313402414321899e-02 -3.316806852817535400e-01 4.503612220287322998e-02 -2.493356913328170776e-01 -7.359836250543594360e-02 -9.645656347274780273e-01
1.413394921955760479e+09 6.767467856407165527e-01 6.422419100999832153e-02 -2.630312740802764893e-01 -3.027641680091619492e-03 -2.368493378162384033e-01 -3.830653056502342224e-02 -9.707862734794616699e-01
1.413394922155760527e+09 6.971215009689331055e-01 6.390164047479629517e-02 -2.058957219123840332e-01 -3.057865612208843231e-02 -1.743661016225814819e-01 -3.993257880210876465e-02 -9.833955764770507812e-01
1.413394922355760574e+09 7.288904786109924316e-01 2.441528066992759705e-02 -1.355179399251937866e-01 4.359094426035881042e-02 -8.586373925209045410e-02 2.600300498306751251e-02 -9.950131177902221680e-01
1.413394922755760431e+09 7.476893067359924316e-01 -8.921697735786437988e-02 -2.758455835282802582e-02 7.852684706449508667e-02 -5.580833554267883301e-02 -7.967112585902214050e-03 -9.953168034553527832e-01
1.413394923355760574e+09 7.569683194160461426e-01 -1.239925697445869446e-01 2.428574673831462860e-02 5.180190131068229675e-02 -6.557398289442062378e-02 2.023739367723464966e-02 -9.962967038154602051e-01
1.413394923555760384e+09 7.591357231140136719e-01 -1.896757632493972778e-01 1.386716663837432861e-01 5.850480124354362488e-02 6.667457520961761475e-03 3.830711916089057922e-02 -9.975296258926391602e-01
1.413394923955760479e+09 7.529944777488708496e-01 -2.125006765127182007e-01 2.044062018394470215e-01 3.626589104533195496e-02 6.465107947587966919e-02 6.809669733047485352e-02 -9.949210882186889648e-01
1.413394924155760527e+09 7.372716069221496582e-01 -2.306528538465499878e-01 2.719710469245910645e-01 2.662763185799121857e-02 1.317139118909835815e-01 7.883305102586746216e-02 -9.877893328666687012e-01
1.413394924355760574e+09 7.161704301834106445e-01 -2.489605545997619629e-01 3.346618115901947021e-01 3.545538708567619324e-02 2.108822613954544067e-01 6.547724455595016479e-02 -9.746714234352111816e-01
1.413394924555760384e+09 6.988566517829895020e-01 -2.682787179946899414e-01 3.983514904975891113e-01 2.936359494924545288e-02 2.801003754138946533e-01 8.326029032468795776e-02 -9.559023976325988770e-01
1.413394924755760431e+09 6.702505946159362793e-01 -3.061531782150268555e-01 5.031936168670654297e-01 -1.176437642425298691e-02 3.847687244415283203e-01 1.568915247917175293e-01 -9.095052480697631836e-01
1.413394925005760670e+09 6.388945579528808594e-01 -3.380112349987030029e-01 5.669845342636108398e-01 -3.334310650825500488e-02 4.255843162536621094e-01 2.130573689937591553e-01 -8.788473606109619141e-01
1.413394925405760527e+09 5.724866390228271484e-01 -3.555968701839447021e-01 5.873464345932006836e-01 -1.121366769075393677e-02 4.596643149852752686e-01 2.206205278635025024e-01 -8.601800203323364258e-01
1.413394925705760717e+09 5.257399082183837891e-01 -3.479488790035247803e-01 5.785380601882934570e-01 1.677265018224716187e-02 4.777985513210296631e-01 1.782317161560058594e-01 -8.600353598594665527e-01
1.413394925905760527e+09 4.764764606952667236e-01 -3.383052349090576172e-01 5.656414031982421875e-01 3.100432641804218292e-02 4.868620634078979492e-01 1.623786091804504395e-01 -8.576930165290832520e-01
1.413394926105760574e+09 4.005898833274841309e-01 -3.247656822204589844e-01 5.443413853645324707e-01 2.499620243906974792e-02 4.921325147151947021e-01 1.950470209121704102e-01 -8.480197787284851074e-01
1.413394926405760527e+09 3.437516689300537109e-01 -3.172603547573089600e-01 5.263556241989135742e-01 4.550686851143836975e-02 5.022767782211303711e-01 1.894505918025970459e-01 -8.424700498580932617e-01
1.413394926605760574e+09 2.810351848602294922e-01 -3.122607767581939697e-01 5.057485699653625488e-01 5.684898048639297485e-02 5.490907430648803711e-01 1.688344329595565796e-01 -8.165553212165832520e-01
1.413394926805760622e+09 2.177243530750274658e-01 -3.092756867408752441e-01 4.896642565727233887e-01 8.372007310390472412e-02 6.183699369430541992e-01 1.379029601812362671e-01 -7.691504359245300293e-01
1.413394927005760670e+09 1.278402805328369141e-01 -2.972066104412078857e-01 4.990186095237731934e-01 4.415707290172576904e-02 6.642869114875793457e-01 1.824003458023071289e-01 -7.235352993011474609e-01
1.413394927405760527e+09 1.019996404647827148e-02 -3.093310594558715820e-01 5.250178575515747070e-01 3.133136034011840820e-02 6.657720208168029785e-01 2.217230498790740967e-01 -7.117617726325988770e-01
1.413394927805760622e+09 -1.110266447067260742e-01 -3.422431945800781250e-01 5.356459021568298340e-01 2.302287332713603973e-02 6.729947328567504883e-01 2.208774685859680176e-01 -7.055220007896423340e-01
1.413394928205760717e+09 -2.021436691284179688e-01 -3.439976572990417480e-01 5.432542562484741211e-01 -3.539346531033515930e-02 6.741463541984558105e-01 2.152488380670547485e-01 -7.056500315666198730e-01
1.413394928505760670e+09 -3.185378313064575195e-01 -3.474488556385040283e-01 5.227346420288085938e-01 5.650476552546024323e-03 6.747121810913085938e-01 1.938529908657073975e-01 -7.121465206146240234e-01
1.413394929205760717e+09 -4.092073440551757812e-01 -3.208293020725250244e-01 4.884433746337890625e-01 -6.600228138267993927e-03 6.775043010711669922e-01 1.651551425457000732e-01 -7.167064547538757324e-01
1.413394929605760574e+09 -4.462445378303527832e-01 -2.652717232704162598e-01 4.536277055740356445e-01 3.991598635911941528e-02 6.670457124710083008e-01 1.853064298629760742e-01 -7.204986810684204102e-01
1.413394930605760574e+09 -4.377655982971191406e-01 -2.458844482898712158e-01 4.564357101917266846e-01 1.197027340531349182e-01 6.420210599899291992e-01 2.467165738344192505e-01 -7.159686684608459473e-01
1.413394930905760527e+09 -4.597809016704559326e-01 -2.226600050926208496e-01 4.690428376197814941e-01 3.997445572167634964e-03 6.544722318649291992e-01 2.094361335039138794e-01 -7.264893054962158203e-01
1.413394931105760574e+09 -4.488628208637237549e-01 -2.390287518501281738e-01 4.235741794109344482e-01 -6.899200379848480225e-03 6.675081849098205566e-01 2.620536983013153076e-01 -6.969313025474548340e-01
1.413394932005760670e+09 -4.392371177673339844e-01 -2.349511533975601196e-01 3.928057849407196045e-01 -4.497534246183931828e-04 7.309728264808654785e-01 2.423530220985412598e-01 -6.379212737083435059e-01
1.413394932205760717e+09 -4.275427162647247314e-01 -2.431874126195907593e-01 3.523804545402526855e-01 1.067344192415475845e-02 7.993065714836120605e-01 2.081186175346374512e-01 -5.636326074600219727e-01
1.413394932405760527e+09 -4.111750125885009766e-01 -2.532987892627716064e-01 3.183961808681488037e-01 -7.523618172854185104e-03 8.511285185813903809e-01 1.935375630855560303e-01 -4.879210591316223145e-01
1.413394932605760574e+09 -3.881106376647949219e-01 -2.583248615264892578e-01 2.979889512062072754e-01 -2.207763865590095520e-02 8.850241899490356445e-01 2.024516314268112183e-01 -4.186384081840515137e-01
1.413394932805760622e+09 -3.382031321525573730e-01 -2.633636593818664551e-01 2.836258411407470703e-01 6.087270099669694901e-03 9.022437334060668945e-01 2.752601802349090576e-01 -3.318900167942047119e-01
1.413394933105760574e+09 -2.890164852142333984e-01 -2.569828629493713379e-01 2.745504081249237061e-01 9.908368811011314392e-03 9.242332577705383301e-01 2.880636155605316162e-01 -2.504279613494873047e-01
1.413394933405760527e+09 -2.434181869029998779e-01 -2.277776002883911133e-01 2.699210047721862793e-01 1.646605553105473518e-03 9.443228840827941895e-01 2.778161466121673584e-01 -1.762667000293731689e-01
1.413394933705760717e+09 -1.841019093990325928e-01 -1.896868050098419189e-01 2.722130119800567627e-01 -1.904197968542575836e-03 9.571411609649658203e-01 2.741598784923553467e-01 -9.334604442119598389e-02
1.413394934105760574e+09 -1.378417462110519409e-01 -1.711124777793884277e-01 2.824945151805877686e-01 -2.407497959211468697e-03 9.646711349487304688e-01 2.633166909217834473e-01 -8.254923857748508453e-03
1.413394934405760527e+09 -1.074355244636535645e-01 -1.482511758804321289e-01 2.962331473827362061e-01 9.575101546943187714e-03 9.581378102302551270e-01 2.809370458126068115e-01 5.435707792639732361e-02
1.413394934605760574e+09 -6.819346547126770020e-02 -1.103244945406913757e-01 3.167151808738708496e-01 2.056533936411142349e-03 9.535932540893554688e-01 2.843735516071319580e-01 9.893114119768142700e-02
1.413394935105760574e+09 2.015501260757446289e-03 -9.687395393848419189e-02 3.587372601032257080e-01 6.644884706474840641e-04 9.634459614753723145e-01 2.624229788780212402e-01 5.390319600701332092e-02
1.413394936005760670e+09 3.299795091152191162e-02 -9.645186364650726318e-02 4.192364811897277832e-01 -6.720809731632471085e-03 9.521349072456359863e-01 3.020166456699371338e-01 4.669047892093658447e-02
1.413394936255760431e+09 5.542185902595520020e-02 -8.541986346244812012e-02 4.577098488807678223e-01 -1.299364585429430008e-02 9.450665116310119629e-01 2.878741621971130371e-01 1.543016135692596436e-01
1.413394936605760574e+09 7.438045740127563477e-02 -7.868484407663345337e-02 4.816016554832458496e-01 -3.235417604446411133e-02 9.270440936088562012e-01 2.614891827106475830e-01 2.667693793773651123e-01
1.413394936805760622e+09 9.930908679962158203e-02 -7.687500119209289551e-02 5.088682174682617188e-01 -3.397760167717933655e-02 8.972180485725402832e-01 2.613442540168762207e-01 3.543225228786468506e-01
1.413394937005760670e+09 1.253915429115295410e-01 -7.843977957963943481e-02 5.360341072082519531e-01 -4.267103224992752075e-02 8.657588362693786621e-01 2.612634599208831787e-01 4.247143864631652832e-01
1.413394937205760717e+09 1.571840643882751465e-01 -8.120533078908920288e-02 5.614541172981262207e-01 -5.198749154806137085e-02 8.288282752037048340e-01 2.586856186389923096e-01 4.933788180351257324e-01
1.413394937305760622e+09 2.093753814697265625e-01 -8.759551495313644409e-02 5.926141738891601562e-01 -3.501954302191734314e-02 7.940175533294677734e-01 2.676210105419158936e-01 5.446913242340087891e-01
1.413394937655760527e+09 2.590150237083435059e-01 -9.071014076471328735e-02 6.110120415687561035e-01 -2.622777409851551056e-02 7.893354892730712891e-01 2.593874633312225342e-01 5.558595061302185059e-01
1.413394937855760574e+09 3.674030303955078125e-01 -1.007059440016746521e-01 6.294524073600769043e-01 5.549170542508363724e-03 8.038366436958312988e-01 2.828584015369415283e-01 5.232656598091125488e-01
1.413394938255760431e+09 4.765430688858032227e-01 -1.411617994308471680e-01 5.942084789276123047e-01 8.625039830803871155e-03 8.415790200233459473e-01 2.842912673950195312e-01 4.591828584671020508e-01
1.413394938655760527e+09 5.297807455062866211e-01 -1.648223847150802612e-01 5.593586564064025879e-01 -1.150653138756752014e-02 8.680185675621032715e-01 2.775047421455383301e-01 4.115853309631347656e-01
1.413394938855760574e+09 5.832241177558898926e-01 -1.764847934246063232e-01 5.254157185554504395e-01 -9.045157581567764282e-03 8.884333968162536621e-01 3.011828660964965820e-01 3.462560176849365234e-01
1.413394939055760384e+09 6.362673044204711914e-01 -1.780858933925628662e-01 4.876689314842224121e-01 5.202172324061393738e-02 9.104890823364257812e-01 3.156037628650665283e-01 2.621024847030639648e-01
1.413394939255760431e+09 6.800028681755065918e-01 -1.650425195693969727e-01 4.453105032444000244e-01 7.414659857749938965e-02 9.314197301864624023e-01 3.110082149505615234e-01 1.738781183958053589e-01
1.413394939455760479e+09 7.335963845252990723e-01 -1.364427208900451660e-01 3.473138511180877686e-01 1.358714792877435684e-02 9.521504044532775879e-01 2.926137745380401611e-01 8.719041198492050171e-02
1.413394939855760574e+09 7.610837221145629883e-01 -1.389371156692504883e-01 2.389102876186370850e-01 2.533806860446929932e-02 9.457001686096191406e-01 3.234249949455261230e-01 2.013815753161907196e-02
1.413394940255760431e+09 7.612882852554321289e-01 -1.002210602164268494e-01 1.254307925701141357e-01 3.299555927515029907e-02 9.476718902587890625e-01 3.009333908557891846e-01 -1.013336032629013062e-01
1.413394940655760527e+09 7.546981573104858398e-01 -7.342402637004852295e-02 6.955718994140625000e-02 2.076201606541872025e-03 9.392844438552856445e-01 2.951360046863555908e-01 -1.750291585922241211e-01
1.413394940855760574e+09 7.534677386283874512e-01 -5.172236263751983643e-02 -3.667807579040527344e-02 1.897985488176345825e-02 9.253666400909423828e-01 2.962116897106170654e-01 -2.357859909534454346e-01
1.413394941305760622e+09 7.470403313636779785e-01 -4.961359500885009766e-02 -1.329574286937713623e-01 8.869218826293945312e-02 9.067165255546569824e-01 3.138209879398345947e-01 -2.674230933189392090e-01
1.413394941505760670e+09 6.900895833969116211e-01 -5.080087855458259583e-02 -2.698275148868560791e-01 -6.769015453755855560e-03 9.005612730979919434e-01 3.279832303524017334e-01 -2.852553129196166992e-01
1.413394941805760622e+09 6.570233702659606934e-01 -5.189756304025650024e-02 -3.525618314743041992e-01 2.561119385063648224e-02 9.045604467391967773e-01 2.967212498188018799e-01 -3.050755262374877930e-01
1.413394942005760670e+09 6.213021874427795410e-01 -5.399586260318756104e-02 -4.320710003376007080e-01 1.191334426403045654e-01 9.025592207908630371e-01 2.647679746150970459e-01 -3.179498612880706787e-01
1.413394942305760622e+09 5.260167717933654785e-01 -6.885904073715209961e-02 -5.258285403251647949e-01 1.801740974187850952e-01 8.799703717231750488e-01 2.443223595619201660e-01 -3.653711974620819092e-01
1.413394942505760670e+09 4.254962205886840820e-01 -8.132632821798324585e-02 -5.610431432723999023e-01 1.548256576061248779e-01 8.586021661758422852e-01 2.316766679286956787e-01 -4.302990436553955078e-01
1.413394942705760717e+09 3.111818432807922363e-01 -8.000776916742324829e-02 -5.743714570999145508e-01 8.196013420820236206e-02 8.299485445022583008e-01 2.130725681781768799e-01 -5.089873671531677246e-01
1.413394942905760527e+09 1.948583722114562988e-01 -6.385889649391174316e-02 -5.694013833999633789e-01 -4.891066253185272217e-02 7.886267900466918945e-01 1.939837485551834106e-01 -5.814170837402343750e-01
1.413394943105760574e+09 1.015678048133850098e-01 -3.497561812400817871e-02 -5.607545971870422363e-01 -1.008791923522949219e-01 7.361940145492553711e-01 1.738109290599822998e-01 -6.462442874908447266e-01
1.413394943305760622e+09 3.934678435325622559e-02 6.520003080368041992e-05 -5.574065446853637695e-01 -1.098237782716751099e-01 6.800509691238403320e-01 1.595872193574905396e-01 -7.071077227592468262e-01
1.413394943505760670e+09 5.059480667114257812e-03 3.733107075095176697e-02 -5.806429386138916016e-01 -5.316362902522087097e-02 6.019020080566406250e-01 1.855671554803848267e-01 -7.748886346817016602e-01
1.413394943805760622e+09 6.789952516555786133e-03 7.638774812221527100e-02 -6.305764913558959961e-01 1.768939197063446045e-02 5.829034447669982910e-01 1.582349538803100586e-01 -7.967888116836547852e-01
1.413394944205760717e+09 2.667120099067687988e-02 1.173523142933845520e-01 -6.904333829879760742e-01 4.310029372572898865e-02 5.601712465286254883e-01 1.905701756477355957e-01 -8.050053715705871582e-01
1.413394944605760574e+09 3.004774451255798340e-02 1.381416022777557373e-01 -7.305400967597961426e-01 1.191405579447746277e-01 4.606159031391143799e-01 1.907828599214553833e-01 -8.586270809173583984e-01
1.413394944905760527e+09 -1.527324318885803223e-03 1.627664864063262939e-01 -7.212790250778198242e-01 1.074323877692222595e-01 3.430398106575012207e-01 1.511757671833038330e-01 -9.208300113677978516e-01
1.413394945205760717e+09 -3.672637045383453369e-02 1.752358973026275635e-01 -6.972594261169433594e-01 6.638731062412261963e-02 2.599594295024871826e-01 1.291804462671279907e-01 -9.546341300010681152e-01
1.413394945405760527e+09 -7.914814352989196777e-02 1.806198656558990479e-01 -6.696144938468933105e-01 1.384776178747415543e-02 1.866054981946945190e-01 7.509709894657135010e-02 -9.794626832008361816e-01
1.413394945605760574e+09 -1.351116597652435303e-01 1.867645382881164551e-01 -6.338529586791992188e-01 9.391426108777523041e-03 7.370447367429733276e-02 -3.947581350803375244e-02 -9.964542984962463379e-01
1.413394945905760527e+09 -1.507983803749084473e-01 1.938937008380889893e-01 -6.000097393989562988e-01 8.591189980506896973e-03 -1.184050366282463074e-01 -8.101458847522735596e-02 -9.896176457405090332e-01
1.413394946255760431e+09 -1.273375749588012695e-01 1.970810592174530029e-01 -5.881519913673400879e-01 -1.398458494804799557e-03 -2.790317833423614502e-01 -1.309316158294677734e-01 -9.513129591941833496e-01
1.413394946655760527e+09 -1.012684777379035950e-01 2.006368488073348999e-01 -5.913740396499633789e-01 -9.915332309901714325e-03 -3.839022517204284668e-01 -1.535329967737197876e-01 -9.104660153388977051e-01
1.413394946855760574e+09 -6.773741543292999268e-02 2.052719891071319580e-01 -6.036881208419799805e-01 -1.504424400627613068e-02 -4.979110658168792725e-01 -1.439181417226791382e-01 -8.550706505775451660e-01
1.413394947055760384e+09 -3.548187017440795898e-02 2.094260752201080322e-01 -6.237860321998596191e-01 -1.714643649756908417e-02 -5.986963510513305664e-01 -1.518765836954116821e-01 -7.862583398818969727e-01
1.413394947255760431e+09 -1.129233837127685547e-02 2.053881585597991943e-01 -6.483546495437622070e-01 -1.627527875825762749e-03 -6.812570691108703613e-01 -1.786139160394668579e-01 -7.099177837371826172e-01
1.413394947455760479e+09 4.746556282043457031e-03 1.840398311614990234e-01 -6.730854511260986328e-01 -7.477130740880966187e-03 -7.417802810668945312e-01 -1.819746792316436768e-01 -6.454388499259948730e-01
1.413394947655760527e+09 2.003872394561767578e-02 1.363903433084487915e-01 -7.074038982391357422e-01 5.723868310451507568e-02 -7.315448522567749023e-01 -2.585694789886474609e-01 -6.282577514648437500e-01
1.413394948055760384e+09 8.013796806335449219e-02 8.912393450736999512e-02 -7.336274981498718262e-01 7.750213891267776489e-02 -6.642722487449645996e-01 -2.374347597360610962e-01 -7.045285701751708984e-01
1.413394948455760479e+09 1.370750665664672852e-01 6.834067404270172119e-02 -7.438079118728637695e-01 5.328029859811067581e-03 -6.710316538810729980e-01 -1.487372964620590210e-01 -7.263368964195251465e-01
1.413394948655760527e+09 1.857685446739196777e-01 4.647230729460716248e-02 -7.471686601638793945e-01 -6.691258400678634644e-02 -6.788167953491210938e-01 -8.292521536350250244e-02 -7.265356183052062988e-01
1.413394949055760384e+09 1.925923228263854980e-01 9.601297788321971893e-03 -7.441384196281433105e-01 2.844005078077316284e-02 -6.704187989234924316e-01 -1.692589968442916870e-01 -7.218595147132873535e-01
1.413394949255760431e+09 2.683279514312744141e-01 -3.520748019218444824e-02 -6.529880166053771973e-01 -4.269091039896011353e-02 -6.923462748527526855e-01 -1.213242709636688232e-01 -7.100102901458740234e-01
1.413394950055760384e+09 2.829585671424865723e-01 -6.329881399869918823e-02 -5.869334340095520020e-01 -4.872986674308776855e-02 -6.175464391708374023e-01 -2.056490927934646606e-01 -7.576082944869995117e-01
1.413394950455760479e+09 3.235605657100677490e-01 -1.027103587985038757e-01 -5.424917936325073242e-01 1.544682029634714127e-02 -6.069098711013793945e-01 -1.326585710048675537e-01 -7.834689617156982422e-01
1.413394951055760384e+09 3.483235239982604980e-01 -1.300489008426666260e-01 -5.199374556541442871e-01 -8.355930447578430176e-02 -5.882582664489746094e-01 -4.651008173823356628e-02 -8.029987812042236328e-01
1.413394951255760431e+09 2.937062680721282959e-01 -1.711359620094299316e-01 -4.779759645462036133e-01 2.860909514129161835e-02 -4.810047745704650879e-01 -1.567214578390121460e-01 -8.621219992637634277e-01
1.413394951655760527e+09 2.674778103828430176e-01 -2.041344344615936279e-01 -4.722229540348052979e-01 1.369351744651794434e-01 -4.484499692916870117e-01 -2.257956862449645996e-01 -8.539074063301086426e-01
1.413394951855760574e+09 3.072848916053771973e-01 -2.734507024288177490e-01 -4.238649606704711914e-01 9.847775101661682129e-03 -4.962274134159088135e-01 -1.219231560826301575e-01 -8.595325350761413574e-01
1.413394952255760431e+09 3.421895205974578857e-01 -3.121300339698791504e-01 -3.912311196327209473e-01 -4.695033654570579529e-02 -5.043658614158630371e-01 -9.246983379125595093e-02 -8.572398424148559570e-01
1.413394952455760479e+09 3.820281624794006348e-01 -3.403271436691284180e-01 -3.302652835845947266e-01 3.889040648937225342e-02 -4.463694393634796143e-01 -1.499635726213455200e-01 -8.813357949256896973e-01
1.413394952855760574e+09 4.391402006149291992e-01 -3.880933523178100586e-01 -2.847517728805541992e-01 -7.669564336538314819e-02 -4.458680450916290283e-01 -5.185640230774879456e-02 -8.902979493141174316e-01
1.413394953255760431e+09 3.555397987365722656e-01 -4.095475673675537109e-01 -2.981657981872558594e-01 3.244317695498466492e-02 -4.449299871921539307e-01 -1.078938171267509460e-01 -8.884501457214355469e-01
1.413394953855760574e+09 3.041012287139892578e-01 -3.699947297573089600e-01 -3.025189042091369629e-01 1.293823868036270142e-01 -4.342070519924163818e-01 -1.540843397378921509e-01 -8.780561685562133789e-01
1.413394954055760384e+09 2.439892143011093140e-01 -2.808711826801300049e-01 -2.642792463302612305e-01 -2.081667445600032806e-02 -4.502148628234863281e-01 -6.846216320991516113e-02 -8.900485038757324219e-01
1.413394954455760479e+09 1.450278311967849731e-01 -2.166253775358200073e-01 -2.411132752895355225e-01 3.298879787325859070e-02 -4.314352273941040039e-01 -1.355251520872116089e-01 -8.912958502769470215e-01
1.413394954855760574e+09 9.301459789276123047e-02 -1.854455024003982544e-01 -2.312975823879241943e-01 1.184642016887664795e-01 -4.238135218620300293e-01 -2.032147645950317383e-01 -8.746725916862487793e-01
1.413394955055760384e+09 3.569307550787925720e-02 -1.312194615602493286e-01 -1.880810558795928955e-01 -2.161158248782157898e-02 -4.296854734420776367e-01 -6.811948120594024658e-02 -9.001461863517761230e-01
1.413394955455760479e+09 -4.283724352717399597e-03 -1.111134961247444153e-01 -1.710478663444519043e-01 -7.515380159020423889e-03 -3.530045747756958008e-01 -1.241382881999015808e-01 -9.273192882537841797e-01
1.413394955655760527e+09 -3.225803375244140625e-02 -1.023449599742889404e-01 -1.637594699859619141e-01 9.151984751224517822e-02 -2.954038679599761963e-01 -1.856276690959930420e-01 -9.326859712600708008e-01
1.413394955855760574e+09 -1.390929520130157471e-02 -1.314635723829269409e-01 -1.233257502317428589e-01 5.328490864485502243e-03 -3.309254646301269531e-01 -5.786804854869842529e-02 -9.418658614158630371e-01
1.413394956305760622e+09 -1.512647792696952820e-02 -1.656445115804672241e-01 -8.667557686567306519e-02 -3.981380537152290344e-02 -2.442063093185424805e-01 -6.071241199970245361e-02 -9.670016765594482422e-01
1.413394956655760527e+09 -2.467096969485282898e-02 -1.610762178897857666e-01 -8.127181231975555420e-02 9.966502338647842407e-02 -1.836534142494201660e-01 -5.749211087822914124e-02 -9.762341380119323730e-01
1.413394957055760384e+09 -2.224387228488922119e-02 -1.845121085643768311e-01 -2.889121137559413910e-02 2.110984362661838531e-02 -1.660521924495697021e-01 -2.976310998201370239e-02 -9.854416251182556152e-01
1.413394957255760431e+09 -2.010809816420078278e-02 -2.095761746168136597e-01 1.937877852469682693e-03 -7.772069424390792847e-02 -1.628376990556716919e-01 -2.756833471357822418e-02 -9.832005500793457031e-01
1.413394957455760479e+09 -2.865612506866455078e-02 -2.280403375625610352e-01 -2.196247223764657974e-04 4.358625039458274841e-02 -1.351509541273117065e-01 -4.828650131821632385e-02 -9.886874556541442871e-01
1.413394957855760574e+09 -2.661924250423908234e-02 -2.361427545547485352e-01 -2.273164223879575729e-03 -5.896321311593055725e-02 -2.707859687507152557e-02 -2.051158063113689423e-02 -9.976819753646850586e-01
1.413394958355760574e+09 -6.159360986202955246e-03 -2.324681729078292847e-01 -3.064679354429244995e-02 1.223840564489364624e-02 4.992308095097541809e-02 2.028484456241130829e-02 -9.984720945358276367e-01
1.413394958655760527e+09 1.045546680688858032e-02 -2.277804762125015259e-01 -5.857998505234718323e-02 1.440509408712387085e-01 8.826725184917449951e-02 4.008489847183227539e-02 -9.848104119300842285e-01
1.413394958955760479e+09 2.390944771468639374e-02 -2.529854774475097656e-01 -4.428075253963470459e-02 1.491102855652570724e-02 1.598870605230331421e-01 9.405988454818725586e-02 -9.825307726860046387e-01
1.413394959255760431e+09 2.305043675005435944e-02 -2.838355898857116699e-01 -4.020415991544723511e-02 1.137435287237167358e-01 2.472012341022491455e-01 1.215804070234298706e-01 -9.545534253120422363e-01
1.413394959755760431e+09 -1.344575546681880951e-02 -3.086461722850799561e-01 -1.271132379770278931e-02 4.704425111413002014e-03 3.431848287582397461e-01 1.429542601108551025e-01 -9.283136129379272461e-01
1.413394960155760527e+09 -4.928992316126823425e-02 -3.083297312259674072e-01 6.554726511240005493e-03 -3.566453978419303894e-02 4.467793107032775879e-01 1.332941353321075439e-01 -8.839395046234130859e-01
1.413394960455760479e+09 -6.222638487815856934e-02 -2.980337440967559814e-01 6.041269749402999878e-03 6.103232130408287048e-02 4.934552907943725586e-01 1.981241255998611450e-01 -8.447033762931823730e-01
1.413394960655760527e+09 -1.233371123671531677e-01 -2.748259007930755615e-01 1.993568241596221924e-02 1.208155695348978043e-02 5.866658687591552734e-01 2.053537815809249878e-01 -7.832669019699096680e-01
1.413394961055760384e+09 -2.101296484470367432e-01 -2.580755352973937988e-01 2.975705265998840332e-02 6.512095779180526733e-02 5.790715813636779785e-01 2.595901787281036377e-01 -7.700963020324707031e-01
1.413394961555760384e+09 -2.779998183250427246e-01 -2.517774105072021484e-01 2.352152764797210693e-02 -3.403047844767570496e-02 6.026232242584228516e-01 1.970179229974746704e-01 -7.725744247436523438e-01
1.413394961855760574e+09 -3.439387381076812744e-01 -2.377143800258636475e-01 -2.212126553058624268e-02 3.036839701235294342e-02 5.900495052337646484e-01 2.046032249927520752e-01 -7.804210186004638672e-01
1.413394962455760479e+09 -3.661310672760009766e-01 -2.434299588203430176e-01 -5.690686404705047607e-02 -5.916744470596313477e-02 6.022485494613647461e-01 1.468104720115661621e-01 -7.824593782424926758e-01
1.413394962655760527e+09 -3.551974594593048096e-01 -2.416393458843231201e-01 -1.043942570686340332e-01 1.705062575638294220e-02 6.002948284149169922e-01 1.801662147045135498e-01 -7.790350317955017090e-01
1.413394962955760479e+09 -3.185314536094665527e-01 -2.219333946704864502e-01 -1.644185781478881836e-01 -5.045123398303985596e-02 6.324661374092102051e-01 1.551733762025833130e-01 -7.572070360183715820e-01
1.413394963355760574e+09 -2.856912910938262939e-01 -1.880581676959991455e-01 -1.941784173250198364e-01 1.715713366866111755e-02 6.179144978523254395e-01 2.164821624755859375e-01 -7.556604146957397461e-01
1.413394963555760384e+09 -2.460019439458847046e-01 -1.376197785139083862e-01 -2.387844771146774292e-01 1.806694082915782928e-02 6.109473109245300293e-01 2.255369573831558228e-01 -7.586501836776733398e-01
1.413394963855760574e+09 -2.150625586509704590e-01 -9.255605936050415039e-02 -2.912617325782775879e-01 2.346964925527572632e-02 6.129849553108215332e-01 1.983362287282943726e-01 -7.644352316856384277e-01
1.413394964155760527e+09 -1.925791352987289429e-01 -6.298622488975524902e-02 -3.273178040981292725e-01 7.075685262680053711e-02 5.894755721092224121e-01 2.514717578887939453e-01 -7.643782496452331543e-01
1.413394964355760574e+09 -1.860793232917785645e-01 -4.719515517354011536e-02 -3.653262853622436523e-01 -6.178345996886491776e-03 6.115343570709228516e-01 1.838488131761550903e-01 -7.695369720458984375e-01
1.413394964555760384e+09 -1.643616259098052979e-01 -2.504791691899299622e-02 -4.260556101799011230e-01 7.878877967596054077e-02 6.110449433326721191e-01 1.918971538543701172e-01 -7.639318704605102539e-01
1.413394964855760574e+09 -1.539105474948883057e-01 -1.732873171567916870e-02 -4.564147591590881348e-01 1.545399278402328491e-01 5.932905673980712891e-01 2.203315645456314087e-01 -7.586683034896850586e-01
1.413394965055760384e+09 -1.756155490875244141e-01 -3.096622042357921600e-02 -4.763869941234588623e-01 7.398979272693395615e-03 6.310165524482727051e-01 1.556305140256881714e-01 -7.599621415138244629e-01
1.413394965355760574e+09 -1.810843050479888916e-01 -5.348833650350570679e-02 -4.970127940177917480e-01 -2.083813073113560677e-03 7.134688496589660645e-01 1.909862905740737915e-01 -6.741529107093811035e-01
1.413394965755760431e+09 -1.592023372650146484e-01 -6.683433055877685547e-02 -5.105455517768859863e-01 -7.367601618170738220e-03 7.841274738311767578e-01 2.222780436277389526e-01 -5.793810486793518066e-01
1.413394966055760384e+09 -1.124841570854187012e-01 -6.370936334133148193e-02 -5.124894976615905762e-01 -1.292082830332219601e-03 8.346970081329345703e-01 2.347965240478515625e-01 -4.981465339660644531e-01
1.413394966355760574e+09 -7.156449556350708008e-02 -4.963347315788269043e-02 -5.075271129608154297e-01 7.210907340049743652e-02 8.196163773536682129e-01 3.523929119110107422e-01 -4.459244906902313232e-01
1.413394966555760384e+09 -4.630368947982788086e-02 -3.863544762134552002e-02 -5.229784250259399414e-01 1.203856244683265686e-02 8.863404989242553711e-01 2.484013438224792480e-01 -3.905797004699707031e-01
1.413394966855760574e+09 -1.965612173080444336e-02 -2.938409149646759033e-02 -5.348957180976867676e-01 1.506084483116865158e-02 9.006500244140625000e-01 2.895168364048004150e-01 -3.237015604972839355e-01
1.413394967155760527e+09 6.907343864440917969e-03 -2.938552200794219971e-02 -5.515576601028442383e-01 2.147342776879668236e-03 9.301854372024536133e-01 2.709345519542694092e-01 -2.476793974637985229e-01
1.413394967455760479e+09 2.610489726066589355e-02 -3.980940580368041992e-02 -5.660797357559204102e-01 3.107916563749313354e-03 9.566767215728759766e-01 2.153073251247406006e-01 -1.959665715694427490e-01
1.413394967655760527e+09 5.040383338928222656e-02 -4.565384984016418457e-02 -5.635784864425659180e-01 1.790286600589752197e-02 9.403464198112487793e-01 3.090130686759948730e-01 -1.412058919668197632e-01
1.413394967855760574e+09 8.328735828399658203e-02 -7.271176576614379883e-02 -5.710496902465820312e-01 2.823967719450592995e-03 9.663563966751098633e-01 2.522794306278228760e-01 -5.002469196915626526e-02
1.413394968155760527e+09 1.260378062725067139e-01 -7.700932025909423828e-02 -5.629263520240783691e-01 3.868531668558716774e-03 9.498552680015563965e-01 3.105553090572357178e-01 3.626968339085578918e-02
1.413394968655760527e+09 1.774911880493164062e-01 -6.506836414337158203e-02 -5.890201926231384277e-01 -1.417312119156122208e-02 9.504901766777038574e-01 2.988871634006500244e-01 8.386887609958648682e-02
1.413394969055760384e+09 2.177754789590835571e-01 -5.569186806678771973e-02 -6.157400012016296387e-01 1.107517722994089127e-02 9.577437043190002441e-01 2.602170705795288086e-01 1.220303475856781006e-01
1.413394969455760479e+09 2.592391371726989746e-01 -7.879823446273803711e-03 -6.235443353652954102e-01 -3.442301973700523376e-02 9.554721117019653320e-01 2.605992853641510010e-01 1.340752094984054565e-01
1.413394969855760574e+09 3.235783278942108154e-01 1.807776093482971191e-02 -6.136754751205444336e-01 -3.245173767209053040e-02 9.412502050399780273e-01 3.119153678417205811e-01 1.253145635128021240e-01
1.413394970255760431e+09 4.179322421550750732e-01 3.659844398498535156e-03 -6.335272192955017090e-01 4.166369140148162842e-02 9.606038928031921387e-01 2.450206279754638672e-01 1.243749037384986877e-01
1.413394970655760527e+09 4.738776385784149170e-01 1.654908061027526855e-02 -6.184794902801513672e-01 -1.770224422216415405e-02 9.500699639320373535e-01 2.889235615730285645e-01 1.165203526616096497e-01
1.413394971255760431e+09 5.137585997581481934e-01 7.171332836151123047e-04 -6.352998614311218262e-01 2.084795013070106506e-02 9.225071668624877930e-01 3.712037205696105957e-01 1.037001982331275940e-01
1.413394971855760574e+09 5.301169157028198242e-01 1.543104648590087891e-03 -6.791205406188964844e-01 5.354998260736465454e-02 9.493277668952941895e-01 2.975633740425109863e-01 8.582156151533126831e-02
1.413394972055760384e+09 5.236713290214538574e-01 1.958250999450683594e-02 -7.580695748329162598e-01 6.411794573068618774e-02 9.736230969429016113e-01 2.154648452997207642e-01 -3.901112824678421021e-02
1.413394972455760479e+09 4.994384646415710449e-01 3.476965427398681641e-02 -7.746396064758300781e-01 6.735296547412872314e-02 9.635874032974243164e-01 2.166610807180404663e-01 -1.414952874183654785e-01
1.413394972655760527e+09 4.647306203842163086e-01 5.133101344108581543e-02 -7.735132575035095215e-01 6.047549471259117126e-02 9.289633631706237793e-01 2.629967927932739258e-01 -2.533821463584899902e-01
1.413394972855760574e+09 4.201933145523071289e-01 6.015583127737045288e-02 -7.661685943603515625e-01 1.259051635861396790e-02 8.887387514114379883e-01 2.801373302936553955e-01 -3.626401722431182861e-01
1.413394973005760670e+09 3.917511701583862305e-01 6.514324247837066650e-02 -7.613534927368164062e-01 -4.504917655140161514e-03 8.551117777824401855e-01 2.720482349395751953e-01 -4.413088560104370117e-01
1.413394973105760574e+09 3.533645272254943848e-01 6.888395547866821289e-02 -7.580289244651794434e-01 1.494822464883327484e-02 8.052355051040649414e-01 2.565174102783203125e-01 -5.343884825706481934e-01
1.413394973305760622e+09 3.172515630722045898e-01 7.340770214796066284e-02 -7.583771347999572754e-01 3.590003773570060730e-02 7.484912276268005371e-01 2.358663529157638550e-01 -6.187399625778198242e-01
1.413394973505760670e+09 2.800535559654235840e-01 7.546383142471313477e-02 -7.562248706817626953e-01 4.532713443040847778e-02 6.811643838882446289e-01 2.144048511981964111e-01 -6.985636949539184570e-01
1.413394973705760717e+09 2.418449521064758301e-01 7.523677498102188110e-02 -7.514877319335937500e-01 3.665710240602493286e-02 6.053067445755004883e-01 1.917433887720108032e-01 -7.716829776763916016e-01
1.413394973905760527e+09 2.044174224138259888e-01 7.299067825078964233e-02 -7.448695898056030273e-01 3.751020133495330811e-02 5.262002348899841309e-01 1.611685603857040405e-01 -8.341049551963806152e-01
1.413394974105760574e+09 1.548091918230056763e-01 6.515236943960189819e-02 -7.314184308052062988e-01 4.385442659258842468e-02 4.049853086471557617e-01 1.052994802594184875e-01 -9.071801304817199707e-01
1.413394974405760527e+09 1.203018650412559509e-01 5.044062435626983643e-02 -7.085646986961364746e-01 4.962356016039848328e-02 2.794757187366485596e-01 5.267162248492240906e-02 -9.574218988418579102e-01
1.413394974705760717e+09 1.050440818071365356e-01 3.366025909781455994e-02 -6.761494874954223633e-01 3.217390179634094238e-02 1.589742302894592285e-01 4.198804125189781189e-02 -9.858646988868713379e-01
1.413394975005760670e+09 9.853295236825942993e-02 5.418956279754638672e-02 -6.178296804428100586e-01 -1.613423810340464115e-03 2.722859941422939301e-02 2.931967377662658691e-02 -9.991979002952575684e-01
1.413394975605760574e+09 1.648460142314434052e-02 9.313795715570449829e-02 -5.787104964256286621e-01 -4.252040013670921326e-02 -1.222301181405782700e-02 3.373476117849349976e-02 -9.984511137008666992e-01
1.413394976855760574e+09 -2.606634981930255890e-02 1.058926582336425781e-01 -6.224319934844970703e-01 5.366623029112815857e-02 3.184626810252666473e-03 -2.683383598923683167e-02 -9.981932044029235840e-01
1.413394977105760574e+09 -3.777004778385162354e-02 1.077606454491615295e-01 -6.505143642425537109e-01 1.642031669616699219e-01 -8.352339267730712891e-03 -6.271485984325408936e-02 -9.843955039978027344e-01
1.413394977405760527e+09 -1.425210200250148773e-02 5.857348442077636719e-02 -6.046158075332641602e-01 1.693391948938369751e-01 -4.514160379767417908e-02 2.240127511322498322e-02 -9.842686653137207031e-01
1.413394977805760622e+09 -3.568989923223853111e-03 9.758071973919868469e-03 -5.379254817962646484e-01 1.473093628883361816e-01 -4.810103401541709900e-02 2.955284714698791504e-02 -9.874780178070068359e-01
1.413394978005760670e+09 2.686307998374104500e-03 -4.948234930634498596e-02 -4.489644765853881836e-01 7.517755031585693359e-02 -4.945521056652069092e-02 3.952873125672340393e-02 -9.951583147048950195e-01
1.413394978155760527e+09 2.278982196003198624e-03 -8.834972977638244629e-02 -3.785363435745239258e-01 3.679154440760612488e-02 -5.202337354421615601e-02 4.862572997808456421e-02 -9.967825412750244141e-01
1.413394978255760431e+09 -1.473254803568124771e-02 -1.515885442495346069e-01 -2.337676137685775757e-01 2.488255873322486877e-02 -5.101867020130157471e-02 5.399870872497558594e-02 -9.969264268875122070e-01
1.413394978655760527e+09 -6.751993298530578613e-02 -2.132678776979446411e-01 -4.820116981863975525e-02 2.390562184154987335e-02 -3.010840155184268951e-02 5.690685473382472992e-03 -9.992445111274719238e-01
1.413394979055760384e+09 -1.086439564824104309e-01 -2.558460831642150879e-01 8.180573582649230957e-02 -1.930474303662776947e-02 -3.294327855110168457e-02 -1.093561016023159027e-02 -9.992110133171081543e-01
1.413394979255760431e+09 -1.374422311782836914e-01 -2.773612439632415771e-01 1.861265003681182861e-01 -1.027382463216781616e-01 -1.888678036630153656e-02 -4.825202375650405884e-02 -9.933578968048095703e-01
1.413394979555760384e+09 -1.451292783021926880e-01 -2.968153655529022217e-01 1.028275042772293091e-01 -2.515663206577301025e-02 -5.973257496953010559e-02 3.961046412587165833e-02 -9.971109628677368164e-01
1.413394980555760384e+09 -1.860948652029037476e-01 -2.706155478954315186e-01 8.215085254050791264e-04 2.136472053825855255e-02 -5.248393490910530090e-02 -2.480953466147184372e-03 -9.983901381492614746e-01
1.413394981055760384e+09 -2.386201471090316772e-01 -2.226590961217880249e-01 -1.436621248722076416e-01 3.755461424589157104e-02 -4.571484029293060303e-02 -2.603106386959552765e-02 -9.979088902473449707e-01
1.413394981655760527e+09 -2.498913556337356567e-01 -1.705861240625381470e-01 -2.304431647062301636e-01 6.127056106925010681e-02 -8.094671368598937988e-02 -2.177248895168304443e-02 -9.945951700210571289e-01
1.413394982055760384e+09 -2.364437133073806763e-01 -1.508308053016662598e-01 -2.691498994827270508e-01 4.022432491183280945e-02 -1.499066948890686035e-01 -9.624428302049636841e-02 -9.831821322441101074e-01
1.413394982355760574e+09 -1.920267641544342041e-01 -1.474537551403045654e-01 -2.929076850414276123e-01 2.357829175889492035e-02 -2.371183931827545166e-01 -1.396843045949935913e-01 -9.610968828201293945e-01
1.413394982655760527e+09 -1.420064568519592285e-01 -1.509156227111816406e-01 -3.158847987651824951e-01 1.522031985223293304e-02 -3.006438314914703369e-01 -1.568065732717514038e-01 -9.406346082687377930e-01
1.413394982855760574e+09 -6.126919388771057129e-02 -1.552190035581588745e-01 -3.533141613006591797e-01 1.262557972222566605e-02 -3.790133893489837646e-01 -1.547667980194091797e-01 -9.122701287269592285e-01
1.413394983205760717e+09 1.363099366426467896e-02 -1.586385220289230347e-01 -3.891251683235168457e-01 1.567526720464229584e-02 -4.163154363632202148e-01 -1.381506174802780151e-01 -8.985266685485839844e-01
1.413394983405760527e+09 8.649305999279022217e-02 -1.627234369516372681e-01 -4.253263771533966064e-01 1.842765696346759796e-02 -4.288760125637054443e-01 -1.217690110206604004e-01 -8.949291110038757324e-01
1.413394983605760574e+09 1.586935669183731079e-01 -1.631470769643783569e-01 -4.595179557800292969e-01 3.545486927032470703e-02 -4.335221946239471436e-01 -8.755400776863098145e-02 -8.961784839630126953e-01
1.413394983805760622e+09 2.821257710456848145e-01 -1.399034261703491211e-01 -5.021172165870666504e-01 3.930936753749847412e-02 -4.304823577404022217e-01 -6.337819993495941162e-02 -8.995126485824584961e-01
1.413394984405760527e+09 3.719616532325744629e-01 -1.057936027646064758e-01 -5.089998245239257812e-01 5.240406468510627747e-02 -3.975978791713714600e-01 -6.176551803946495056e-02 -9.139775037765502930e-01
1.413394984605760574e+09 4.518638253211975098e-01 -9.460322558879852295e-02 -4.535211026668548584e-01 5.961824953556060791e-02 -2.889961600303649902e-01 -3.906499221920967102e-02 -9.546731710433959961e-01
1.413394985205760717e+09 4.791011810302734375e-01 -1.242483258247375488e-01 -3.808563351631164551e-01 5.484013631939888000e-02 -2.253834605216979980e-01 -5.388114973902702332e-02 -9.712320566177368164e-01
1.413394985605760574e+09 5.117845535278320312e-01 -1.996996253728866577e-01 -3.006832897663116455e-01 5.747084692120552063e-02 -2.212400734424591064e-01 -2.849492989480495453e-02 -9.731073975563049316e-01
1.413394986005760670e+09 5.411804914474487305e-01 -2.488843053579330444e-01 -1.954467296600341797e-01 5.211327597498893738e-02 -2.256183028221130371e-01 -2.974153496325016022e-02 -9.723662137985229492e-01
1.413394986405760527e+09 5.493924617767333984e-01 -2.776390910148620605e-01 -1.363363862037658691e-01 4.323364049196243286e-02 -2.172968834638595581e-01 -7.075055688619613647e-02 -9.725776910781860352e-01
1.413394986605760574e+09 5.789380669593811035e-01 -3.432809710502624512e-01 -1.744796708226203918e-02 5.312672257423400879e-02 -2.346084117889404297e-01 -1.599483564496040344e-02 -9.705053567886352539e-01
1.413394987005760670e+09 5.921287536621093750e-01 -4.031078219413757324e-01 1.142151653766632080e-01 1.997013948857784271e-02 -2.226893752813339233e-01 -6.932831555604934692e-02 -9.722161889076232910e-01
1.413394987405760527e+09 5.997577905654907227e-01 -4.358142316341400146e-01 2.412229776382446289e-01 3.598159644752740860e-03 -2.477416545152664185e-01 4.358049016445875168e-03 -9.688096642494201660e-01
1.413394987805760622e+09 5.606701374053955078e-01 -4.751744568347930908e-01 3.418480753898620605e-01 -3.513138368725776672e-02 -2.493479549884796143e-01 1.598027721047401428e-02 -9.676445722579956055e-01
1.413394988205760717e+09 5.154380202293395996e-01 -4.982254207134246826e-01 3.751165866851806641e-01 -4.769007116556167603e-02 -2.410354167222976685e-01 -1.076264586299657822e-02 -9.692841768264770508e-01
1.413394988405760527e+09 4.610846340656280518e-01 -5.153818726539611816e-01 3.964136838912963867e-01 -5.198196694254875183e-02 -2.412949353456497192e-01 -7.595951110124588013e-02 -9.660770297050476074e-01
1.413394988605760574e+09 3.673981428146362305e-01 -5.156971812248229980e-01 3.984576463699340820e-01 -2.916130237281322479e-02 -3.665196895599365234e-01 -1.256188601255416870e-01 -9.214297533035278320e-01
1.413394989005760670e+09 2.763225734233856201e-01 -4.876391291618347168e-01 3.721442222595214844e-01 -3.304198617115616798e-03 -4.350459277629852295e-01 -9.776981920003890991e-02 -8.950783610343933105e-01
1.413394989405760527e+09 1.688451170921325684e-01 -4.664750099182128906e-01 3.296102881431579590e-01 4.192156717181205750e-03 -4.208131730556488037e-01 -1.269601285457611084e-01 -8.982092142105102539e-01
1.413394989805760622e+09 6.633350253105163574e-02 -4.156192243099212646e-01 2.816863059997558594e-01 2.845829725265502930e-02 -3.186868727207183838e-01 -1.336334198713302612e-01 -9.379609823226928711e-01
1.413394990155760527e+09 1.925063692033290863e-02 -3.649093806743621826e-01 2.522739470005035400e-01 4.870500415563583374e-02 -2.139400839805603027e-01 -5.864781513810157776e-02 -9.738675355911254883e-01
1.413394990405760527e+09 -7.631663233041763306e-03 -3.354923725128173828e-01 2.430273294448852539e-01 5.813857540488243103e-02 -1.514320820569992065e-01 -1.916465349495410919e-02 -9.865702986717224121e-01
1.413394990505760670e+09 -3.966156393289566040e-02 -3.015654683113098145e-01 2.299657762050628662e-01 6.502617895603179932e-02 -9.133086353540420532e-02 -6.332759279757738113e-03 -9.936751127243041992e-01
1.413394990705760717e+09 -8.693372458219528198e-02 -2.628292739391326904e-01 2.279746979475021362e-01 6.717534363269805908e-02 -6.974510103464126587e-02 -6.227853242307901382e-03 -9.952810406684875488e-01
1.413394991305760622e+09 -1.464124768972396851e-01 -2.329009622335433960e-01 2.545138895511627197e-01 5.893808975815773010e-02 -9.044983983039855957e-02 -2.956601977348327637e-02 -9.937157630920410156e-01
1.413394991505760670e+09 -1.864318996667861938e-01 -2.221149951219558716e-01 3.046230673789978027e-01 4.441131651401519775e-02 -1.883761882781982422e-01 -6.032421812415122986e-02 -9.792360067367553711e-01
1.413394991805760622e+09 -2.213866412639617920e-01 -2.225970029830932617e-01 3.718423247337341309e-01 1.284834928810596466e-02 -2.768948078155517578e-01 -1.200647875666618347e-01 -9.532830715179443359e-01
1.413394992405760527e+09 -2.182770073413848877e-01 -2.330622822046279907e-01 3.994933068752288818e-01 1.042175572365522385e-02 -3.732095956802368164e-01 -1.257150918245315552e-01 -9.191310405731201172e-01
1.413394993305760622e+09 -2.141325920820236206e-01 -1.781517863273620605e-01 4.336230158805847168e-01 2.650406025350093842e-02 -3.993546664714813232e-01 -1.060855388641357422e-01 -9.102523326873779297e-01
1.413394994005760670e+09 -2.144300788640975952e-01 -1.458496153354644775e-01 4.534533023834228516e-01 1.076039951294660568e-02 -4.593752026557922363e-01 -1.592922359704971313e-01 -8.737760782241821289e-01
1.413394994205760717e+09 -2.067697942256927490e-01 -1.267725080251693726e-01 4.563157558441162109e-01 1.893264241516590118e-02 -5.519129037857055664e-01 -1.629568785429000854e-01 -8.176054954528808594e-01
1.413394994605760574e+09 -2.218616008758544922e-01 -1.205847039818763733e-01 4.887890815734863281e-01 2.914185076951980591e-02 -5.875522494316101074e-01 -2.015438973903656006e-01 -7.831432223320007324e-01
1.413394995605760574e+09 -2.245837748050689697e-01 -9.940635412931442261e-02 5.002667307853698730e-01 4.183489456772804260e-02 -5.880484580993652344e-01 -1.982550173997879028e-01 -7.830349802970886230e-01
1.413394995805760622e+09 -2.201476395130157471e-01 -8.427985012531280518e-02 5.101495981216430664e-01 1.947311311960220337e-02 -5.930691361427307129e-01 -1.819989234209060669e-01 -7.840703129768371582e-01
1.413394996005760670e+09 -2.144812941551208496e-01 -6.705658882856369019e-02 5.191991925239562988e-01 1.494267210364341736e-02 -5.996865630149841309e-01 -1.700380295515060425e-01 -7.818183898925781250e-01
1.413394996205760717e+09 -2.189990580081939697e-01 -6.838732957839965820e-02 5.195869207382202148e-01 8.541390299797058105e-03 -5.983172059059143066e-01 -1.583008170127868652e-01 -7.854199409484863281e-01
