1.413394888255760384e+18 -1.101121896200000005e+00 2.800015969999999910e-01 1.662293058699999992e+00 4.097749217000000166e-01 5.591853042000000107e-01 5.961724991000000307e-01 -4.049378477219999772e-01
1.413394889455760384e+18 -1.549068150499999907e+00 -2.220820579999999850e-02 1.857515558100000019e+00 4.687896008999999919e-01 5.064302469999999445e-01 5.318447049000000204e-01 -4.908216833799999845e-01
1.413394889755760384e+18 -1.472760253699999966e+00 -5.204148160000000162e-02 1.912489551099999963e+00 4.119137186999999867e-01 5.551909841000000068e-01 5.880734012999999649e-01 -4.198329837690000232e-01
1.413394889955760384e+18 -1.397436102299999927e+00 -7.364905739999999534e-02 1.951017030700000099e+00 3.507121335000000228e-01 5.967040471000000235e-01 6.256148619000000410e-01 -3.599323883750000230e-01
1.413394890055760384e+18 -1.385389267899999943e+00 -8.540449109999999344e-02 1.960310507300000005e+00 3.313845616000000160e-01 6.085713685000000428e-01 6.364967482000000176e-01 -3.386695310130000136e-01
1.413394890255760384e+18 -1.439682530300000041e+00 -1.107018158000000058e-01 1.964761500200000066e+00 3.449614637999999789e-01 6.057562860999999854e-01 6.134462493000000238e-01 -3.711396092790000267e-01
1.413394890455760384e+18 -1.568474700299999913e+00 -1.244839598000000019e-01 1.946217937799999964e+00 4.014183779000000118e-01 5.698275577000000425e-01 5.557266567999999962e-01 -4.531310222520000264e-01
1.413394891955760384e+18 -2.124369460500000084e+00 6.629696710000000659e-02 1.887137507100000056e+00 4.365630670999999796e-01 5.295410096999999539e-01 5.881641637000000200e-01 -4.278573641519999859e-01
1.413394892255760384e+18 -2.318170149699999794e+00 8.351431000000000306e-04 1.991100429500000102e+00 4.430858294000000197e-01 4.892300816999999857e-01 5.903527206999999999e-01 -4.645562829550000106e-01
1.413394892555760384e+18 -2.381600570999999888e+00 -1.038073251999999946e-01 2.019118760600000062e+00 3.922058103000000129e-01 4.365654827000000071e-01 6.364035783999999474e-01 -5.005753360250000394e-01
1.413394893055760384e+18 -2.266128770299999928e+00 -2.909541622999999855e-01 2.056816644500000013e+00 2.500475402999999819e-01 3.200152929000000257e-01 7.525094809000000273e-01 -5.184553221369999632e-01
1.413394893755760384e+18 -2.030989641100000132e+00 -6.756643762999999803e-01 2.139359339599999910e+00 2.515991975999999908e-01 1.789483085999999945e-01 7.709307716000000088e-01 -5.570826617330000285e-01
1.413394894055760384e+18 -1.785454140699999970e+00 -8.970399583999999482e-01 2.113676044199999993e+00 2.470711733000000021e-01 1.823274098000000065e-01 7.581464548999999886e-01 -5.752621174719999564e-01
1.413394894255760384e+18 -1.536472622700000068e+00 -1.041554287999999939e+00 2.083140793600000151e+00 1.852540608000000089e-01 1.778490215999999902e-01 7.593065355000000460e-01 -5.979165859220000323e-01
1.413394894455760384e+18 -1.256768131999999927e+00 -1.158321748100000104e+00 2.038906260500000123e+00 1.207702179999999986e-01 1.529847619999999964e-01 7.749610286000000459e-01 -6.012034773350000139e-01
1.413394895055760384e+18 -4.758684691999999772e-01 -1.358738672000000092e+00 1.848146454199999900e+00 4.845815569999999822e-02 7.500332939999999893e-02 8.041707309000000192e-01 -5.876527404300000423e-01
1.413394896055760384e+18 5.958490640000000393e-01 -1.566809946200000025e+00 1.929357312000000046e+00 7.581812960000000601e-02 8.879719070000000047e-02 8.083921088000000088e-01 -5.769478906439999832e-01
1.413394896255760384e+18 8.006389492000000052e-01 -1.619114598399999938e+00 1.932434386199999965e+00 6.445226889999999820e-02 9.142186030000000463e-02 8.085781559000000396e-01 -5.776584755220000034e-01
1.413394896555760384e+18 1.057272283599999918e+00 -1.698732915299999924e+00 1.905715805700000098e+00 5.705869899999999571e-03 -1.364690377999999982e-01 -8.044477246000000248e-01 5.781068268100000296e-01
1.413394897055760384e+18 1.027099597799999930e+00 -1.781874038300000018e+00 1.762752884500000006e+00 8.049759160000000136e-02 -1.944828131000000127e-01 -7.819799548000000433e-01 5.866889494899999447e-01
1.413394897255760384e+18 7.636276705000000220e-01 -1.767728107199999954e+00 1.721911557499999912e+00 5.185188520000000301e-02 -1.775678722000000043e-01 -7.902331367999999578e-01 5.842196694760000142e-01
1.413394897455760384e+18 3.883727814999999861e-01 -1.733643743400000048e+00 1.698978066300000034e+00 4.151544599999999752e-02 1.132687685999999999e-01 7.997332623999999779e-01 -5.881099920719999874e-01
1.413394897555760384e+18 1.897745118999999980e-01 -1.712911231999999950e+00 1.696661577300000001e+00 6.389287539999999321e-02 9.713128619999999991e-02 8.008906770999999480e-01 -5.874158127809999685e-01
1.413394897755760384e+18 -1.981057384000000088e-01 -1.668598216299999937e+00 1.709266236199999955e+00 7.615961720000000157e-02 8.564936839999999496e-02 7.966786389000000135e-01 -5.934366391859999812e-01
1.413394897955760384e+18 -5.658005765000000409e-01 -1.612959670900000031e+00 1.743047057999999927e+00 8.041654500000000594e-02 8.027040300000000406e-02 7.865704830999999952e-01 -6.069569316520000424e-01
1.413394899455760384e+18 -1.479886313399999986e+00 -1.139570452000000067e+00 2.090252535499999897e+00 6.676975459999999474e-02 -4.751244040000000141e-02 8.340478834000000230e-01 -5.455717148969999597e-01
1.413394900055760384e+18 -8.270863621999999804e-01 -1.343095789199999945e+00 2.008640812599999936e+00 8.169098689999999829e-02 1.541101954000000107e-01 -8.040701806000000174e-01 5.683729189289999928e-01
1.413394900255760384e+18 -5.817251861000000135e-01 -1.436868144299999983e+00 2.041088255900000092e+00 1.354200828000000079e-01 1.943936336000000042e-01 -7.794204716000000532e-01 5.799795211220000191e-01
1.413394900455760384e+18 -3.534743591000000240e-01 -1.519847408600000005e+00 2.047379992699999818e+00 1.550215035999999991e-01 2.464590430999999970e-01 -7.540486071999999984e-01 5.887588398719999505e-01
1.413394901055760384e+18 3.725101658000000149e-01 -1.502832794699999974e+00 2.067906114499999948e+00 1.970172877999999961e-01 4.119464687000000125e-01 -6.830014760000000518e-01 5.700818178409999826e-01
1.413394901255760384e+18 6.580225419999999881e-01 -1.357868489699999959e+00 2.133848698900000063e+00 2.701832946000000124e-01 4.403895179999999798e-01 -6.533772249999999504e-01 5.533138906519999844e-01
1.413394901455760384e+18 9.208206214999999917e-01 -1.169258981300000055e+00 2.173347956000000192e+00 3.603603148000000256e-01 4.449808500999999916e-01 -6.305342788000000143e-01 5.239837877899999885e-01
1.413394902055760384e+18 1.371349091899999983e+00 -5.902524708999999925e-01 2.125326335900000085e+00 4.212600586999999952e-01 5.958384885999999936e-01 -5.149221109999999602e-01 4.498573974660000085e-01
1.413394902255760384e+18 1.429206335800000005e+00 -3.685147206000000120e-01 2.128831406499999801e+00 4.544310181999999809e-01 6.294542776999999534e-01 -4.695965554000000042e-01 4.204269699529999960e-01
1.413394902455760384e+18 1.442228799200000022e+00 -1.349526339999999880e-01 2.111172992999999831e+00 4.957398919000000070e-01 6.421145471000000438e-01 -4.253733125999999976e-01 4.012336137620000076e-01
1.413394903755760384e+18 1.131493019199999894e+00 3.390197580000000044e-01 1.899189121700000094e+00 4.428068763999999935e-01 6.221530395000000047e-01 -5.238658080000000439e-01 3.773755170140000170e-01
1.413394904255760384e+18 1.138767307800000017e+00 2.572079537999999999e-01 1.941637997700000007e+00 3.906286386000000221e-01 5.900531548999999876e-01 -5.913041978999999948e-01 3.867892018429999745e-01
1.413394904555760384e+18 1.203912275700000034e+00 1.879541420999999990e-01 1.873873070099999927e+00 3.224586626000000011e-01 5.203094926000000342e-01 -6.631142145999999737e-01 4.307876288190000125e-01
1.413394904755760384e+18 1.288971537299999914e+00 1.250365076999999936e-01 1.839368294400000048e+00 2.958032957999999768e-01 4.467421843000000115e-01 -6.891569083999999901e-01 4.878366391430000171e-01
1.413394904955760384e+18 1.377496663500000107e+00 6.071949699999999728e-02 1.821949270399999987e+00 2.640206229000000016e-01 3.736759880000000145e-01 -7.051805893000000491e-01 5.416453665629999970e-01
1.413394905455760384e+18 1.451923121999999955e+00 -2.972377899999999878e-03 1.808444982799999989e+00 1.756167728999999955e-01 2.516695666000000053e-01 -8.218413426999999771e-01 4.799979017659999903e-01
1.413394905755760384e+18 1.503986201100000031e+00 -1.654875433000000118e-01 1.836035858700000079e+00 1.392855933999999907e-01 2.612054587000000039e-01 -8.125412578999999802e-01 5.021433420509999745e-01
1.413394905955760384e+18 1.590540024700000110e+00 -3.387438421000000255e-01 1.892387596600000110e+00 1.779686944999999965e-01 2.448548188999999931e-01 -7.159268616999999724e-01 6.291438548179999479e-01
1.413394906555760384e+18 1.478578978200000060e+00 -4.319845950999999795e-01 2.027630233600000054e+00 1.383450051000000014e-01 2.136707244999999922e-01 -8.224771367000000000e-01 5.086618136430000048e-01
1.413394906755760384e+18 1.381005591200000104e+00 -4.745478543000000160e-01 2.025055457300000139e+00 7.591549000000000214e-02 1.847766429999999904e-01 -8.339287276000000304e-01 5.144485474329999475e-01
1.413394906955760384e+18 1.324086816199999905e+00 -5.580472953999999763e-01 2.018918607699999868e+00 6.580836750000000623e-02 1.340903182000000027e-01 -7.559548755999999647e-01 6.373549022509999995e-01
1.413394907555760384e+18 1.098874799100000077e+00 -2.878354956999999992e-01 1.973510666299999938e+00 1.259843924999999865e-01 3.362701369999999967e-02 -8.677339198000000309e-01 4.796196422949999816e-01
1.413394907755760384e+18 9.421647037000000502e-01 -2.402443868999999954e-01 1.928795519399999936e+00 7.419006100000000159e-02 2.158324769999999879e-02 -8.742649635000000474e-01 4.792606512979999955e-01
1.413394907955760384e+18 7.596203718999999799e-01 -2.846815796000000121e-01 1.878836352800000054e+00 3.970533800000000321e-03 5.271752259999999690e-02 -7.888170462000000382e-01 6.123501982750000350e-01
1.413394910055760384e+18 -1.264524049999999900e-01 -4.820024540999999774e-01 2.223582800800000037e+00 5.169562529999999906e-02 4.012475730000000101e-02 7.685860800999999576e-01 -6.363906062499999905e-01
1.413394910255760384e+18 -2.365191540999999897e-01 -3.920526254999999738e-01 2.239282009100000082e+00 4.987732369999999665e-02 3.907502470000000228e-02 8.411022240000000094e-01 -5.371521607439999624e-01
1.413394910455760384e+18 -3.365404424999999811e-01 -3.444432204000000275e-01 2.225700792600000089e+00 3.644311339999999760e-02 4.144715949999999705e-02 8.763313190999999502e-01 -4.785367819620000018e-01
1.413394910755760384e+18 -4.868063051000000030e-01 -4.268222127999999893e-01 2.200569890300000164e+00 3.925240459999999876e-02 2.365570380000000042e-02 7.708405798999999892e-01 -6.353774129210000288e-01
1.413394910955760384e+18 -5.736299111999999534e-01 -4.402177583999999921e-01 2.183068125800000203e+00 1.097087449999999999e-02 3.197050829999999871e-02 7.232860102999999485e-01 -6.897208665920000481e-01
1.413394912755760384e+18 -1.090819143400000080e+00 -1.865734259999999867e-01 1.990732606299999929e+00 1.167447919000000056e-01 1.859852555000000018e-01 7.964239864000000058e-01 -5.634615978660000302e-01
1.413394913955760384e+18 -1.017731143800000071e+00 -6.825941009999999531e-01 2.085081166899999783e+00 2.166440400000000169e-02 -5.220630560000000253e-02 8.180567426999999503e-01 -5.723533183560000070e-01
1.413394914555760384e+18 -5.947250630000000537e-01 -9.190553500000000486e-01 1.987531751699999960e+00 1.057091230999999965e-01 2.562656549999999811e-01 -7.733032086000000138e-01 5.702242041520000360e-01
1.413394914755760384e+18 -3.994602469999999905e-01 -9.716782621999999758e-01 2.009664120800000120e+00 1.589738876000000023e-01 2.762619902999999821e-01 -7.662300950999999527e-01 5.579409083340000075e-01
1.413394914955760384e+18 -1.965587786000000114e-01 -1.014316977700000066e+00 1.987811298200000021e+00 1.847638698999999884e-01 3.085708100999999814e-01 -7.508216232000000101e-01 5.539975249099999832e-01
1.413394915255760384e+18 1.211599973000000025e-01 -1.028985558200000039e+00 1.902216704400000014e+00 1.954578423999999981e-01 3.988283487000000016e-01 -6.998140251000000145e-01 5.594573356719999557e-01
1.413394915455760384e+18 3.575085501999999971e-01 -9.679042455999999905e-01 1.864199082699999899e+00 2.218003983999999873e-01 4.583019868000000052e-01 -6.594984862999999642e-01 5.530150257339999653e-01
1.413394916055760384e+18 1.006482026400000063e+00 -4.172018021000000187e-01 1.839209394899999905e+00 4.482414531000000202e-01 5.575907422000000446e-01 -5.205939312999999791e-01 4.659979856199999992e-01
1.413394916255760384e+18 1.100598570500000095e+00 -2.075640390000000057e-01 1.841644048700000091e+00 4.634330003000000087e-01 6.025327265000000043e-01 -4.972650780999999798e-01 4.182243535529999723e-01
1.413394916455760384e+18 1.146166498299999947e+00 -3.044914699999999932e-03 1.844343641400000067e+00 4.776562645999999912e-01 6.412055501000000213e-01 -4.948055573999999845e-01 3.403930019640000193e-01
1.413394916955760384e+18 1.286737187800000015e+00 2.958758700999999935e-01 1.694245196500000050e+00 5.411572512000000224e-01 7.233353724000000096e-01 -3.851855627999999920e-01 1.885917566430000136e-01
1.413394917755760384e+18 1.780974345800000025e+00 5.433580356999999639e-01 1.348250294599999899e+00 5.274586211999999774e-01 8.236859092999999632e-01 -1.262710139000000065e-01 1.654827991280000132e-01
1.413394918555760384e+18 1.791356812799999920e+00 1.425004400399999982e+00 1.271213880099999916e+00 5.526139988999999586e-01 8.286388112000000472e-01 -8.930090599999999934e-02 -9.148451003869999959e-04
1.413394918755760384e+18 1.814095061800000019e+00 1.687493572700000000e+00 1.254927468700000048e+00 5.598633729999999975e-01 8.282727444999999911e-01 -2.265359960000000103e-02 -2.019602617630000211e-03
1.413394919555760384e+18 1.876773585500000063e+00 2.486257082099999849e+00 1.594440778999999919e+00 6.252818138000000303e-01 7.525800966000000258e-01 1.950507749000000013e-01 -6.783101577200000010e-02
1.413394919755760384e+18 1.849856113199999985e+00 2.524688959600000171e+00 1.704489594100000005e+00 5.648723987999999530e-01 7.818038992000000409e-01 2.365893695000000074e-01 -1.171635884440000025e-01
1.413394919955760384e+18 1.796109785999999930e+00 2.548789986900000137e+00 1.776866030199999891e+00 5.104610498999999635e-01 7.961973700000000154e-01 2.723723546999999856e-01 -1.769535672779999902e-01
1.413394920555760384e+18 1.499034359799999994e+00 2.766676019500000194e+00 1.755501113500000043e+00 4.839154957999999840e-01 6.900995726999999968e-01 4.686674914000000247e-01 -2.644601203449999938e-01
1.413394920955760384e+18 1.120310003099999951e+00 2.864652435500000038e+00 1.730878607399999991e+00 4.854286656999999838e-01 6.636365535999999565e-01 5.034560544999999721e-01 -2.654760560559999982e-01
1.413394921555760384e+18 3.492153221000000030e-01 2.860347505200000029e+00 1.518152205800000099e+00 4.199091019000000258e-01 7.428501498999999786e-01 3.895024994999999879e-01 -3.466090071319999910e-01
1.413394921955760384e+18 -1.462615737000000082e-01 3.067505117600000109e+00 1.285084529199999936e+00 5.239987597999999913e-01 6.665409691000000469e-01 4.299444451000000167e-01 -3.103163069720000222e-01
1.413394922755760384e+18 -8.147037625999999921e-01 3.257558542900000020e+00 1.419622256100000035e+00 4.202267706000000214e-01 6.067935586999999575e-01 5.602340925000000027e-01 -3.759638280709999836e-01
1.413394923555760384e+18 -1.641648693799999892e+00 3.315472051400000009e+00 1.769351759200000096e+00 4.042322400000000204e-01 6.003984192000000331e-01 5.830964751999999640e-01 -3.689397443960000245e-01
1.413394923955760384e+18 -2.173484342600000119e+00 3.259395250599999905e+00 1.853600198599999915e+00 3.914676954999999903e-01 5.072113017999999585e-01 6.445130609000000455e-01 -4.172441167639999726e-01
1.413394924555760384e+18 -2.935746395999999869e+00 3.026409650000000173e+00 1.859189876200000091e+00 2.662434438999999875e-01 3.788647961000000119e-01 7.185410853999999459e-01 -5.189167596920000181e-01
1.413394924755760384e+18 -3.175650326600000017e+00 2.952348282800000057e+00 1.875411249499999933e+00 2.460930943000000093e-01 3.090974510000000230e-01 7.490469751999999648e-01 -5.318134857509999591e-01
1.413394925405760512e+18 -3.664451759699999922e+00 2.650037742499999904e+00 1.983340395099999931e+00 2.404779572999999893e-01 1.468583679000000086e-01 7.954779928999999861e-01 -5.364864719819999461e-01
1.413394925905760512e+18 -3.600995483200000180e+00 2.229195073200000099e+00 1.955459207799999932e+00 1.555862121000000098e-01 1.899860744999999906e-01 7.924058850999999848e-01 -5.583826066429999901e-01
1.413394926105760512e+18 -3.540664970999999994e+00 2.041439963799999813e+00 1.937241007199999920e+00 1.535683746000000016e-01 1.771499404999999916e-01 7.981702769999999836e-01 -5.549404127989999713e-01
1.413394926405760512e+18 -3.433708369300000118e+00 1.740037199299999893e+00 1.918082079499999981e+00 1.505550949999999999e-01 1.645302299999999995e-01 8.097333586999999611e-01 -5.427659298000000465e-01
1.413394926605760512e+18 -3.349173085499999925e+00 1.510453588000000069e+00 1.915639891299999897e+00 1.201781814000000004e-01 1.573257819999999974e-01 8.132368654999999613e-01 -5.472217134560000140e-01
1.413394926805760512e+18 -3.266300151199999835e+00 1.266765264700000060e+00 1.922158191799999916e+00 4.399740180000000223e-02 1.334077208999999986e-01 8.111466629000000372e-01 -5.677214985230000233e-01
1.413394927405760512e+18 -3.312581629599999911e+00 5.675730649000000350e-01 1.868390068599999898e+00 2.147735980000000169e-02 -6.588372399999999594e-03 8.153931060000000342e-01 -5.784716060819999894e-01
1.413394927805760512e+18 -3.395297122200000128e+00 1.079996284000000056e-01 1.993013316000000090e+00 1.092849549999999961e-02 -9.180498500000000214e-03 8.196665705000000246e-01 -5.726630769630000062e-01
1.413394929605760512e+18 -3.154182165399999960e+00 -1.307536223200000070e+00 2.012854564199999974e+00 4.528675700000000040e-03 -1.445776070000000073e-02 -8.050793231999999744e-01 5.929736483919999523e-01
1.413394930605760512e+18 -3.010237667100000181e+00 -1.372926208099999990e+00 1.824520854800000036e+00 1.518645599999999922e-02 -3.142647719999999700e-02 -8.460596709000000049e-01 5.319443404970000122e-01
1.413394930905760512e+18 -3.027139078999999899e+00 -1.406318798700000094e+00 1.709388485200000085e+00 2.591641449999999847e-02 8.872864899999999277e-03 8.405374428999999870e-01 -5.410604576769999507e-01
1.413394931105760512e+18 -3.036960775199999851e+00 -1.487367388600000062e+00 1.670303534999999950e+00 3.692868569999999823e-02 2.904740700000000078e-03 7.866426948000000419e-01 -6.162962804549999563e-01
1.413394932405760512e+18 -2.571272541799999978e+00 -1.281478656400000027e+00 1.907507478200000106e+00 1.532367785000000038e-01 1.790397052999999905e-01 -7.622677243000000047e-01 6.028359562139999905e-01
1.413394932605760512e+18 -2.481803914499999930e+00 -1.206481625299999916e+00 1.964635161199999924e+00 1.972887168999999941e-01 2.459816947000000031e-01 -7.258247313000000256e-01 6.113498404989999857e-01
1.413394932805760512e+18 -2.433136551300000061e+00 -1.095518233299999977e+00 1.982857885400000075e+00 2.255690915000000130e-01 3.102018874999999953e-01 -7.155340470000000064e-01 5.838701923089999468e-01
1.413394933105760512e+18 -2.400616974000000070e+00 -8.932614088000000452e-01 2.000759157000000066e+00 2.546527684000000069e-01 3.854192638000000226e-01 -7.233625404000000314e-01 5.131769615290000530e-01
1.413394933405760512e+18 -2.357196550399999868e+00 -7.089852533999999595e-01 1.949140843399999934e+00 3.005359718999999763e-01 4.424141939999999829e-01 -6.836632129999999918e-01 4.965404532789999825e-01
1.413394934105760512e+18 -2.309628515500000034e+00 -3.096863324999999945e-01 1.688803742299999966e+00 3.768675698000000240e-01 5.436434561999999859e-01 -6.022137512999999887e-01 4.469465574279999909e-01
1.413394934405760512e+18 -2.338235403300000126e+00 -1.333589495999999985e-01 1.586700681700000004e+00 4.254570414000000134e-01 5.909481107999999816e-01 -5.478024108000000281e-01 4.119212970309999999e-01
1.413394934605760512e+18 -2.369883964100000018e+00 -2.499000410000000102e-02 1.466977600899999956e+00 4.376822571999999800e-01 6.229941300000000348e-01 -5.261048109999999500e-01 3.788486289429999765e-01
1.413394935105760512e+18 -2.434646802100000063e+00 1.939875309999999908e-01 1.339104624800000032e+00 4.585574480999999869e-01 6.298122367999999804e-01 -5.035546056999999909e-01 3.734894540440000243e-01
1.413394936255760384e+18 -2.845246607099999991e+00 4.838472454000000145e-01 1.168559758100000012e+00 4.154715459000000166e-01 6.460313091999999591e-01 -5.241610953999999989e-01 3.678071345330000130e-01
1.413394936605760512e+18 -2.993764773000000101e+00 6.093765026999999890e-01 1.074638169500000018e+00 4.900018952999999899e-01 7.196951522000000212e-01 -3.765434766999999905e-01 3.164680719369999951e-01
1.413394936805760512e+18 -3.088286380900000072e+00 6.949612230999999696e-01 1.041205605900000108e+00 5.100912906000000246e-01 7.573347085999999617e-01 -3.128618115999999838e-01 2.614737103159999743e-01
1.413394937305760512e+18 -3.343964814900000082e+00 9.852435895000000166e-01 9.916777881999999655e-01 5.232249691999999452e-01 8.199519083999999847e-01 -1.791687069000000021e-01 1.476924978399999921e-01
1.413394938255760384e+18 -3.562234359100000081e+00 1.893141830300000050e+00 1.037987956100000053e+00 5.314022507000000228e-01 8.024910060000000067e-01 -2.477601366000000138e-01 1.106107945489999966e-01
1.413394939055760384e+18 -3.160010402799999785e+00 2.698508967400000014e+00 1.364656619700000073e+00 5.012381146000000065e-01 7.057709711999999858e-01 -4.374546102999999908e-01 2.434772116920000118e-01
1.413394939255760384e+18 -2.998882888399999835e+00 2.860150328000000020e+00 1.356521530500000017e+00 4.910120433999999867e-01 6.526361849999999798e-01 -5.035912694999999939e-01 2.817250727730000182e-01
1.413394939455760384e+18 -2.817348268399999967e+00 2.970082629300000221e+00 1.324902513200000076e+00 4.545546845999999808e-01 6.361167256999999964e-01 -5.227323481000000216e-01 3.398329622160000119e-01
1.413394940255760384e+18 -2.033305397399999936e+00 3.183001105899999850e+00 1.459291726800000077e+00 3.780295250999999856e-01 5.708309532999999991e-01 -6.079142517000000190e-01 4.021019316619999784e-01
1.413394941305760512e+18 -8.291123894999999910e-01 3.141178287199999808e+00 1.502662189500000078e+00 2.965932483000000008e-01 3.873527601999999792e-01 -7.469773428999999521e-01 4.516803444229999798e-01
1.413394941805760512e+18 -1.957927415999999865e-01 2.879290614099999868e+00 1.683320570600000066e+00 2.258500073999999969e-01 4.100288370999999876e-01 -7.180810172999999574e-01 5.150026984759999982e-01
1.413394942305760512e+18 4.776343303999999734e-01 2.501132629699999832e+00 1.911936645699999993e+00 3.344021547000000094e-01 2.645112593000000234e-01 -7.827477756999999814e-01 4.533375257750000276e-01
1.413394942905760512e+18 7.540709878000000366e-01 1.344250203499999907e+00 2.062637053200000015e+00 1.337098055000000008e-01 1.556338466999999948e-01 -7.681330682000000465e-01 6.065240170569999867e-01
1.413394943105760512e+18 7.536359987999999843e-01 9.458926200999999701e-01 1.980308668199999955e+00 3.484357009999999866e-02 1.233460410000000035e-01 -7.311295209000000517e-01 6.700905188269999924e-01
1.413394943305760512e+18 7.657903651999999894e-01 6.462172565999999563e-01 1.863784239399999931e+00 2.944736010000000015e-02 -6.411712170000000155e-02 7.200066858000000458e-01 -6.903710741659999650e-01
1.413394943805760512e+18 9.813373098000000017e-01 4.243466177999999922e-01 1.671977533900000035e+00 1.041679466999999998e-01 7.534878609999999532e-02 7.779405233999999725e-01 -6.150448287480000387e-01
1.413394944605760512e+18 1.483680930000000009e+00 5.438833517000000173e-01 1.518548997399999934e+00 1.054559572000000056e-01 1.554004626000000111e-01 8.262462427000000220e-01 -5.310808637099999618e-01
1.413394944905760512e+18 1.564446233099999972e+00 5.051039569999999923e-01 1.456556574199999954e+00 1.412883376000000080e-01 2.654431944999999793e-01 8.259557043999999904e-01 -4.768382225919999828e-01
1.413394945405760512e+18 1.419662530399999900e+00 1.928226570999999889e-01 1.300072760099999947e+00 3.117162184000000225e-01 4.050018991000000068e-01 7.136807523999999514e-01 -4.790263505019999868e-01
1.413394945605760512e+18 1.330959473200000076e+00 2.559891469999999933e-02 1.262530132400000005e+00 3.383473015999999833e-01 4.781970225000000130e-01 6.379625051999999741e-01 -4.998525313389999836e-01
1.413394945905760512e+18 1.217879495999999895e+00 -1.473663192000000122e-01 1.213378627099999996e+00 3.656508453000000269e-01 5.955465694999999560e-01 5.365752000000000299e-01 -4.729807582850000247e-01
1.413394946255760384e+18 1.124618278300000052e+00 -1.423424642999999989e-01 1.166377570399999897e+00 4.620706486999999751e-01 6.859287482000000491e-01 4.281368440000000164e-01 -3.642681854820000176e-01
1.413394947055760384e+18 1.227768701200000034e+00 2.764227278999999982e-01 1.122480122500000066e+00 6.001287208000000151e-01 7.899771547999999699e-01 9.851160870000000291e-02 -7.795560454239999770e-02
1.413394947255760384e+18 1.304249067700000042e+00 3.631302363000000200e-01 1.158023926000000037e+00 5.937491306000000080e-01 8.045270459000000152e-01 1.407468909999999920e-02 -3.246850755089999985e-04
1.413394947455760384e+18 1.371681296800000061e+00 4.214258813000000270e-01 1.259811086600000074e+00 6.015745757999999554e-01 7.949951547000000396e-01 -5.214651189999999770e-02 5.806440486239999865e-02
1.413394948055760384e+18 1.460050138800000008e+00 5.657057484999999941e-01 1.545796873700000074e+00 5.063999559999999844e-01 8.610459766000000403e-01 -2.898070520000000164e-02 3.631844487739999822e-02
1.413394948455760384e+18 1.481250514699999909e+00 9.217300843000000299e-01 1.715793766300000023e+00 5.970109936999999922e-01 8.008792505999999811e-01 4.627425639999999812e-02 5.384483838970000047e-03
1.413394949055760384e+18 1.421863435199999914e+00 1.125587086799999970e+00 1.908651002400000074e+00 5.808767555999999610e-01 8.127377109000000210e-01 4.391793459999999982e-02 1.052725289630000033e-02
1.413394949255760384e+18 1.372617364399999929e+00 1.079197879000000082e+00 1.922608564299999934e+00 4.907057483000000220e-01 8.701070593999999936e-01 4.131103230000000154e-02 2.037086805639999956e-02
1.413394950055760384e+18 9.290835632999999705e-01 1.436275804399999911e+00 1.963795518800000028e+00 6.449318370000000078e-01 7.630899633000000071e-01 1.951478679999999952e-02 -3.709186624860000281e-02
1.413394950455760384e+18 7.625922421999999923e-01 1.404582423799999980e+00 1.985812219999999906e+00 5.173410345000000188e-01 8.497523216000000268e-01 8.389609630000000040e-02 -5.692706683370000326e-02
1.413394951055760384e+18 5.072498227999999720e-01 1.640583757799999987e+00 2.136894773799999925e+00 6.826147518999999830e-01 7.122578511999999584e-01 1.425165375999999928e-01 -8.009301097809999603e-02
1.413394951255760384e+18 4.054860526999999881e-01 1.602898462700000026e+00 2.203916224799999934e+00 6.729321884000000198e-01 7.065217548000000125e-01 1.695441128999999880e-01 -1.387230107730000050e-01
1.413394952255760384e+18 -9.543158929999999429e-02 1.631984851699999961e+00 2.619613984599999945e+00 6.225794877000000449e-01 7.411990205999999803e-01 1.992859200000000053e-01 -1.526562001189999962e-01
1.413394952455760384e+18 -2.225447902999999894e-01 1.700272131800000031e+00 2.632437299399999819e+00 5.586270232000000169e-01 7.842291300000000520e-01 2.057167866999999872e-01 -1.749317705760000119e-01
1.413394953255760384e+18 -5.970663671999999478e-01 1.975810153799999913e+00 2.794037953900000204e+00 6.637560891999999546e-01 6.750750353000000148e-01 2.432351235000000111e-01 -2.110408148569999920e-01
1.413394954055760384e+18 -4.429098367000000036e-01 1.354444191900000094e+00 2.557647100100000070e+00 5.078937320999999949e-01 8.031241064999999901e-01 2.784844367000000043e-01 -1.395780962139999970e-01
1.413394954455760384e+18 -5.189028951999999917e-01 1.109629635199999909e+00 2.252073214100000165e+00 6.350233513999999913e-01 7.038037283000000421e-01 2.542153560000000034e-01 -1.917816677030000083e-01
1.413394955055760384e+18 -5.366986006999999725e-01 5.862167216000000458e-01 1.932968697299999983e+00 5.220337293000000267e-01 7.988139301000000136e-01 2.572325481000000136e-01 -1.523433843220000083e-01
1.413394955455760384e+18 -6.406020434000000430e-01 3.600712721000000061e-01 1.744079745000000070e+00 5.401345978999999575e-01 7.430581468000000411e-01 3.009821360000000112e-01 -2.559862505919999753e-01
1.413394956305760512e+18 -9.267672156999999800e-01 3.380578369000000194e-01 1.828072388600000098e+00 5.862293015999999746e-01 6.706677537999999883e-01 3.508187866999999960e-01 -2.889050863100000033e-01
1.413394957055760384e+18 -1.118112943300000106e+00 2.663215139999999814e-01 1.845621665099999920e+00 4.518361376000000207e-01 6.771355801999999757e-01 4.947062846999999985e-01 -3.042978846480000055e-01
1.413394957255760384e+18 -1.257863406900000092e+00 2.784679413999999742e-01 1.882908237299999898e+00 5.080229934000000114e-01 6.348675163000000454e-01 4.603940746999999889e-01 -3.562206771079999834e-01
1.413394957455760384e+18 -1.352599381000000101e+00 2.777722000000000246e-01 1.932727343600000092e+00 5.466166779000000142e-01 5.993255697999999576e-01 4.226252736000000176e-01 -4.042362514289999931e-01
1.413394958955760384e+18 -1.120287201400000043e+00 4.404764369999999984e-01 2.047524537999999783e+00 3.069317427000000098e-01 5.127754975999999631e-01 7.042046293000000512e-01 -3.833406245700000103e-01
1.413394959255760384e+18 -1.237395543899999950e+00 4.402024950999999797e-01 2.117091219599999796e+00 3.647618492999999962e-01 4.112970937000000049e-01 6.563092512000000545e-01 -5.167607384510000124e-01
1.413394959755760384e+18 -1.251345454299999993e+00 4.357840253999999969e-01 2.206180382399999917e+00 2.337206822000000017e-01 4.005419645000000139e-01 7.814586827999999707e-01 -4.174483254029999757e-01
1.413394960455760384e+18 -1.422098770000000068e+00 1.531352391999999951e-01 2.217348323399999988e+00 1.707569023999999935e-01 1.966241573999999992e-01 7.758815945000000491e-01 -5.746205464220000003e-01
1.413394961055760384e+18 -1.448497744600000026e+00 -1.728161312000000005e-01 2.097421923599999793e+00 8.325096429999999381e-02 6.967461490000000091e-02 7.784421764000000188e-01 -6.182576347949999551e-01
1.413394961555760384e+18 -1.450731327800000026e+00 -4.735108445999999804e-01 2.037159792300000216e+00 1.009369440999999951e-01 4.884642289999999859e-02 8.424690067000000226e-01 -5.269456641749999948e-01
1.413394962455760384e+18 -1.166350583700000110e+00 -9.311883510999999780e-01 2.074430658099999825e+00 9.006907240000000536e-02 7.800605759999999778e-02 7.897272133999999610e-01 -6.017753281640000340e-01
1.413394962955760384e+18 -8.990529881000000056e-01 -8.702940812999999665e-01 2.135218389099999836e+00 6.570551689999999667e-02 7.582938629999999569e-02 8.183190098999999496e-01 -5.659387663880000030e-01
1.413394963555760384e+18 -5.276434934999999493e-01 -5.932348083999999799e-01 1.967986223600000084e+00 6.469577059999999380e-02 4.604084640000000173e-02 8.412978519999999572e-01 -5.347079781679999755e-01
1.413394964555760384e+18 2.090690044999999886e-01 -2.872278349999999869e-01 1.678940576800000084e+00 6.255207940000000189e-02 7.027696049999999917e-02 7.688916862000000352e-01 -6.324191339770000031e-01
1.413394965055760384e+18 4.995359737999999772e-01 -1.949817389999999873e-01 1.677573574299999981e+00 1.210242159999999970e-02 1.098111573999999979e-01 8.529187119000000150e-01 -5.102202583749999576e-01
1.413394965755760384e+18 5.873801508999999532e-01 -2.602762229000000205e-01 1.862061000700000024e+00 5.411321689999999685e-02 6.709377749999999307e-02 -7.697224292000000023e-01 6.325326606879999591e-01
1.413394966055760384e+18 6.119551117999999512e-01 -1.510830066000000138e-01 1.889069176500000058e+00 1.098712483999999961e-01 1.672280392000000115e-01 -7.535822279999999651e-01 6.261604564839999831e-01
1.413394966555760384e+18 6.155378460000000551e-01 1.660445533000000085e-01 1.795342636200000008e+00 1.616133331999999867e-01 2.932049011000000260e-01 -8.179885512000000247e-01 4.677678340290000181e-01
1.413394967455760384e+18 8.079804216000000539e-01 4.312290326000000062e-01 1.805228921599999925e+00 3.256506706000000251e-01 4.199301950000000061e-01 -6.494244649999999508e-01 5.439284293699999662e-01
1.413394969055760384e+18 9.124065509000000018e-01 1.068839069200000047e+00 1.934337801100000087e+00 4.363184224000000166e-01 6.349696419000000480e-01 -5.138144650999999508e-01 3.774049332319999728e-01
1.413394969455760384e+18 1.030471027499999970e+00 1.248501290000000097e+00 1.836614467400000006e+00 4.863746639000000038e-01 6.290008452999999999e-01 -4.732668943000000183e-01 3.792308924480000121e-01
1.413394970255760384e+18 1.045828597599999910e+00 1.722390549300000018e+00 1.664834931399999940e+00 4.260183625000000252e-01 6.625921206999999535e-01 -5.040694216000000116e-01 3.541102293949999757e-01
1.413394971255760384e+18 9.914843704000000368e-01 2.126555789499999793e+00 1.659278969200000065e+00 3.967641378999999802e-01 6.699136969000000219e-01 -5.174804536999999538e-01 3.549758267920000154e-01
1.413394972055760384e+18 1.401220699700000072e+00 2.327495241099999834e+00 1.754296241300000059e+00 4.750848984000000108e-01 5.566910443000000486e-01 -5.554603956000000453e-01 3.947824330979999852e-01
1.413394972455760384e+18 1.608054885500000086e+00 2.199210619600000083e+00 1.709491075399999893e+00 4.075878255000000006e-01 4.380119120000000033e-01 -6.416783748000000065e-01 4.798610140710000138e-01
1.413394973105760512e+18 1.590765676299999987e+00 1.726555055599999999e+00 1.602380270100000059e+00 1.266346395999999874e-01 2.352611183999999966e-01 -7.745826085000000472e-01 5.732692708180000540e-01
1.413394973305760512e+18 1.593245108699999912e+00 1.595516815100000096e+00 1.589251030100000017e+00 8.287423050000000679e-02 1.401723900000000078e-01 -8.027325654000000421e-01 5.736758591580000122e-01
1.413394973905760512e+18 1.565862794999999918e+00 1.184961692799999966e+00 1.587247278700000042e+00 9.092195990000000172e-02 1.241127808000000027e-01 8.013453522000000273e-01 -5.780785771899999981e-01
1.413394974105760512e+18 1.540113109199999997e+00 1.053863639300000044e+00 1.598951641199999996e+00 1.431142247999999950e-01 2.100364325000000087e-01 7.822084703999999666e-01 -5.688171274300000135e-01
1.413394974405760512e+18 1.479313256399999998e+00 8.877176047999999486e-01 1.627497270699999943e+00 2.044782029999999973e-01 3.388937929999999987e-01 7.377702233999999804e-01 -5.468407070859999664e-01
1.413394975605760512e+18 1.056719165999999932e+00 7.086655806999999641e-01 1.483641441899999913e+00 4.310070262999999846e-01 5.600046562999999589e-01 5.778637210000000524e-01 -4.082906417730000070e-01
1.413394977105760512e+18 1.245280106300000078e+00 2.212181940999999874e-01 1.398054400199999936e+00 3.316141651999999773e-01 6.382437564999999813e-01 5.784770931999999588e-01 -3.847612315810000072e-01
1.413394977405760512e+18 1.226730800599999949e+00 2.517205258999999917e-01 1.460927333799999950e+00 3.316241399000000034e-01 6.490427579999999974e-01 6.057825359999999826e-01 -3.190555548840000033e-01
1.413394977805760512e+18 7.652142198000000395e-01 3.458588543000000182e-01 1.654595781400000076e+00 3.776474644000000214e-01 6.218285637999999560e-01 6.117110069000000205e-01 -3.106787311559999765e-01
1.413394978255760384e+18 -1.066129630000000050e-01 3.434171587000000025e-01 1.902765186999999969e+00 4.609858785000000014e-01 5.672425749999999711e-01 5.740367101000000138e-01 -3.690660325699999800e-01
1.413394979055760384e+18 -1.553674432200000011e+00 -2.399947449999999954e-02 2.033596234200000019e+00 4.364224816999999756e-01 5.817683871000000062e-01 5.433931727999999906e-01 -4.192908548900000087e-01
1.413394979255760384e+18 -1.863504760200000110e+00 -1.189440848000000023e-01 2.032541615099999976e+00 4.559572955999999788e-01 5.692361217000000417e-01 5.112255983000000281e-01 -4.546664382730000176e-01
1.413394979555760384e+18 -2.179513122899999988e+00 -2.073779158000000067e-01 2.021103710399999809e+00 4.783614548999999827e-01 5.374859566999999894e-01 4.599648402000000025e-01 -5.202994431170000489e-01
1.413394980555760384e+18 -1.624074951199999894e+00 -2.695262740000000101e-01 2.169606524799999825e+00 4.655872044000000098e-01 5.755581478000000306e-01 5.420270498000000492e-01 -3.977034710940000051e-01
1.413394981055760384e+18 -1.122165178299999955e+00 -4.620617508000000040e-01 2.200163240300000211e+00 4.269564632999999776e-01 6.037209000000000048e-01 5.424188114000000338e-01 -3.987619419549999766e-01
1.413394982055760384e+18 -3.932481173999999857e-01 -5.693773739999999917e-01 2.019659907499999907e+00 4.238557098999999884e-01 6.616391095000000444e-01 5.032491825999999557e-01 -3.596112988030000235e-01
1.413394983405760512e+18 2.072134951000000058e-01 6.962709188000000271e-01 2.161464611099999988e+00 5.505010943999999462e-01 7.706216648999999475e-01 2.571701197999999855e-01 -1.922350750160000121e-01
1.413394983605760512e+18 3.270324251999999765e-01 9.668396267000000099e-01 2.190145558699999828e+00 5.587689328999999594e-01 7.617909358000000131e-01 2.830333510999999969e-01 -1.653601278229999971e-01
1.413394983805760512e+18 4.247067460999999766e-01 1.214645811100000028e+00 2.180327835399999969e+00 5.661953668000000439e-01 7.524334554999999591e-01 2.993783403999999981e-01 -1.537508077549999963e-01
1.413394984405760512e+18 5.361150040000000061e-01 1.754961984399999952e+00 1.997784295500000029e+00 5.488009208999999888e-01 7.482286623999999664e-01 3.305422150999999809e-01 -1.723753521789999910e-01
1.413394984605760512e+18 5.092082850000000382e-01 1.873500165000000051e+00 1.948410250000000010e+00 5.349187627999999473e-01 7.469799478999999964e-01 3.511088440999999838e-01 -1.805698041319999947e-01
1.413394985605760512e+18 -1.272637601000000118e-01 2.183056936699999895e+00 2.020476447000000064e+00 4.631074030999999813e-01 7.076450690000000154e-01 4.339064409000000233e-01 -3.106367493180000050e-01
1.413394986405760512e+18 -9.812900697999999977e-01 2.388904893099999871e+00 2.236349463899999890e+00 4.751023254999999779e-01 7.026660913000000175e-01 4.314260972000000249e-01 -3.072615613529999790e-01
1.413394986605760512e+18 -1.223279139500000001e+00 2.433564900899999994e+00 2.296384310800000161e+00 4.847016491000000205e-01 6.974997979000000514e-01 4.375385925999999981e-01 -2.951581326600000166e-01
1.413394987405760512e+18 -2.258286891000000018e+00 2.545463476700000172e+00 2.444903741400000108e+00 5.196464970999999933e-01 6.772012746000000138e-01 4.282274416999999889e-01 -2.966263809890000158e-01
1.413394987805760512e+18 -2.714905787899999812e+00 2.498687274799999969e+00 2.464330343199999884e+00 5.631169474999999647e-01 6.434205789000000397e-01 4.331364468000000190e-01 -2.851351969009999765e-01
1.413394988405760512e+18 -3.149081155000000187e+00 2.005638889100000100e+00 2.612280971100000126e+00 5.392957954000000553e-01 6.760068671000000196e-01 3.689695738000000058e-01 -3.406408875029999783e-01
1.413394988605760512e+18 -3.183691711499999855e+00 1.813127696400000044e+00 2.633298339700000046e+00 5.288142761999999886e-01 7.197370624000000161e-01 3.113578481000000009e-01 -3.246387417280000021e-01
1.413394989405760512e+18 -2.907630939500000178e+00 1.128278455000000013e+00 2.542263717199999995e+00 5.657868365999999538e-01 7.607031118999999508e-01 2.556169643000000269e-01 -1.894096056050000032e-01
1.413394989805760512e+18 -2.702690762500000066e+00 7.381310330000000475e-01 2.466545764000000140e+00 5.340121587999999697e-01 7.680892853999999881e-01 2.682716782999999827e-01 -2.300003708420000070e-01
1.413394990405760512e+18 -2.362671522299999882e+00 2.868201987999999814e-01 2.129753849400000121e+00 4.621488769000000052e-01 6.597444457000000151e-01 5.007699601999999750e-01 -3.168361230810000095e-01
1.413394991305760512e+18 -2.309554493899999894e+00 -2.442514273999999985e-01 1.757899410500000092e+00 4.281871470999999985e-01 6.405275662999999620e-01 5.281323166000000402e-01 -3.570104481270000019e-01
1.413394991805760512e+18 -2.526053678999999885e+00 -4.253626911999999760e-01 1.663882108799999981e+00 4.913166413999999760e-01 6.880747753000000522e-01 4.339026720999999975e-01 -3.112708348600000119e-01
1.413394992405760512e+18 -2.734962253499999996e+00 -5.349874786999999632e-01 1.618467478899999978e+00 5.095488318999999988e-01 7.366961476000000175e-01 3.451899766000000036e-01 -2.801475577309999743e-01
1.413394993305760512e+18 -2.839498488599999870e+00 -5.071429912999999567e-01 1.567548247700000008e+00 5.476679358999999581e-01 7.537862901999999865e-01 2.990596279000000135e-01 -2.059839788979999919e-01
1.413394994605760512e+18 -2.907924334500000096e+00 -4.767421123999999732e-01 1.200368748000000041e+00 5.836781074000000347e-01 8.013434820000000514e-01 1.208352406000000046e-01 -5.066887914610000015e-02
1.413394995605760512e+18 -3.050835690400000022e+00 -5.639418000999999459e-01 1.062135731399999949e+00 5.494162273999999568e-01 8.273999605999999840e-01 9.705678819999999374e-02 -6.427358862160000019e-02
1.413394995805760512e+18 -3.072182185199999971e+00 -5.476319605999999673e-01 9.973598697000000124e-01 5.718028098999999864e-01 8.120979465000000008e-01 9.507312460000000298e-02 -6.707885518360000299e-02
