1.403715894384058112e+18 8.109648310715078523e-01 2.072480007500804966e+00 1.102182066945723626e+00 -5.594142722311838956e-01 5.965855618746059852e-01 -4.511577192624213750e-01 3.572086949344117635e-01
1.403715894784058112e+18 8.232534869425698343e-01 2.214974533739963114e+00 1.199264631021070393e+00 -5.549647643517812146e-01 6.117531679675468625e-01 -4.344058121336525358e-01 3.592544532697461990e-01
1.403715894984058112e+18 8.443145124230294618e-01 2.310359417302680018e+00 1.251528351232713332e+00 -5.467440436168063966e-01 6.094491012547776920e-01 -4.376634197977973817e-01 3.716093038665528869e-01
1.403715895284058112e+18 8.755936423731438545e-01 2.463010170361799034e+00 1.334071988170584033e+00 -5.426314164963166320e-01 6.110208038532758401e-01 -4.365495108154404669e-01 3.763366148762263275e-01
1.403715895884058112e+18 9.300198831883581541e-01 2.769098498741740411e+00 1.477161585815444100e+00 -5.413260864520375026e-01 6.137649278605705749e-01 -4.349269559468936230e-01 3.756291048968365964e-01
1.403715896184058112e+18 9.568736653722254015e-01 2.920289570504635890e+00 1.545316065933902694e+00 -5.344827141334036469e-01 6.209835042703147900e-01 -4.243962771736994322e-01 3.854808888101390885e-01
1.403715896384058112e+18 9.728183870724753657e-01 3.000593008580811905e+00 1.590085773266160185e+00 -5.150712738900935506e-01 6.320075811513599096e-01 -4.073852178306456295e-01 4.114672337787301792e-01
1.403715896684058112e+18 9.731369206126792015e-01 3.038289821693481496e+00 1.653975033189793553e+00 -4.970175576566401854e-01 6.349286207593434206e-01 -3.999642579721621183e-01 4.357382084078048057e-01
1.403715897184058112e+18 8.825499413773617574e-01 2.792139114798502852e+00 1.757591213396360930e+00 -4.863842221335258897e-01 6.553298824286830637e-01 -3.639174521370956983e-01 4.489289717601416818e-01
1.403715897284058112e+18 8.556943333889909242e-01 2.680860052951783423e+00 1.773481063846705119e+00 -4.966826497773528248e-01 6.500774593178264560e-01 -3.745795489612483986e-01 4.363436762427237436e-01
1.403715897384058112e+18 8.293837669470491836e-01 2.552028643017838494e+00 1.791097232281329665e+00 -5.156831892226374503e-01 6.390353411085100133e-01 -3.943751691181912045e-01 4.125201899913485404e-01
1.403715897484058112e+18 7.529132301167442698e-01 2.127409103594669837e+00 1.842743893200820215e+00 -5.288287000232416712e-01 6.308549171757401597e-01 -4.101760519566869378e-01 3.925785092285914435e-01
1.403715897884058112e+18 7.094548678900340910e-01 1.825634059918308516e+00 1.870766557922864726e+00 -5.158513157549332595e-01 6.349734276945441236e-01 -4.054382565818966944e-01 4.078308304377906146e-01
1.403715897984058112e+18 6.647614532173773405e-01 1.497722571044250994e+00 1.897628530544540393e+00 -5.166084487892151911e-01 6.210176391991107936e-01 -4.272054199407268049e-01 4.061383158684130357e-01
1.403715898184058112e+18 6.098564423600443263e-01 1.150903366670837258e+00 1.923310193114784239e+00 -5.079132215496431346e-01 6.152865363278736677e-01 -4.546174145426932767e-01 3.959414653496500236e-01
1.403715898384058112e+18 5.358333114624591609e-01 8.231962345591781194e-01 1.934628450558222523e+00 -4.951021350835870249e-01 6.390930589790607685e-01 -4.624106747055050648e-01 3.641569795004073185e-01
1.403715898784058112e+18 3.600201180698358039e-01 1.775641034085966297e-01 1.877423261497381368e+00 -4.488199383223239192e-01 6.847573186724200678e-01 -4.831482502159249459e-01 3.102190287558019843e-01
1.403715898984058112e+18 2.790812798884766410e-01 -1.215207794632324756e-01 1.785228646125720298e+00 -4.373158099318480985e-01 6.964185267618105968e-01 -4.857665344496613358e-01 2.962886970090607974e-01
1.403715899184058112e+18 2.085399978182341796e-01 -4.094868135318783242e-01 1.679776052610724824e+00 -4.445907342352841685e-01 7.079201891146693626e-01 -4.751960740108561176e-01 2.745483129080395490e-01
1.403715899384058112e+18 1.770137504896259761e-01 -6.809470760954452473e-01 1.622151727885638772e+00 -4.581913146601829245e-01 7.122037154744296217e-01 -4.668682068223874992e-01 2.546775692769979171e-01
1.403715899684058112e+18 2.546128525548818633e-01 -1.189117765345546029e+00 1.572841202506689129e+00 -4.675361874493225156e-01 6.948988513671873202e-01 -4.821252776483436198e-01 2.570616977428240579e-01
1.403715899984058112e+18 4.169321051321366323e-01 -1.498135996549922577e+00 1.541947155040259254e+00 -4.819131498516271428e-01 6.735229528455176640e-01 -5.047322362166332121e-01 2.436635338209106882e-01
1.403715900384058112e+18 7.596569815422707928e-01 -1.720037639791814010e+00 1.522360860879271804e+00 -4.652897309739901233e-01 6.790132360356641028e-01 -4.992688482814682249e-01 2.705126774741321571e-01
1.403715900684058112e+18 1.057589747698894689e+00 -1.787020538212324317e+00 1.532438873620935782e+00 -4.268484496229001945e-01 6.615286096879507971e-01 -5.256691872420499179e-01 3.222610823589101559e-01
1.403715900984058112e+18 1.321018098242451089e+00 -1.741459970572435401e+00 1.588630927947749294e+00 -4.069913258524509025e-01 6.420274189113803764e-01 -5.548153138345128799e-01 3.381402395184074927e-01
1.403715901484058112e+18 1.202057948135411225e+00 -1.505765916415682248e+00 1.663345069181175528e+00 -4.269976935842837440e-01 6.764245223466802681e-01 -5.148415860216662976e-01 3.083196012978455802e-01
1.403715902184058112e+18 9.480403253076470360e-01 -1.169609764322191436e+00 1.713331150920183621e+00 -4.440869351453468061e-01 6.772662453796114423e-01 -5.112703861677372341e-01 2.875757624183742922e-01
1.403715902884058112e+18 6.453304474486860620e-01 -6.813800757170405120e-01 1.713133354575176792e+00 -4.897943502247134595e-01 6.812651619598987240e-01 -4.456981527163570433e-01 3.119814581877111137e-01
1.403715903384058112e+18 5.788215328605292864e-01 -2.351563578391386855e-01 1.661475883205567383e+00 -5.722081761494693941e-01 6.260955875787551639e-01 -3.955342869227552738e-01 3.523276120752084628e-01
1.403715903684058112e+18 6.442124230401938823e-01 -9.513348325736958877e-02 1.730894384034086020e+00 -5.976796623043322265e-01 5.920461808114936275e-01 -3.792878445878407057e-01 3.852285970721971431e-01
1.403715903884058112e+18 7.436952010671539215e-01 4.279040376472598162e-02 1.846159765412087816e+00 -6.224926019660883547e-01 5.423534131385070456e-01 -3.603222417335411598e-01 4.341930651986698475e-01
1.403715904284058112e+18 9.572725276560133389e-01 2.631502374397458599e-01 2.061228057839371353e+00 -6.980764705535498216e-01 4.143519661328299852e-01 -3.057154362122531110e-01 4.975336787423630946e-01
1.403715904484058112e+18 1.081237012913131013e+00 4.134177624842845233e-01 2.135236203138481947e+00 -7.353396709879926885e-01 3.180588678863365271e-01 -2.811810299766635546e-01 5.282531147200129062e-01
1.403715904784058112e+18 1.146388401305383331e+00 5.592050559878365412e-01 2.105961636178356411e+00 -7.598947741220343222e-01 2.377474383271170888e-01 -1.932907602894408661e-01 5.733016394688280615e-01
1.403715905384058112e+18 1.101355980850195371e+00 6.707064088819729708e-01 1.831572975137383041e+00 -8.028342116914942705e-01 5.037292893173558883e-02 -7.842003078344152167e-02 5.888718836389282840e-01
1.403715905684058112e+18 1.032809856513659197e+00 6.670453577923503019e-01 1.756231157802645271e+00 -8.127112223123863499e-01 1.129381893327545579e-02 -6.402198623538513794e-03 5.825220430457497267e-01
1.403715905884058112e+18 9.627909612439482512e-01 6.612380244420883457e-01 1.682672504713630834e+00 -8.258168208157430357e-01 -5.937708594706644222e-02 5.340416002446934929e-02 5.582552604448026701e-01
1.403715906284058112e+18 8.280577287745334303e-01 6.949796323023347266e-01 1.555539972738594567e+00 -7.839006203805373163e-01 -2.498820591367931498e-01 1.315488580024517518e-01 5.529499722821364927e-01
1.403715906484058112e+18 7.314893708832197472e-01 7.146821660933559972e-01 1.511419113149665927e+00 -7.497981552385877269e-01 -3.240353676579120212e-01 1.858492434096432611e-01 5.461353913011640637e-01
1.403715906684058112e+18 6.194928118755264057e-01 7.166341685118022831e-01 1.511790830724431878e+00 -7.184992272298572624e-01 -3.793513889997108812e-01 2.577012551126819373e-01 5.229162908606274085e-01
1.403715906884058112e+18 5.134716717974279199e-01 7.109842550524165805e-01 1.518753102543571876e+00 -6.749494634971152651e-01 -4.414714547487502139e-01 3.196736330413529337e-01 4.973479111297454680e-01
1.403715907284058112e+18 3.450123751977089981e-01 6.735062333050638728e-01 1.499502365688915706e+00 -5.507814338231973306e-01 -5.902845476204469088e-01 3.991407528463232768e-01 4.346154903054620378e-01
1.403715907484058112e+18 2.854021373797356320e-01 6.230544906956960727e-01 1.548972072157620117e+00 -4.836568816947718896e-01 -6.480383603904259493e-01 4.325221314033367848e-01 3.988068581382366862e-01
1.403715907684058112e+18 2.306644900393065578e-01 5.056478044512884296e-01 1.626910414213691203e+00 -4.024532132945153884e-01 -6.920736574692120113e-01 4.944654977332584855e-01 3.384809230924372692e-01
1.403715907984058112e+18 2.323758257430450502e-01 3.774972862811833973e-01 1.679924550795017790e+00 -3.164551290693896068e-01 -7.301726371838754837e-01 5.480888800790566506e-01 2.574930110261376970e-01
1.403715908284058112e+18 2.670935225896424736e-01 3.168155473437850311e-01 1.706984388079341830e+00 -2.440246171046465129e-01 -7.601461611417583697e-01 5.686804105577939472e-01 1.980716804497749117e-01
1.403715908484058112e+18 3.214947201971168900e-01 2.723886805043851389e-01 1.725466153690023763e+00 -1.634851619428440983e-01 -7.827066930224422237e-01 5.843214349597388724e-01 1.386048165432430535e-01
1.403715908684058112e+18 3.823561665426650213e-01 2.562195777329470125e-01 1.741829448988681417e+00 -7.589757720040171685e-02 -7.925274889515963039e-01 5.993803160735909907e-01 8.296368925444815023e-02
1.403715908884058112e+18 4.961428640213274566e-01 2.814963200486833017e-01 1.742916185001098128e+00 4.090390688286513893e-02 -8.065687173076419025e-01 5.897137448329602405e-01 3.387302394251671695e-03
1.403715909184058112e+18 6.258909281160190963e-01 3.426066646658145753e-01 1.733753575075598130e+00 -1.417411516507346425e-01 8.039776661427655569e-01 -5.741847500991197339e-01 6.197766554143841616e-02
1.403715909484058112e+18 7.957363850658514259e-01 4.308325381995898873e-01 1.690698237324184561e+00 -2.443737553579723720e-01 7.777916526459994762e-01 -5.672929474196726218e-01 1.161908971234281301e-01
1.403715909784058112e+18 9.489500378123321145e-01 5.277398682057663493e-01 1.654176850722743453e+00 -3.129159028694504796e-01 7.501866441463076463e-01 -5.530888957192597877e-01 1.827465734506316941e-01
1.403715909984058112e+18 1.092659255877196145e+00 6.461846493810539105e-01 1.611074797840907236e+00 -3.869467019899786031e-01 7.004259879900305297e-01 -5.357224049601655436e-01 2.695870731154670352e-01
1.403715910184058112e+18 1.211362080885179271e+00 7.770769698795483293e-01 1.554907913720172674e+00 -4.702772191453168937e-01 6.503350797763537416e-01 -4.959252497685323613e-01 3.316048368272844216e-01
1.403715910384058112e+18 1.305893661993374755e+00 9.113200939424879188e-01 1.507463920171337346e+00 -5.280394039361665515e-01 5.945665660658904228e-01 -4.688502474640022233e-01 3.845054380113458459e-01
1.403715910784058112e+18 1.377333757695155869e+00 1.209195047196619299e+00 1.438772722578140595e+00 -6.107151669937690430e-01 5.012907013884468910e-01 -4.038394094168943349e-01 4.611381017732820720e-01
1.403715910984058112e+18 1.350526734852217636e+00 1.365979129915019019e+00 1.421865457199948723e+00 -6.436801308539089606e-01 4.574117114071431511e-01 -3.634776986843436530e-01 4.943019097379823812e-01
1.403715911184058112e+18 1.280505361484952864e+00 1.507379932578081894e+00 1.395483003008630041e+00 -6.697802103916322691e-01 4.036541459930534925e-01 -3.268888393001674886e-01 5.306613674758593469e-01
1.403715911384058112e+18 1.172730806610130072e+00 1.623591144404788800e+00 1.374857268713620906e+00 -7.029575325046537593e-01 3.572413643861593324e-01 -2.770194592491332375e-01 5.490806263781319307e-01
1.403715911784058112e+18 9.035208495961467579e-01 1.785231850999813741e+00 1.355301456418348538e+00 -7.677269541075024684e-01 2.563217618125894215e-01 -2.025220964108719879e-01 5.512524637799384175e-01
1.403715911984058112e+18 7.530219829224653605e-01 1.855717594733003573e+00 1.414331972387835590e+00 -7.799781574677886464e-01 2.166966254871636188e-01 -1.707622990705961186e-01 5.617088957740956623e-01
1.403715912184058112e+18 6.016466658723116367e-01 1.919053711861693046e+00 1.486505064186667946e+00 -7.858697098035825057e-01 1.883252191406084020e-01 -1.382330320561675763e-01 5.725679347443700662e-01
1.403715912384058112e+18 4.498782037218531649e-01 1.976545702038756458e+00 1.546815399583949757e+00 -7.926838857376122816e-01 1.544878838173870395e-01 -1.107171209148049978e-01 5.792473307507617353e-01
1.403715912784058112e+18 1.561496204731904758e-01 2.058699648634910062e+00 1.643666863471772377e+00 -8.045674341982717026e-01 4.613412166744595283e-02 -2.931277892489336789e-02 5.913405513215573839e-01
1.403715912984058112e+18 1.245195345868332915e-02 2.085822005199969631e+00 1.648266058047608507e+00 -8.044394319151219053e-01 -2.838093438836916324e-02 2.297473378637275229e-02 5.929113631486284675e-01
1.403715913184058112e+18 -1.215788828958066503e-01 2.105277415750306247e+00 1.624141295496358106e+00 -7.916795177778802595e-01 -1.015740203311394502e-01 6.844365587938522344e-02 5.985329777836945198e-01
1.403715913384058112e+18 -3.683463434398550618e-01 2.083539786594379439e+00 1.582095153962704170e+00 -7.505899010132792704e-01 -2.024091933901723261e-01 6.395683624293402314e-02 6.257434314683693044e-01
1.403715913884058112e+18 -7.154792438643302610e-01 1.868688293611076467e+00 1.569102715460478414e+00 -7.747008754637648709e-01 -1.941191582399590942e-01 7.017922229935807943e-02 5.976881985762669824e-01
1.403715914284058112e+18 -1.170212971313916439e+00 1.546374283606565481e+00 1.588212055803724709e+00 -8.206705353045686824e-01 -1.293436789944568122e-01 6.941817962297994193e-02 5.522238690286060958e-01
1.403715914684058112e+18 -1.642776018060378540e+00 1.334470080592077945e+00 1.632134701780267871e+00 -8.578080633708569103e-01 -1.067522659122159025e-02 8.024491601271308006e-02 5.075550407662983154e-01
1.403715915184058112e+18 -1.970370015795997798e+00 1.455391774369999780e+00 1.668535943276009403e+00 -8.371801179823072925e-01 4.215065698571987193e-03 4.926624997951958851e-02 5.446875433578799441e-01
1.403715916384058112e+18 -2.206412167119336409e+00 2.388689070752466392e+00 1.383580134495097980e+00 -8.147358393364452223e-01 3.496342611272047762e-02 -1.604430798142220463e-02 5.785547952584919607e-01
1.403715917284058112e+18 -2.027925319451632014e+00 3.284612052728450138e+00 1.247172946163799256e+00 -7.626378231199542057e-01 2.109416255579596167e-01 -1.451736681167162812e-01 5.939796187070396360e-01
1.403715917984058112e+18 -1.869381708918546492e+00 3.245629341644818755e+00 1.146015261299058396e+00 -7.457086370393033459e-01 2.439475214969349659e-01 -1.677206213496557630e-01 5.968902986098639785e-01
1.403715918484058112e+18 -1.848471435445864230e+00 3.073064009527932239e+00 1.022554108251905625e+00 -7.497810515165687084e-01 3.069121572853718005e-01 -1.646140304336402016e-01 5.626148980266520994e-01
1.403715918784058112e+18 -1.813374045177725158e+00 2.930842865682160792e+00 9.592602786018322725e-01 -7.663051551575821296e-01 3.016553498830062963e-01 -1.962531743513041271e-01 5.322265970645503330e-01
1.403715918984058112e+18 -1.736136822090853071e+00 2.754144572514285905e+00 9.679919191456933802e-01 -7.944589370956669505e-01 2.875705087247852898e-01 -2.142680607869575093e-01 4.901299806247192414e-01
1.403715919384058112e+18 -1.591609797408499283e+00 2.918695495953562258e+00 8.146528168287484606e-01 -7.761972922041667777e-01 2.791399846395971607e-01 -1.948029780298342339e-01 5.307074828010556189e-01
1.403715920484058112e+18 -1.583085519944744002e+00 3.080513354999096176e+00 8.819675408696950880e-01 -7.537356255535127003e-01 2.725380381340584135e-01 -1.829164724357787153e-01 5.693392562024369719e-01
1.403715920784058112e+18 -1.588664209152070184e+00 3.192088204301568144e+00 1.002760489514385567e+00 -7.598279155947794683e-01 2.490922290411515527e-01 -1.603494472774706359e-01 5.787077456471553250e-01
1.403715921184058112e+18 -1.584278949305150563e+00 3.255283365671737705e+00 1.236310949567942963e+00 -7.912881338846017298e-01 2.040380547679670198e-01 -1.365216264396153512e-01 5.599941132674614019e-01
1.403715921984058112e+18 -1.507807124357849027e+00 3.444819825245192035e+00 1.781159426142400637e+00 -7.841697420369078131e-01 2.066004533002942789e-01 -1.370520267294721706e-01 5.688680078359361625e-01
1.403715922284058112e+18 -1.478653906502870319e+00 3.490349625503713860e+00 1.946145675070439118e+00 -7.761017915670846978e-01 2.032283138387599997e-01 -1.443656153072870596e-01 5.792433259844816940e-01
1.403715922784058112e+18 -1.474945861980791584e+00 3.502549737662768337e+00 2.478496231164114327e+00 -7.908689071899306366e-01 1.988593107851935049e-01 -1.403051226412273256e-01 5.615120824299981717e-01
1.403715924484058112e+18 -1.420714378335230066e+00 3.181135414147324703e+00 2.113709415209514830e+00 -7.882280240823404949e-01 2.042956193105230356e-01 -1.338814421245833330e-01 5.648324011920889953e-01
1.403715924784058112e+18 -1.353358598008611136e+00 3.021916991999729518e+00 1.947234536869626886e+00 -7.765967894670882110e-01 2.498141761946640338e-01 -1.343502786909864799e-01 5.625302716985520757e-01
1.403715924984058112e+18 -1.272872767634071867e+00 2.905294630126503019e+00 1.846642091822477738e+00 -7.487564139924058892e-01 2.863382516980759740e-01 -1.793384459915609852e-01 5.702735833870037352e-01
1.403715925184058112e+18 -1.189765452047340855e+00 2.760778862032807091e+00 1.791229927991898396e+00 -7.227278985868428318e-01 3.278004718467708023e-01 -2.250785820936501147e-01 5.652883044464944717e-01
1.403715925384058112e+18 -1.116687412163736681e+00 2.586057550109477354e+00 1.777683478027684671e+00 -7.084610376647153540e-01 3.891703806000142429e-01 -2.403274767349969920e-01 5.374682101304822934e-01
1.403715925784058112e+18 -9.563733782899538349e-01 2.166443027248817099e+00 1.756080559249491913e+00 -6.556589246803096183e-01 4.867810730257513541e-01 -3.032980614280402221e-01 4.910863950110515574e-01
1.403715925984058112e+18 -8.662489125568083592e-01 1.925864128692323929e+00 1.735714059493207007e+00 -6.143054057661051504e-01 5.264413473045655989e-01 -3.484209307826776070e-01 4.733827534746349319e-01
1.403715926184058112e+18 -7.844589253495077852e-01 1.666958270778179818e+00 1.676285357379650565e+00 -5.580973022446527043e-01 5.688409812667293286e-01 -3.926118811066341419e-01 4.591331507010307234e-01
1.403715926384058112e+18 -7.329960499103449489e-01 1.389991674391991561e+00 1.582005734982537160e+00 -5.072796604077327576e-01 5.995914867421140437e-01 -4.469739379546844860e-01 4.282192124978502212e-01
1.403715926784058112e+18 -7.633588229125003455e-01 8.402349951949390494e-01 1.392023706824752072e+00 -4.448407113570502780e-01 6.769596153822073914e-01 -4.928951983007014981e-01 3.176424785085257274e-01
1.403715926984058112e+18 -8.124558046656200627e-01 5.891178393085658715e-01 1.357010927255592359e+00 -4.159113170731050801e-01 7.006437996121848144e-01 -5.080592535651428099e-01 2.792701868484089300e-01
1.403715927184058112e+18 -8.585122830528261195e-01 3.613369253992242403e-01 1.332360404893032424e+00 -3.918240150960197177e-01 6.997863425308599172e-01 -5.476290436069591872e-01 2.384857366792464128e-01
1.403715927384058112e+18 -9.006825210485518429e-01 1.829113430136564133e-01 1.317121819489343260e+00 -3.560766360788767959e-01 6.931033462515929777e-01 -5.879012314837868125e-01 2.172310352446045756e-01
1.403715927884058112e+18 -1.097391183931515135e+00 2.505803213479351754e-02 1.272216865849042033e+00 -2.121519887333519483e-01 7.401996352601843965e-01 -6.235069255787141218e-01 1.354073387691864527e-01
1.403715928284058112e+18 -1.336692599175645979e+00 1.489795190801854741e-01 1.122974699809630383e+00 -4.628137962480884104e-02 7.766392079913809754e-01 -6.275535576045598862e-01 2.942969331143729592e-02
1.403715928484058112e+18 -1.455204378868459880e+00 2.824111903000803281e-01 1.017531722328253618e+00 -2.956335714364606918e-02 -7.848283325219093109e-01 6.189354805281256366e-01 9.453429467392969118e-03
1.403715928684058112e+18 -1.575520227871178847e+00 4.619734990234058980e-01 9.369634196065934617e-01 -6.036673987756107501e-02 -8.119475451754398776e-01 5.794026302822330443e-01 3.727777651847595519e-02
1.403715928884058112e+18 -1.690901047739612917e+00 6.453185732756374637e-01 9.416350084511365681e-01 -4.625030905496270439e-02 -8.535996241255758843e-01 5.180036199687925169e-01 3.001400180287361677e-02
1.403715929184058112e+18 -1.927730972621764405e+00 7.867352052159135578e-01 1.136478119431138190e+00 4.843427054878755855e-02 -8.652790050194216764e-01 4.974973705409792002e-01 3.798330177615621278e-02
1.403715929484058112e+18 -2.002719426725032115e+00 7.448595234168822188e-01 1.202622416408976491e+00 1.129592802750284536e-01 -8.192259345771855106e-01 5.532205718624609858e-01 1.002799480656852843e-01
1.403715929784058112e+18 -1.838752235980288141e+00 6.338256642957289522e-01 1.324728964849966273e+00 2.455316730758079491e-02 -8.106563145191189035e-01 5.849660838781238770e-01 6.939914821960332415e-03
1.403715931484058112e+18 -1.854985344393291991e+00 2.326567576437943430e-02 1.487744788591432332e+00 -4.712846581238999341e-03 -8.491968285476275691e-01 5.278512915233226632e-01 1.468160409879877733e-02
1.403715931784058112e+18 -1.920249320844560570e+00 -3.479469715230500970e-01 1.516487691141265248e+00 1.131146510141894067e-02 -8.348081017299370243e-01 5.501643805312974589e-01 1.693039981607388778e-02
1.403715931984058112e+18 -1.944742720966143423e+00 -6.155927618728445072e-01 1.532227273181100857e+00 1.595432760286097720e-02 -8.090389892681700834e-01 5.874172790991337711e-01 1.192952180301446244e-02
1.403715932184058112e+18 -1.958418058039257392e+00 -8.624888697051815711e-01 1.570817782789032391e+00 2.081747224442336355e-02 -7.623165370296922649e-01 6.467297136273750802e-01 1.344647655944824528e-02
1.403715932384058112e+18 -1.947512020867092630e+00 -1.068700962633425844e+00 1.639375112887105246e+00 1.808587914909036420e-02 -7.056167585201017500e-01 7.083139790765381472e-01 8.318540481919108054e-03
1.403715932684058112e+18 -1.888813269144163698e+00 -6.940285214809731595e-01 1.786076291240459080e+00 8.401939389513149795e-03 -7.727340170020764454e-01 6.344605779407092028e-01 1.647183722207124987e-02
1.403715933184058112e+18 -1.848615388849208507e+00 -3.798160931076330904e-01 1.835981514258809177e+00 2.310935793986629988e-03 -8.398735079494149547e-01 5.424050990885417312e-01 2.009623604681919085e-02
1.403715933384058112e+18 -1.808743394667513549e+00 -1.051750957079102822e-01 1.890294912164293573e+00 -1.746822943434925973e-02 -8.934210197624919969e-01 4.488738338511078507e-01 2.454320840012110070e-03
1.403715934184058112e+18 -1.801587399820110402e+00 -3.972906294962397222e-01 2.247317557140124933e+00 -1.718476381794664318e-02 -8.041643698251409456e-01 5.933617355849031272e-01 3.076037938527644705e-02
1.403715934284058112e+18 -1.807461901732472009e+00 -6.551552076172355576e-01 2.306369125491508854e+00 -1.588804530979626151e-02 -7.229562598032865939e-01 6.898433452481352868e-01 3.461178187175509291e-02
1.403715934484058112e+18 -1.749728259152207199e+00 -3.352339113782061286e-01 2.384402522045582451e+00 -1.348446876731545369e-02 -7.708342770683379586e-01 6.368165552376801042e-01 9.867186722229677118e-03
1.403715935184058112e+18 -1.731039100604624181e+00 3.792859250356683809e-02 2.368460111835452242e+00 -1.641706677931507180e-02 -8.432644434052615212e-01 5.370940300613868956e-01 1.286706179343670951e-02
1.403715935384058112e+18 -1.716036707756632973e+00 3.716755833445057888e-01 2.310540879117454871e+00 -1.466727202474046171e-02 -8.798927350254669433e-01 4.746031807445264539e-01 1.804069865427313304e-02
1.403715935884058112e+18 -1.669145459095083162e+00 4.934961159192805535e-01 2.091933361596493679e+00 -1.223062804682205178e-02 -8.129447360443944337e-01 5.809470703207643139e-01 3.836364634665745399e-02
1.403715936384058112e+18 -1.612970202614541826e+00 2.518869823378511175e-01 2.052047610247321074e+00 -3.514632877270934541e-02 -7.434061898342750885e-01 6.675171233505630131e-01 2.308381518891850642e-02
1.403715936884058112e+18 -1.537841328386359230e+00 3.744626864145363943e-01 1.970873855738072944e+00 -1.517670987393535988e-02 -7.990772533305495751e-01 6.008296202071382597e-01 1.577904207655463770e-02
1.403715937284058112e+18 -1.487682511811099229e+00 5.454026689780719916e-01 1.880842087569142507e+00 -4.538161172900066070e-02 8.130793807992504618e-01 -5.798780645649650456e-01 2.416319665060483179e-02
1.403715937884058112e+18 -1.367103899324866978e+00 7.481252371645623622e-01 1.574458912849239667e+00 -1.563829682373984453e-01 8.500030941976800536e-01 -4.951796467091931220e-01 8.852245243207315650e-02
1.403715938184058112e+18 -1.192925570949755265e+00 5.806012448966917372e-01 1.535336936111063810e+00 -2.550356014325599330e-01 7.958882910497256935e-01 -5.313441759856925017e-01 1.385353269674024501e-01
1.403715938984058112e+18 -6.741295862825332774e-01 6.609508814429232437e-02 1.536956033790524145e+00 -3.153416985060000233e-01 8.009398281114359364e-01 -4.779268374105590800e-01 1.750455455329150700e-01
1.403715939284058112e+18 -4.540602675396571142e-01 -1.529078853310412711e-01 1.541899744412335238e+00 -3.004714358789305484e-01 7.509648671238055018e-01 -5.511560870706010418e-01 2.049284076247192554e-01
1.403715939484058112e+18 -2.406440591745502289e-01 -3.491122645255626544e-01 1.543147949032142918e+00 -2.825660861515993938e-01 7.060504683226073164e-01 -6.093554659678717123e-01 2.243547620031086931e-01
1.403715939684058112e+18 -1.445203622312443148e-01 -1.982282321747439457e-01 1.785667410260026067e+00 -2.974399812959147571e-01 7.823451390469203792e-01 -5.176087091413151819e-01 1.776140905373276846e-01
1.403715940484058112e+18 -1.971708689746634047e-01 -4.198811302945415491e-02 1.861631474821169308e+00 -3.094229826601432309e-01 8.366800027753527047e-01 -4.251118124102085671e-01 1.533099400131761603e-01
1.403715940684058112e+18 8.405454542966861453e-02 -1.640925885788240279e-01 2.089027676966083380e+00 -3.015080429920921068e-01 8.170043967595177481e-01 -4.654152925641266703e-01 1.580674575431136042e-01
1.403715941184058112e+18 2.139911875467616076e-01 -2.711595411817617762e-01 2.154713090029333866e+00 -2.808241582681096915e-01 7.662589943994495556e-01 -5.473877780722099518e-01 1.853417547454471737e-01
1.403715941284058112e+18 4.469179584371398839e-01 -4.630840869874517374e-01 2.266127086577105043e+00 -2.449438623564768047e-01 6.913159971378486368e-01 -6.408240775709848069e-01 2.267800652625562852e-01
1.403715941484058112e+18 6.595167432743421765e-01 -6.142698993652713213e-01 2.312186828488582702e+00 -2.160060151980823517e-01 6.427456770889239390e-01 -6.862172065080927030e-01 2.632970593720628805e-01
1.403715941784058112e+18 4.133864609171871152e-01 -3.125506502866068903e-01 2.198259087809967482e+00 -2.516409452966024141e-01 7.113945216516688319e-01 -6.156724018903027007e-01 2.270289910228461827e-01
1.403715942284058112e+18 1.639643800338945745e-01 -6.256018862768164546e-02 2.044349824449636976e+00 -2.839002107334168135e-01 7.910016875428049765e-01 -5.085173515071509387e-01 1.874222608606256335e-01
1.403715942484058112e+18 -5.519871871389714357e-02 1.676320543780800421e-01 1.844951953103872722e+00 -2.968637735260700183e-01 8.332088837309822305e-01 -4.356339552566687034e-01 1.669068993992287031e-01
1.403715942684058112e+18 -2.102436823547830791e-01 3.094227812055305726e-01 1.650461430979026201e+00 -3.135351051988543025e-01 8.499881436238746479e-01 -3.967751808896192722e-01 1.475986088579151478e-01
1.403715943184058112e+18 -1.467140041821483054e-01 1.653076382297913316e-01 1.324341410705800914e+00 -3.185017066652319762e-01 7.935901796322247792e-01 -4.884744709196648382e-01 1.736778077429038669e-01
1.403715943384058112e+18 7.294378873568652111e-03 3.556653035455159539e-03 1.301810262582687949e+00 -2.979896126537539547e-01 7.176218507307614569e-01 -5.863256978186578428e-01 2.290049042743101115e-01
1.403715944284058112e+18 -1.135666679161699832e-01 1.209243197333493836e-01 1.407860568355164377e+00 -3.442128114333304900e-01 7.918859729286392701e-01 -4.538057157035108036e-01 2.202147104960258395e-01
1.403715944484058112e+18 -2.239883103811812770e-01 2.183698894132739543e-01 1.438186916299709184e+00 -4.014769551220909727e-01 8.012552752298023329e-01 -3.868562233102659786e-01 2.171370555856974860e-01
1.403715944684058112e+18 -1.451282614601194787e-01 1.502094951228827302e-01 1.539055415622130996e+00 -4.949883679677732351e-01 7.100678395693172940e-01 -4.151269706560833939e-01 2.801067243388951078e-01
1.403715945284058112e+18 1.662410709880799420e-01 -1.614959811765781517e-02 1.709211876666075991e+00 -4.534533460667852789e-01 5.469705992960026686e-01 -5.826805223335430606e-01 3.945714578371298797e-01
1.403715945684058112e+18 7.884668768336844380e-02 5.317384536569025322e-02 1.797498168291538523e+00 -4.787827612634082408e-01 6.249902419750557048e-01 -4.999269287679583562e-01 3.608702410085705692e-01
1.403715945884058112e+18 -4.333654590475366497e-02 1.318179576412625842e-01 1.840368123201904904e+00 -5.148771631507335078e-01 6.840650006132740213e-01 -4.181858787754398898e-01 3.034421733949123068e-01
1.403715946484058112e+18 1.034325033036276320e-01 2.822412550919857210e-01 2.015705502258118287e+00 -5.650819898637948757e-01 6.230984095139036061e-01 -4.122846667222477834e-01 3.499315224133757729e-01
1.403715946684058112e+18 3.024669246330401462e-01 3.191572587445514753e-01 2.091048705360218918e+00 -5.314487380698738050e-01 5.686286046156866503e-01 -4.693239188367885339e-01 4.170836942682310533e-01
1.403715946884058112e+18 4.973231926468685282e-01 3.829112735120188127e-01 2.179787033765477666e+00 -5.040579278831507359e-01 5.330574232797357093e-01 -5.041002217068714097e-01 4.556954633300576152e-01
1.403715947184058112e+18 1.550631619321318766e-01 5.594392356842827763e-01 2.158355403314333731e+00 -5.385099428583409731e-01 6.200046404678732914e-01 -4.103389242114442448e-01 3.965138768290512039e-01
1.403715947784058112e+18 -4.815014739916256836e-02 6.042921978713844400e-01 2.064625816224451071e+00 -5.751031698881758913e-01 6.509798996605220545e-01 -3.572797780536656753e-01 3.432676425421878896e-01
1.403715947984058112e+18 -1.829032956665788134e-01 6.310322452369938606e-01 1.940244043176630129e+00 -6.059671510928391625e-01 6.637849988226073306e-01 -3.190804215790443155e-01 3.006342823089853122e-01
1.403715948384058112e+18 -1.021616007206671561e-02 6.442243119545076890e-01 1.787848941069242859e+00 -5.812120848970466769e-01 6.264807431035037677e-01 -3.781790502289374412e-01 3.559424066587858482e-01
1.403715948784058112e+18 4.790417800772167611e-01 6.428110593590941058e-01 1.595966252817456077e+00 -5.135014362547010158e-01 5.327477842067334102e-01 -4.859278201563482225e-01 4.651561318366926323e-01
1.403715949284058112e+18 4.189837550625783447e-01 6.590267154106064229e-01 1.541641730313106917e+00 -5.823366004326077094e-01 5.578186713943906749e-01 -4.107586838245085858e-01 4.254406154836973819e-01
1.403715949484058112e+18 3.482192472654838111e-01 6.687504283239349423e-01 1.509092131299689443e+00 -6.427615090475247150e-01 5.718177562206857578e-01 -3.405267078151035243e-01 3.793727157061992927e-01
1.403715949684058112e+18 5.299471958472175004e-01 7.584328716087764821e-01 1.487722717230809844e+00 -7.295652549671267639e-01 4.831207793161035879e-01 -3.054388637793631345e-01 3.755475360469347490e-01
1.403715950184058112e+18 7.515885323436348742e-01 8.643682566780912513e-01 1.512100508104281094e+00 -6.938640897612355918e-01 4.254879775329376557e-01 -3.466461445085385340e-01 4.662070960550771526e-01
1.403715950384058112e+18 9.533861939764517457e-01 9.899888023059352227e-01 1.532344239304206379e+00 -6.405822843167454650e-01 3.952569058178906913e-01 -3.722951938877473999e-01 5.429756937754141033e-01
1.403715951284058112e+18 5.909638729103539045e-01 1.143783904189235923e+00 1.660073766940374895e+00 -7.372082287255828925e-01 4.380914891933072042e-01 -2.646034675534268965e-01 4.411177615494320525e-01
1.403715951484058112e+18 4.275754621795792021e-01 1.149779656845175690e+00 1.690783463199765801e+00 -7.802776021415127605e-01 4.322859028380615087e-01 -2.156198965044887061e-01 3.972452920239157304e-01
1.403715951684058112e+18 3.917702510930113347e-01 1.272481965322370456e+00 1.757481386893639197e+00 -8.086924171691453056e-01 3.956754038282201402e-01 -1.794918974304164638e-01 3.965352543914964500e-01
1.403715951984058112e+18 5.134469405005140930e-01 1.441552853220105401e+00 1.833212472217663702e+00 -7.641552786643128758e-01 3.402816361999055350e-01 -2.043362483849952838e-01 5.084504063824971665e-01
1.403715952184058112e+18 6.635703557407517383e-01 1.608174410459406456e+00 1.898598343073355288e+00 -7.171330845207348759e-01 2.851195621362141441e-01 -2.145730003374576034e-01 5.986529895517197497e-01
1.403715952384058112e+18 8.392170968234837769e-01 1.743023233538870009e+00 2.021222588741736104e+00 -6.738536972761989263e-01 2.219170233340743703e-01 -2.082340113933175141e-01 6.732849515032909293e-01
1.403715952784058112e+18 7.369761589967807058e-01 1.452152789425749102e+00 2.096170355829182430e+00 -7.458195823292542714e-01 2.199869958560290717e-01 -1.724767997401773223e-01 6.046574450214294849e-01
1.403715953184058112e+18 6.172353288879164346e-01 1.211951935133415814e+00 2.070982835773683917e+00 -8.219972007798004299e-01 2.355241714703656952e-01 -1.374308499209686563e-01 4.999617265885165640e-01
1.403715953384058112e+18 5.425626941809705839e-01 1.010763079470188508e+00 2.020769112614219321e+00 -8.597908252905291926e-01 2.327525222061045396e-01 -1.096418851980789366e-01 4.410948391934992885e-01
1.403715954184058112e+18 7.818803022932634406e-01 1.417462411855003657e+00 1.917381289562173796e+00 -7.876953173911954709e-01 6.356701579931665902e-02 -1.624172438649723049e-01 5.908603560551842770e-01
1.403715954384058112e+18 7.894995108465789890e-01 1.656332990390793736e+00 1.907455125918235517e+00 -7.285421185479513673e-01 8.990197003445132840e-02 -1.276724564922191441e-01 6.669660869480771304e-01
1.403715955184058112e+18 3.476190571441847288e-01 1.492875013839168208e+00 1.833453454288028750e+00 -8.328733099919251037e-01 1.337837635447141071e-01 -8.066999145540473815e-02 5.309579141452658302e-01
1.403715955384058112e+18 2.152565178801753021e-01 1.362375004203931983e+00 1.831677952111541607e+00 -8.685525171939415534e-01 1.481752167487654370e-01 -6.540263743825663889e-02 4.683835234438160078e-01
1.403715955984058112e+18 1.278744072351162275e-01 1.580207755334116726e+00 1.945906407297734342e+00 -7.943320348704981937e-01 2.805339170346147007e-02 -3.496429758047702591e-02 6.058276351299347606e-01
1.403715956184058112e+18 1.159006229699806045e-01 1.752830779681812112e+00 2.029482398659257836e+00 -7.405055435957126342e-01 -7.233773550946874520e-02 4.658442563103974525e-03 6.681295464490899505e-01
1.403715956484058112e+18 8.172120334100307915e-02 1.694736614082277715e+00 2.106754810253114840e+00 -6.852368143532286959e-01 -1.322694613067560698e-01 7.477249304545088848e-02 7.122951439848704824e-01
1.403715956784058112e+18 7.812633166273053043e-02 1.364762207152600215e+00 2.169710083910069809e+00 -7.659374460614019053e-01 -1.444421867998277598e-01 9.632393436540967468e-02 6.190298725116494261e-01
1.403715957284058112e+18 7.681575337952173399e-02 8.420069093216602241e-01 2.130643785468126605e+00 -8.755215535829020679e-01 -1.391282932283001428e-01 8.139533224978338921e-02 4.554998651186506486e-01
1.403715957484058112e+18 4.483791955059523993e-02 7.017464004909410580e-01 2.054046243218074608e+00 -9.046995707394746011e-01 -1.390284168650569308e-01 7.058161857381588244e-02 3.964946672116874682e-01
1.403715957884058112e+18 -8.589329452428495770e-02 8.018542275142606091e-01 1.951964034669247283e+00 -8.708359597193204849e-01 -1.457288476691690482e-01 7.457612771769049631e-02 4.635150864765684720e-01
1.403715957984058112e+18 -2.178620962721606880e-01 1.012653436664705975e+00 1.916733079006706753e+00 -7.900362586353131267e-01 -1.600641098264863893e-01 1.039418202533069630e-01 5.825961626971127849e-01
1.403715958184058112e+18 -3.510441879103256557e-01 1.198575744314454905e+00 1.881801763183208465e+00 -7.193194202769089829e-01 -1.812886182160314830e-01 1.405091801240838378e-01 6.557218761172082244e-01
1.403715958384058112e+18 -4.832710918136061684e-01 1.283293236056010311e+00 1.817277796518685040e+00 -6.525809705039739006e-01 -2.131183874831507896e-01 2.000275609497952634e-01 6.990762510006683916e-01
1.403715958684058112e+18 -4.488727010422658426e-01 1.090243231242920885e+00 1.728124735145947000e+00 -7.051253212309398499e-01 -2.583622598757054911e-01 2.656226400324160353e-01 6.045592089556589555e-01
1.403715958984058112e+18 -3.408663586309788052e-01 8.929115657475295009e-01 1.665005756852649288e+00 -7.532380495765348405e-01 -3.038578101235713813e-01 2.816172163511907467e-01 5.108763209933029348e-01
1.403715959184058112e+18 -1.991600834905896678e-01 7.357373537778408856e-01 1.601220515482161044e+00 -7.636911534259147594e-01 -3.779543126702429867e-01 2.501341219692543305e-01 4.597382741730670075e-01
1.403715959384058112e+18 -9.436817338643765929e-02 6.332178628499420814e-01 1.545072758851522954e+00 -7.818803860716789789e-01 -4.324202880811826022e-01 2.175022055528689491e-01 3.928976290483654488e-01
1.403715959984058112e+18 -4.404764734194570597e-01 7.337046822330635099e-01 1.644826587804150808e+00 -6.321925391504281677e-01 -4.238669377224338897e-01 3.501614952044174722e-01 5.459453634060347227e-01
1.403715960184058112e+18 -5.793785767834562783e-01 7.736888068146836606e-01 1.710924822233815590e+00 -5.676756592891557540e-01 -3.958839451721964386e-01 3.884609235641576785e-01 6.083735354773426307e-01
1.403715960684058112e+18 -3.483591402868596587e-01 6.045290604491804221e-01 1.760603616966787577e+00 -6.476937028178011424e-01 -4.453810804017829805e-01 3.208289777104980645e-01 5.283912637539940338e-01
1.403715960884058112e+18 -1.468133026511484474e-01 4.710519200217875291e-01 1.779127815885725550e+00 -7.161979975790622177e-01 -4.847620760368250292e-01 2.495453809421396829e-01 4.356526836261331304e-01
1.403715961384058112e+18 -1.439601414191951090e-01 2.708457018671517336e-01 1.922029068160357790e+00 -7.468461323089211623e-01 -4.682622309662404780e-01 2.638871069304239425e-01 3.915545077018211528e-01
1.403715961784058112e+18 -5.370872612120922707e-01 3.228053044861982634e-01 2.106730515749670296e+00 -5.935633892416000146e-01 -4.721892672984719930e-01 3.910448281202676957e-01 5.213480039288034273e-01
1.403715961984058112e+18 -6.754372993311166251e-01 3.333394120983912412e-01 2.125603595439101490e+00 -4.952546533220661407e-01 -4.534796141889522736e-01 4.752759059952224585e-01 5.684996755129232415e-01
1.403715962284058112e+18 -3.708884719046423584e-01 2.550084708221542762e-01 2.035378745408541246e+00 -5.390339390791983876e-01 -5.163681829138918600e-01 5.043973607895622102e-01 4.340387247971003171e-01
1.403715962684058112e+18 -7.328899808260813664e-02 2.630652929461982925e-01 1.942850727876837658e+00 -5.755768956443992890e-01 -5.622405550054724310e-01 4.851805876849515364e-01 3.423398791277159070e-01
1.403715962884058112e+18 2.266026090265200743e-01 3.326884588691456646e-01 1.793111895928658051e+00 -5.696739957924944475e-01 -6.324312050076401626e-01 4.272625274546282270e-01 3.048754533961050006e-01
1.403715963284058112e+18 5.453397706317348881e-01 4.826399855658889404e-01 1.493496467493793611e+00 -5.395041359540275749e-01 -7.349465706738224080e-01 3.311799805767044469e-01 2.431226974358838278e-01
1.403715963384058112e+18 5.877088999892594590e-01 5.380106272302052073e-01 1.283044792598501349e+00 -4.820631554269397823e-01 -7.413295338272292145e-01 3.887661442344063079e-01 2.586629497095357388e-01
1.403715963884058112e+18 4.854909314906277196e-01 5.641317651701833746e-01 9.051891760581896040e-01 -3.624486785135564992e-01 -7.264861709559592429e-01 5.127928736513653885e-01 2.790918622710094610e-01
1.403715964184058112e+18 4.439725826821389609e-01 4.165811436378084043e-01 1.133977899329210448e+00 -3.736084730813779564e-01 -7.131594964466826392e-01 5.412554526058450666e-01 2.426165214781479118e-01
1.403715964984058112e+18 4.152316047605563720e-01 4.023683926982781767e-01 1.267368805588491965e+00 -3.726112135273612624e-01 -7.872234429949416246e-01 4.373576295624724830e-01 2.239607961593993168e-01
1.403715965784058112e+18 2.962360415471163577e-01 3.300539046822448253e-01 1.350750681902962658e+00 -3.590279435518132223e-01 -7.612523967936125624e-01 4.765942332781336610e-01 2.538733166974502797e-01
1.403715965884058112e+18 1.839013919075627168e-01 2.361322288639657874e-01 1.423863784733057525e+00 -3.251764238840831323e-01 -6.920746961361378125e-01 5.725884290373252083e-01 2.956947737965611167e-01
1.403715966684058112e+18 2.800223270382969920e-01 7.842534755952335068e-02 1.785563367365358811e+00 -3.539361706709818756e-01 -7.084156774682401903e-01 5.298226970749245757e-01 3.035857781125927968e-01
1.403715967284058112e+18 2.568836085020476112e-01 -1.394648505021556240e-02 1.861482549142754683e+00 -3.207297422014901422e-01 -6.382402029253403386e-01 6.104678962069648440e-01 3.422145869740632063e-01
1.403715967884058112e+18 6.821251852696664786e-01 4.914741643580078367e-02 2.012040467548771083e+00 -3.617761990480791168e-01 -7.648852740484242130e-01 5.065169497434198753e-01 1.658586113797327899e-01
1.403715968784058112e+18 1.008977408938992903e+00 4.792562656968264445e-01 1.643013657323038501e+00 -2.873316019419506206e-01 -7.677268241706473040e-01 5.321111843862432744e-01 2.118814796658592403e-01
1.403715969284058112e+18 1.134539503774314895e+00 6.503213650575681015e-01 1.554190305339975930e+00 -3.145949522013440913e-01 -8.327009143701604721e-01 4.202624525512567155e-01 1.761211918882422955e-01
1.403715969484058112e+18 1.079868833395112748e+00 4.940984358074693716e-01 1.436300941483096283e+00 -2.494704392246691049e-01 -7.822786189154612435e-01 5.119684735749694404e-01 2.523746112549464793e-01
1.403715970284058112e+18 1.217075852470794972e+00 8.543202877656286276e-02 1.446832578205131448e+00 -2.582173320032513097e-01 -6.819208208866961440e-01 6.523769956384217750e-01 2.066689600692959428e-01
1.403715970684058112e+18 1.371950978286314182e+00 1.428775891899469741e-01 1.453154115868197538e+00 -3.040640945580664889e-01 -7.609084473557957695e-01 5.536176897877906899e-01 1.485624942480613109e-01
1.403715970884058112e+18 1.481778927808378832e+00 2.350069107042240812e-01 1.472571564944398670e+00 -3.435064081549706327e-01 -8.229186537839966453e-01 4.414570966497559090e-01 9.961861587260234518e-02
1.403715971484058112e+18 1.176585338502310618e+00 3.892055823088558242e-02 1.694880979061986981e+00 -1.236625903761069262e-01 -8.041117098474200864e-01 5.451246587413365319e-01 2.023636040889519316e-01
1.403715971684058112e+18 1.087249971095145762e+00 -1.422162525674455225e-01 1.786754484573461532e+00 -6.959957917654023551e-02 -7.711515705759180994e-01 6.109654005345848127e-01 1.649316013575257145e-01
1.403715971884058112e+18 1.093337787006802175e+00 -3.364737122725816043e-01 1.902470122484080317e+00 -3.698608110179984337e-02 -7.633195200837306071e-01 6.410984094555711721e-01 7.048524283430773751e-02
1.403715972184058112e+18 1.260026192894185160e+00 -3.232140396152072270e-02 2.063510890076585724e+00 -3.144921034952159050e-02 -8.120579454899607974e-01 5.823325335192184316e-01 2.148629191143745440e-02
1.403715972884058112e+18 1.340501156563996377e+00 4.644296644058509838e-01 2.039004798757178438e+00 -6.510350533379666293e-02 -8.100483754393108526e-01 5.825605435878937755e-01 1.436579604350649193e-02
1.403715973484058112e+18 1.298306824944560844e+00 8.352596044675693054e-01 2.022419210809934587e+00 -7.706162828891210959e-02 -8.467803759964457333e-01 5.262627297682788141e-01 8.487610359778123559e-03
1.403715973984058112e+18 8.159816930435965787e-01 1.058442485200440153e+00 2.013082883392739664e+00 -4.565184920196321827e-02 -8.372929257207213372e-01 5.440937036106711089e-01 2.860955948105261409e-02
1.403715974784058112e+18 2.730852535974576112e-01 9.174357305616656078e-01 1.901823017879945121e+00 -2.721715137223370759e-02 -8.221288302362637079e-01 5.676954842712650384e-01 3.294313742720354071e-02
1.403715975484058112e+18 -1.776025451035867508e-01 7.011589445448793700e-01 1.920786185010193714e+00 -1.026141792579152688e-02 -8.215227800110531664e-01 5.690545899480146108e-01 3.423300869277365321e-02
1.403715976384058112e+18 -2.495499306772677173e-01 3.313843544011918496e-01 1.984649098498594721e+00 5.346268660525999028e-02 -8.175348812102206653e-01 5.733920098199424276e-01 2.494397409906654820e-04
1.403715977284058112e+18 -9.568732225863940677e-02 2.043069809496729228e-01 1.967693819231337349e+00 -1.437304167179216940e-01 8.068222025076797754e-01 -5.698144437530799911e-01 6.075360516970404468e-02
1.403715977884058112e+18 2.595788324105742229e-01 8.771502081910909077e-02 1.946111643416881254e+00 -3.545109255401150961e-01 7.295075748452989339e-01 -5.506664535114145220e-01 1.972489769128918657e-01
1.403715978184058112e+18 4.026618589995335507e-01 1.063620786449102074e-01 1.934291085419433065e+00 -4.319038521634571137e-01 6.820563161632563487e-01 -5.427630973439165896e-01 2.316602344594617391e-01
1.403715978384058112e+18 5.611411169168454283e-01 1.816175353790996372e-01 1.919789453975317306e+00 -4.792496733896654537e-01 6.480517059636974331e-01 -5.158402076879476938e-01 2.902716263879321912e-01
1.403715978784058112e+18 8.459625829817469800e-01 4.403897790540896029e-01 1.882169641076275157e+00 -5.742057595182527008e-01 5.681121606550328940e-01 -4.346261903576597585e-01 3.982918443894179483e-01
1.403715978984058112e+18 9.572405869792035560e-01 5.913157452522577184e-01 1.873113771411601736e+00 -6.322834407115045519e-01 5.079595469528850327e-01 -3.948485707191279337e-01 4.316125061470100222e-01
1.403715979184058112e+18 1.046694819419746514e+00 7.574113355406728587e-01 1.890000271110700236e+00 -6.634963054926550363e-01 4.314486140366922684e-01 -3.582993054989552784e-01 4.952235391440725776e-01
1.403715979384058112e+18 1.086583284031847674e+00 9.200847314024871437e-01 1.895281288023566768e+00 -7.036800982281031791e-01 3.436598857970399323e-01 -3.318020703042994790e-01 5.259653870678500098e-01
1.403715979784058112e+18 9.958205877243263560e-01 1.262462530583006615e+00 1.949552837101347302e+00 -7.577694086115231986e-01 2.075630273951049043e-01 -2.371855447898561786e-01 5.713546450094375562e-01
1.403715979984058112e+18 8.645764631170200776e-01 1.416509041081200682e+00 1.976639464760713727e+00 -7.646172106953136316e-01 1.298309946874323384e-01 -1.815631236586983110e-01 6.045984337180229096e-01
1.403715980184058112e+18 6.676696668916094479e-01 1.535388476770259691e+00 1.994549681381480699e+00 -7.728448496448248051e-01 5.964847358959006474e-02 -1.158489145518583757e-01 6.210732058083464624e-01
1.403715980384058112e+18 4.320453789629203900e-01 1.613123475952127128e+00 2.013119024699940418e+00 -7.757551278137104767e-01 -1.046590330660127077e-02 -4.178819668237653689e-02 6.295619057382249029e-01
1.403715980784058112e+18 -6.851786987441066401e-02 1.610955025789320150e+00 2.024915990976254854e+00 -7.606179255332444766e-01 -1.588554202318599173e-01 1.169815875308390513e-01 6.184986944199866166e-01
1.403715980984058112e+18 -3.065612589988404579e-01 1.531899268879790998e+00 2.029344319209469560e+00 -7.375080931580957344e-01 -2.361975659455407828e-01 1.920497776002255685e-01 6.028344758649885060e-01
1.403715981184058112e+18 -5.003080776454325029e-01 1.403892055414915241e+00 2.025363865878774927e+00 -7.010315372115406563e-01 -3.186361512494410575e-01 2.620707032945981396e-01 5.816740783518223878e-01
1.403715981384058112e+18 -6.111519248398440407e-01 1.259923405877074298e+00 2.038987613949136968e+00 -6.526777251712697625e-01 -3.998505778244397790e-01 3.393025563389750476e-01 5.468135676266224765e-01
1.403715981784058112e+18 -6.306736662470142640e-01 9.260137400875743108e-01 2.052842848821266664e+00 -5.351081788731892885e-01 -5.622784758349964607e-01 4.394334037787785974e-01 4.521066645815884355e-01
1.403715981984058112e+18 -5.371788443207656805e-01 7.597987113659734337e-01 2.057609964302404393e+00 -4.797392744894470873e-01 -6.295027914058960450e-01 4.660746871213757858e-01 3.954122534131128130e-01
1.403715982184058112e+18 -4.070090865521760470e-01 6.010040003849468349e-01 2.067665114834799311e+00 -4.194195182291674540e-01 -6.755480607394972470e-01 4.965223708825918791e-01 3.481201237685739303e-01
1.403715982384058112e+18 -2.445522105450459449e-01 4.421859495962552344e-01 2.071720950466001021e+00 -3.571203327246784687e-01 -7.128332737364786453e-01 5.233450700890637242e-01 3.007386397226365360e-01
1.403715982784058112e+18 1.704731757593881403e-01 1.876421108887087463e-01 2.081998036943720098e+00 -2.058492728497447188e-01 -7.721896169183134484e-01 5.708110939361493719e-01 1.884780290383902823e-01
1.403715982984058112e+18 4.109769382000839633e-01 9.366115650200956821e-02 2.088254788977073950e+00 -1.276708065872926567e-01 -7.908366664891723907e-01 5.847042345096953309e-01 1.280565899439568833e-01
1.403715983184058112e+18 6.570921607911519580e-01 3.132284016544661931e-02 2.082372412446749088e+00 -4.766323724181040222e-02 -7.988077542117320018e-01 5.966607934462853091e-01 6.025184802882880414e-02
1.403715983384058112e+18 9.124631829241345304e-01 -2.190826609648643952e-03 2.084596032573005520e+00 -3.987444723043262473e-02 7.946221317522199623e-01 -6.057009133285518043e-01 1.058771838416723218e-02
1.403715983784058112e+18 1.371695589697199180e+00 7.867332347292310679e-02 2.102238148779209670e+00 -1.876139897879302021e-01 7.436542866259080453e-01 -6.193465800976046820e-01 1.678961182998812973e-01
1.403715983984058112e+18 1.535867898469506665e+00 2.068611517758611740e-01 2.109464882676673536e+00 -2.519926201779140174e-01 7.261605823884210720e-01 -5.978183595808511663e-01 2.276043429050473299e-01
1.403715984184058112e+18 1.628971630263765347e+00 3.748934573470317222e-01 2.123327256599965018e+00 -3.122252812757305152e-01 7.122685171804922222e-01 -5.643206528911588471e-01 2.770038517535275413e-01
1.403715984384058112e+18 1.657216623177333314e+00 5.597082457602384764e-01 2.143892536022346640e+00 -3.702434048629981711e-01 6.842334928845074105e-01 -5.409665816465207833e-01 3.195301330269167961e-01
1.403715984784058112e+18 1.547969294351544844e+00 9.625557832839912731e-01 2.183838776001611137e+00 -5.044028971094317582e-01 6.249520418731716598e-01 -4.484506177802831117e-01 3.923069030219168418e-01
1.403715984984058112e+18 1.450117563351517980e+00 1.166254330342149981e+00 2.203124942092061112e+00 -5.526405561367102592e-01 5.771936943660596064e-01 -4.226458182433767696e-01 4.275586126115972774e-01
1.403715985184058112e+18 1.324393766428211716e+00 1.330477589990622711e+00 2.217255578127400373e+00 -5.837788146713818183e-01 5.450833725314020439e-01 -4.205952217306867524e-01 4.303325132824425414e-01
1.403715985684058112e+18 7.727502155177157217e-01 1.987690000077804831e+00 2.181533411450262694e+00 -5.358845354541427186e-01 6.485756896168790586e-01 -3.851906915213665905e-01 3.792169176927354668e-01
1.403715986684058112e+18 5.899332021048024899e-01 2.394857521488021224e+00 1.557941966262911926e+00 -4.807556304781246403e-01 6.521624016441803784e-01 -4.532586526064245613e-01 3.716380221165268005e-01
1.403715987684058112e+18 5.429501425812300885e-01 2.371266788295163241e+00 1.289633354292295309e+00 -4.972251568214830497e-01 6.441162735128626027e-01 -4.503192428999881480e-01 3.675512877051813621e-01
1.403715988884058112e+18 4.914275225309004957e-01 2.227414811226615221e+00 1.246819758964645031e+00 -5.043288916057965254e-01 6.571443689984808323e-01 -4.405294488907048889e-01 3.460454479476783862e-01
1.403715989784058112e+18 4.946302092338145662e-01 2.109274507583860370e+00 1.109504373037705216e+00 -5.164608422974863444e-01 6.391376726953912346e-01 -4.552523646381561040e-01 3.428068234534670800e-01
1.403715990784058112e+18 4.964285214103309474e-01 2.129395000089851386e+00 1.032611606129643311e+00 -5.205968219865567681e-01 6.425336913888963775e-01 -4.496523886707677331e-01 3.375531568958116124e-01
1.403715990884058112e+18 5.146490680206695645e-01 2.167738314111487430e+00 9.636011439813125801e-01 -5.238525236131315044e-01 6.439089101972615969e-01 -4.471008966207533630e-01 3.332576137369510638e-01
1.403715991184058112e+18 5.456397910332881906e-01 2.211810240436606900e+00 9.385074830406795465e-01 -5.170544096239058085e-01 6.382472512170477286e-01 -4.554524801126133005e-01 3.433048530994378122e-01
