1.403715886584058285e+09 -0.000000000000000000e+00 -0.000000000000000000e+00 -0.000000000000000000e+00 -0.000000000000000000e+00 -0.000000000000000000e+00 -0.000000000000000000e+00 1.000000000000000000e+00
1.403715893584058285e+09 -1.855036825872957706e-03 -1.715659163892269135e-02 -9.126725606620311737e-03 3.046713024377822876e-02 -5.900716409087181091e-03 8.124252781271934509e-03 9.994853734970092773e-01
1.403715894384058237e+09 -7.792737334966659546e-02 -1.453808248043060303e-01 -1.101955696940422058e-01 2.031367272138595581e-02 6.331366486847400665e-03 -1.689278893172740936e-02 9.996309280395507812e-01
1.403715894784058094e+09 -2.166094183921813965e-01 -2.390429675579071045e-01 -1.535016745328903198e-01 6.271118763834238052e-03 3.036199836060404778e-03 1.176413497887551785e-03 9.999750852584838867e-01
1.403715894984058142e+09 -3.115165233612060547e-01 -2.948256134986877441e-01 -1.659225076436996460e-01 1.910131424665451050e-02 -5.737418632634216920e-06 9.065430611371994019e-03 9.997764825820922852e-01
1.403715895284058094e+09 -4.631595611572265625e-01 -3.821637630462646484e-01 -1.876140981912612915e-01 2.185645699501037598e-02 -1.198384910821914673e-03 1.489148382097482681e-02 9.996495842933654785e-01
1.403715895584058285e+09 -6.184350848197937012e-01 -4.613286554813385010e-01 -2.096588313579559326e-01 2.000305615365505219e-02 -6.102860788814723492e-04 1.700870506465435028e-02 9.996550679206848145e-01
1.403715895884058237e+09 -7.671906948089599609e-01 -5.333969593048095703e-01 -2.302814573049545288e-01 1.975472271442413330e-02 -1.319501461694017053e-04 1.750161498785018921e-02 9.996516704559326172e-01
1.403715896184058189e+09 -9.174694418907165527e-01 -6.057506799697875977e-01 -2.504342794418334961e-01 1.815685816109180450e-02 -6.541851907968521118e-03 3.372157365083694458e-02 9.992449879646301270e-01
1.403715896384058237e+09 -9.971245527267456055e-01 -6.527491211891174316e-01 -2.628202736377716064e-01 2.446598932147026062e-02 -1.970738731324672699e-02 6.901113688945770264e-02 9.971210956573486328e-01
1.403715896684058189e+09 -1.031837105751037598e+00 -7.117766141891479492e-01 -2.913471460342407227e-01 3.868559002876281738e-02 -2.993524819612503052e-02 9.477610141038894653e-02 9.942961335182189941e-01
1.403715897184058189e+09 -7.724451422691345215e-01 -7.748213410377502441e-01 -3.823067843914031982e-01 1.901498436927795410e-02 -4.632600024342536926e-02 1.312360763549804688e-01 9.900856018066406250e-01
1.403715897284058094e+09 -6.581805348396301270e-01 -7.800142168998718262e-01 -3.988408148288726807e-01 1.708677411079406738e-02 -3.894883766770362854e-02 1.127782836556434631e-01 9.927095174789428711e-01
1.403715897384058237e+09 -5.264968872070312500e-01 -7.871148586273193359e-01 -4.133012890815734863e-01 1.384783815592527390e-02 -2.538132481276988983e-02 7.766450196504592896e-02 9.965602755546569824e-01
1.403715897484058142e+09 -9.397340565919876099e-02 -8.084616661071777344e-01 -4.491429626941680908e-01 1.119450666010379791e-02 -1.289080549031496048e-02 5.083159357309341431e-02 9.985613226890563965e-01
1.403715897884058237e+09 2.117490023374557495e-01 -8.197208642959594727e-01 -4.613542556762695312e-01 1.968763023614883423e-02 -1.784384995698928833e-02 6.932600587606430054e-02 9.972401261329650879e-01
1.403715897984058142e+09 5.434950590133666992e-01 -8.295924663543701172e-01 -4.709520041942596436e-01 3.779903426766395569e-02 -9.942501783370971680e-03 5.255753174424171448e-02 9.978527426719665527e-01
1.403715898184058189e+09 8.951656818389892578e-01 -8.346161842346191406e-01 -4.870828390121459961e-01 5.445786565542221069e-02 1.332143321633338928e-02 4.051357135176658630e-02 9.976049065589904785e-01
1.403715898384058237e+09 1.229550838470458984e+00 -8.189936280250549316e-01 -5.177747607231140137e-01 3.581264242529869080e-02 5.115603283047676086e-02 4.524875432252883911e-02 9.970220923423767090e-01
1.403715898584058285e+09 1.565213441848754883e+00 -7.791975736618041992e-01 -5.552268624305725098e-01 1.894860155880451202e-02 9.427656233310699463e-02 5.734210461378097534e-02 9.937126636505126953e-01
1.403715898784058094e+09 1.888537645339965820e+00 -7.032818794250488281e-01 -5.758328437805175781e-01 1.527896057814359665e-02 1.319781541824340820e-01 6.858311593532562256e-02 9.887591600418090820e-01
1.403715898984058142e+09 2.190953731536865234e+00 -5.890702009201049805e-01 -5.775396227836608887e-01 8.194943889975547791e-03 1.510808169841766357e-01 7.523809373378753662e-02 9.856199622154235840e-01
1.403715899184058189e+09 2.480534791946411133e+00 -4.664601981639862061e-01 -5.661222934722900391e-01 -1.797549985349178314e-02 1.594743877649307251e-01 7.165460288524627686e-02 9.844341278076171875e-01
1.403715899384058237e+09 2.751118183135986328e+00 -4.027928709983825684e-01 -5.389885306358337402e-01 -4.088652878999710083e-02 1.626832783222198486e-01 6.016034632921218872e-02 9.839935302734375000e-01
1.403715899684058189e+09 3.243821620941162109e+00 -3.895438909530639648e-01 -3.848509788513183594e-01 -2.611318230628967285e-02 1.595633924007415771e-01 4.033197462558746338e-02 9.860177636146545410e-01
1.403715899984058142e+09 3.529644489288330078e+00 -4.242470860481262207e-01 -1.851130872964859009e-01 -1.571189053356647491e-02 1.666099131107330322e-01 5.743644665926694870e-03 9.858810305595397949e-01
1.403715900384058237e+09 3.707987546920776367e+00 -5.372213125228881836e-01 1.649081707000732422e-01 -4.647694877348840237e-04 1.562005877494812012e-01 3.247679397463798523e-02 9.871911406517028809e-01
1.403715900684058189e+09 3.739274024963378906e+00 -6.597720980644226074e-01 4.430352449417114258e-01 6.588502228260040283e-02 1.495163142681121826e-01 5.903986096382141113e-02 9.847935438156127930e-01
1.403715900984058142e+09 3.665008306503295898e+00 -8.112698793411254883e-01 6.578859686851501465e-01 1.080866903066635132e-01 1.576471030712127686e-01 5.670923739671707153e-02 9.799228310585021973e-01
1.403715901484058142e+09 3.448603391647338867e+00 -8.339753746986389160e-01 4.907369911670684814e-01 4.500602930784225464e-02 1.572587043046951294e-01 6.516048312187194824e-02 9.843771457672119141e-01
1.403715902184058189e+09 3.147626161575317383e+00 -7.820551395416259766e-01 1.962178647518157959e-01 2.475293725728988647e-02 1.609359085559844971e-01 4.753037914633750916e-02 9.855089187622070312e-01
1.403715902584058285e+09 2.846563577651977539e+00 -7.281051874160766602e-01 -5.191153287887573242e-02 -6.480808369815349579e-03 1.277506649494171143e-01 7.138627767562866211e-02 9.892126917839050293e-01
1.403715902884058237e+09 2.699483394622802734e+00 -6.643518209457397461e-01 -1.433635354042053223e-01 -1.981504820287227631e-02 9.111734479665756226e-02 5.565484240651130676e-02 9.940862655639648438e-01
1.403715903084058285e+09 2.482301712036132812e+00 -5.922059416770935059e-01 -2.212303727865219116e-01 -1.928234845399856567e-02 3.627463430166244507e-02 1.695298962295055389e-02 9.990119934082031250e-01
1.403715903384058237e+09 2.262606859207153320e+00 -5.887206792831420898e-01 -2.414775490760803223e-01 -3.373493626713752747e-02 -1.673889160156250000e-02 9.539752267301082611e-03 9.992451071739196777e-01
1.403715903684058189e+09 2.118857145309448242e+00 -6.769043207168579102e-01 -2.253230661153793335e-01 -1.976868510246276855e-02 -6.907788664102554321e-02 -5.182909779250621796e-03 9.974019527435302734e-01
1.403715903884058237e+09 1.975068092346191406e+00 -8.204423189163208008e-01 -1.948684900999069214e-01 8.465679362416267395e-03 -1.380836516618728638e-01 -2.038346230983734131e-02 9.901745915412902832e-01
1.403715904084058285e+09 1.848006486892700195e+00 -9.708060026168823242e-01 -1.535372734069824219e-01 2.228189632296562195e-02 -2.162998914718627930e-01 -4.438114166259765625e-02 9.750632047653198242e-01
1.403715904284058094e+09 1.740127086639404297e+00 -1.099068999290466309e+00 -1.077019944787025452e-01 3.838850557804107666e-02 -2.855907380580902100e-01 -9.158632904291152954e-02 9.531926512718200684e-01
1.403715904484058142e+09 1.579414725303649902e+00 -1.213621854782104492e+00 -4.081471264362335205e-02 6.856658309698104858e-02 -3.685181438922882080e-01 -1.463201195001602173e-01 9.154690504074096680e-01
1.403715904784058094e+09 1.425776958465576172e+00 -1.210340380668640137e+00 1.153323054313659668e-02 6.561611592769622803e-02 -4.844937026500701904e-01 -1.555532366037368774e-01 8.583493232727050781e-01
1.403715905084058285e+09 1.329834580421447754e+00 -1.089524030685424805e+00 7.000154256820678711e-02 9.421316534280776978e-02 -5.832235813140869141e-01 -1.857152432203292847e-01 7.851649522781372070e-01
1.403715905384058237e+09 1.308880567550659180e+00 -9.386814832687377930e-01 5.934834480285644531e-02 6.904524564743041992e-02 -6.436218619346618652e-01 -2.389449030160903931e-01 7.238018512725830078e-01
1.403715905684058189e+09 1.317493796348571777e+00 -8.430156707763671875e-01 2.525687217712402344e-02 3.461680561304092407e-02 -6.982023715972900391e-01 -2.438589781522750854e-01 6.721963882446289062e-01
1.403715905884058237e+09 1.328487753868103027e+00 -7.484551072120666504e-01 -1.058554649353027344e-02 1.005992200225591660e-02 -7.476435303688049316e-01 -2.804712951183319092e-01 6.018836498260498047e-01
1.403715906084058285e+09 1.323857784271240234e+00 -6.600083112716674805e-01 -4.371953010559082031e-02 2.744453400373458862e-02 -7.945457696914672852e-01 -3.161546885967254639e-01 5.176775455474853516e-01
1.403715906284058094e+09 1.305702090263366699e+00 -5.795708894729614258e-01 -9.066772460937500000e-02 5.596411228179931641e-02 -8.381317853927612305e-01 -3.356980979442596436e-01 4.262745976448059082e-01
1.403715906484058142e+09 1.295815467834472656e+00 -5.020499825477600098e-01 -1.651865243911743164e-01 6.289438158273696899e-02 -8.761643767356872559e-01 -3.398067355155944824e-01 3.360234200954437256e-01
1.403715906684058189e+09 1.307271718978881836e+00 -4.599690437316894531e-01 -2.683617472648620605e-01 4.080838710069656372e-02 -9.084377288818359375e-01 -3.358730375766754150e-01 2.454889565706253052e-01
1.403715906884058237e+09 1.325835227966308594e+00 -4.262954592704772949e-01 -3.675704300403594971e-01 3.075788170099258423e-02 -9.309172034263610840e-01 -3.327748477458953857e-01 1.473367065191268921e-01
1.403715907084058285e+09 1.345466971397399902e+00 -3.636613488197326660e-01 -4.400453865528106689e-01 5.054943636059761047e-02 -9.387029409408569336e-01 -3.382748365402221680e-01 4.303246363997459412e-02
1.403715907284058094e+09 1.382312297821044922e+00 -3.449041843414306641e-01 -5.101871490478515625e-01 5.521102249622344971e-02 -9.367592930793762207e-01 -3.384695649147033691e-01 -6.980127841234207153e-02
1.403715907484058142e+09 1.441581249237060547e+00 -3.684117197990417480e-01 -5.771244168281555176e-01 6.349638104438781738e-02 -9.252952337265014648e-01 -3.330911397933959961e-01 -1.698451936244964600e-01
1.403715907684058189e+09 1.567893981933593750e+00 -4.205076098442077637e-01 -6.418240070343017578e-01 3.970867022871971130e-02 -9.038388729095458984e-01 -3.117395639419555664e-01 -2.903741300106048584e-01
1.403715907984058142e+09 1.697061300277709961e+00 -4.709770083427429199e-01 -6.439749002456665039e-01 8.627413772046566010e-03 -8.608914613723754883e-01 -2.959717810153961182e-01 -4.137538969516754150e-01
1.403715908284058094e+09 1.754257917404174805e+00 -5.095269083976745605e-01 -6.146103143692016602e-01 1.512968563474714756e-03 -8.156083226203918457e-01 -2.865106165409088135e-01 -5.026853680610656738e-01
1.403715908484058142e+09 1.792614936828613281e+00 -5.474960207939147949e-01 -5.660109519958496094e-01 -2.880245912820100784e-03 -7.614002823829650879e-01 -2.697227001190185547e-01 -5.895006060600280762e-01
1.403715908684058189e+09 1.802080512046813965e+00 -5.857841372489929199e-01 -5.142641067504882812e-01 -7.729407865554094315e-03 -7.016355991363525391e-01 -2.400572001934051514e-01 -6.708354949951171875e-01
1.403715908884058237e+09 1.763463497161865234e+00 -6.297320127487182617e-01 -4.134433865547180176e-01 1.429996220394968987e-03 -6.023436188697814941e-01 -2.139571309089660645e-01 -7.690270543098449707e-01
1.403715909184058189e+09 1.686959624290466309e+00 -6.700271368026733398e-01 -2.986546754837036133e-01 9.287854656577110291e-03 -5.093944668769836426e-01 -1.843297779560089111e-01 -8.405079841613769531e-01
1.403715909484058142e+09 1.577327966690063477e+00 -6.939794421195983887e-01 -1.377440392971038818e-01 8.601984009146690369e-03 -4.189116656780242920e-01 -1.325352191925048828e-01 -8.982613086700439453e-01
1.403715909784058094e+09 1.461349368095397949e+00 -7.176291346549987793e-01 4.343688488006591797e-03 -7.289221044629812241e-03 -3.309053182601928711e-01 -1.087448224425315857e-01 -9.373489618301391602e-01
1.403715909984058142e+09 1.324862360954284668e+00 -7.314618825912475586e-01 1.374573409557342529e-01 -4.013815149664878845e-02 -2.184332162141799927e-01 -7.903859019279479980e-02 -9.718172550201416016e-01
1.403715910184058189e+09 1.178459167480468750e+00 -7.236596345901489258e-01 2.509611248970031738e-01 -4.218221083283424377e-02 -1.045160070061683655e-01 -4.080349951982498169e-02 -9.927901029586791992e-01
1.403715910384058237e+09 1.031990289688110352e+00 -7.147569060325622559e-01 3.385737836360931396e-01 -5.849078670144081116e-02 -1.224866695702075958e-02 -6.602247245609760284e-03 -9.981909990310668945e-01
1.403715910584058285e+09 8.744624853134155273e-01 -7.012131810188293457e-01 3.854193985462188721e-01 -7.040005922317504883e-02 6.520353257656097412e-02 2.023754827678203583e-02 -9.951798319816589355e-01
1.403715910784058094e+09 7.250642180442810059e-01 -6.764788031578063965e-01 3.922657668590545654e-01 -7.203219085931777954e-02 1.398646980524063110e-01 4.010430723428726196e-02 -9.867324829101562500e-01
1.403715910984058142e+09 5.720279216766357422e-01 -6.497533917427062988e-01 3.541689813137054443e-01 -7.291334867477416992e-02 2.125781923532485962e-01 5.619081109762191772e-02 -9.727984666824340820e-01
1.403715911184058189e+09 4.390091001987457275e-01 -5.979841351509094238e-01 2.819252908229827881e-01 -8.458571135997772217e-02 2.857204675674438477e-01 7.357104122638702393e-02 -9.517334103584289551e-01
1.403715911384058237e+09 3.357306718826293945e-01 -5.373942255973815918e-01 1.760562658309936523e-01 -7.240747660398483276e-02 3.557128012180328369e-01 9.413914382457733154e-02 -9.270185828208923340e-01
1.403715911584058285e+09 2.619916498661041260e-01 -4.630998671054840088e-01 5.548486486077308655e-02 -4.830892756581306458e-02 4.143392741680145264e-01 1.264802068471908569e-01 -8.999955654144287109e-01
1.403715911784058094e+09 2.067164778709411621e-01 -4.163901805877685547e-01 -8.413118124008178711e-02 -4.817064478993415833e-02 4.625504612922668457e-01 1.627268642187118530e-01 -8.701992630958557129e-01
1.403715911984058142e+09 1.572862863540649414e-01 -4.136122763156890869e-01 -2.533992826938629150e-01 -4.719438031315803528e-02 5.061286687850952148e-01 1.765627413988113403e-01 -8.428712487220764160e-01
1.403715912184058189e+09 1.156118363142013550e-01 -4.227081239223480225e-01 -4.275124967098236084e-01 -4.341173171997070312e-02 5.436349511146545410e-01 1.797607839107513428e-01 -8.186956048011779785e-01
1.403715912384058237e+09 7.927662134170532227e-02 -4.207106232643127441e-01 -5.967817902565002441e-01 -4.238044843077659607e-02 5.781246423721313477e-01 1.901655495166778564e-01 -7.923464775085449219e-01
1.403715912584058285e+09 5.341699719429016113e-02 -4.129661619663238525e-01 -7.575502395629882812e-01 -4.067234322428703308e-02 6.198948025703430176e-01 2.046905606985092163e-01 -7.564245462417602539e-01
1.403715912784058094e+09 3.698855638504028320e-02 -3.986255526542663574e-01 -9.132149219512939453e-01 -4.153765738010406494e-02 6.748551130294799805e-01 2.237808406352996826e-01 -7.019739747047424316e-01
1.403715912984058142e+09 2.744376659393310547e-02 -3.483031988143920898e-01 -1.050263643264770508e+00 -4.241333901882171631e-02 7.316141724586486816e-01 2.460275590419769287e-01 -6.343597173690795898e-01
1.403715913184058189e+09 2.312743663787841797e-02 -2.751029729843139648e-01 -1.166658997535705566e+00 -5.367576703429222107e-02 7.811471223831176758e-01 2.604911923408508301e-01 -5.648649930953979492e-01
1.403715913384058237e+09 7.237434387207031250e-02 -1.428660750389099121e-01 -1.374559760093688965e+00 -1.296039074659347534e-01 8.136800527572631836e-01 2.816270887851715088e-01 -4.917457103729248047e-01
1.403715913884058237e+09 3.264001607894897461e-01 -6.500482559204101562e-04 -1.661050081253051758e+00 -9.793247282505035400e-02 8.073602318763732910e-01 3.015861213207244873e-01 -4.976189732551574707e-01
1.403715914284058094e+09 7.012386322021484375e-01 1.519699692726135254e-01 -2.044765472412109375e+00 -2.874902077019214630e-02 7.756803035736083984e-01 3.133168220520019531e-01 -5.471071600914001465e-01
1.403715914684058189e+09 9.697434902191162109e-01 2.890293002128601074e-01 -2.468166351318359375e+00 6.707159429788589478e-02 7.279307842254638672e-01 2.850170433521270752e-01 -6.199867725372314453e-01
1.403715915184058189e+09 8.904736042022705078e-01 3.801148831844329834e-01 -2.797839879989624023e+00 2.635018527507781982e-02 7.191849350929260254e-01 2.591726183891296387e-01 -6.441337466239929199e-01
1.403715915584058285e+09 2.746520042419433594e-01 6.420293450355529785e-01 -2.966136217117309570e+00 -2.367022819817066193e-02 7.232579588890075684e-01 2.699869275093078613e-01 -6.351729631423950195e-01
1.403715916384058237e+09 -1.922225952148437500e-02 7.387425303459167480e-01 -3.025434255599975586e+00 -2.742176316678524017e-02 6.827957630157470703e-01 2.370088845491409302e-01 -6.905540227890014648e-01
1.403715916584058285e+09 -4.097187519073486328e-01 8.345370292663574219e-01 -3.072803020477294922e+00 5.695483647286891937e-03 6.113172769546508789e-01 1.761536300182342529e-01 -7.715107202529907227e-01
1.403715917084058285e+09 -6.863157749176025391e-01 8.356598615646362305e-01 -3.031981468200683594e+00 -3.246996924281120300e-02 5.833079218864440918e-01 1.427791863679885864e-01 -7.989441752433776855e-01
1.403715917284058094e+09 -9.350363016128540039e-01 8.026844263076782227e-01 -2.923755645751953125e+00 -5.822595208883285522e-02 5.348228812217712402e-01 1.461647599935531616e-01 -8.301868438720703125e-01
1.403715917984058142e+09 -9.196079969406127930e-01 8.360346555709838867e-01 -2.735239505767822266e+00 -6.554496288299560547e-02 5.049426555633544922e-01 1.241358667612075806e-01 -8.516613841056823730e-01
1.403715918484058142e+09 -7.561852931976318359e-01 9.413600564002990723e-01 -2.647727966308593750e+00 -1.598844863474369049e-02 4.649416804313659668e-01 1.050235107541084290e-01 -8.789446353912353516e-01
1.403715918784058094e+09 -6.219966411590576172e-01 9.858071208000183105e-01 -2.573683023452758789e+00 -1.473568752408027649e-02 4.375992715358734131e-01 1.424322575330734253e-01 -8.876952528953552246e-01
1.403715918984058142e+09 -4.555779695510864258e-01 9.474325776100158691e-01 -2.483703374862670898e+00 1.775947283022105694e-03 4.188473820686340332e-01 1.920646876096725464e-01 -8.875105381011962891e-01
1.403715919384058237e+09 -6.425865888595581055e-01 1.035586714744567871e+00 -2.314190626144409180e+00 -1.913073658943176270e-02 4.497666358947753906e-01 1.612191647291183472e-01 -8.782666921615600586e-01
1.403715920484058142e+09 -8.012528419494628906e-01 9.710143804550170898e-01 -2.352195739746093750e+00 -4.430769756436347961e-02 4.727994203567504883e-01 1.303192973136901855e-01 -8.703531026840209961e-01
1.403715920784058094e+09 -9.061219692230224609e-01 8.619921207427978516e-01 -2.416907548904418945e+00 -4.360929131507873535e-02 5.021482706069946289e-01 1.350832432508468628e-01 -8.530521392822265625e-01
1.403715921184058189e+09 -9.593948125839233398e-01 6.445537805557250977e-01 -2.508783817291259766e+00 -2.665086463093757629e-02 5.336027145385742188e-01 1.790802031755447388e-01 -8.261284232139587402e-01
1.403715921584058285e+09 -1.030916094779968262e+00 3.794073164463043213e-01 -2.592373609542846680e+00 -2.696268260478973389e-02 5.351671576499938965e-01 1.875315904617309570e-01 -8.232259750366210938e-01
1.403715921984058142e+09 -1.133355498313903809e+00 1.124559864401817322e-01 -2.667659521102905273e+00 -3.338054195046424866e-02 5.347723364830017090e-01 1.696655154228210449e-01 -8.271142244338989258e-01
1.403715922284058094e+09 -1.174980759620666504e+00 -5.101023614406585693e-02 -2.708762645721435547e+00 -4.799284040927886963e-02 5.347801446914672852e-01 1.647656708955764771e-01 -8.273810148239135742e-01
1.403715922584058285e+09 -1.199116945266723633e+00 -2.144226431846618652e-01 -2.755557537078857422e+00 -5.015062168240547180e-02 5.361273884773254395e-01 1.654436886310577393e-01 -8.262449502944946289e-01
1.403715922784058094e+09 -1.164877176284790039e+00 -5.450325608253479004e-01 -2.907255887985229492e+00 -3.219092264771461487e-02 5.340863466262817383e-01 1.824189871549606323e-01 -8.248872160911560059e-01
1.403715923584058285e+09 -9.644709825515747070e-01 -3.289359807968139648e-01 -2.764171838760375977e+00 -4.991529509425163269e-02 5.420252084732055664e-01 1.615932136774063110e-01 -8.231675624847412109e-01
1.403715924484058142e+09 -8.680534362792968750e-01 -2.298582345247268677e-01 -2.679487466812133789e+00 -2.872118167579174042e-02 5.366380810737609863e-01 1.740412861108779907e-01 -8.251693248748779297e-01
1.403715924784058094e+09 -7.252472639083862305e-01 -1.022338941693305969e-01 -2.534851312637329102e+00 -1.233370043337345123e-02 5.137168765068054199e-01 1.426144242286682129e-01 -8.459338545799255371e-01
1.403715924984058142e+09 -6.234587430953979492e-01 -4.030455648899078369e-02 -2.408354520797729492e+00 -3.849164396524429321e-02 4.683071076869964600e-01 1.178719177842140198e-01 -8.748217821121215820e-01
1.403715925184058189e+09 -4.923928976058959961e-01 -2.134702354669570923e-02 -2.292922735214233398e+00 -5.522499606013298035e-02 4.136920869350433350e-01 9.721081703901290894e-02 -9.035258889198303223e-01
1.403715925384058237e+09 -3.283862769603729248e-01 -3.751643747091293335e-02 -2.198626279830932617e+00 -2.775909006595611572e-02 3.600777685642242432e-01 7.153721153736114502e-02 -9.297611713409423828e-01
1.403715925584058285e+09 -1.398401856422424316e-01 -5.942118167877197266e-02 -2.100960254669189453e+00 -1.329159922897815704e-02 3.015380799770355225e-01 5.000925436615943909e-02 -9.520489573478698730e-01
1.403715925784058094e+09 6.777511537075042725e-02 -8.071228116750717163e-02 -1.990218281745910645e+00 -1.735599525272846222e-02 2.389173060655593872e-01 2.699540555477142334e-02 -9.705094695091247559e-01
1.403715925984058142e+09 2.947816848754882812e-01 -9.741418063640594482e-02 -1.869369268417358398e+00 -3.284479677677154541e-02 1.709192693233489990e-01 3.191637108102440834e-03 -9.847322702407836914e-01
1.403715926184058189e+09 5.393009185791015625e-01 -7.491596788167953491e-02 -1.739147186279296875e+00 -5.382299050688743591e-02 9.820349514484405518e-02 -3.306138142943382263e-02 -9.931597113609313965e-01
1.403715926384058237e+09 8.038746714591979980e-01 -8.784933015704154968e-03 -1.621355056762695312e+00 -7.478973269462585449e-02 1.606319472193717957e-02 -4.871071875095367432e-02 -9.958794116973876953e-01
1.403715926584058285e+09 1.075963020324707031e+00 8.016856014728546143e-02 -1.543695211410522461e+00 -6.440205872058868408e-02 -6.197438761591911316e-02 -6.143726035952568054e-02 -9.941011071205139160e-01
1.403715926784058094e+09 1.344738602638244629e+00 1.752953529357910156e-01 -1.508093714714050293e+00 -3.017115779221057892e-02 -1.318041980266571045e-01 -6.636656820774078369e-02 -9.885913729667663574e-01
1.403715926984058142e+09 1.598203659057617188e+00 2.248099297285079956e-01 -1.508172392845153809e+00 -1.816653087735176086e-02 -1.846731752157211304e-01 -7.544900476932525635e-02 -9.797312617301940918e-01
1.403715927184058189e+09 1.828598499298095703e+00 2.637206017971038818e-01 -1.512315988540649414e+00 -2.857323363423347473e-02 -2.418260425329208374e-01 -5.808876827359199524e-02 -9.681577682495117188e-01
1.403715927384058237e+09 2.009972572326660156e+00 2.927402555942535400e-01 -1.522686004638671875e+00 -5.699700862169265747e-02 -2.903307676315307617e-01 -5.274820700287818909e-02 -9.537699818611145020e-01
1.403715927584058285e+09 2.162366390228271484e+00 3.444698154926300049e-01 -1.582825899124145508e+00 -9.126887470483779907e-02 -3.613456785678863525e-01 -1.054253354668617249e-01 -9.219462275505065918e-01
1.403715927884058237e+09 2.188136100769042969e+00 4.078617691993713379e-01 -1.666328668594360352e+00 -6.423288583755493164e-02 -4.389827847480773926e-01 -1.194299235939979553e-01 -8.882030844688415527e-01
1.403715928084058285e+09 2.159018516540527344e+00 5.032193660736083984e-01 -1.761060476303100586e+00 -4.034823924303054810e-02 -5.133064985275268555e-01 -1.629885137081146240e-01 -8.416194319725036621e-01
1.403715928284058094e+09 2.087447166442871094e+00 6.373412609100341797e-01 -1.845481753349304199e+00 -5.103608220815658569e-02 -5.904009342193603516e-01 -1.944995671510696411e-01 -7.816597819328308105e-01
1.403715928484058142e+09 1.964761257171630859e+00 7.805973887443542480e-01 -1.931465029716491699e+00 -4.758001118898391724e-02 -6.448900699615478516e-01 -2.319359928369522095e-01 -7.266765236854553223e-01
1.403715928684058189e+09 1.797590732574462891e+00 9.017876386642456055e-01 -2.034308195114135742e+00 -7.155013736337423325e-03 -6.627384424209594727e-01 -2.681487500667572021e-01 -6.991586685180664062e-01
1.403715928884058237e+09 1.629704952239990234e+00 9.422418475151062012e-01 -2.165181398391723633e+00 4.932530596852302551e-02 -6.327651739120483398e-01 -3.078375756740570068e-01 -7.088097929954528809e-01
1.403715929184058189e+09 1.526005506515502930e+00 8.524379730224609375e-01 -2.473779201507568359e+00 1.051735132932662964e-01 -5.897032618522644043e-01 -2.602560222148895264e-01 -7.572684288024902344e-01
1.403715929484058142e+09 1.579313755035400391e+00 8.193725347518920898e-01 -2.562191963195800781e+00 1.091420277953147888e-01 -6.148899197578430176e-01 -1.483224034309387207e-01 -7.668108940124511719e-01
1.403715929784058094e+09 1.675062417984008789e+00 6.436124444007873535e-01 -2.443598747253417969e+00 2.241498790681362152e-03 -6.103442907333374023e-01 -2.264318019151687622e-01 -7.590807080268859863e-01
1.403715930084058285e+09 1.715185642242431641e+00 5.628654956817626953e-01 -2.276955127716064453e+00 -7.487201690673828125e-02 -5.982337594032287598e-01 -2.840501368045806885e-01 -7.455374598503112793e-01
1.403715930584058285e+09 1.983862400054931641e+00 5.667583346366882324e-01 -2.365578174591064453e+00 6.578148901462554932e-02 -6.063879132270812988e-01 -2.943687736988067627e-01 -7.357401251792907715e-01
1.403715931484058142e+09 2.289569139480590820e+00 4.952834248542785645e-01 -2.442520141601562500e+00 4.766033589839935303e-02 -6.094738245010375977e-01 -2.829900085926055908e-01 -7.390446066856384277e-01
1.403715931784058094e+09 2.666803836822509766e+00 4.912054538726806641e-01 -2.466220855712890625e+00 3.479175642132759094e-02 -6.113125681877136230e-01 -2.561911642551422119e-01 -7.479656934738159180e-01
1.403715931984058142e+09 2.935884714126586914e+00 4.843336939811706543e-01 -2.460726261138916016e+00 -2.350508439121767879e-04 -6.178861856460571289e-01 -2.277786135673522949e-01 -7.525513172149658203e-01
1.403715932184058189e+09 3.184063434600830078e+00 4.523391127586364746e-01 -2.456531047821044922e+00 -5.404961481690406799e-02 -6.332128047943115234e-01 -1.768373101949691772e-01 -7.515641450881958008e-01
1.403715932384058237e+09 3.390225410461425781e+00 3.835414648056030273e-01 -2.446206331253051758e+00 -1.199676841497421265e-01 -6.454359292984008789e-01 -1.270110458135604858e-01 -7.435647249221801758e-01
1.403715932684058189e+09 3.017807006835937500e+00 2.277527451515197754e-01 -2.494997978210449219e+00 -4.480172693729400635e-02 -6.372552514076232910e-01 -1.933531165122985840e-01 -7.446563839912414551e-01
1.403715933184058189e+09 2.703452348709106445e+00 1.681979298591613770e-01 -2.516682624816894531e+00 4.027684777975082397e-02 -6.145858168601989746e-01 -2.659505903720855713e-01 -7.415742874145507812e-01
1.403715933384058237e+09 2.428576231002807617e+00 1.044530868530273438e-01 -2.535313606262207031e+00 1.036434546113014221e-01 -5.790832042694091797e-01 -3.489904105663299561e-01 -7.294700145721435547e-01
1.403715933584058285e+09 2.583225488662719727e+00 -1.676003336906433105e-01 -2.608653306961059570e+00 6.077172979712486267e-02 -6.191182136535644531e-01 -2.931109666824340820e-01 -7.260065078735351562e-01
1.403715934184058189e+09 2.732668638229370117e+00 -2.304061651229858398e-01 -2.626115322113037109e+00 -7.273324299603700638e-03 -6.452343463897705078e-01 -2.351506203413009644e-01 -7.268590331077575684e-01
1.403715934284058094e+09 2.991666078567504883e+00 -2.843564152717590332e-01 -2.621072053909301758e+00 -9.863478690385818481e-02 -6.719937324523925781e-01 -1.528329700231552124e-01 -7.178702950477600098e-01
1.403715934484058142e+09 2.670750856399536133e+00 -3.765509724617004395e-01 -2.637971878051757812e+00 -5.857032164931297302e-02 -6.432433724403381348e-01 -2.076949179172515869e-01 -7.346225976943969727e-01
1.403715935184058189e+09 2.297689437866210938e+00 -3.666703104972839355e-01 -2.662081003189086914e+00 3.425590321421623230e-02 -6.164369583129882812e-01 -2.843220233917236328e-01 -7.334800362586975098e-01
1.403715935384058237e+09 1.962379932403564453e+00 -3.167766928672790527e-01 -2.668783664703369141e+00 9.178777784109115601e-02 -5.969886183738708496e-01 -3.238291740417480469e-01 -7.282267808914184570e-01
1.403715935584058285e+09 1.718790292739868164e+00 -2.407338023185729980e-01 -2.655088186264038086e+00 1.226813346147537231e-01 -5.852182507514953613e-01 -3.436295092105865479e-01 -7.241461873054504395e-01
1.403715935884058237e+09 1.826641559600830078e+00 -1.314940452575683594e-01 -2.558903217315673828e+00 1.012399885803461075e-02 -6.439589858055114746e-01 -2.381948530673980713e-01 -7.269647121429443359e-01
1.403715936384058237e+09 2.057894468307495117e+00 -1.172803044319152832e-01 -2.461735486984252930e+00 -8.950030803680419922e-02 -6.680150032043457031e-01 -1.889912188053131104e-01 -7.141625285148620605e-01
1.403715936884058237e+09 1.923881292343139648e+00 -6.988173723220825195e-02 -2.377758264541625977e+00 -2.169401571154594421e-02 -6.375526189804077148e-01 -2.348398715257644653e-01 -7.334209680557250977e-01
1.403715937284058094e+09 1.744499683380126953e+00 -4.543244838714599609e-03 -2.319489717483520508e+00 -3.556865965947508812e-03 -5.803651213645935059e-01 -2.301943451166152954e-01 -7.811365127563476562e-01
1.403715937584058285e+09 1.576056957244873047e+00 1.265102624893188477e-01 -2.232982158660888672e+00 4.998940601944923401e-02 -5.153180956840515137e-01 -2.522528469562530518e-01 -8.175064921379089355e-01
1.403715937884058237e+09 1.515976786613464355e+00 2.345478385686874390e-01 -2.119192361831665039e+00 6.783807277679443359e-02 -4.590974748134613037e-01 -2.407070398330688477e-01 -8.524597287178039551e-01
1.403715938184058189e+09 1.659680843353271484e+00 2.038040757179260254e-01 -1.923394322395324707e+00 2.970879338681697845e-02 -3.870021700859069824e-01 -1.585530191659927368e-01 -9.078587889671325684e-01
1.403715938584058285e+09 1.827956199645996094e+00 1.143974661827087402e-01 -1.731441617012023926e+00 2.226345799863338470e-02 -3.371247947216033936e-01 -1.455327570438385010e-01 -9.298771619796752930e-01
1.403715938984058142e+09 2.108139514923095703e+00 2.797711640596389771e-03 -1.382700562477111816e+00 6.572513282299041748e-02 -3.106732368469238281e-01 -1.591770499944686890e-01 -9.347860813140869141e-01
1.403715939284058094e+09 2.299300670623779297e+00 -8.641187101602554321e-02 -1.154849052429199219e+00 -2.261995151638984680e-02 -3.218534588813781738e-01 -1.270177960395812988e-01 -9.379579424858093262e-01
1.403715939484058142e+09 2.468484640121459961e+00 -1.695470809936523438e-01 -9.346002936363220215e-01 -9.481962025165557861e-02 -3.341453969478607178e-01 -1.004266887903213501e-01 -9.323468208312988281e-01
1.403715939684058189e+09 2.317655086517333984e+00 -4.295100271701812744e-01 -9.567623734474182129e-01 2.559933811426162720e-02 -3.323360085487365723e-01 -1.466786414384841919e-01 -9.313339591026306152e-01
1.403715940484058142e+09 2.172196149826049805e+00 -4.789531826972961426e-01 -1.053461194038391113e+00 1.234708279371261597e-01 -3.097587525844573975e-01 -1.923208236694335938e-01 -9.229394197463989258e-01
1.403715940684058189e+09 2.269400358200073242e+00 -7.966302037239074707e-01 -8.654747009277343750e-01 8.484236150979995728e-02 -3.257546424865722656e-01 -1.738165766000747681e-01 -9.254586100578308105e-01
1.403715941184058189e+09 2.362878322601318359e+00 -9.072616696357727051e-01 -7.573822140693664551e-01 -9.807911701500415802e-03 -3.456434011459350586e-01 -1.405464112758636475e-01 -9.277290701866149902e-01
1.403715941284058094e+09 2.530173540115356445e+00 -1.099718689918518066e+00 -5.612302422523498535e-01 -1.352181434631347656e-01 -3.611471951007843018e-01 -1.050417497754096985e-01 -9.166542887687683105e-01
1.403715941484058142e+09 2.656706333160400391e+00 -1.223751544952392578e+00 -3.642982840538024902e-01 -2.146383076906204224e-01 -3.592362105846405029e-01 -9.507611393928527832e-02 -9.032388329505920410e-01
1.403715941784058094e+09 2.381972551345825195e+00 -1.023319482803344727e+00 -5.855277776718139648e-01 -1.089352071285247803e-01 -3.512240052223205566e-01 -1.212558969855308533e-01 -9.219933748245239258e-01
1.403715942284058094e+09 2.157242298126220703e+00 -7.849434018135070801e-01 -7.881797552108764648e-01 2.456565015017986298e-02 -3.301460146903991699e-01 -1.672730594873428345e-01 -9.286656975746154785e-01
1.403715942484058142e+09 1.946601152420043945e+00 -5.160437226295471191e-01 -9.434334635734558105e-01 1.034445464611053467e-01 -3.114641308784484863e-01 -2.001544386148452759e-01 -9.231617450714111328e-01
1.403715942684058189e+09 1.816198706626892090e+00 -2.764895558357238770e-01 -1.030491590499877930e+00 1.512088477611541748e-01 -3.003983199596405029e-01 -2.049112170934677124e-01 -9.191888570785522461e-01
1.403715943184058189e+09 1.937688589096069336e+00 4.244128358550369740e-04 -8.311970233917236328e-01 5.800059810280799866e-02 -3.134287297725677490e-01 -1.487767696380615234e-01 -9.360896348953247070e-01
1.403715943384058237e+09 2.078781127929687500e+00 -3.800164163112640381e-02 -6.608856916427612305e-01 -7.283394038677215576e-02 -3.159279525279998779e-01 -1.076681017875671387e-01 -9.398363232612609863e-01
1.403715943584058285e+09 2.199054479598999023e+00 -8.953633904457092285e-02 -5.089385509490966797e-01 -1.763072758913040161e-01 -3.284609019756317139e-01 -8.612375706434249878e-02 -9.239112138748168945e-01
1.403715944084058285e+09 2.104879617691040039e+00 -9.671539068222045898e-02 -6.510319709777832031e-01 -6.781870871782302856e-02 -3.039535582065582275e-01 -1.349518746137619019e-01 -9.406385421752929688e-01
1.403715944284058094e+09 1.981307864189147949e+00 -8.968760818243026733e-02 -8.265864849090576172e-01 6.166749820113182068e-02 -2.538802027702331543e-01 -1.644287705421447754e-01 -9.511598944664001465e-01
1.403715944484058142e+09 1.899127483367919922e+00 -7.536217570304870605e-02 -9.516841769218444824e-01 1.288817375898361206e-01 -1.970875412225723267e-01 -1.571688950061798096e-01 -9.590849280357360840e-01
1.403715944684058189e+09 1.961610198020935059e+00 -1.989829540252685547e-01 -9.086375236511230469e-01 7.059200853109359741e-02 -1.016068831086158752e-01 -6.581367552280426025e-02 -9.901320338249206543e-01
1.403715945084058285e+09 2.044561386108398438e+00 -3.202639818191528320e-01 -7.767645120620727539e-01 -6.747200340032577515e-02 -8.436571061611175537e-02 -6.893930025398731232e-03 -9.941239953041076660e-01
1.403715945284058094e+09 2.096676349639892578e+00 -4.753615558147430420e-01 -6.658383607864379883e-01 -1.809343546628952026e-01 -8.476219326257705688e-02 1.064398977905511856e-02 -9.797779321670532227e-01
1.403715945684058189e+09 2.042106628417968750e+00 -5.235645771026611328e-01 -7.880537509918212891e-01 -6.884358823299407959e-02 -7.612013071775436401e-02 -3.255257010459899902e-02 -9.941864609718322754e-01
1.403715945884058237e+09 1.980514407157897949e+00 -5.165051221847534180e-01 -9.262855648994445801e-01 5.160718411207199097e-02 -7.119539380073547363e-02 -4.801100119948387146e-02 -9.949688315391540527e-01
1.403715946084058285e+09 1.867536187171936035e+00 -5.988067388534545898e-01 -1.000121951103210449e+00 1.337677985429763794e-01 -1.829891465604305267e-02 -3.003899566829204559e-02 -9.903883337974548340e-01
1.403715946484058142e+09 1.821234703063964844e+00 -7.334733605384826660e-01 -8.766239285469055176e-01 2.098014391958713531e-02 3.914321772754192352e-03 -5.219561979174613953e-03 -9.997586607933044434e-01
1.403715946684058189e+09 1.764049649238586426e+00 -8.783603906631469727e-01 -7.269853353500366211e-01 -8.691771328449249268e-02 1.817409694194793701e-02 -3.824245184659957886e-03 -9.960423707962036133e-01
1.403715946884058237e+09 1.681312084197998047e+00 -1.033903837203979492e+00 -5.896217226982116699e-01 -1.548712849617004395e-01 2.332796528935432434e-02 -4.871051758527755737e-03 -9.876471757888793945e-01
1.403715947184058189e+09 1.546175956726074219e+00 -8.834115266799926758e-01 -9.180325269699096680e-01 -1.469582505524158478e-02 2.324187383055686951e-02 -4.046305641531944275e-02 -9.988026022911071777e-01
1.403715947784058094e+09 1.521968841552734375e+00 -7.194424867630004883e-01 -1.074942827224731445e+00 7.395748049020767212e-02 2.493756078183650970e-02 -3.145401924848556519e-02 -9.964532852172851562e-01
1.403715947984058142e+09 1.506247639656066895e+00 -5.531378984451293945e-01 -1.155191779136657715e+00 1.377243846654891968e-01 2.885495685040950775e-02 -1.504333410412073135e-02 -9.899359345436096191e-01
1.403715948384058237e+09 1.466053128242492676e+00 -4.774155616760253906e-01 -9.410197138786315918e-01 4.572801291942596436e-02 3.238733112812042236e-02 -1.198786124587059021e-02 -9.983568787574768066e-01
1.403715948584058285e+09 1.441498041152954102e+00 -5.020101666450500488e-01 -7.271432280540466309e-01 -5.621078982949256897e-02 1.964723505079746246e-02 -9.497167542576789856e-03 -9.981804490089416504e-01
1.403715948784058094e+09 1.400855422019958496e+00 -4.851200580596923828e-01 -4.195945560932159424e-01 -1.457880735397338867e-01 4.345211014151573181e-02 -9.462681598961353302e-03 -9.883158802986145020e-01
1.403715949284058094e+09 1.389632701873779297e+00 -4.120028316974639893e-01 -4.563231468200683594e-01 -4.217527434229850769e-02 8.175302296876907349e-02 8.899142034351825714e-03 -9.957200884819030762e-01
1.403715949484058142e+09 1.387054681777954102e+00 -3.550220429897308350e-01 -5.102507472038269043e-01 5.420847237110137939e-02 1.137440279126167297e-01 3.278984129428863525e-02 -9.914880990982055664e-01
1.403715949684058189e+09 1.275481581687927246e+00 -4.035359919071197510e-01 -3.467806279659271240e-01 7.076799124479293823e-02 1.999621242284774780e-01 1.246910765767097473e-01 -9.692570567131042480e-01
1.403715950184058189e+09 1.144965767860412598e+00 -5.094082951545715332e-01 -1.659543514251708984e-01 -4.267199337482452393e-02 2.377210110425949097e-01 1.108428090810775757e-01 -9.640444517135620117e-01
1.403715950384058237e+09 9.971178770065307617e-01 -6.038234233856201172e-01 -4.277478903532028198e-03 -1.333255320787429810e-01 2.583366930484771729e-01 7.130566239356994629e-02 -9.541498422622680664e-01
1.403715950584058285e+09 8.451041579246520996e-01 -6.389018893241882324e-01 -1.931983232498168945e-01 -6.952229887247085571e-02 2.708456218242645264e-01 7.222655415534973145e-02 -9.573885202407836914e-01
1.403715951284058094e+09 8.932851552963256836e-01 -5.838783979415893555e-01 -4.044507741928100586e-01 4.251742735505104065e-02 2.823366820812225342e-01 1.118245124816894531e-01 -9.518264532089233398e-01
1.403715951484058142e+09 9.081591367721557617e-01 -5.503891110420227051e-01 -5.667222738265991211e-01 1.099541708827018738e-01 3.034116625785827637e-01 1.428023278713226318e-01 -9.356596469879150391e-01
1.403715951684058189e+09 7.935611605644226074e-01 -5.978338718414306641e-01 -6.402258872985839844e-01 1.269180625677108765e-01 3.484533429145812988e-01 1.680898517370223999e-01 -9.133553504943847656e-01
1.403715951984058142e+09 6.145437359809875488e-01 -7.130038738250732422e-01 -5.784682035446166992e-01 9.422693401575088501e-03 4.037939310073852539e-01 1.326071172952651978e-01 -9.051392674446105957e-01
1.403715952184058189e+09 4.341181218624114990e-01 -8.293867111206054688e-01 -4.863990545272827148e-01 -8.776771277189254761e-02 4.528504610061645508e-01 9.957675635814666748e-02 -8.816506266593933105e-01
1.403715952384058237e+09 2.845954895019531250e-01 -1.008597016334533691e+00 -3.884228467941284180e-01 -1.682092398405075073e-01 5.061145424842834473e-01 7.410126924514770508e-02 -8.426522016525268555e-01
1.403715952784058094e+09 5.885185599327087402e-01 -1.040959835052490234e+00 -4.736250042915344238e-01 -8.304941654205322266e-02 5.156460404396057129e-01 1.359676569700241089e-01 -8.418578505516052246e-01
1.403715953184058189e+09 8.400110006332397461e-01 -9.737210273742675781e-01 -5.436194539070129395e-01 3.084813430905342102e-02 4.982505440711975098e-01 2.063842266798019409e-01 -8.415464758872985840e-01
1.403715953384058237e+09 1.046358704566955566e+00 -9.001575708389282227e-01 -5.677735209465026855e-01 9.310249239206314087e-02 4.949369132518768311e-01 2.464386671781539917e-01 -8.280322551727294922e-01
1.403715953584058285e+09 8.821570873260498047e-01 -8.871138095855712891e-01 -4.027425646781921387e-01 -1.996934041380882263e-02 5.570258498191833496e-01 3.206047415733337402e-01 -7.658565044403076172e-01
1.403715954184058189e+09 6.099593639373779297e-01 -8.927008509635925293e-01 -3.607316911220550537e-01 -1.213660240173339844e-01 5.866545438766479492e-01 2.514330446720123291e-01 -7.601895332336425781e-01
1.403715954384058237e+09 3.716842234134674072e-01 -8.849890232086181641e-01 -3.802565336227416992e-01 -1.524576097726821899e-01 6.179179549217224121e-01 1.553815007209777832e-01 -7.555069327354431152e-01
1.403715954584058285e+09 3.977775573730468750e-01 -7.184707522392272949e-01 -6.230956315994262695e-01 -8.932071179151535034e-02 6.114177703857421875e-01 1.834150552749633789e-01 -7.645581364631652832e-01
1.403715955184058189e+09 5.834522247314453125e-01 -6.501243114471435547e-01 -7.372522950172424316e-01 8.499384857714176178e-03 5.899872779846191406e-01 2.363692522048950195e-01 -7.719924449920654297e-01
1.403715955384058237e+09 7.286326885223388672e-01 -5.991256237030029297e-01 -8.415356278419494629e-01 7.176788896322250366e-02 5.703625679016113281e-01 2.715930640697479248e-01 -7.718634605407714844e-01
1.403715955584058285e+09 6.869020462036132812e-01 -6.128800511360168457e-01 -9.615392088890075684e-01 4.926963150501251221e-02 6.185075044631958008e-01 2.724561691284179688e-01 -7.353833913803100586e-01
1.403715955984058142e+09 5.278543829917907715e-01 -6.704657673835754395e-01 -9.923120737075805664e-01 -6.451940536499023438e-02 6.826338171958923340e-01 2.234198898077011108e-01 -6.927711367607116699e-01
1.403715956184058189e+09 3.616102337837219238e-01 -7.422614097595214844e-01 -1.056618332862854004e+00 -1.374032944440841675e-01 7.557094097137451172e-01 2.056866735219955444e-01 -6.063964366912841797e-01
1.403715956484058142e+09 4.266053438186645508e-01 -8.011761903762817383e-01 -1.109711408615112305e+00 -1.646079570055007935e-01 8.196568489074707031e-01 1.613401919603347778e-01 -5.244388580322265625e-01
1.403715956784058094e+09 7.570244669914245605e-01 -8.600284457206726074e-01 -1.094912290573120117e+00 -7.565167546272277832e-02 8.135555386543273926e-01 2.499366402626037598e-01 -5.195536017417907715e-01
1.403715957084058285e+09 1.035596609115600586e+00 -8.698104619979858398e-01 -1.058955192565917969e+00 -1.508217956870794296e-02 7.840361595153808594e-01 3.256253898143768311e-01 -5.282310843467712402e-01
1.403715957284058094e+09 1.274055480957031250e+00 -8.264632821083068848e-01 -1.015204668045043945e+00 4.806921258568763733e-02 7.501553893089294434e-01 3.896431028842926025e-01 -5.321039557456970215e-01
1.403715957484058142e+09 1.413744688034057617e+00 -7.442904710769653320e-01 -9.979614019393920898e-01 8.490435034036636353e-02 7.204446792602539062e-01 4.366575777530670166e-01 -5.320535898208618164e-01
1.403715957884058237e+09 1.325716137886047363e+00 -5.997139811515808105e-01 -1.092203736305236816e+00 3.490163013339042664e-02 7.515984177589416504e-01 3.894577324390411377e-01 -5.312290191650390625e-01
1.403715957984058142e+09 1.130881428718566895e+00 -5.158859491348266602e-01 -1.226760745048522949e+00 -4.870924353599548340e-02 8.114164471626281738e-01 2.863592803478240967e-01 -5.071775913238525391e-01
1.403715958184058189e+09 9.608805179595947266e-01 -4.320226609706878662e-01 -1.359393358230590820e+00 -1.015641540288925171e-01 8.538929820060729980e-01 2.104481905698776245e-01 -4.650408923625946045e-01
1.403715958384058237e+09 8.898946046829223633e-01 -3.217307627201080322e-01 -1.467194318771362305e+00 -1.268392354249954224e-01 8.964585065841674805e-01 1.474903076887130737e-01 -3.981465995311737061e-01
1.403715958684058189e+09 1.073485255241394043e+00 -2.533864378929138184e-01 -1.377621173858642578e+00 -3.444879502058029175e-02 9.139438867568969727e-01 2.221385389566421509e-01 -3.378970026969909668e-01
1.403715958984058142e+09 1.253638982772827148e+00 -2.370374798774719238e-01 -1.229747891426086426e+00 2.539337240159511566e-02 9.023891091346740723e-01 3.115670084953308105e-01 -2.966060638427734375e-01
1.403715959184058189e+09 1.389905929565429688e+00 -2.325970232486724854e-01 -1.055780768394470215e+00 6.625239271670579910e-03 8.843973278999328613e-01 3.926060497760772705e-01 -2.523051500320434570e-01
1.403715959384058237e+09 1.476693153381347656e+00 -2.209227234125137329e-01 -9.254893660545349121e-01 7.124735508114099503e-03 8.524526953697204590e-01 4.745582938194274902e-01 -2.192442268133163452e-01
1.403715959584058285e+09 1.464280366897583008e+00 -1.996873319149017334e-01 -1.092321634292602539e+00 -2.394081838428974152e-02 9.043094515800476074e-01 3.942933976650238037e-01 -1.618145555257797241e-01
1.403715959984058142e+09 1.422599792480468750e+00 -1.815791726112365723e-01 -1.293409705162048340e+00 -4.696660488843917847e-02 9.531016945838928223e-01 2.649814188480377197e-01 -1.384782195091247559e-01
1.403715960184058189e+09 1.402340650558471680e+00 -1.899142861366271973e-01 -1.450831413269042969e+00 -6.943905353546142578e-02 9.750813245773315430e-01 1.693241000175476074e-01 -1.253953576087951660e-01
1.403715960684058189e+09 1.544656157493591309e+00 -3.243786692619323730e-01 -1.236078977584838867e+00 -5.882247537374496460e-02 9.402794837951660156e-01 3.045217692852020264e-01 -1.402885764837265015e-01
1.403715960884058237e+09 1.653771877288818359e+00 -4.186370372772216797e-01 -1.041170954704284668e+00 -4.307833686470985413e-02 8.870640993118286133e-01 4.337876737117767334e-01 -1.519533842802047729e-01
1.403715961084058285e+09 1.763787627220153809e+00 -4.928725659847259521e-01 -9.317941665649414062e-01 -2.687539532780647278e-02 8.439207077026367188e-01 5.108166933059692383e-01 -1.616848111152648926e-01
1.403715961384058237e+09 1.858101129531860352e+00 -5.531548261642456055e-01 -1.066977143287658691e+00 8.398802950978279114e-03 8.753297328948974609e-01 4.571485519409179688e-01 -1.572980731725692749e-01
1.403715961584058285e+09 1.863554239273071289e+00 -5.732856392860412598e-01 -1.283538699150085449e+00 -9.346924722194671631e-03 9.272221326828002930e-01 3.573732972145080566e-01 -1.116067469120025635e-01
1.403715961784058094e+09 1.861373186111450195e+00 -5.749106407165527344e-01 -1.503874540328979492e+00 -4.270025715231895447e-02 9.615672826766967773e-01 2.642961740493774414e-01 -6.093211099505424500e-02
1.403715961984058142e+09 1.868251323699951172e+00 -5.399218797683715820e-01 -1.639286398887634277e+00 -4.453474283218383789e-02 9.886785745620727539e-01 1.432754248380661011e-01 1.904238248243927956e-03
1.403715962284058094e+09 1.905736804008483887e+00 -5.722149610519409180e-01 -1.315900802612304688e+00 3.714105114340782166e-02 9.638302922248840332e-01 2.525937259197235107e-01 7.647328823804855347e-02
1.403715962684058189e+09 1.858263731002807617e+00 -5.992345809936523438e-01 -1.008967518806457520e+00 7.000554352998733521e-02 9.289671778678894043e-01 3.468665480613708496e-01 1.086407974362373352e-01
1.403715962884058237e+09 1.747013449668884277e+00 -5.738101005554199219e-01 -6.861966252326965332e-01 2.322919853031635284e-02 8.961535692214965820e-01 4.192698597908020020e-01 1.434640288352966309e-01
1.403715963084058285e+09 1.607894778251647949e+00 -4.862795472145080566e-01 -4.081489443778991699e-01 -4.097564890980720520e-02 8.501161336898803711e-01 4.920429885387420654e-01 1.830773651599884033e-01
1.403715963284058094e+09 1.547455906867980957e+00 -4.163374304771423340e-01 -2.998970150947570801e-01 -5.589105561375617981e-02 8.282406926155090332e-01 5.189375877380371094e-01 2.039541006088256836e-01
1.403715963384058237e+09 1.478518247604370117e+00 -2.372828722000122070e-01 -1.888203620910644531e-01 -5.255074426531791687e-02 8.475874066352844238e-01 4.600760340690612793e-01 2.591604292392730713e-01
1.403715963584058285e+09 1.467615365982055664e+00 -5.789577960968017578e-02 -1.751164197921752930e-01 -2.557967230677604675e-02 8.890955448150634766e-01 3.319938778877258301e-01 3.140617311000823975e-01
1.403715963884058237e+09 1.448741316795349121e+00 1.512867808341979980e-01 -1.437354087829589844e-01 -2.432550676167011261e-02 8.728147745132446289e-01 3.254235386848449707e-01 3.629079163074493408e-01
1.403715964184058189e+09 1.609793543815612793e+00 -4.560524225234985352e-02 -2.492576837539672852e-01 2.321898378431797028e-02 8.664149045944213867e-01 3.303029239177703857e-01 3.737460374832153320e-01
1.403715964984058142e+09 1.632999300956726074e+00 -1.582580804824829102e-01 -3.240374326705932617e-01 -6.215956807136535645e-02 8.229011297225952148e-01 4.162235558032989502e-01 3.817433416843414307e-01
1.403715965784058094e+09 1.722490191459655762e+00 -1.907910108566284180e-01 -4.554712772369384766e-01 -4.854839667677879333e-02 8.480660319328308105e-01 3.665235340595245361e-01 3.795887529850006104e-01
1.403715965884058237e+09 1.832181453704833984e+00 -2.164703011512756348e-01 -5.741906166076660156e-01 4.489643499255180359e-03 8.881382942199707031e-01 2.548605203628540039e-01 3.824084997177124023e-01
1.403715966084058285e+09 1.835722088813781738e+00 -4.050559997558593750e-01 -5.513305664062500000e-01 -5.109628289937973022e-02 8.457881212234497070e-01 3.774561583995819092e-01 3.735752701759338379e-01
1.403715966684058189e+09 1.992523074150085449e+00 -5.885556340217590332e-01 -6.021254062652587891e-01 -2.287137694656848907e-02 8.872388601303100586e-01 2.935052812099456787e-01 3.551601171493530273e-01
1.403715967284058094e+09 2.090142965316772461e+00 -6.506015658378601074e-01 -6.402349472045898438e-01 2.320622280240058899e-02 9.166918396949768066e-01 1.885314583778381348e-01 3.515586555004119873e-01
1.403715967584058285e+09 2.074636697769165039e+00 -8.532899618148803711e-01 -4.536190032958984375e-01 3.672165051102638245e-02 8.656497597694396973e-01 3.120642602443695068e-01 3.897664546966552734e-01
1.403715967884058237e+09 1.983173370361328125e+00 -9.506105184555053711e-01 -3.146108388900756836e-01 1.842921972274780273e-02 8.133490085601806641e-01 3.973377346992492676e-01 4.245545268058776855e-01
1.403715968084058285e+09 1.833506226539611816e+00 -8.680160641670227051e-01 -1.656053066253662109e-01 2.626173198223114014e-02 8.512787222862243652e-01 2.516962587833404541e-01 4.596562087535858154e-01
1.403715968784058094e+09 1.501797199249267578e+00 -7.303164601325988770e-01 6.977736949920654297e-02 -1.943155936896800995e-02 8.249174356460571289e-01 3.244158327579498291e-01 4.624803960323333740e-01
1.403715969284058094e+09 1.313336849212646484e+00 -6.946510672569274902e-01 1.967788338661193848e-01 -8.612175285816192627e-02 7.753629684448242188e-01 4.327511191368103027e-01 4.517985880374908447e-01
1.403715969484058142e+09 1.469813346862792969e+00 -5.657631158828735352e-01 2.107570171356201172e-01 -7.418653368949890137e-02 8.274065256118774414e-01 2.991651892662048340e-01 4.694623053073883057e-01
1.403715970084058285e+09 1.680265665054321289e+00 -5.586712360382080078e-01 2.176960706710815430e-01 8.213654160499572754e-03 8.493625521659851074e-01 2.333643883466720581e-01 4.733463823795318604e-01
1.403715970284058094e+09 1.859241962432861328e+00 -6.298841238021850586e-01 3.844773769378662109e-01 8.361174166202545166e-02 8.458403944969177246e-01 2.178800106048583984e-01 4.796785116195678711e-01
1.403715970684058189e+09 1.784030914306640625e+00 -6.940471529960632324e-01 5.169638395309448242e-01 3.805901110172271729e-02 8.028963208198547363e-01 3.503573834896087646e-01 4.807897210121154785e-01
1.403715970884058237e+09 1.680353522300720215e+00 -7.530661225318908691e-01 5.987855195999145508e-01 -1.582780294120311737e-02 7.492595314979553223e-01 4.702684283256530762e-01 4.660550057888031006e-01
1.403715971084058285e+09 1.737795710563659668e+00 -8.081914186477661133e-01 4.161002635955810547e-01 -1.085169836878776550e-01 7.575623989105224609e-01 3.683545887470245361e-01 5.278620123863220215e-01
1.403715971484058142e+09 1.920767068862915039e+00 -8.443935513496398926e-01 2.598532438278198242e-01 -8.020316064357757568e-02 7.690942883491516113e-01 2.439194917678833008e-01 5.852903127670288086e-01
1.403715971684058189e+09 2.115020751953125000e+00 -8.966605067253112793e-01 1.662275791168212891e-01 -2.408462017774581909e-02 7.480004429817199707e-01 1.849182993173599243e-01 6.369619369506835938e-01
1.403715971884058237e+09 2.311906337738037109e+00 -1.007207870483398438e+00 1.528680324554443359e-01 3.891245648264884949e-02 6.901853084564208984e-01 1.903400123119354248e-01 6.970658302307128906e-01
1.403715972184058189e+09 1.997150897979736328e+00 -1.217580318450927734e+00 2.067217826843261719e-01 7.407308556139469147e-03 6.423264741897583008e-01 2.562251091003417969e-01 7.222953438758850098e-01
1.403715972884058237e+09 1.493754386901855469e+00 -1.222442626953125000e+00 2.268886566162109375e-01 2.441013790667057037e-02 6.518211364746093750e-01 2.786972522735595703e-01 7.048838138580322266e-01
1.403715973484058142e+09 1.130251169204711914e+00 -1.188923716545104980e+00 1.474394202232360840e-01 -1.829576678574085236e-02 6.349863409996032715e-01 3.291943967342376709e-01 6.986334323883056641e-01
1.403715973984058142e+09 9.660803675651550293e-01 -9.963070154190063477e-01 -3.199812173843383789e-01 -2.576731704175472260e-02 6.404150724411010742e-01 2.896373271942138672e-01 7.108549475669860840e-01
1.403715974784058094e+09 1.166058421134948730e+00 -6.885722279548645020e-01 -7.585086226463317871e-01 -1.380294747650623322e-02 6.429402828216552734e-01 2.595728039741516113e-01 7.204577326774597168e-01
1.403715975484058142e+09 1.435225963592529297e+00 -5.367229580879211426e-01 -1.151885509490966797e+00 -1.948646269738674164e-02 6.369951963424682617e-01 2.478056848049163818e-01 7.296915650367736816e-01
1.403715976384058237e+09 1.813326597213745117e+00 -5.707649588584899902e-01 -1.195119738578796387e+00 -1.886841654777526855e-02 5.898178219795227051e-01 2.195706069469451904e-01 7.768832445144653320e-01
1.403715977284058094e+09 1.920279979705810547e+00 -6.140915155410766602e-01 -1.031432151794433594e+00 -1.458170637488365173e-02 5.078622102737426758e-01 1.857368946075439453e-01 8.410500288009643555e-01
1.403715977584058285e+09 1.974466443061828613e+00 -6.669608354568481445e-01 -8.705363273620605469e-01 -5.612335167825222015e-03 4.054600000381469727e-01 1.501643806695938110e-01 9.016770124435424805e-01
1.403715977884058237e+09 1.992580413818359375e+00 -7.293460965156555176e-01 -6.824872493743896484e-01 7.938687689602375031e-03 2.954233884811401367e-01 7.878508418798446655e-02 9.520792961120605469e-01
1.403715978184058189e+09 1.956491351127624512e+00 -7.724820375442504883e-01 -5.490816235542297363e-01 1.507312618196010590e-02 2.197491824626922607e-01 2.242325060069561005e-02 9.751821756362915039e-01
1.403715978384058237e+09 1.862297773361206055e+00 -8.186329603195190430e-01 -4.077061712741851807e-01 2.904526144266128540e-02 1.363116502761840820e-01 9.172895923256874084e-03 9.901975989341735840e-01
1.403715978584058285e+09 1.721070528030395508e+00 -8.608360290527343750e-01 -2.790212631225585938e-01 4.350629448890686035e-02 4.250990226864814758e-02 1.210420671850442886e-02 9.980749487876892090e-01
1.403715978784058094e+09 1.569994807243347168e+00 -8.901504874229431152e-01 -1.649185866117477417e-01 4.010125249624252319e-02 -4.460428282618522644e-02 -1.833889819681644440e-02 9.980310797691345215e-01
1.403715978984058142e+09 1.406610727310180664e+00 -9.230193495750427246e-01 -7.849676907062530518e-02 3.944617509841918945e-02 -1.336795240640640259e-01 -5.905457586050033569e-02 9.884767532348632812e-01
1.403715979184058189e+09 1.231889724731445312e+00 -9.715435504913330078e-01 -2.378907427191734314e-02 7.432513684034347534e-02 -2.338175922632217407e-01 -8.060729503631591797e-02 9.660784602165222168e-01
1.403715979384058237e+09 1.065989613533020020e+00 -9.905763864517211914e-01 -9.770631790161132812e-03 9.861921519041061401e-02 -3.160732090473175049e-01 -1.316640079021453857e-01 9.343643188476562500e-01
1.403715979584058285e+09 9.006721377372741699e-01 -1.004636526107788086e+00 -5.676137655973434448e-02 9.613432735204696655e-02 -3.897949457168579102e-01 -1.668646782636642456e-01 9.005411267280578613e-01
1.403715979784058094e+09 7.395243644714355469e-01 -1.004410743713378906e+00 -1.568586230278015137e-01 1.051394715905189514e-01 -4.686197340488433838e-01 -1.876425743103027344e-01 8.568148016929626465e-01
1.403715979984058142e+09 6.035490036010742188e-01 -9.788671731948852539e-01 -3.070160746574401855e-01 1.205745562911033630e-01 -5.507939457893371582e-01 -2.011745423078536987e-01 8.010097146034240723e-01
1.403715980184058189e+09 5.099091529846191406e-01 -9.201718568801879883e-01 -5.095298290252685547e-01 1.167145520448684692e-01 -6.262336373329162598e-01 -2.149249613285064697e-01 7.402813434600830078e-01
1.403715980384058237e+09 4.617340862751007080e-01 -8.476670980453491211e-01 -7.426147460937500000e-01 1.051439642906188965e-01 -6.991407275199890137e-01 -2.258269637823104858e-01 6.701859235763549805e-01
1.403715980584058285e+09 4.653127193450927734e-01 -7.571421861648559570e-01 -9.785041213035583496e-01 9.049347788095474243e-02 -7.703183889389038086e-01 -2.301133573055267334e-01 5.877656340599060059e-01
1.403715980784058094e+09 5.241733789443969727e-01 -6.690331697463989258e-01 -1.206186413764953613e+00 7.078450173139572144e-02 -8.276461958885192871e-01 -2.475887089967727661e-01 4.986895024776458740e-01
1.403715980984058142e+09 6.312110424041748047e-01 -5.834506750106811523e-01 -1.416311740875244141e+00 5.748422071337699890e-02 -8.777285814285278320e-01 -2.565987706184387207e-01 4.005561769008636475e-01
1.403715981184058189e+09 7.811566591262817383e-01 -5.071501731872558594e-01 -1.576418161392211914e+00 5.116408690810203552e-02 -9.177023768424987793e-01 -2.644308507442474365e-01 2.920289337635040283e-01
1.403715981384058237e+09 9.377820491790771484e-01 -4.786322116851806641e-01 -1.665041804313659668e+00 3.647998347878456116e-02 -9.477785825729370117e-01 -2.676072418689727783e-01 1.696214228868484497e-01
1.403715981584058285e+09 1.108102440834045410e+00 -4.748294353485107422e-01 -1.695610523223876953e+00 3.064312972128391266e-02 -9.648677110671997070e-01 -2.570275664329528809e-01 4.503527656197547913e-02
1.403715981784058094e+09 1.271918058395385742e+00 -4.860340952873229980e-01 -1.645882725715637207e+00 3.387897834181785583e-02 -9.532800912857055664e-01 -2.913062274456024170e-01 -7.245777547359466553e-02
1.403715981984058142e+09 1.425827622413635254e+00 -5.268343687057495117e-01 -1.540817856788635254e+00 3.448147326707839966e-02 -9.336782097816467285e-01 -3.098001480102539062e-01 -1.762952357530593872e-01
1.403715982184058189e+09 1.568221330642700195e+00 -5.863738059997558594e-01 -1.405023455619812012e+00 3.068579174578189850e-02 -9.122772812843322754e-01 -3.080206811428070068e-01 -2.682010233402252197e-01
1.403715982384058237e+09 1.706526637077331543e+00 -6.525882482528686523e-01 -1.237335801124572754e+00 2.600745484232902527e-02 -8.848163485527038574e-01 -3.014622926712036133e-01 -3.543220758438110352e-01
1.403715982584058285e+09 1.819981932640075684e+00 -7.317199707031250000e-01 -1.045130252838134766e+00 2.048765495419502258e-02 -8.481751084327697754e-01 -2.873898148536682129e-01 -4.445067644119262695e-01
1.403715982784058094e+09 1.909883499145507812e+00 -8.207741975784301758e-01 -8.280636072158813477e-01 1.364535093307495117e-02 -7.988339662551879883e-01 -2.732127010822296143e-01 -5.357545614242553711e-01
1.403715982984058142e+09 1.974646806716918945e+00 -9.181993007659912109e-01 -5.977861881256103516e-01 7.266078144311904907e-03 -7.426795959472656250e-01 -2.567168176174163818e-01 -6.184421181678771973e-01
1.403715983184058189e+09 2.006836175918579102e+00 -1.006327867507934570e+00 -3.617976903915405273e-01 -5.985627882182598114e-03 -6.763206720352172852e-01 -2.369909882545471191e-01 -6.974166035652160645e-01
1.403715983384058237e+09 2.009672880172729492e+00 -1.105293512344360352e+00 -1.240158081054687500e-01 -2.167731896042823792e-02 -5.988972187042236328e-01 -2.081970721483230591e-01 -7.729852795600891113e-01
1.403715983584058285e+09 1.967530488967895508e+00 -1.205763101577758789e+00 1.022670269012451172e-01 -6.233885884284973145e-02 -5.142540931701660156e-01 -1.761263757944107056e-01 -8.370401263236999512e-01
1.403715983784058094e+09 1.875361919403076172e+00 -1.295056462287902832e+00 2.805768847465515137e-01 -8.713261038064956665e-02 -4.285174608230590820e-01 -1.518298238515853882e-01 -8.864132761955261230e-01
1.403715983984058142e+09 1.728907585144042969e+00 -1.363160371780395508e+00 4.122958183288574219e-01 -9.185287356376647949e-02 -3.460089266300201416e-01 -1.359211206436157227e-01 -9.237783551216125488e-01
1.403715984184058189e+09 1.551700949668884277e+00 -1.410256385803222656e+00 4.712457954883575439e-01 -8.340854197740554810e-02 -2.661889195442199707e-01 -1.244158670306205750e-01 -9.522117972373962402e-01
1.403715984384058237e+09 1.365879058837890625e+00 -1.438894629478454590e+00 4.660215973854064941e-01 -8.419795334339141846e-02 -1.921530812978744507e-01 -9.978508949279785156e-02 -9.726411700248718262e-01
1.403715984584058285e+09 1.173909664154052734e+00 -1.441360354423522949e+00 3.992833793163299561e-01 -5.363428220152854919e-02 -1.143098771572113037e-01 -6.627989560365676880e-02 -9.897795319557189941e-01
1.403715984784058094e+09 9.810304045677185059e-01 -1.432113647460937500e+00 2.997015714645385742e-01 -4.575096815824508667e-02 -1.705829612910747528e-02 -4.871170595288276672e-02 -9.976187348365783691e-01
1.403715984984058142e+09 7.914835214614868164e-01 -1.411703348159790039e+00 1.768381744623184204e-01 -5.293039232492446899e-02 5.673552304506301880e-02 -1.679572276771068573e-02 -9.968436956405639648e-01
1.403715985184058189e+09 6.442030072212219238e-01 -1.376199483871459961e+00 3.533427789807319641e-02 -5.589024722576141357e-02 8.441643416881561279e-02 1.831760257482528687e-02 -9.946932792663574219e-01
1.403715985584058285e+09 4.219785034656524658e-01 -1.319726467132568359e+00 -2.087354063987731934e-01 -3.285076096653938293e-02 6.370128691196441650e-02 1.167060993611812592e-02 -9.973599314689636230e-01
1.403715985684058189e+09 5.666215717792510986e-02 -1.130348563194274902e+00 -5.407454967498779297e-01 2.171403728425502777e-02 1.537753641605377197e-02 -5.960504338145256042e-02 -9.978674054145812988e-01
1.403715986584058285e+09 -1.600474268198013306e-01 -8.403226137161254883e-01 -6.431623697280883789e-01 3.247529733926057816e-03 3.849399799946695566e-04 -3.331057727336883545e-02 -9.994397163391113281e-01
1.403715986684058189e+09 -3.519138693809509277e-01 -4.815772771835327148e-01 -5.254095792770385742e-01 -3.390143066644668579e-02 -5.228017643094062805e-02 -6.782793253660202026e-02 -9.957494139671325684e-01
1.403715987684058189e+09 -3.343167603015899658e-01 -2.156044989824295044e-01 -4.645633399486541748e-01 -2.738763950765132904e-02 -4.319668188691139221e-02 -5.253229290246963501e-02 -9.973086118698120117e-01
1.403715988884058237e+09 -1.872933804988861084e-01 -1.573182493448257446e-01 -4.775176644325256348e-01 -1.232532900758087635e-03 -5.250171571969985962e-02 -4.972923919558525085e-02 -9.973811507225036621e-01
1.403715989784058094e+09 -7.633092254400253296e-02 -3.214345499873161316e-02 -4.079367220401763916e-01 -1.184010598808526993e-02 -5.108115822076797485e-02 -2.557760477066040039e-02 -9.982967376708984375e-01
1.403715990784058094e+09 -9.977512061595916748e-02 3.845854476094245911e-02 -3.798958063125610352e-01 -2.535919193178415298e-03 -5.060562863945960999e-02 -2.468704804778099060e-02 -9.984103441238403320e-01
1.403715990884058237e+09 -1.429211795330047607e-01 9.565393626689910889e-02 -3.420573770999908447e-01 3.182702232152223587e-03 -5.090412870049476624e-02 -2.252840623259544373e-02 -9.984443187713623047e-01
1.403715991084058285e+09 -1.721210479736328125e-01 1.100586950778961182e-01 -3.202893435955047607e-01 -3.762459149584174156e-03 -5.117884650826454163e-02 -2.166968956589698792e-02 -9.984472990036010742e-01
1.403715991184058189e+09 -1.914064884185791016e-01 1.074020788073539734e-01 -3.097524642944335938e-01 -1.241152454167604446e-02 -5.031512305140495300e-02 -2.485829219222068787e-02 -9.983468651771545410e-01
