1.403715894384058112e+18 8.705699202000000136e-01 2.181589793800000177e+00 1.101695237900000013e+00 3.461700368000000250e-01 5.484165450000000330e-01 -6.055622999999999978e-01 4.611939935159999893e-01
1.403715894784058112e+18 8.812452804000000528e-01 2.327833468200000144e+00 1.196320152600000020e+00 3.481986032000000120e-01 5.436029133999999985e-01 -6.208390388000000204e-01 4.447611641399999982e-01
1.403715894984058112e+18 9.017841383000000377e-01 2.425082971900000217e+00 1.249010830700000074e+00 3.603738007000000243e-01 5.355132604000000240e-01 -6.185219931000000004e-01 4.480924187920000135e-01
1.403715895284058112e+18 9.332620482000000273e-01 2.580131488800000206e+00 1.333717000800000108e+00 3.645613930000000114e-01 5.317246905000000412e-01 -6.205511446999999459e-01 4.464080208199999733e-01
1.403715895884058112e+18 9.841579199000000111e-01 2.893879235900000069e+00 1.477990076400000019e+00 3.632119979000000276e-01 5.304154044000000123e-01 -6.238379351999999711e-01 4.444803414940000086e-01
1.403715896184058112e+18 1.008116320200000082e+00 3.044863978800000037e+00 1.543390918200000073e+00 3.735784793999999964e-01 5.234043093000000368e-01 -6.309311154000000199e-01 4.340656359760000083e-01
1.403715896384058112e+18 1.023369125100000110e+00 3.129812160899999807e+00 1.586642504300000089e+00 3.996764101999999985e-01 5.039771615999999455e-01 -6.418660457000000541e-01 4.174610965860000023e-01
1.403715896684058112e+18 1.025201627199999965e+00 3.172788938200000075e+00 1.651335974800000050e+00 4.235982412000000030e-01 4.859765327000000190e-01 -6.451985956000000355e-01 4.100123313699999827e-01
1.403715897184058112e+18 9.373226931000000484e-01 2.922865375000000210e+00 1.756199687000000065e+00 4.380529598999999830e-01 4.756318687000000156e-01 -6.651969884999999749e-01 3.733589376329999876e-01
1.403715897284058112e+18 9.112064054999999829e-01 2.809614737600000023e+00 1.774931781700000100e+00 4.252045434999999762e-01 4.859723155999999822e-01 -6.601226061999999617e-01 3.837579306919999822e-01
1.403715897384058112e+18 8.841271446999999784e-01 2.678221437299999952e+00 1.792129661799999996e+00 4.014623364000000083e-01 5.048237917000000241e-01 -6.491439691000000511e-01 4.032282717549999784e-01
1.403715897484058112e+18 8.576824856000000441e-01 2.537493462000000033e+00 1.810978563499999971e+00 3.840595405000000184e-01 5.173931610999999986e-01 -6.413581404999999513e-01 4.164880812439999969e-01
1.403715897884058112e+18 7.718290539000000061e-01 1.940490771099999900e+00 1.881782289800000063e+00 3.969389991999999756e-01 5.053349120000000250e-01 -6.455162293999999745e-01 4.127770041850000182e-01
1.403715897984058112e+18 7.523847928000000351e-01 1.777018371200000058e+00 1.896348706499999981e+00 3.960008851999999857e-01 5.061571799999999843e-01 -6.406174420000000369e-01 4.202350545460000197e-01
1.403715898184058112e+18 7.085961465000000237e-01 1.434590066699999999e+00 1.925264927600000009e+00 3.936366403000000069e-01 5.013489775999999676e-01 -6.251019036999999612e-01 4.504964019159999888e-01
1.403715898384058112e+18 6.445502135999999771e-01 1.087233313300000059e+00 1.944722303300000066e+00 3.716062559000000154e-01 4.904019578000000101e-01 -6.337480715000000098e-01 4.688049617830000182e-01
1.403715898784058112e+18 4.792826156000000171e-01 4.223587903000000088e-01 1.925459148000000065e+00 3.116898933999999732e-01 4.470684339000000063e-01 -6.844286065000000363e-01 4.842899012160000183e-01
1.403715898984058112e+18 3.980485189999999895e-01 1.112738372000000031e-01 1.855591262799999974e+00 2.927424720999999841e-01 4.298456578000000028e-01 -6.993280304000000225e-01 4.903823625529999952e-01
1.403715899184058112e+18 3.269184703999999941e-01 -1.841634869999999868e-01 1.749381994699999998e+00 2.795724005999999928e-01 4.253651558000000055e-01 -7.108112458999999994e-01 4.854391102699999738e-01
1.403715899384058112e+18 2.755008722000000243e-01 -4.661032591000000003e-01 1.664274438000000078e+00 2.536912441999999990e-01 4.402870179999999745e-01 -7.194764794000000352e-01 4.734360464010000102e-01
1.403715899684058112e+18 2.867099451999999826e-01 -8.625928836999999794e-01 1.619418238499999996e+00 2.526094960999999972e-01 4.471100251999999831e-01 -7.176030832999999998e-01 4.704539113160000063e-01
1.403715899984058112e+18 4.012843844999999798e-01 -1.223842827599999961e+00 1.587742776400000055e+00 2.443888659000000019e-01 4.615163500000000196e-01 -6.916776392000000273e-01 4.988574790240000167e-01
1.403715900384058112e+18 6.786158380000000268e-01 -1.553413866599999915e+00 1.557048490499999938e+00 2.333677416000000115e-01 4.722749507999999818e-01 -6.780237174000000033e-01 5.126204313990000427e-01
1.403715900684058112e+18 9.729598618000000476e-01 -1.655641472999999975e+00 1.558681338299999997e+00 2.886815589999999765e-01 4.340155555999999915e-01 -6.874003194000000150e-01 5.057412933799999566e-01
1.403715900984058112e+18 1.250607039599999970e+00 -1.703001512199999956e+00 1.571787392400000094e+00 3.168190094000000179e-01 4.097084210999999976e-01 -6.610346956999999524e-01 5.429529040770000314e-01
1.403715901484058112e+18 1.425341490199999894e+00 -1.608980867999999953e+00 1.638208000999999969e+00 3.244057390000000263e-01 3.973461238000000062e-01 -6.641740381999999832e-01 5.438288530249999475e-01
1.403715902184058112e+18 1.161863099400000099e+00 -1.225028861800000035e+00 1.731797051300000057e+00 2.958034077999999734e-01 4.181775254999999802e-01 -6.835414293999999558e-01 5.199990532860000458e-01
1.403715902884058112e+18 7.811250431999999799e-01 -6.756090568999999491e-01 1.755312798100000071e+00 2.992194190999999948e-01 4.597054702000000215e-01 -6.991004763000000510e-01 4.586906843760000241e-01
1.403715903384058112e+18 6.542948389999999614e-01 -3.012167202000000099e-01 1.674096193500000052e+00 3.266583033000000080e-01 5.386657019999999685e-01 -6.503224544000000273e-01 4.245165717439999820e-01
1.403715903684058112e+18 6.959100495000000164e-01 -8.048790029999999818e-02 1.709982159700000004e+00 3.558612575999999805e-01 5.763194083999999551e-01 -6.215214301999999469e-01 3.936112506989999926e-01
1.403715903884058112e+18 7.798414736000000014e-01 6.219109789999999888e-02 1.805183118099999984e+00 4.015786618000000141e-01 5.986542404000000372e-01 -5.812165148000000281e-01 3.775381328169999939e-01
1.403715904284058112e+18 9.918551120999999915e-01 3.110452042999999889e-01 2.027843682399999903e+00 4.771052989999999827e-01 6.721355234000000456e-01 -4.641365816999999949e-01 3.243171370879999738e-01
1.403715904484058112e+18 1.094819465500000089e+00 4.132085101999999899e-01 2.110414593299999808e+00 5.010953881999999915e-01 7.059847031000000550e-01 -3.963650573999999982e-01 3.055875525110000046e-01
1.403715904784058112e+18 1.214162583100000026e+00 5.646148154000000252e-01 2.146547798099999849e+00 5.359661600999999775e-01 7.398464643000000063e-01 -3.081395834999999805e-01 2.653629243499999735e-01
1.403715905384058112e+18 1.258700411700000021e+00 7.817363306000000289e-01 1.939402909800000074e+00 5.953194429999999482e-01 7.842707603999999888e-01 -1.151948564999999980e-01 1.313174788629999923e-01
1.403715905684058112e+18 1.179450961999999992e+00 7.927633955999999760e-01 1.813065464099999913e+00 5.789422603999999639e-01 8.120946379000000270e-01 -4.888037280000000206e-02 5.421132122700000194e-02
1.403715905884058112e+18 1.104581835000000067e+00 7.874993082000000255e-01 1.737987213900000105e+00 5.679316585000000472e-01 8.229437684000000530e-01 4.963129699999999957e-03 -1.387633667359999996e-02
1.403715906284058112e+18 9.708609166999999651e-01 8.085515533999999560e-01 1.601235397099999958e+00 5.512836571000000463e-01 8.064143432999999472e-01 1.900274181000000118e-01 -9.834539512739999545e-02
1.403715906484058112e+18 8.842679457000000021e-01 8.331837014999999846e-01 1.546244726400000102e+00 5.467490153999999825e-01 7.772651730999999842e-01 2.751527367000000113e-01 -1.456548534700000119e-01
1.403715906684058112e+18 7.727519564000000507e-01 8.461108822999999779e-01 1.518972454800000094e+00 5.346375683999999850e-01 7.454134236999999663e-01 3.372111733000000000e-01 -2.116840164179999983e-01
1.403715906884058112e+18 6.541634637000000030e-01 8.439235588000000288e-01 1.529561520299999922e+00 5.077652365999999473e-01 7.120628444000000057e-01 3.961369801999999885e-01 -2.796720633220000085e-01
1.403715907284058112e+18 4.593175841000000093e-01 8.192263598000000258e-01 1.495877212899999975e+00 4.553443889000000078e-01 6.005192906999999858e-01 5.450733855999999600e-01 -3.673323745090000259e-01
1.403715907484058112e+18 3.846362351000000013e-01 7.784530069999999746e-01 1.532260509899999956e+00 4.196144600999999752e-01 5.325935629000000393e-01 6.110410651000000026e-01 -4.085298256950000151e-01
1.403715907684058112e+18 3.265262604999999985e-01 7.137122656000000065e-01 1.585016570400000102e+00 3.822223799999999727e-01 4.736092195000000116e-01 6.574743387000000494e-01 -4.442159985940000166e-01
1.403715907984058112e+18 2.826580638000000256e-01 5.802098387999999884e-01 1.656475040899999973e+00 3.162961538999999878e-01 3.963598597999999917e-01 6.947197927999999578e-01 -5.101176472059999467e-01
1.403715908284058112e+18 3.023625932999999821e-01 4.546203292000000062e-01 1.703255442299999922e+00 2.344816576000000041e-01 2.992799258000000129e-01 7.386434050000000306e-01 -5.566469244880000167e-01
1.403715908484058112e+18 3.434442972000000260e-01 3.975108285999999769e-01 1.723673492699999921e+00 1.748234187000000106e-01 2.238455823000000122e-01 7.669835919999999918e-01 -5.753834349219999478e-01
1.403715908684058112e+18 3.994394696999999939e-01 3.642927342000000235e-01 1.742434830199999896e+00 1.196450222000000063e-01 1.359977928999999974e-01 7.857238095999999894e-01 -5.914623943660000105e-01
1.403715908884058112e+18 4.668750087999999909e-01 3.562859133999999872e-01 1.753916950700000088e+00 6.137194470000000013e-02 5.552603739999999871e-02 7.924905749999999749e-01 -6.042425275280000063e-01
1.403715909184058112e+18 5.822872101999999606e-01 3.965325116000000261e-01 1.748730577299999922e+00 9.325155400000000039e-03 6.143321029999999905e-02 -8.079941326999999784e-01 5.859048418400000235e-01
1.403715909484058112e+18 7.196799329999999939e-01 4.632709998000000273e-01 1.724965360499999933e+00 6.876574550000000285e-02 1.592970271999999965e-01 -7.977978313000000377e-01 5.774204271849999737e-01
1.403715909784058112e+18 8.978442466999999594e-01 5.610873683999999528e-01 1.674575120000000084e+00 1.377792240999999862e-01 2.658559964000000164e-01 -7.684699027000000404e-01 5.655010903799999600e-01
1.403715909984058112e+18 1.040456447900000025e+00 6.568929815999999811e-01 1.637304878399999941e+00 2.218596345999999941e-01 3.372854302000000137e-01 -7.294867386000000176e-01 5.521466647089999791e-01
1.403715910184058112e+18 1.169075644100000089e+00 7.764966910999999694e-01 1.590490595399999929e+00 2.971311346000000131e-01 4.220487218999999790e-01 -6.791821372999999884e-01 5.218233317270000171e-01
1.403715910384058112e+18 1.270948651999999957e+00 9.074454462000000055e-01 1.539884141199999945e+00 3.505496774999999898e-01 4.956334622999999939e-01 -6.286490103999999857e-01 4.860687362869999806e-01
1.403715910784058112e+18 1.375295431799999912e+00 1.192764575100000002e+00 1.461970745099999913e+00 4.355721417000000262e-01 5.870718576000000244e-01 -5.296499615999999966e-01 4.302260586530000097e-01
1.403715910984058112e+18 1.367632696300000061e+00 1.342267489499999966e+00 1.437535116999999918e+00 4.679717188999999999e-01 6.249849830999999467e-01 -4.869771969999999728e-01 3.914708813119999742e-01
1.403715911184058112e+18 1.319270434399999914e+00 1.486052714299999966e+00 1.418675625299999910e+00 5.067201932999999547e-01 6.524860455000000004e-01 -4.374655956999999873e-01 3.551344233329999933e-01
1.403715911384058112e+18 1.230037286700000010e+00 1.611336679399999916e+00 1.400811960500000009e+00 5.335581960999999929e-01 6.850881252999999615e-01 -3.866492551999999860e-01 3.105998478259999751e-01
1.403715911784058112e+18 9.727809106999999456e-01 1.783936353399999897e+00 1.360261063999999909e+00 5.383383918999999906e-01 7.579696115999999817e-01 -2.908679814999999835e-01 2.259859751739999867e-01
1.403715911984058112e+18 8.296369353000000446e-01 1.851760349499999903e+00 1.392235415600000081e+00 5.478905534000000355e-01 7.761698646000000368e-01 -2.424331332999999922e-01 1.964750841329999942e-01
1.403715912184058112e+18 6.791806821000000438e-01 1.917192734699999956e+00 1.461123883399999990e+00 5.584140198999999471e-01 7.854242500000000460e-01 -2.115097945999999951e-01 1.629298519990000083e-01
1.403715912384058112e+18 5.264012152000000500e-01 1.976804574800000047e+00 1.525754623799999932e+00 5.679432427999999700e-01 7.916349105000000108e-01 -1.812801666999999950e-01 1.337615139130000075e-01
1.403715912784058112e+18 2.241489597000000111e-01 2.069749998999999896e+00 1.634911606800000028e+00 5.791112147000000432e-01 8.076574830999999621e-01 -9.123706339999999859e-02 6.320909130280000232e-02
1.403715912984058112e+18 7.710265169999999668e-02 2.101448796400000152e+00 1.666892605099999924e+00 5.828690828000000490e-01 8.122530956000000302e-01 -1.838342789999999893e-02 1.306103412380000064e-02
1.403715913184058112e+18 -6.264015019999999434e-02 2.123467505399999844e+00 1.649537285999999936e+00 5.843986301000000383e-01 8.086523746999999540e-01 5.527934789999999765e-02 -3.877849403389999755e-02
1.403715913384058112e+18 -1.913644020999999973e-01 2.135841590300000092e+00 1.621084171099999915e+00 5.961766679000000124e-01 7.897605921000000473e-01 1.270487093000000067e-01 -6.863099290169999422e-02
1.403715913884058112e+18 -5.345291499000000002e-01 2.015436561200000032e+00 1.571118057999999928e+00 6.046595651999999710e-01 7.705459662000000431e-01 1.931346513999999959e-01 -5.783364638380000117e-02
1.403715914284058112e+18 -9.358054425999999815e-01 1.716230111600000052e+00 1.578284972599999891e+00 5.766650420000000166e-01 7.987809435999999597e-01 1.581982818000000068e-01 -6.617958284600000685e-02
1.403715914684058112e+18 -1.400337600100000079e+00 1.408963035600000024e+00 1.609021486100000065e+00 5.236166657999999918e-01 8.474023205999999808e-01 7.295926049999999774e-02 -4.911049347739999960e-02
1.403715915184058112e+18 -1.881026016699999914e+00 1.331462546400000058e+00 1.651184334699999923e+00 4.956206038000000036e-01 8.641399776000000532e-01 -4.124440599999999735e-02 -7.694943249529999363e-02
1.403715916384058112e+18 -2.199843970599999921e+00 2.250001674600000001e+00 1.397364281300000011e+00 5.671603547000000356e-01 8.233005617999999970e-01 -1.549077459999999989e-02 1.628965615499999853e-02
1.403715917284058112e+18 -2.156861233799999944e+00 3.079102197400000129e+00 1.237936649099999897e+00 5.972864024999999799e-01 7.662628116999999905e-01 -1.899921301999999979e-01 1.413974796490000130e-01
1.403715917984058112e+18 -1.966958482099999905e+00 3.314561188099999889e+00 1.164753221600000055e+00 6.063877052999999684e-01 7.484253738999999683e-01 -2.196971023000000023e-01 1.545528839560000034e-01
1.403715918484058112e+18 -1.900080243499999932e+00 3.149806002700000107e+00 1.095944267699999974e+00 5.709697310000000359e-01 7.522590075999999737e-01 -2.794673710000000200e-01 1.731991350340000013e-01
1.403715918784058112e+18 -1.864018060700000090e+00 2.957624090599999978e+00 9.724846086999999750e-01 5.390430419999999723e-01 7.570634539999999690e-01 -3.127192216999999941e-01 1.961994238529999879e-01
1.403715918984058112e+18 -1.821182818200000053e+00 2.815949512700000046e+00 9.408181904000000317e-01 5.013991575999999784e-01 7.801733141000000149e-01 -3.067760876999999775e-01 2.140488651099999862e-01
1.403715919384058112e+18 -1.700089684800000001e+00 2.655926934400000050e+00 9.904012518999999459e-01 4.914891040000000100e-01 7.885939400999999460e-01 -2.641994024000000052e-01 2.583732454650000121e-01
1.403715920484058112e+18 -1.621979587000000000e+00 2.927121635399999811e+00 8.284970395999999848e-01 5.329315401999999979e-01 7.707667772999999833e-01 -2.842280974999999987e-01 2.027731171100000118e-01
1.403715920784058112e+18 -1.616465404599999989e+00 3.080678314500000070e+00 9.003364625999999982e-01 5.689873190999999997e-01 7.509137539000000361e-01 -2.729986383999999933e-01 1.945602950839999956e-01
1.403715921184058112e+18 -1.633279969700000001e+00 3.189304778999999979e+00 1.103561267599999951e+00 5.559915939999999779e-01 7.831218524999999930e-01 -2.347191916999999961e-01 1.500013755179999964e-01
1.403715921984058112e+18 -1.578527419400000076e+00 3.354617030500000041e+00 1.622264151600000037e+00 5.498807854999999689e-01 7.941372289999999445e-01 -2.143819295000000125e-01 1.449743826409999881e-01
1.403715922284058112e+18 -1.542089349600000103e+00 3.437529728299999920e+00 1.823929839500000094e+00 5.654269802000000400e-01 7.811623167000000256e-01 -2.161092611000000052e-01 1.528873846550000137e-01
1.403715922784058112e+18 -1.499718708500000108e+00 3.506735622499999927e+00 2.208222996499999979e+00 5.715762169000000448e-01 7.773590229000000296e-01 -2.101999620999999985e-01 1.575739629560000132e-01
1.403715924484058112e+18 -1.481052059900000106e+00 3.211283935800000044e+00 2.140607755400000034e+00 5.636862864999999667e-01 7.844362169999999912e-01 -2.119863096000000058e-01 1.482544989479999964e-01
1.403715924784058112e+18 -1.429385271999999985e+00 3.053067660700000019e+00 1.973045007200000089e+00 5.517180471000000530e-01 7.859908353000000236e-01 -2.419694212999999872e-01 1.388394843849999893e-01
1.403715924984058112e+18 -1.362679814999999905e+00 2.943517600299999870e+00 1.867334156000000078e+00 5.551074934999999932e-01 7.657092330000000446e-01 -2.800934347999999852e-01 1.645986302000000123e-01
1.403715925184058112e+18 -1.277062245900000059e+00 2.813859257699999894e+00 1.787314450500000040e+00 5.611890321000000403e-01 7.334022343999999638e-01 -3.142473836999999937e-01 2.200831994749999909e-01
1.403715925384058112e+18 -1.201446485099999961e+00 2.654742258899999818e+00 1.759749711400000027e+00 5.432042871000000162e-01 7.129465193999999784e-01 -3.685757541999999942e-01 2.465527862909999979e-01
1.403715925784058112e+18 -1.054423787299999971e+00 2.259328502399999827e+00 1.743825536699999956e+00 4.897838406000000200e-01 6.682465615999999553e-01 -4.756288936999999994e-01 2.955257650529999891e-01
1.403715925984058112e+18 -9.658010128999999777e-01 2.029233827100000109e+00 1.734261258300000108e+00 4.684994143999999805e-01 6.322354523000000004e-01 -5.165039219000000514e-01 3.376541576400000078e-01
1.403715926184058112e+18 -8.758646243000000053e-01 1.780587334800000088e+00 1.708052894699999991e+00 4.564646113999999977e-01 5.787092307000000213e-01 -5.579155104999999892e-01 3.814000105009999753e-01
1.403715926384058112e+18 -8.079760432999999464e-01 1.510044034599999918e+00 1.631633893899999910e+00 4.323444744000000117e-01 5.236890213999999544e-01 -5.972686868000000038e-01 4.267296334599999796e-01
1.403715926784058112e+18 -7.972061713000000438e-01 9.388578865000000162e-01 1.436940072699999904e+00 3.366270545999999753e-01 4.441093345000000081e-01 -6.671873144000000089e-01 4.942774653349999991e-01
1.403715926984058112e+18 -8.419383782999999566e-01 6.698072167999999937e-01 1.372386337000000012e+00 2.825818755999999765e-01 4.199023524000000118e-01 -6.990294549000000135e-01 5.051606865269999691e-01
1.403715927184058112e+18 -8.868896699999999633e-01 4.227175073000000172e-01 1.346955092600000015e+00 2.501589840999999814e-01 3.886910539999999803e-01 -7.086904237000000162e-01 5.330080961959999808e-01
1.403715927384058112e+18 -9.301460473999999534e-01 2.106603935999999955e-01 1.323594815000000091e+00 2.102169881000000018e-01 3.642331949000000013e-01 -7.015937477999999450e-01 5.752470866129999472e-01
1.403715927884058112e+18 -1.090789103699999929e+00 -3.112629009999999877e-02 1.288863546199999988e+00 1.615032375000000076e-01 2.220004431000000000e-01 -7.301580613999999469e-01 6.257009772710000473e-01
1.403715928284058112e+18 -1.335453231100000027e+00 5.182970060000000045e-02 1.176647754400000023e+00 4.540086840000000235e-02 7.287734830000000552e-02 -7.814659133000000368e-01 6.180118766030000543e-01
1.403715928484058112e+18 -1.461702651900000038e+00 1.612801390999999973e-01 1.073509865699999954e+00 3.495940999999999806e-04 1.194658699999999983e-02 7.762315387999999539e-01 -6.303346372779999873e-01
1.403715928684058112e+18 -1.588121100800000018e+00 3.246291508999999964e-01 9.687078919999999593e-01 3.300075820000000076e-02 6.778474049999999584e-02 7.927098281000000135e-01 -6.049192568229999623e-01
1.403715928884058112e+18 -1.711010442000000076e+00 5.166675498999999672e-01 9.202304303999999657e-01 4.483594949999999968e-02 7.557626239999999662e-02 8.340944100999999611e-01 -5.445773418899999552e-01
1.403715929184058112e+18 -1.890354450100000028e+00 7.229715508999999818e-01 1.034292624499999924e+00 1.642160850000000047e-02 2.792363860000000170e-02 8.760513482999999768e-01 -4.811285029840000060e-01
1.403715929484058112e+18 -2.064103280999999956e+00 7.318553870999999766e-01 1.164006834999999906e+00 7.559813120000000164e-02 -6.660751230000000467e-02 8.424326426999999562e-01 -5.292972741470000075e-01
1.403715929784058112e+18 -2.052961841100000129e+00 6.518595991000000200e-01 1.272732951699999893e+00 8.994217919999999977e-02 -7.276424099999999340e-02 8.172293273999999830e-01 -5.645812572320000333e-01
1.403715931484058112e+18 -1.904641526999999890e+00 8.861597509999999400e-02 1.460545235000000108e+00 1.760916350000000033e-02 2.716993919999999979e-02 8.524272851999999956e-01 -5.218423470480000326e-01
1.403715931784058112e+18 -1.972914191899999947e+00 -2.710746500999999808e-01 1.523491398200000013e+00 2.319838299999999950e-02 1.140100420000000024e-02 8.419058877999999746e-01 -5.390049426940000110e-01
1.403715931984058112e+18 -2.003031901700000006e+00 -5.423238484000000303e-01 1.537351764200000082e+00 1.895700880000000116e-02 5.059745600000000246e-03 8.232336340999999447e-01 -5.673635646460000181e-01
1.403715932184058112e+18 -2.020322599900000071e+00 -8.130705040000000272e-01 1.565486779200000012e+00 1.620752859999999990e-02 1.347633599999999978e-03 7.883287578000000018e-01 -6.150392422549999516e-01
1.403715932384058112e+18 -2.022286278799999781e+00 -1.035794617799999928e+00 1.613661757800000096e+00 1.747481760000000120e-02 -4.611786999999999896e-04 7.394116842000000300e-01 -6.730265814570000060e-01
1.403715932684058112e+18 -2.002154263400000023e+00 -1.156664228799999972e+00 1.696386999100000015e+00 1.001400879999999986e-02 4.245656199999999630e-03 6.918041298999999533e-01 -7.220032824630000512e-01
1.403715933184058112e+18 -1.939139518199999968e+00 -6.089749905000000352e-01 1.829811953100000110e+00 2.214799049999999908e-02 1.472281110000000018e-02 8.084766282999999998e-01 -5.879270761860000416e-01
1.403715933384058112e+18 -1.901029433599999985e+00 -2.912601155000000275e-01 1.880628745199999896e+00 1.541555720000000081e-02 2.421763849999999940e-02 8.668457361000000416e-01 -4.977492705329999989e-01
1.403715934184058112e+18 -1.876826529999999993e+00 -4.537235405999999749e-01 2.273856106899999840e+00 3.363697239999999949e-02 3.757085999999999759e-02 8.034444458999999705e-01 -5.932402607119999782e-01
1.403715934284058112e+18 -1.880543422099999917e+00 -5.978261751000000235e-01 2.319055028899999815e+00 3.841524269999999769e-02 3.654087810000000019e-02 7.583719356000000467e-01 -6.496622511809999612e-01
1.403715934484058112e+18 -1.880706082999999973e+00 -8.179702074000000378e-01 2.362791399999999875e+00 3.982138240000000079e-02 3.498589779999999871e-02 6.933126537999999561e-01 -7.186847768440000062e-01
1.403715935184058112e+18 -1.813235142599999961e+00 -2.102948809999999891e-01 2.412634066199999872e+00 1.427135220000000024e-02 3.584909029999999719e-02 8.112480295999999758e-01 -5.834276353870000431e-01
1.403715935384058112e+18 -1.799560166400000050e+00 1.680320315999999925e-01 2.370601035800000034e+00 1.820208530000000033e-02 3.541129280000000074e-02 8.630371917000000392e-01 -5.035687938880000214e-01
1.403715935884058112e+18 -1.774833774900000050e+00 6.946192810000000328e-01 2.167490297800000132e+00 2.594043600000000074e-02 3.114225400000000116e-02 9.096614549000000549e-01 -4.133682271460000224e-01
1.403715936384058112e+18 -1.740679530500000016e+00 3.737683301999999985e-01 2.112810446500000161e+00 4.169955749999999794e-02 3.755337250000000127e-02 7.812100280999999535e-01 -6.217409293010000004e-01
1.403715936884058112e+18 -1.662197150999999984e+00 2.127138466999999866e-01 2.043880809200000037e+00 3.559358750000000265e-02 5.390827410000000042e-02 7.627672382000000306e-01 -6.434385244820000072e-01
1.403715937284058112e+18 -1.597232855499999937e+00 3.902299180000000089e-01 1.973198784999999900e+00 9.290275799999999154e-03 1.823597769999999937e-02 8.074239069999999963e-01 -5.896166332919999808e-01
1.403715937884058112e+18 -1.492328016699999926e+00 7.010166450999999466e-01 1.680678436700000056e+00 6.002874670000000329e-02 9.923132299999999628e-02 -8.515294350000000012e-01 5.113191914119999959e-01
1.403715938184058112e+18 -1.407884322999999993e+00 6.998462944000000130e-01 1.548566679799999957e+00 9.241615979999999453e-02 1.625759147999999987e-01 -8.505256362999999986e-01 4.915632892530000242e-01
1.403715938984058112e+18 -9.049491423000000090e-01 2.017870659000000066e-01 1.553222227500000052e+00 1.626960453999999889e-01 2.946363301000000101e-01 -8.070088560999999494e-01 4.852382260770000122e-01
1.403715939284058112e+18 -6.021762124999999743e-01 -9.313810610000000656e-02 1.549644775700000032e+00 1.800829438000000060e-01 2.948427557000000143e-01 -7.828193745999999509e-01 5.175245980339999718e-01
1.403715939484058112e+18 -3.707301633000000263e-01 -3.149866691000000052e-01 1.554459514299999956e+00 2.070580109000000057e-01 2.765620547000000040e-01 -7.326007496999999979e-01 5.864610401359999781e-01
1.403715939684058112e+18 -1.731626957000000078e-01 -4.911813972999999889e-01 1.563353600799999965e+00 2.245828923000000032e-01 2.560536019999999913e-01 -6.844309735000000394e-01 6.446342528349999768e-01
1.403715940484058112e+18 -1.940809722000000070e-01 -1.651970268000000075e-01 1.841452657600000098e+00 1.538865245000000104e-01 2.905467830999999834e-01 -8.151400227999999748e-01 4.769153463510000246e-01
1.403715940684058112e+18 -2.174612673000000107e-01 -3.405480820000000158e-02 1.915015656300000035e+00 1.357466565999999875e-01 2.944077955000000135e-01 -8.655533372000000503e-01 3.817254454469999891e-01
1.403715941184058112e+18 1.981007110000000127e-01 -3.225185245000000145e-01 2.182072217700000039e+00 1.743288933000000096e-01 2.666486448000000009e-01 -7.723216464000000059e-01 5.495700243900000226e-01
1.403715941284058112e+18 3.243400657000000131e-01 -4.298611541999999841e-01 2.244218248300000162e+00 1.979210342999999928e-01 2.467635384999999903e-01 -7.282579920999999734e-01 6.079270656499999870e-01
1.403715941484058112e+18 5.361474083999999696e-01 -5.940229368999999648e-01 2.337669561999999868e+00 2.288156271000000019e-01 2.203725230999999951e-01 -6.777371642999999724e-01 6.631377654450000270e-01
1.403715941784058112e+18 6.879628354000000279e-01 -6.787433829000000252e-01 2.344297632299999989e+00 2.645261528999999778e-01 1.928670631000000135e-01 -6.312999069000000407e-01 7.030566392099999451e-01
1.403715942284058112e+18 2.905512087000000077e-01 -2.398940488999999898e-01 2.156719546700000212e+00 1.932548765999999862e-01 2.562740108000000072e-01 -7.611225888999999523e-01 5.636209619969999585e-01
1.403715942484058112e+18 4.296484989999999754e-02 1.652910739999999962e-02 1.968042797100000074e+00 1.657515438999999924e-01 2.752954054999999789e-01 -8.203670876999999972e-01 4.730081467469999801e-01
1.403715942684058112e+18 -1.590476073000000046e-01 2.122547510999999998e-01 1.762030982700000026e+00 1.439486551999999975e-01 2.915527433999999807e-01 -8.505207636999999599e-01 4.133886946909999804e-01
1.403715943184058112e+18 -2.338512358000000013e-01 2.030191483999999880e-01 1.361640338499999991e+00 1.386295516999999922e-01 3.154128861000000117e-01 -8.266523319999999897e-01 4.449072719530000053e-01
1.403715943384058112e+18 -8.578206250000000588e-02 3.733204119999999904e-02 1.317553226100000030e+00 1.910667625999999952e-01 2.920904598999999879e-01 -7.615233086999999568e-01 5.461308504190000024e-01
1.403715944284058112e+18 -4.812032670000000040e-02 4.909399000000000055e-03 1.387278190800000033e+00 2.200283759999999977e-01 3.005115499000000079e-01 -7.773696342999999453e-01 5.069287659960000081e-01
1.403715944484058112e+18 -1.917420039000000132e-01 1.341057062000000077e-01 1.426206290999999959e+00 2.044894426999999959e-01 3.594871673999999739e-01 -8.072518443999999738e-01 4.210671015010000184e-01
1.403715944684058112e+18 -2.636949592999999759e-01 1.927848365000000008e-01 1.459477882200000076e+00 2.169647684999999881e-01 4.117082965000000150e-01 -8.025164124000000454e-01 3.733496695190000048e-01
1.403715945284058112e+18 7.953729530000000492e-02 -3.611616649999999790e-02 1.648849967599999911e+00 3.495253828000000063e-01 4.719019982000000057e-01 -5.973395191000000493e-01 5.461922827799999824e-01
1.403715945684058112e+18 1.340691200999999944e-01 -3.348730059999999870e-02 1.783872433099999988e+00 3.727704284999999729e-01 4.499086163000000083e-01 -5.989635171999999619e-01 5.476012688610000234e-01
1.403715945884058112e+18 1.489754180000000053e-02 4.434897430000000335e-02 1.832366524300000021e+00 3.179944771000000059e-01 4.867095020000000161e-01 -6.680369870000000265e-01 4.644566258380000146e-01
1.403715946484058112e+18 2.122379499999999929e-03 2.300188626999999930e-01 1.992501507300000085e+00 2.974148470999999905e-01 5.659542458999999859e-01 -6.671456625999999668e-01 3.823046758590000205e-01
1.403715946684058112e+18 2.044507892000000104e-01 2.606014810000000237e-01 2.073673902099999911e+00 3.770272590000000035e-01 5.362570075999999464e-01 -6.036507721999999632e-01 4.537450969829999736e-01
1.403715946884058112e+18 3.870316216999999948e-01 2.990344161999999861e-01 2.143313991199999879e+00 4.199347887000000057e-01 5.135031341000000360e-01 -5.677321889999999982e-01 4.874930421559999782e-01
1.403715947184058112e+18 5.177752776999999806e-01 3.697878799000000050e-01 2.222970460800000048e+00 4.648515778000000265e-01 4.709635637999999846e-01 -5.257466382000000049e-01 5.345061315600000418e-01
1.403715947784058112e+18 4.080438699999999752e-02 5.524550349000000304e-01 2.126041877500000066e+00 3.580827932999999796e-01 5.457017781999999873e-01 -6.528113420000000167e-01 3.844783923389999969e-01
1.403715947984058112e+18 -1.385052753999999886e-01 5.887997173000000251e-01 2.010244204100000154e+00 3.084563626999999864e-01 5.807890023999999762e-01 -6.689198937000000456e-01 3.465328020369999873e-01
1.403715948384058112e+18 -1.148096059999999946e-01 6.138146999000000381e-01 1.823196365000000041e+00 3.101261330999999788e-01 5.906116819000000184e-01 -6.588865306000000199e-01 3.476609880359999849e-01
1.403715948784058112e+18 2.904972196999999756e-01 6.012125198000000115e-01 1.710985725400000046e+00 4.065499973999999739e-01 5.140865266999999905e-01 -5.813370545999999583e-01 4.821611470120000242e-01
1.403715949284058112e+18 4.561532121999999911e-01 6.220312139000000462e-01 1.572938970999999908e+00 4.369834054000000245e-01 5.358379596000000245e-01 -5.557081554999999673e-01 4.616401524470000184e-01
1.403715949484058112e+18 3.810799858000000206e-01 6.354347673000000363e-01 1.527594078499999952e+00 3.851971129999999799e-01 6.071221209999999591e-01 -5.824132632999999837e-01 3.792370036980000081e-01
1.403715949684058112e+18 3.359398254000000028e-01 6.490496903000000373e-01 1.499914645100000055e+00 3.576673163999999905e-01 6.555803811999999509e-01 -5.805780992000000307e-01 3.243725100739999756e-01
1.403715950184058112e+18 6.420732115999999712e-01 7.820004892999999901e-01 1.498034366299999975e+00 4.023161632000000210e-01 7.134171339999999528e-01 -4.640055433999999979e-01 3.374560023509999840e-01
1.403715950384058112e+18 8.675533428999999686e-01 9.115389649999999788e-01 1.525762585100000068e+00 4.975490845000000162e-01 6.602849490000000099e-01 -4.249202591999999834e-01 3.686617256820000077e-01
1.403715951284058112e+18 7.075536884999999998e-01 1.133898357899999931e+00 1.640887187199999930e+00 4.617430820999999797e-01 7.028177662000000270e-01 -4.478678826999999973e-01 3.037348733199999873e-01
1.403715951484058112e+18 5.018792908000000441e-01 1.119414261700000024e+00 1.667328777100000048e+00 4.059576371999999989e-01 7.545927623000000528e-01 -4.522244031000000053e-01 2.475504982379999885e-01
1.403715951684058112e+18 3.836480887000000006e-01 1.149949080699999904e+00 1.702013166399999999e+00 3.770826406000000186e-01 7.893086122000000371e-01 -4.381401300000000165e-01 2.069633379980000132e-01
1.403715951984058112e+18 4.430572868000000053e-01 1.334311790199999903e+00 1.784569060199999946e+00 4.384041938000000083e-01 7.863314946999999666e-01 -3.865517728000000264e-01 2.001556151720000065e-01
1.403715952184058112e+18 5.888049223000000332e-01 1.520857997500000058e+00 1.857568973200000029e+00 5.530416446999999458e-01 7.334286142999999480e-01 -3.255084601000000077e-01 2.242134013369999901e-01
1.403715952384058112e+18 7.235922957000000544e-01 1.674025340900000103e+00 1.918770716700000101e+00 6.137868150999999939e-01 7.009367532000000400e-01 -2.846160620000000030e-01 2.257146667949999908e-01
1.403715952784058112e+18 8.420056591000000257e-01 1.726781609499999925e+00 2.036050778899999969e+00 6.868935162000000538e-01 6.531084863999999657e-01 -2.268951301999999892e-01 2.239312445589999867e-01
1.403715953184058112e+18 6.804323972000000387e-01 1.328844633399999919e+00 2.080385713600000130e+00 5.381184910999999849e-01 7.892277637000000290e-01 -2.477576002000000110e-01 1.617535104900000020e-01
1.403715953384058112e+18 5.823068821000000339e-01 1.092575673900000099e+00 2.041335436299999806e+00 4.607666934999999908e-01 8.397095731000000507e-01 -2.543716697999999776e-01 1.337046767660000079e-01
1.403715954184058112e+18 7.654934903000000235e-01 1.274306517599999911e+00 1.923160997899999947e+00 5.341044475999999763e-01 8.238921706999999817e-01 -8.318494499999999625e-02 1.703361234959999970e-01
1.403715954384058112e+18 8.063068788999999681e-01 1.546773930999999935e+00 1.901322634500000053e+00 6.238032326000000349e-01 7.597714731000000388e-01 -9.545832120000000143e-02 1.565392749139999928e-01
1.403715955184058112e+18 4.257860284000000162e-01 1.582388862499999993e+00 1.828972184599999995e+00 5.666062789000000377e-01 8.052448819999999952e-01 -1.405235744999999981e-01 1.038803624889999971e-01
1.403715955384058112e+18 2.747872276000000169e-01 1.416166093299999984e+00 1.820711629200000070e+00 4.887987529000000220e-01 8.534603631999999607e-01 -1.597292234000000088e-01 8.466264129410000505e-02
1.403715955984058112e+18 1.125130119000000012e-01 1.498186754800000076e+00 1.910332681899999940e+00 5.472017590000000098e-01 8.312875213000000540e-01 -8.621303769999999478e-02 4.581052144600000070e-02
1.403715956184058112e+18 1.231522882999999957e-01 1.661132720899999970e+00 1.967740574500000061e+00 6.294973444999999446e-01 7.758034208999999848e-01 -9.246752900000000316e-03 4.215024234900000000e-02
1.403715956484058112e+18 9.704786129999999622e-02 1.778731746300000083e+00 2.048978215300000016e+00 6.885422374999999873e-01 7.206282356000000000e-01 7.893433079999999380e-02 -1.933661398210000104e-02
1.403715956784058112e+18 6.251688739999999855e-02 1.623156775400000029e+00 2.131886846200000019e+00 6.863729846999999662e-01 7.133003386999999806e-01 1.198378362000000058e-01 -7.572084041899999896e-02
1.403715957284058112e+18 7.322801909999999970e-02 9.498700772999999487e-01 2.154252435500000118e+00 4.931267165000000063e-01 8.580822116999999860e-01 1.231981677999999941e-01 -7.309699666129999829e-02
1.403715957484058112e+18 5.796665819999999997e-02 7.406852389000000425e-01 2.088415594100000217e+00 4.169980750999999763e-01 8.985834123000000506e-01 1.198537028999999976e-01 -6.554041849260000552e-02
1.403715957884058112e+18 -9.308229949999999309e-02 7.883161011000000551e-01 1.945754849000000064e+00 4.576352229999999799e-01 8.776439552000000477e-01 1.277103230999999950e-01 -6.325475421670000153e-02
1.403715957984058112e+18 -1.608310940000000078e-01 8.927123654999999935e-01 1.927200203599999995e+00 5.203985676000000282e-01 8.401171672999999673e-01 1.330393622000000109e-01 -7.542548738519999629e-02
1.403715958184058112e+18 -3.063051077999999761e-01 1.105608241499999922e+00 1.889675817999999952e+00 6.212287413000000535e-01 7.609828168000000170e-01 1.510474028000000080e-01 -1.102936333879999953e-01
1.403715958384058112e+18 -4.337523468000000215e-01 1.255193595599999989e+00 1.840015254199999895e+00 6.730473746999999785e-01 7.039143312000000208e-01 1.763447968999999893e-01 -1.428788236090000052e-01
1.403715958684058112e+18 -5.234798742999999810e-01 1.248883498399999903e+00 1.762372494100000075e+00 6.821396640000000344e-01 6.690070929000000444e-01 2.086934377999999923e-01 -2.087152065260000078e-01
1.403715958984058112e+18 -4.298031467000000272e-01 9.862683700000000053e-01 1.676908699399999980e+00 5.539551007999999888e-01 7.438394153999999814e-01 2.587728020000000240e-01 -2.699505645099999906e-01
1.403715959184058112e+18 -2.913733432999999762e-01 7.996370754999999608e-01 1.616105151099999970e+00 4.805828504999999917e-01 7.734988492000000049e-01 3.246140847999999801e-01 -2.556664820460000098e-01
1.403715959384058112e+18 -1.550447474999999964e-01 6.631038709000000031e-01 1.557659010500000107e+00 4.218740262999999824e-01 7.854901119999999626e-01 3.951643194000000192e-01 -2.210718220460000105e-01
1.403715959984058112e+18 -3.719043732000000269e-01 6.927747284999999922e-01 1.603971490399999977e+00 5.048977298000000280e-01 6.850706855999999512e-01 4.250104854000000265e-01 -3.084193986039999724e-01
1.403715960184058112e+18 -5.403550821999999476e-01 7.551992188999999689e-01 1.649473932999999892e+00 5.723826403999999757e-01 6.213396617999999982e-01 3.982685801999999997e-01 -3.573475559250000044e-01
1.403715960684058112e+18 -4.673490304999999845e-01 6.622192406000000364e-01 1.735811467900000071e+00 5.645532784000000248e-01 6.304752694999999907e-01 4.095764574999999907e-01 -3.406283250350000125e-01
1.403715960884058112e+18 -2.621515365000000042e-01 5.271642748999999517e-01 1.758527953300000002e+00 4.758977008999999980e-01 7.026536343999999490e-01 4.542271407999999844e-01 -2.710663258539999787e-01
1.403715961384058112e+18 -8.146778159999999713e-02 2.551319749000000026e-01 1.871314603000000076e+00 3.600049473999999972e-01 7.798976973000000257e-01 4.631624091000000054e-01 -2.182581096469999871e-01
1.403715961784058112e+18 -4.688767044000000106e-01 2.856625561000000202e-01 2.062618832400000102e+00 4.934154145999999908e-01 6.502273051000000414e-01 4.553870382999999911e-01 -3.554832284100000184e-01
1.403715961984058112e+18 -6.457126845999999754e-01 3.137933316000000028e-01 2.111048698999999917e+00 5.433606488000000123e-01 5.783601905999999904e-01 4.548041006999999913e-01 -4.042424090319999830e-01
1.403715962284058112e+18 -6.985610731000000406e-01 2.954353861999999831e-01 2.111051234800000120e+00 5.568684582999999799e-01 5.082104042999999738e-01 4.476337617999999741e-01 -4.808780722589999779e-01
1.403715962684058112e+18 -2.559108635999999826e-01 2.324891829000000076e-01 1.985490719099999968e+00 3.842863937000000063e-01 5.805136329000000206e-01 5.250904030999999916e-01 -4.894976591210000172e-01
1.403715962884058112e+18 5.642155459999999984e-02 2.741910665999999774e-01 1.863618419600000076e+00 3.170406760000000213e-01 5.971235718999999831e-01 5.769996627000000267e-01 -4.582576118019999756e-01
1.403715963284058112e+18 5.404439947000000410e-01 4.765057362999999824e-01 1.474159613799999935e+00 2.424739204999999953e-01 5.573006024000000114e-01 7.235203466999999833e-01 -3.273236080479999810e-01
1.403715963384058112e+18 5.847409353000000420e-01 5.129001232000000021e-01 1.359606903500000019e+00 2.339121798999999891e-01 5.385421825999999745e-01 7.377124603000000391e-01 -3.332232519489999878e-01
1.403715963884058112e+18 4.784451027000000134e-01 5.449034864999999783e-01 9.443276616000000345e-01 3.061604675999999858e-01 3.843329656000000205e-01 6.894506072999999624e-01 -5.321764741660000020e-01
1.403715964184058112e+18 4.792006010000000038e-01 5.638328479999999976e-01 8.456598870000000545e-01 2.761707950000000245e-01 3.803633123999999865e-01 7.438680215999999845e-01 -4.750934739959999931e-01
1.403715964984058112e+18 4.179960059999999755e-01 3.794373835000000028e-01 1.148137416299999991e+00 2.489132866000000055e-01 3.880996163000000054e-01 6.946157293000000399e-01 -5.522045383539999630e-01
1.403715965784058112e+18 2.801792066000000081e-01 3.134943049999999731e-01 1.323639332199999963e+00 2.558536633999999865e-01 3.801561693000000131e-01 7.524722423999999910e-01 -4.730810864680000116e-01
1.403715965884058112e+18 2.157917638999999888e-01 2.626655797999999931e-01 1.365516758899999905e+00 2.798917874999999889e-01 3.633677317999999823e-01 7.146293380999999556e-01 -5.281376599779999959e-01
1.403715966684058112e+18 3.057220842000000216e-01 2.243758610999999903e-01 1.598796137899999970e+00 2.357800375000000115e-01 4.060647148000000040e-01 7.751753717999999571e-01 -4.226373910749999796e-01
1.403715967284058112e+18 2.331717231000000057e-01 1.984317000000000199e-03 1.815886773799999965e+00 3.306264063000000086e-01 3.569369741000000262e-01 6.616692931000000000e-01 -5.705049715490000395e-01
1.403715967884058112e+18 5.873675590000000390e-01 -1.699759580000000103e-02 1.994911936799999896e+00 1.944663473000000087e-01 3.865415376999999930e-01 7.286798877000000285e-01 -5.308428211240000527e-01
1.403715968784058112e+18 8.060751304000000061e-01 1.851259784000000019e-01 1.821259530699999907e+00 2.513597383000000240e-01 2.839608243000000254e-01 6.888910980000000350e-01 -6.177488059600000359e-01
1.403715969284058112e+18 1.082774346999999970e+00 5.728362748999999976e-01 1.572453481900000005e+00 1.932055579999999995e-01 3.245450382000000245e-01 8.010799859999999661e-01 -4.643414547310000251e-01
1.403715969484058112e+18 1.178792247300000096e+00 7.173851400999999850e-01 1.490297305499999947e+00 1.732003833000000104e-01 3.381577317000000193e-01 8.418810248000000440e-01 -3.832588104249999850e-01
1.403715970284058112e+18 1.073605600300000074e+00 1.821314689000000098e-01 1.408697544000000024e+00 2.530202069999999970e-01 2.616372538000000247e-01 6.831548673999999766e-01 -6.331083235450000180e-01
1.403715970684058112e+18 1.306560550799999998e+00 8.434497009999999961e-02 1.420031004499999971e+00 1.847217029999999871e-01 2.996609031999999950e-01 7.126542255000000159e-01 -6.067991351379999898e-01
1.403715970884058112e+18 1.462547881999999966e+00 1.749913066000000073e-01 1.427993784699999935e+00 1.239832460999999997e-01 3.485129612999999793e-01 7.898218690999999625e-01 -4.892323430759999980e-01
1.403715971484058112e+18 1.263848701899999982e+00 1.080009036000000033e-01 1.626113428300000052e+00 2.033051067999999961e-01 1.890367340999999923e-01 8.218694248000000258e-01 -4.974563248980000130e-01
1.403715971684058112e+18 1.136993022199999981e+00 -8.035501620000000400e-02 1.724893990400000021e+00 2.005863190999999934e-01 1.123685665000000028e-01 7.832994295999999856e-01 -5.775642280360000491e-01
1.403715971884058112e+18 1.091172357500000079e+00 -2.570074916999999792e-01 1.813481972299999967e+00 1.361025050999999930e-01 8.205945130000000254e-02 7.614404974999999798e-01 -6.284510508299999687e-01
1.403715972184058112e+18 1.111690207199999891e+00 -4.098051167000000272e-01 1.913978685800000079e+00 6.662001650000000386e-02 4.559228070000000133e-02 7.482390642999999786e-01 -6.584993698069999679e-01
1.403715972884058112e+18 1.297900534200000067e+00 4.375139849999999664e-02 2.058793558100000087e+00 2.583154379999999875e-02 6.004965000000000303e-02 8.287812274000000423e-01 -5.557413499550000191e-01
1.403715973484058112e+18 1.344187548200000082e+00 6.548387184999999722e-01 2.017689438600000162e+00 2.720014410000000035e-02 8.849363629999999759e-02 8.266409461999999486e-01 -5.550619555970000008e-01
1.403715973984058112e+18 1.174380221699999893e+00 1.019818127700000021e+00 2.009032839300000095e+00 9.569796499999999942e-03 9.696905209999999442e-02 8.559684899999999708e-01 -5.077631002500000434e-01
1.403715974784058112e+18 5.553295497000000358e-01 1.019727594699999962e+00 1.952800374099999958e+00 3.951261159999999717e-02 6.002342590000000339e-02 8.246313325999999888e-01 -5.610874327239999682e-01
1.403715975484058112e+18 1.982316339999999968e-02 8.271201141999999784e-01 1.855755350799999981e+00 4.902630980000000083e-02 2.977497089999999944e-02 8.128893501999999716e-01 -5.795867289959999447e-01
1.403715976384058112e+18 -3.534686018000000041e-01 5.584221525000000463e-01 1.946958957999999962e+00 5.529656019999999728e-02 2.984431489999999840e-02 8.178733834000000424e-01 -5.719569353950000323e-01
1.403715977284058112e+18 -2.364818103999999921e-01 2.289316265000000128e-01 1.961530007699999967e+00 1.334145800000000048e-02 6.936730200000000568e-02 -8.168270175999999827e-01 5.725415323179999794e-01
1.403715977884058112e+18 9.730262870000000452e-02 6.453783559999999586e-02 1.937096023999999916e+00 1.459623103000000088e-01 2.566529397999999795e-01 -7.757228471999999542e-01 5.577439707060000140e-01
1.403715978184058112e+18 3.093220239000000205e-01 4.224752090000000182e-02 1.920442814100000062e+00 2.012517161000000054e-01 3.775877233000000111e-01 -7.136631017000000243e-01 5.546262122509999504e-01
1.403715978384058112e+18 4.660250738999999753e-01 8.233967200000000264e-02 1.907373940600000095e+00 2.462186517000000130e-01 4.424415765999999972e-01 -6.716064951000000338e-01 5.408942065259999543e-01
1.403715978784058112e+18 7.768775549999999974e-01 3.048851134000000185e-01 1.873004706999999991e+00 3.712948339000000098e-01 5.310571026999999500e-01 -6.034700256999999679e-01 4.646960597909999824e-01
1.403715978984058112e+18 8.988469711000000029e-01 4.473308160000000200e-01 1.854763938999999917e+00 4.013136073999999942e-01 5.944126446999999924e-01 -5.531064371999999674e-01 4.239036039619999974e-01
1.403715979184058112e+18 1.003121944100000107e+00 6.062885690000000549e-01 1.852943057300000085e+00 4.498661675000000248e-01 6.416901637999999908e-01 -4.865117158999999747e-01 3.862130439409999783e-01
1.403715979384058112e+18 1.076478952500000030e+00 7.726897805000000341e-01 1.871619286700000107e+00 5.064558854999999804e-01 6.744743801999999455e-01 -4.002153782999999798e-01 3.583495465370000188e-01
1.403715979784058112e+18 1.057475655800000025e+00 1.105258107899999898e+00 1.911292061599999981e+00 5.469682430000000206e-01 7.474982855999999787e-01 -2.586024778000000079e-01 2.742203723819999772e-01
1.403715979984058112e+18 9.581984691999999582e-01 1.271639242000000003e+00 1.939885591799999975e+00 5.809913809000000207e-01 7.610016133000000460e-01 -1.847144615999999906e-01 2.218245422350000051e-01
1.403715980184058112e+18 7.989921315000000357e-01 1.415028499399999973e+00 1.967608609600000058e+00 6.075177521000000302e-01 7.693968947999999530e-01 -1.084228604000000012e-01 1.649093163149999985e-01
1.403715980384058112e+18 5.858271405999999626e-01 1.518697887599999907e+00 1.987402622599999891e+00 6.163651137000000224e-01 7.809700587000000249e-01 -4.066658499999999815e-02 9.233657363519999495e-02
1.403715980784058112e+18 8.335778380000000154e-02 1.571913797199999907e+00 2.012342075499999883e+00 6.220707413999999602e-01 7.732016318000000110e-01 1.038829156999999948e-01 -6.629908803520000171e-02
1.403715980984058112e+18 -1.553390514999999916e-01 1.518407430699999949e+00 2.014438529700000036e+00 6.058901054999999980e-01 7.612016538000000443e-01 1.824954182000000091e-01 -1.420022696440000065e-01
1.403715981184058112e+18 -3.585435525999999817e-01 1.422115524599999903e+00 2.017345754299999960e+00 5.910432950999999768e-01 7.307305317000000189e-01 2.641671426000000156e-01 -2.166020178530000118e-01
1.403715981384058112e+18 -5.098993152999999889e-01 1.289163297600000035e+00 2.023660204000000018e+00 5.624638849999999968e-01 6.906356834000000333e-01 3.486001094000000244e-01 -2.917785025140000044e-01
1.403715981784058112e+18 -6.019706803000000050e-01 9.693568529999999628e-01 2.051444911900000001e+00 4.875995509000000117e-01 5.698645535999999900e-01 5.069198055000000425e-01 -4.248921972849999951e-01
1.403715981984058112e+18 -5.290485105000000132e-01 8.043165075000000552e-01 2.054829057800000136e+00 4.204745127999999776e-01 5.217787814000000024e-01 5.918682449000000068e-01 -4.479286417069999748e-01
1.403715982184058112e+18 -4.133125468000000136e-01 6.458096902000000084e-01 2.063527184299999817e+00 3.722719817999999847e-01 4.615574899000000064e-01 6.469781246000000374e-01 -4.793720489909999993e-01
1.403715982384058112e+18 -2.648743700999999784e-01 4.937821118999999870e-01 2.075143647800000046e+00 3.245133119999999982e-01 4.009776656999999855e-01 6.884062372000000485e-01 -5.099067311380000023e-01
1.403715982784058112e+18 1.226308593000000058e-01 2.277287432000000000e-01 2.088071205299999900e+00 2.190122240000000053e-01 2.551222323999999819e-01 7.550350597999999636e-01 -5.629106064140000365e-01
1.403715982984058112e+18 3.540651741999999991e-01 1.273922502000000012e-01 2.091791484699999870e+00 1.586449416000000057e-01 1.747060930999999873e-01 7.791051458000000096e-01 -5.807794205849999836e-01
1.403715983184058112e+18 6.010069487000000432e-01 5.478353949999999889e-02 2.093236006500000190e+00 9.536994560000000565e-02 9.581001719999999999e-02 7.925387409999999910e-01 -5.946489368099999728e-01
1.403715983384058112e+18 8.550905938999999734e-01 1.337470139999999939e-02 2.093280816500000086e+00 2.823951679999999950e-02 9.986873900000000151e-03 7.971063243999999548e-01 -6.030955974789999896e-01
1.403715983784058112e+18 1.335214000099999909e+00 5.180352519999999877e-02 2.105675279200000194e+00 1.329553478999999927e-01 1.488203019000000071e-01 -7.526767690000000233e-01 6.274177832180000136e-01
1.403715983984058112e+18 1.514493445300000074e+00 1.521603076999999971e-01 2.112981423299999939e+00 1.993092854999999886e-01 2.183946153000000112e-01 -7.306697166000000188e-01 6.153871674969999539e-01
1.403715984184058112e+18 1.630407002599999933e+00 3.013820731999999891e-01 2.122203632200000190e+00 2.537185558000000229e-01 2.828055160999999873e-01 -7.178551050999999461e-01 5.833797927099999558e-01
1.403715984384058112e+18 1.681178392100000085e+00 4.772383699000000146e-01 2.137794646700000190e+00 3.015226556999999752e-01 3.410645721000000186e-01 -6.965834803999999547e-01 5.545543260530000351e-01
1.403715984784058112e+18 1.603223960200000020e+00 8.628774483000000162e-01 2.168343612200000159e+00 3.623276147999999752e-01 4.798651379000000161e-01 -6.416214339000000377e-01 4.762038266859999758e-01
1.403715984984058112e+18 1.512841470899999985e+00 1.052934167200000104e+00 2.183993247600000132e+00 4.137254119000000063e-01 5.321179401000000198e-01 -5.968384251999999668e-01 4.352765507029999759e-01
1.403715985184058112e+18 1.397138992399999946e+00 1.216901637599999919e+00 2.196059800500000048e+00 4.331157315999999979e-01 5.736621067999999601e-01 -5.545736233000000404e-01 4.192501003090000067e-01
1.403715985684058112e+18 1.016733825900000054e+00 1.593365251700000096e+00 2.222959222800000134e+00 3.888902456000000174e-01 5.814288909000000505e-01 -5.880200769000000216e-01 4.061246248109999790e-01
1.403715986684058112e+18 5.359326959000000334e-01 2.121955433500000154e+00 1.853499745599999970e+00 3.542797346000000069e-01 5.576551183000000300e-01 -6.335408416000000154e-01 4.026569764719999944e-01
1.403715987684058112e+18 5.265162901000000062e-01 2.244136961300000177e+00 1.460557319999999937e+00 3.548045635000000031e-01 4.968021389999999760e-01 -6.463118316000000529e-01 4.578016740490000180e-01
1.403715988884058112e+18 4.904882098000000190e-01 2.216123741400000124e+00 1.236718627599999953e+00 3.665479057000000096e-01 5.026808128999999958e-01 -6.509792259000000136e-01 4.349490552360000262e-01
1.403715989784058112e+18 4.833992245000000021e-01 2.051239269099999873e+00 1.222573887700000084e+00 3.543508096999999912e-01 5.045821190000000511e-01 -6.393752266000000128e-01 4.593818765279999994e-01
1.403715990784058112e+18 4.876220030000000261e-01 1.999894990800000105e+00 1.033148292099999921e+00 3.379630617000000115e-01 5.248191033000000338e-01 -6.353855858000000412e-01 4.545668653580000051e-01
1.403715990884058112e+18 4.927940835999999880e-01 2.014501557300000023e+00 1.000299115500000058e+00 3.349558147999999735e-01 5.273069027000000242e-01 -6.369983519999999899e-01 4.516471322010000011e-01
1.403715991184058112e+18 5.292482684000000548e-01 2.073849031499999995e+00 9.500868318999999840e-01 3.436784600000000189e-01 5.224687112000000466e-01 -6.307056340000000150e-01 4.594801031549999859e-01
