1.403636579763555765e+09 -0.000000000000000000e+00 -0.000000000000000000e+00 -0.000000000000000000e+00 -0.000000000000000000e+00 -0.000000000000000000e+00 -0.000000000000000000e+00 1.000000000000000000e+00
1.403636579963555574e+09 -2.644060441525653005e-05 7.893201708793640137e-02 2.739207819104194641e-02 -1.182908192276954651e-02 5.829467438161373138e-03 -2.782320370897650719e-03 9.999091625213623047e-01
1.403636580163555622e+09 -2.545698778703808784e-03 1.780769526958465576e-01 5.488684773445129395e-02 -2.463203668594360352e-02 5.199553444981575012e-03 3.413401544094085693e-03 9.996773004531860352e-01
1.403636580263555765e+09 -3.528208471834659576e-03 2.220500856637954712e-01 6.589691340923309326e-02 -2.927861921489238739e-02 4.512845072895288467e-03 2.960848389193415642e-03 9.995567202568054199e-01
1.403636580363555670e+09 -5.097883753478527069e-03 2.593813836574554443e-01 7.258310168981552124e-02 -3.874295204877853394e-02 3.598436247557401657e-03 -5.607393177342601120e-05 9.992427229881286621e-01
1.403636580463555574e+09 -6.472393404692411423e-03 2.874444127082824707e-01 7.602908462285995483e-02 -5.501247942447662354e-02 2.918418729677796364e-03 -1.350559061393141747e-03 9.984804987907409668e-01
1.403636580663555622e+09 -9.932985529303550720e-03 2.642072737216949463e-01 6.655722111463546753e-02 -7.173289358615875244e-02 1.220080230268649757e-04 -9.551276889396831393e-06 9.974239468574523926e-01
1.403636580763555765e+09 -1.093994174152612686e-02 2.088975310325622559e-01 5.443441122770309448e-02 -6.250462681055068970e-02 3.778168233111500740e-03 -5.304855760186910629e-03 9.980234503746032715e-01
1.403636580863555670e+09 -1.184700988233089447e-02 1.363654285669326782e-01 4.003616049885749817e-02 -4.888121783733367920e-02 1.244911085814237595e-02 -1.257784012705087662e-02 9.986478090286254883e-01
1.403636580963555574e+09 -1.419393345713615417e-02 6.136146560311317444e-02 2.446336671710014343e-02 -3.373102098703384399e-02 2.010731399059295654e-02 -1.852408610284328461e-02 9.990569949150085449e-01
1.403636581063555717e+09 -1.763761043548583984e-02 -6.855648476630449295e-03 8.631302043795585632e-03 -2.016612701117992401e-02 1.952348649501800537e-02 -1.954801008105278015e-02 9.994148612022399902e-01
1.403636581163555622e+09 -1.906946115195751190e-02 -6.528323143720626831e-02 -3.832688089460134506e-03 -5.583505611866712570e-03 2.064022980630397797e-02 -1.583660393953323364e-02 9.996460080146789551e-01
1.403636581263555765e+09 -1.876886934041976929e-02 -1.118902415037155151e-01 -1.629948057234287262e-02 1.128798630088567734e-02 2.123265527188777924e-02 -1.170126441866159439e-02 9.996424317359924316e-01
1.403636581763555765e+09 -3.471064381301403046e-03 2.918254956603050232e-02 1.682458631694316864e-02 -5.286606028676033020e-03 2.306280285120010376e-02 -1.526758074760437012e-02 9.996035099029541016e-01
1.403636581963555574e+09 8.682108018547296524e-04 1.569981276988983154e-01 4.606141149997711182e-02 -2.032888308167457581e-02 1.905377581715583801e-02 -1.060585677623748779e-02 9.995555877685546875e-01
1.403636582063555717e+09 -5.691154510714113712e-04 2.484366595745086670e-01 6.605041027069091797e-02 -5.273834615945816040e-02 2.031324245035648346e-02 -9.142188355326652527e-03 9.983599781990051270e-01
1.403636582363555670e+09 -1.125483121722936630e-02 1.777602434158325195e-01 4.743542522192001343e-02 -4.670608043670654297e-02 1.493102125823497772e-02 -8.882735855877399445e-03 9.987576007843017578e-01
1.403636582563555717e+09 -1.426644716411828995e-02 5.315637961030006409e-02 1.719712093472480774e-02 -2.980305254459381104e-02 2.385686337947845459e-02 -1.412907615303993225e-02 9.991711378097534180e-01
1.403636582763555765e+09 -6.992583163082599640e-03 -1.267909556627273560e-01 -2.553436905145645142e-02 4.177460912615060806e-03 4.028436541557312012e-02 -4.743427038192749023e-03 9.991683363914489746e-01
1.403636583563555717e+09 1.306275930255651474e-02 1.055672690272331238e-01 4.089877381920814514e-02 -1.432582456618547440e-02 3.544175997376441956e-02 -1.509473472833633423e-02 9.991551041603088379e-01
1.403636583763555765e+09 1.477037090808153152e-02 2.166715711355209351e-01 6.658705323934555054e-02 -5.394861474633216858e-02 3.112638182938098907e-02 -3.604260273277759552e-03 9.980519413948059082e-01
1.403636583963555574e+09 6.066604051738977432e-03 9.962768852710723877e-02 3.843893483281135559e-02 -5.335214734077453613e-02 2.604996412992477417e-02 -2.120914682745933533e-02 9.980106353759765625e-01
1.403636584563555717e+09 3.831068053841590881e-03 -4.245817661285400391e-02 1.232195366173982620e-02 -2.245419099926948547e-02 3.636318072676658630e-02 -2.007666602730751038e-02 9.988846778869628906e-01
1.403636584763555765e+09 1.816190965473651886e-02 9.762752056121826172e-02 3.039658442139625549e-02 -4.652304202318191528e-02 2.715000137686729431e-02 -1.655578985810279846e-02 9.984109997749328613e-01
1.403636585963555574e+09 5.346409510821104050e-03 1.065731644630432129e-01 -1.701097190380096436e-02 -1.669949144124984741e-01 4.412508383393287659e-02 1.272862777113914490e-02 9.848876595497131348e-01
1.403636586563555717e+09 9.070174396038055420e-02 8.928979933261871338e-02 -1.099042501300573349e-02 -1.970871835947036743e-01 2.943702414631843567e-02 9.883212856948375702e-03 9.798941016197204590e-01
1.403636587663555622e+09 1.547125130891799927e-01 8.326894789934158325e-02 -2.520943060517311096e-03 -1.959384381771087646e-01 3.533764556050300598e-02 1.729410141706466675e-02 9.798266887664794922e-01
1.403636587763555765e+09 2.282614409923553467e-01 7.507813721895217896e-02 6.353809963911771774e-03 -1.849318295717239380e-01 4.866392910480499268e-02 2.617204561829566956e-02 9.811967611312866211e-01
1.403636587963555574e+09 2.928585708141326904e-01 7.927212864160537720e-02 1.218080520629882812e-02 -1.998172998428344727e-01 6.587246060371398926e-02 2.992773614823818207e-02 9.771582484245300293e-01
1.403636588263555765e+09 2.195805162191390991e-01 8.966519683599472046e-02 -4.230473190546035767e-03 -2.017821818590164185e-01 4.980972781777381897e-02 3.021975979208946228e-02 9.776961207389831543e-01
1.403636589063555717e+09 1.353719830513000488e-01 8.622040599584579468e-02 -1.645178161561489105e-02 -1.924301832914352417e-01 3.815330937504768372e-02 2.472213469445705414e-02 9.802569746971130371e-01
1.403636589263555765e+09 4.221419245004653931e-02 8.469660580158233643e-02 -2.707764133810997009e-02 -1.948205083608627319e-01 2.844910509884357452e-02 1.995944790542125702e-02 9.802231192588806152e-01
1.403636589463555574e+09 -5.103413388133049011e-02 8.945856243371963501e-02 -3.412000834941864014e-02 -1.952068805694580078e-01 2.154325693845748901e-02 1.536280475556850433e-02 9.804051518440246582e-01
1.403636589663555622e+09 -1.415902525186538696e-01 9.708920121192932129e-02 -4.032460227608680725e-02 -1.923871189355850220e-01 1.392025221139192581e-02 1.223443727940320969e-02 9.811440706253051758e-01
1.403636589863555670e+09 -2.154494673013687134e-01 1.090447977185249329e-01 -4.514541849493980408e-02 -2.026250213384628296e-01 -2.923470688983798027e-03 1.040849648416042328e-02 9.791967868804931641e-01
1.403636590163555622e+09 -1.279887408018112183e-01 9.999527037143707275e-02 -6.146479398012161255e-02 -1.887775212526321411e-01 1.076646428555250168e-02 5.295593291521072388e-03 9.819466471672058105e-01
1.403636590863555670e+09 -3.756212443113327026e-02 9.944721311330795288e-02 -5.658491328358650208e-02 -1.982842534780502319e-01 1.612379215657711029e-02 1.082268729805946350e-02 9.799521565437316895e-01
1.403636591063555717e+09 5.129158869385719299e-02 9.799862653017044067e-02 -4.772020503878593445e-02 -1.965882629156112671e-01 1.506982743740081787e-02 1.407490298151969910e-02 9.802693128585815430e-01
1.403636591263555765e+09 1.234169378876686096e-01 1.001817062497138977e-01 -3.718299418687820435e-02 -2.011650353670120239e-01 2.108246274292469025e-02 1.711432449519634247e-02 9.791809916496276855e-01
1.403636591563555717e+09 1.807972192764282227e-01 1.141632944345474243e-01 -1.007558219134807587e-02 -1.817085891962051392e-01 4.813250154256820679e-02 2.105516567826271057e-02 9.819480180740356445e-01
1.403636591763555765e+09 2.118537724018096924e-01 1.057148650288581848e-01 2.672380395233631134e-02 -1.424413323402404785e-01 8.908110857009887695e-02 3.030136786401271820e-02 9.853206872940063477e-01
1.403636592263555765e+09 2.471171468496322632e-01 7.888769358396530151e-02 1.178369149565696716e-01 -1.701427102088928223e-01 9.251370280981063843e-02 4.593977332115173340e-02 9.799908995628356934e-01
1.403636592563555717e+09 2.188101261854171753e-01 5.922102555632591248e-02 1.764975637197494507e-01 -1.546581089496612549e-01 6.061018630862236023e-02 3.072805702686309814e-02 9.856283068656921387e-01
1.403636592763555765e+09 1.497390866279602051e-01 4.924056306481361389e-02 2.188737541437149048e-01 -1.540384292602539062e-01 1.154025830328464508e-02 1.560659334063529968e-02 9.878742694854736328e-01
1.403636592963555574e+09 9.922859817743301392e-02 5.096615105867385864e-02 2.241888493299484253e-01 -1.597740352153778076e-01 -1.750684343278408051e-02 9.005581960082054138e-03 9.869573116302490234e-01
1.403636593063555717e+09 4.118684306740760803e-02 5.639017000794410706e-02 2.150423526763916016e-01 -1.652756631374359131e-01 -4.630706831812858582e-02 2.015670528635382652e-03 9.851576089859008789e-01
1.403636593163555622e+09 -1.887522265315055847e-02 6.411551684141159058e-02 1.919101029634475708e-01 -1.681547313928604126e-01 -7.268306612968444824e-02 -4.888864699751138687e-03 9.830653071403503418e-01
1.403636593263555765e+09 -7.591815292835235596e-02 7.308530807495117188e-02 1.579752117395401001e-01 -1.691979318857192993e-01 -9.595125168561935425e-02 -2.985330764204263687e-03 9.808958172798156738e-01
1.403636593363555670e+09 -1.211388781666755676e-01 8.511656522750854492e-02 1.174819096922874451e-01 -1.733880341053009033e-01 -1.086143106222152710e-01 -3.911254927515983582e-03 9.788382053375244141e-01
1.403636593463555574e+09 -1.594996452331542969e-01 1.195331811904907227e-01 3.072123788297176361e-02 -1.808245629072189331e-01 -1.029538884758949280e-01 -3.351740306243300438e-03 9.781062602996826172e-01
1.403636593663555622e+09 -1.322998404502868652e-01 1.553478837013244629e-01 -4.580281674861907959e-02 -1.970075964927673340e-01 -6.555176526308059692e-02 1.780219562351703644e-02 9.780460596084594727e-01
1.403636593863555670e+09 -9.673707187175750732e-02 1.689967066049575806e-01 -7.580736279487609863e-02 -1.959256380796432495e-01 -3.089581802487373352e-02 3.211470320820808411e-02 9.796056747436523438e-01
1.403636593963555574e+09 -5.105826258659362793e-02 1.769824028015136719e-01 -9.869276732206344604e-02 -1.857283413410186768e-01 9.018622338771820068e-03 4.617764055728912354e-02 9.814740419387817383e-01
1.403636594063555717e+09 8.942252025008201599e-04 1.796263605356216431e-01 -1.126933172345161438e-01 -1.755924373865127563e-01 4.985163360834121704e-02 5.700066313147544861e-02 9.815462827682495117e-01
1.403636594163555622e+09 5.615319311618804932e-02 1.778883039951324463e-01 -1.145156845450401306e-01 -1.727961152791976929e-01 8.470330387353897095e-02 6.844472140073776245e-02 9.789189100265502930e-01
1.403636594263555765e+09 1.131233721971511841e-01 1.742837876081466675e-01 -1.014396920800209045e-01 -1.739434450864791870e-01 1.109860092401504517e-01 7.423099875450134277e-02 9.756615757942199707e-01
1.403636594363555670e+09 1.696828007698059082e-01 1.665048748254776001e-01 -7.471405714750289917e-02 -1.742839366197586060e-01 1.291178762912750244e-01 7.328631728887557983e-02 9.734386205673217773e-01
1.403636594463555574e+09 2.225550562143325806e-01 1.545841693878173828e-01 -3.649515286087989807e-02 -1.679747104644775391e-01 1.397031545639038086e-01 6.725837290287017822e-02 9.735214114189147949e-01
1.403636594563555717e+09 2.647990584373474121e-01 1.402284055948257446e-01 7.985609583556652069e-03 -1.565484553575515747e-01 1.421195119619369507e-01 6.365067511796951294e-02 9.753170013427734375e-01
1.403636594663555622e+09 2.846756577491760254e-01 1.129389405250549316e-01 9.597691893577575684e-02 -1.436087042093276978e-01 1.299579292535781860e-01 6.227907910943031311e-02 9.790856838226318359e-01
1.403636594863555670e+09 2.017913162708282471e-01 1.021755859255790710e-01 1.609419733285903931e-01 -1.364271491765975952e-01 7.895306497812271118e-02 3.866752609610557556e-02 9.867416024208068848e-01
1.403636595063555717e+09 1.299487203359603882e-01 1.028285399079322815e-01 1.735584586858749390e-01 -1.357470452785491943e-01 3.856169804930686951e-02 2.419274300336837769e-02 9.896971583366394043e-01
1.403636595163555622e+09 5.343100428581237793e-02 1.079214364290237427e-01 1.739447116851806641e-01 -1.408208608627319336e-01 -1.064138719812035561e-03 1.217650249600410461e-02 9.899596571922302246e-01
1.403636595263555765e+09 -1.624349132180213928e-02 1.155721470713615417e-01 1.625829041004180908e-01 -1.464624702930450439e-01 -3.735216706991195679e-02 4.905755165964365005e-03 9.884986877441406250e-01
1.403636595363555670e+09 -6.899816542863845825e-02 1.254255473613739014e-01 1.404915452003479004e-01 -1.512115746736526489e-01 -6.388187408447265625e-02 -2.234461717307567596e-03 9.864325523376464844e-01
1.403636595463555574e+09 -7.615162432193756104e-02 1.581415086984634399e-01 5.288254842162132263e-02 -1.632889062166213989e-01 -7.694278657436370850e-02 -7.843348197638988495e-03 9.835420846939086914e-01
1.403636595763555765e+09 -3.386167809367179871e-02 1.708932816982269287e-01 2.622495964169502258e-02 -1.650981754064559937e-01 -5.916823819279670715e-02 -7.566535845398902893e-03 9.844716787338256836e-01
1.403636595863555670e+09 2.026868239045143127e-02 1.841058433055877686e-01 3.265850478783249855e-03 -1.645316928625106812e-01 -2.907103672623634338e-02 -5.271556321531534195e-03 9.859292507171630859e-01
1.403636595963555574e+09 7.459636777639389038e-02 1.962214559316635132e-01 -1.940457709133625031e-02 -1.657793521881103516e-01 2.887245733290910721e-03 2.682561753317713737e-03 9.861550331115722656e-01
1.403636596063555717e+09 1.181207299232482910e-01 2.079393863677978516e-01 -4.584212973713874817e-02 -1.705078184604644775e-01 3.342978283762931824e-02 1.125108916312456131e-02 9.847248792648315430e-01
1.403636596163555622e+09 1.053928732872009277e-01 2.250844389200210571e-01 -1.425874531269073486e-01 -1.685336381196975708e-01 6.691681593656539917e-02 3.271890804171562195e-02 9.828774929046630859e-01
1.403636596463555574e+09 3.003119304776191711e-02 2.271999418735504150e-01 -2.161098718643188477e-01 -1.582010835409164429e-01 6.383717060089111328e-02 2.289265953004360199e-02 9.850752353668212891e-01
1.403636596763555765e+09 2.910193055868148804e-03 2.111899405717849731e-01 -1.578653603792190552e-01 -1.605369597673416138e-01 6.362723559141159058e-02 4.257189575582742691e-03 9.849677085876464844e-01
1.403636597163555622e+09 3.887829184532165527e-02 1.742111742496490479e-01 -4.218042641878128052e-02 -1.752166002988815308e-01 4.269784688949584961e-02 -1.437598839402198792e-03 9.836025834083557129e-01
1.403636597363555670e+09 5.261294916272163391e-02 1.492784023284912109e-01 1.858633942902088165e-02 -1.718615144491195679e-01 2.710348553955554962e-02 -8.070434443652629852e-03 9.847151637077331543e-01
1.403636597463555574e+09 5.978554487228393555e-02 1.268739849328994751e-01 7.643468677997589111e-02 -1.679750084877014160e-01 1.076006237417459488e-02 -1.736371032893657684e-02 9.855796098709106445e-01
1.403636597563555717e+09 4.296337068080902100e-02 1.034521386027336121e-01 1.479538381099700928e-01 -1.542594283819198608e-01 -3.459578007459640503e-02 -2.722523733973503113e-02 9.870491623878479004e-01
1.403636597763555765e+09 -1.617930829524993896e-03 1.113394200801849365e-01 1.360092014074325562e-01 -1.384489983320236206e-01 -6.801453232765197754e-02 -3.503635153174400330e-02 9.874100089073181152e-01
1.403636598063555717e+09 -2.949062921106815338e-02 1.411721557378768921e-01 6.714595109224319458e-02 -1.426163017749786377e-01 -7.798117399215698242e-02 -4.732647538185119629e-02 9.855656623840332031e-01
1.403636598163555622e+09 -3.048478439450263977e-02 1.829486340284347534e-01 -5.226676352322101593e-03 -1.752429157495498657e-01 -7.129320502281188965e-02 -5.029020830988883972e-02 9.806518554687500000e-01
1.403636598363555670e+09 -1.015687081962823868e-02 2.179752588272094727e-01 -1.954046450555324554e-02 -1.888353079557418823e-01 -5.678101629018783569e-02 -5.616100132465362549e-02 9.787558913230895996e-01
1.403636598663555622e+09 1.256026607006788254e-02 2.279382348060607910e-01 3.273902460932731628e-02 -1.651536822319030762e-01 -6.704695522785186768e-02 -5.587854608893394470e-02 9.823983907699584961e-01
1.403636598763555765e+09 2.974173985421657562e-02 2.408248633146286011e-01 1.062932536005973816e-01 -1.211019754409790039e-01 -9.012334793806076050e-02 -5.053300037980079651e-02 9.872479438781738281e-01
1.403636598963555574e+09 4.280474036931991577e-02 2.670428454875946045e-01 1.680118888616561890e-01 -8.473628014326095581e-02 -9.502686560153961182e-02 -4.667361080646514893e-02 9.907629489898681641e-01
1.403636599263555765e+09 4.762553796172142029e-02 2.791233360767364502e-01 2.043201476335525513e-01 -3.054332174360752106e-02 -1.046787202358245850e-01 -3.664991632103919983e-02 9.933611750602722168e-01
1.403636599463555574e+09 5.223207920789718628e-02 3.030825257301330566e-01 2.478644698858261108e-01 -9.009953588247299194e-03 -8.354052901268005371e-02 -3.136135637760162354e-02 9.959700703620910645e-01
1.403636600163555622e+09 8.201218396425247192e-02 3.111868202686309814e-01 2.358769774436950684e-01 -3.178201848641037941e-03 -7.087419927120208740e-02 -2.260226383805274963e-02 9.972241520881652832e-01
1.403636624763555765e+09 1.096739247441291809e-01 3.175490498542785645e-01 2.193302661180496216e-01 -6.479856092482805252e-03 -6.432534754276275635e-02 -4.394367709755897522e-02 9.969399571418762207e-01
1.403636624963555574e+09 1.382122486829757690e-01 3.025044202804565430e-01 1.858635991811752319e-01 -3.120649233460426331e-02 -5.727958679199218750e-02 -6.876035779714584351e-02 9.954984784126281738e-01
1.403636625163555622e+09 1.471501439809799194e-01 2.553251683712005615e-01 1.529440283775329590e-01 -3.438886255025863647e-02 -6.241363659501075745e-02 -5.782650411128997803e-02 9.957801103591918945e-01
1.403636625763555765e+09 1.309637129306793213e-01 1.872334331274032593e-01 1.655932962894439697e-01 -1.493401173502206802e-02 -7.157268375158309937e-02 -5.320611596107482910e-02 9.959033727645874023e-01
1.403636625963555574e+09 1.113681197166442871e-01 8.965007215738296509e-02 1.641436666250228882e-01 -5.092630162835121155e-03 -7.551467418670654297e-02 -4.580271616578102112e-02 9.960792064666748047e-01
1.403636626163555622e+09 2.089925557374954224e-01 -5.701453238725662231e-02 1.174612715840339661e-01 -1.203447580337524414e-02 -7.170490175485610962e-02 -4.314521327614784241e-02 9.964196681976318359e-01
1.403636627863555670e+09 3.133044242858886719e-01 -1.446632295846939087e-01 1.487275809049606323e-01 -4.804249387234449387e-03 -2.722861245274543762e-02 -1.398450601845979691e-02 9.995198845863342285e-01
1.403636628963555574e+09 4.844913184642791748e-01 -2.111381143331527710e-01 2.042505890130996704e-01 -2.575910650193691254e-02 1.621496304869651794e-02 -1.816825009882450104e-02 9.993715882301330566e-01
1.403636629463555574e+09 6.419172883033752441e-01 -2.105201333761215210e-01 3.113688826560974121e-01 -2.943783812224864960e-02 8.015856891870498657e-02 1.568040624260902405e-02 9.962239861488342285e-01
1.403636629863555670e+09 8.100785017013549805e-01 -1.947917491197586060e-01 4.418213963508605957e-01 -2.348050102591514587e-02 1.457742601633071899e-01 3.144078701734542847e-02 9.885393381118774414e-01
1.403636630363555670e+09 1.058449149131774902e+00 -3.347919583320617676e-01 6.258366107940673828e-01 -1.864546351134777069e-02 1.530418246984481812e-01 1.963880471885204315e-02 9.878485798835754395e-01
1.403636631163555622e+09 1.470046162605285645e+00 -4.159151017665863037e-01 1.088699460029602051e+00 -1.450054161250591278e-02 1.391659379005432129e-01 1.393462251871824265e-02 9.900649189949035645e-01
1.403636632763555765e+09 1.709489822387695312e+00 -5.071239471435546875e-01 1.617534399032592773e+00 -1.939686946570873260e-02 3.260393440723419189e-02 -2.210770361125469208e-02 9.990355968475341797e-01
1.403636633863555670e+09 1.944268345832824707e+00 -6.682749390602111816e-01 2.258378028869628906e+00 -2.137558907270431519e-02 3.413631021976470947e-02 -7.050692103803157806e-03 9.991636872291564941e-01
1.403636634663555622e+09 2.157364130020141602e+00 -8.455329537391662598e-01 2.759737491607666016e+00 -2.100067958235740662e-02 -1.663686707615852356e-04 -3.396817296743392944e-02 9.992022514343261719e-01
1.403636635663555622e+09 2.299004793167114258e+00 -1.042365550994873047e+00 3.205461502075195312e+00 -1.563367806375026703e-02 -1.113889832049608231e-02 -7.082342635840177536e-03 9.997906684875488281e-01
1.403636636163555622e+09 2.464057445526123047e+00 -1.301020264625549316e+00 3.517632722854614258e+00 -7.216165307909250259e-03 -1.804221421480178833e-03 -2.907217480242252350e-02 9.995496869087219238e-01
1.403636636563555717e+09 2.611073970794677734e+00 -1.482048273086547852e+00 3.803575515747070312e+00 1.029902417212724686e-02 8.752691559493541718e-03 -6.338287144899368286e-02 9.978978037834167480e-01
1.403636637263555765e+09 2.662068605422973633e+00 -1.669298410415649414e+00 4.252422332763671875e+00 -1.308186817914247513e-02 -1.404506992548704147e-02 -3.314366191625595093e-02 9.992662668228149414e-01
1.403636638563555717e+09 2.738299369812011719e+00 -1.841201066970825195e+00 4.851299762725830078e+00 -2.327666245400905609e-02 -2.831949293613433838e-02 -3.190931165590882301e-03 9.993227720260620117e-01
1.403636639463555574e+09 2.887431383132934570e+00 -1.848070859909057617e+00 5.211407661437988281e+00 -1.603666506707668304e-02 -1.620733551681041718e-02 -4.351172223687171936e-02 9.987927079200744629e-01
1.403636639963555574e+09 3.057435274124145508e+00 -1.956935524940490723e+00 5.632292747497558594e+00 -3.725970396772027016e-03 -4.555771499872207642e-02 -4.523698240518569946e-02 9.979299902915954590e-01
1.403636641363555670e+09 3.343052387237548828e+00 -2.096518039703369141e+00 6.243451595306396484e+00 -2.313852543011307716e-03 -4.094658419489860535e-02 -4.143606871366500854e-02 9.982991218566894531e-01
1.403636642363555670e+09 3.639934778213500977e+00 -2.266521692276000977e+00 6.604325771331787109e+00 -4.869824275374412537e-02 -1.492217183113098145e-03 -2.754134126007556915e-02 9.984326362609863281e-01
1.403636644363555670e+09 3.937128067016601562e+00 -2.224577665328979492e+00 7.150945663452148438e+00 -2.503947354853153229e-02 3.406687406823039055e-03 -2.537925541400909424e-02 9.993584752082824707e-01
1.403636645263555765e+09 4.260086059570312500e+00 -2.330366849899291992e+00 7.772571086883544922e+00 -3.218559175729751587e-02 6.862579844892024994e-03 -2.069885469973087311e-02 9.992440342903137207e-01
1.403636646163555622e+09 4.418815135955810547e+00 -2.504080057144165039e+00 8.099681854248046875e+00 -1.077474094927310944e-03 7.181046158075332642e-02 2.556540071964263916e-02 9.970900416374206543e-01
1.403636646463555574e+09 4.617675304412841797e+00 -2.647904634475708008e+00 8.380418777465820312e+00 8.724139072000980377e-03 1.482182741165161133e-01 2.918370999395847321e-02 9.884855151176452637e-01
1.403636647263555765e+09 5.026547908782958984e+00 -2.922633886337280273e+00 8.773990631103515625e+00 1.422551274299621582e-02 1.477755904197692871e-01 3.877221792936325073e-02 9.881582260131835938e-01
1.403636647963555574e+09 5.280939579010009766e+00 -2.969141960144042969e+00 8.893206596374511719e+00 6.175051908940076828e-03 2.061579674482345581e-01 5.072838440537452698e-02 9.771834015846252441e-01
1.403636648263555765e+09 5.447711944580078125e+00 -2.921336889266967773e+00 8.945308685302734375e+00 7.889446802437305450e-03 2.833568751811981201e-01 7.667851448059082031e-02 9.559116959571838379e-01
1.403636648563555717e+09 5.692805767059326172e+00 -2.876679420471191406e+00 8.960659980773925781e+00 -2.473938651382923126e-02 3.485856354236602783e-01 1.036954373121261597e-01 9.311946034431457520e-01
1.403636649263555765e+09 6.048766136169433594e+00 -3.147129297256469727e+00 8.873199462890625000e+00 1.167579088360071182e-02 3.480872213840484619e-01 9.219840914011001587e-02 9.328442215919494629e-01
1.403636650063555717e+09 6.251960754394531250e+00 -3.205896615982055664e+00 8.754053115844726562e+00 1.272062584757804871e-02 4.150527119636535645e-01 1.098294034600257874e-01 9.030542969703674316e-01
1.403636650463555574e+09 6.347106933593750000e+00 -3.121482372283935547e+00 8.664875030517578125e+00 -3.015934955328702927e-03 4.851308166980743408e-01 1.414635330438613892e-01 8.629177808761596680e-01
1.403636651163555622e+09 6.425492763519287109e+00 -3.044925689697265625e+00 8.260767936706542969e+00 2.733330056071281433e-02 5.219351053237915039e-01 1.572490781545639038e-01 8.379197120666503906e-01
1.403636652163555622e+09 6.411491870880126953e+00 -2.936797142028808594e+00 8.126926422119140625e+00 -7.544513209722936153e-04 6.032153367996215820e-01 1.887692511081695557e-01 7.749174237251281738e-01
1.403636652463555574e+09 6.428730964660644531e+00 -2.801388263702392578e+00 7.794085025787353516e+00 -1.796917244791984558e-02 6.563782095909118652e-01 2.138508260250091553e-01 7.232652306556701660e-01
1.403636653363555670e+09 6.551138877868652344e+00 -2.660686016082763672e+00 7.290318012237548828e+00 8.478244766592979431e-03 6.634879112243652344e-01 1.920122355222702026e-01 7.230789661407470703e-01
1.403636654563555717e+09 6.466897964477539062e+00 -2.626775264739990234e+00 7.034374713897705078e+00 6.432193797081708908e-03 7.248037457466125488e-01 2.140844464302062988e-01 6.548175811767578125e-01
1.403636655463555574e+09 6.240748882293701172e+00 -2.470830440521240234e+00 6.827115535736083984e+00 9.425080381333827972e-03 7.644851803779602051e-01 2.540770173072814941e-01 5.923837423324584961e-01
1.403636656063555717e+09 6.094759464263916016e+00 -2.347693204879760742e+00 6.698806762695312500e+00 4.729782696813344955e-03 7.960542440414428711e-01 2.665720880031585693e-01 5.433366298675537109e-01
1.403636656563555717e+09 5.769051551818847656e+00 -2.230091094970703125e+00 6.243022918701171875e+00 2.621610835194587708e-02 7.986362576484680176e-01 2.395940124988555908e-01 5.514414310455322266e-01
1.403636657563555717e+09 5.464843750000000000e+00 -2.069929361343383789e+00 5.992511749267578125e+00 2.177258394658565521e-02 7.920095920562744141e-01 2.711911499500274658e-01 5.465365648269653320e-01
1.403636658063555717e+09 5.258854389190673828e+00 -1.952043890953063965e+00 5.752352714538574219e+00 2.217084169387817383e-03 7.987473607063293457e-01 2.686927020549774170e-01 5.383327007293701172e-01
1.403636658463555574e+09 5.089158535003662109e+00 -1.820413470268249512e+00 5.486724853515625000e+00 -1.956492476165294647e-02 8.045888543128967285e-01 2.578257918357849121e-01 5.345839262008666992e-01
1.403636658863555670e+09 4.953529357910156250e+00 -1.627726435661315918e+00 5.236157417297363281e+00 1.516788266599178314e-03 8.115067481994628906e-01 2.378431558609008789e-01 5.337464213371276855e-01
1.403636659463555574e+09 4.768517017364501953e+00 -1.407277822494506836e+00 5.035620689392089844e+00 -4.994282964617013931e-03 8.119160532951354980e-01 2.441022098064422607e-01 5.302654504776000977e-01
1.403636660063555717e+09 4.663897514343261719e+00 -1.177698850631713867e+00 4.984392166137695312e+00 -3.360192105174064636e-02 8.022224307060241699e-01 2.818997204303741455e-01 5.252073407173156738e-01
1.403636660763555765e+09 4.822777271270751953e+00 -8.497331142425537109e-01 5.083368301391601562e+00 -1.840382930822670460e-03 8.156566023826599121e-01 2.366488575935363770e-01 5.279187560081481934e-01
1.403636661863555670e+09 4.798627853393554688e+00 -9.332990646362304688e-01 5.383130073547363281e+00 -1.429968513548374176e-02 8.102337121963500977e-01 2.533949017524719238e-01 5.283064842224121094e-01
1.403636662863555670e+09 4.954217910766601562e+00 -7.158020734786987305e-01 5.627143859863281250e+00 -5.431589484214782715e-02 8.141590356826782227e-01 2.352181822061538696e-01 5.280789136886596680e-01
1.403636664263555765e+09 5.219159603118896484e+00 -7.286258935928344727e-01 5.753931045532226562e+00 -1.319111790508031845e-02 8.092125654220581055e-01 2.291769236326217651e-01 5.408133268356323242e-01
1.403636664663555622e+09 5.466524124145507812e+00 -7.083452939987182617e-01 5.962952613830566406e+00 -3.698191139847040176e-03 7.982719540596008301e-01 2.334572970867156982e-01 5.551990866661071777e-01
1.403636665063555717e+09 5.679041385650634766e+00 -7.907214164733886719e-01 6.169297218322753906e+00 -5.202488973736763000e-04 7.860621809959411621e-01 2.547877728939056396e-01 5.631955862045288086e-01
1.403636665463555574e+09 5.937839031219482422e+00 -9.392110109329223633e-01 6.396746158599853516e+00 -1.727652363479137421e-02 7.948498725891113281e-01 2.361702769994735718e-01 5.586938858032226562e-01
1.403636665963555574e+09 6.136264324188232422e+00 -1.067423820495605469e+00 6.600008964538574219e+00 1.345160324126482010e-02 7.949522733688354492e-01 2.444363236427307129e-01 5.550864338874816895e-01
1.403636666363555670e+09 6.283220291137695312e+00 -1.131101846694946289e+00 6.806807994842529297e+00 1.734729856252670288e-02 7.912281155586242676e-01 2.492012828588485718e-01 5.581719875335693359e-01
1.403636666863555670e+09 6.418411254882812500e+00 -1.243369817733764648e+00 7.014215946197509766e+00 7.409709040075540543e-03 7.749539017677307129e-01 2.843133211135864258e-01 5.644090771675109863e-01
1.403636667263555765e+09 6.672031402587890625e+00 -1.293383359909057617e+00 7.280911922454833984e+00 1.864370657131075859e-03 7.804781198501586914e-01 2.638666033744812012e-01 5.667669773101806641e-01
1.403636668363555670e+09 7.081790447235107422e+00 -1.233593225479125977e+00 7.577907085418701172e+00 -2.443993277847766876e-02 8.014540672302246094e-01 2.362022548913955688e-01 5.488921403884887695e-01
1.403636669163555622e+09 7.365301132202148438e+00 -1.297159552574157715e+00 7.862389564514160156e+00 3.051921725273132324e-03 8.041538596153259277e-01 2.325392216444015503e-01 5.470400452613830566e-01
1.403636669763555765e+09 7.499477386474609375e+00 -1.358950376510620117e+00 8.189677238464355469e+00 5.329204723238945007e-02 7.938987612724304199e-01 2.473276108503341675e-01 5.529140233993530273e-01
1.403636670263555765e+09 7.315598011016845703e+00 -1.490093588829040527e+00 8.391901016235351562e+00 9.835833311080932617e-02 7.389171123504638672e-01 2.730604708194732666e-01 6.080832481384277344e-01
1.403636670863555670e+09 6.987973690032958984e+00 -1.504143118858337402e+00 8.176298141479492188e+00 1.159242168068885803e-01 6.642750501632690430e-01 2.552692294120788574e-01 6.929199099540710449e-01
1.403636671263555765e+09 6.542389392852783203e+00 -1.462978959083557129e+00 7.652478218078613281e+00 1.464075967669487000e-02 6.107049584388732910e-01 1.981966048479080200e-01 7.665137648582458496e-01
1.403636671663555622e+09 6.135510921478271484e+00 -1.368740081787109375e+00 7.075987339019775391e+00 -5.257726088166236877e-02 5.730637311935424805e-01 2.040825039148330688e-01 7.919495701789855957e-01
1.403636672063555717e+09 5.923457145690917969e+00 -1.350993394851684570e+00 6.590881824493408203e+00 -9.229205548763275146e-02 5.832344293594360352e-01 1.871952563524246216e-01 7.850336432456970215e-01
1.403636672463555574e+09 5.896404266357421875e+00 -1.373196125030517578e+00 6.351865768432617188e+00 -5.428339540958404541e-02 5.986152291297912598e-01 1.472776234149932861e-01 7.855077385902404785e-01
1.403636673063555717e+09 6.157277107238769531e+00 -1.295703172683715820e+00 6.518299579620361328e+00 -4.223884316161274910e-04 5.123871564865112305e-01 1.600099205970764160e-01 8.437156677246093750e-01
1.403636674663555622e+09 6.361549854278564453e+00 -1.194646358489990234e+00 6.865165710449218750e+00 -4.563776031136512756e-02 4.709675014019012451e-01 1.656475067138671875e-01 8.652558326721191406e-01
1.403636675463555574e+09 6.752193450927734375e+00 -1.316536188125610352e+00 7.275153160095214844e+00 1.826199004426598549e-03 4.340277910232543945e-01 1.057762131094932556e-01 8.946663141250610352e-01
1.403636675963555574e+09 6.914648056030273438e+00 -1.307875514030456543e+00 7.571697235107421875e+00 -1.751966401934623718e-02 3.556088805198669434e-01 8.401760458946228027e-02 9.306860566139221191e-01
1.403636676463555574e+09 7.061470985412597656e+00 -1.349799633026123047e+00 7.950742721557617188e+00 -1.962448656558990479e-02 2.585888206958770752e-01 5.557505041360855103e-02 9.641878604888916016e-01
1.403636677063555717e+09 7.224483966827392578e+00 -1.449353933334350586e+00 8.514070510864257812e+00 8.822028525173664093e-03 2.285667210817337036e-01 2.661725506186485291e-02 9.731243252754211426e-01
1.403636677663555622e+09 7.228255748748779297e+00 -1.529416918754577637e+00 8.751228332519531250e+00 5.255780182778835297e-03 1.423545032739639282e-01 3.624287992715835571e-02 9.891380667686462402e-01
1.403636677963555574e+09 7.258234500885009766e+00 -1.617877602577209473e+00 8.946919441223144531e+00 -1.113294158130884171e-02 4.750728234648704529e-02 -8.569108322262763977e-03 9.987720847129821777e-01
1.403636678563555717e+09 7.311575412750244141e+00 -1.736139893531799316e+00 9.127476692199707031e+00 -1.398953329771757126e-02 -6.569867581129074097e-02 -9.615150839090347290e-02 9.930976629257202148e-01
1.403636679163555622e+09 7.250397205352783203e+00 -1.742881655693054199e+00 9.228272438049316406e+00 -4.145005659665912390e-04 -1.705498844385147095e-01 -8.447299152612686157e-02 9.817214012145996094e-01
1.403636679463555574e+09 7.166600704193115234e+00 -1.856003999710083008e+00 9.261850357055664062e+00 6.862198933959007263e-03 -2.488688528537750244e-01 -1.160326153039932251e-01 9.615371823310852051e-01
1.403636680963555574e+09 6.884099006652832031e+00 -1.935546875000000000e+00 8.915178298950195312e+00 -2.316468022763729095e-02 -2.338286787271499634e-01 -1.024926528334617615e-01 9.665830731391906738e-01
1.403636681163555622e+09 6.522476196289062500e+00 -1.803401470184326172e+00 8.632095336914062500e+00 -4.262151662260293961e-03 -2.351392209529876709e-01 -1.134585961699485779e-01 9.653074741363525391e-01
1.403636681963555574e+09 6.198607921600341797e+00 -1.738909721374511719e+00 8.342982292175292969e+00 -1.016369834542274475e-02 -2.451264560222625732e-01 -1.086375340819358826e-01 9.633315205574035645e-01
1.403636682763555765e+09 5.688017845153808594e+00 -1.596503615379333496e+00 7.831393718719482422e+00 -2.535467792768031359e-04 -2.363225370645523071e-01 -1.109831705689430237e-01 9.653156995773315430e-01
1.403636683563555717e+09 5.390910148620605469e+00 -1.406697273254394531e+00 7.471569061279296875e+00 -1.957977004349231720e-02 -2.464663833379745483e-01 -1.065615788102149963e-01 9.630760550498962402e-01
1.403636684163555622e+09 5.114830493927001953e+00 -1.353463530540466309e+00 7.096968650817871094e+00 -4.919174592941999435e-03 -2.572222054004669189e-01 -1.056493371725082397e-01 9.605471491813659668e-01
1.403636684863555670e+09 4.851018905639648438e+00 -1.141302108764648438e+00 6.560393810272216797e+00 -9.229985997080802917e-03 -2.460139393806457520e-01 -1.229103878140449524e-01 9.613974094390869141e-01
1.403636685863555670e+09 4.607378959655761719e+00 -9.147058129310607910e-01 6.045409202575683594e+00 -1.506454963237047195e-02 -2.455872446298599243e-01 -1.084082424640655518e-01 9.631758332252502441e-01
1.403636686563555717e+09 4.348244667053222656e+00 -7.535563707351684570e-01 5.586005210876464844e+00 -1.694447733461856842e-02 -2.486850321292877197e-01 -1.035865247249603271e-01 9.628803730010986328e-01
1.403636687263555765e+09 4.161968231201171875e+00 -6.571335792541503906e-01 5.266473770141601562e+00 -7.399256341159343719e-03 -2.534188628196716309e-01 -1.010482683777809143e-01 9.620360732078552246e-01
1.403636687963555574e+09 4.062438011169433594e+00 -4.088949263095855713e-01 5.054121971130371094e+00 -4.967161454260349274e-03 -2.513411045074462891e-01 -1.123031154274940491e-01 9.613485336303710938e-01
1.403636688563555717e+09 3.961453914642333984e+00 -1.682650893926620483e-01 4.818150997161865234e+00 -8.604073897004127502e-03 -2.520162165164947510e-01 -1.266918182373046875e-01 9.593554735183715820e-01
1.403636689063555717e+09 3.845386743545532227e+00 -6.675097346305847168e-02 4.632296562194824219e+00 -2.498948387801647186e-02 -2.805926501750946045e-01 -1.198510080575942993e-01 9.519869089126586914e-01
1.403636689463555574e+09 3.675318002700805664e+00 -9.867167472839355469e-02 4.420068740844726562e+00 -4.641963541507720947e-02 -2.931353449821472168e-01 -1.122632622718811035e-01 9.483216404914855957e-01
1.403636690263555765e+09 3.404857397079467773e+00 -2.301395535469055176e-01 4.421763420104980469e+00 -4.042237251996994019e-02 -2.902193665504455566e-01 -9.474809467792510986e-02 9.513998627662658691e-01
1.403636690863555670e+09 3.403773784637451172e+00 -2.729440033435821533e-01 4.683523654937744141e+00 2.654769457876682281e-02 -3.039014339447021484e-01 -6.237708777189254761e-02 9.502885341644287109e-01
1.403636691463555574e+09 3.635070800781250000e+00 -3.978465497493743896e-01 4.795049190521240234e+00 -3.472267882898449898e-03 -2.980214655399322510e-01 -1.092129275202751160e-01 9.482846856117248535e-01
1.403636691863555670e+09 3.898967027664184570e+00 -5.281945466995239258e-01 4.862631320953369141e+00 -3.647719568107277155e-04 -2.993827760219573975e-01 -1.110009178519248962e-01 9.476543068885803223e-01
1.403636692263555765e+09 4.228071689605712891e+00 -7.206189036369323730e-01 4.888169288635253906e+00 -5.096003413200378418e-03 -2.894378602504730225e-01 -1.268481165170669556e-01 9.487408995628356934e-01
1.403636692863555670e+09 4.631045341491699219e+00 -1.071297407150268555e+00 4.816917896270751953e+00 -5.496628582477569580e-02 -2.878481447696685791e-01 -1.318130642175674438e-01 9.469675421714782715e-01
1.403636693963555574e+09 4.677220344543457031e+00 -1.215542793273925781e+00 5.176005840301513672e+00 -1.996963657438755035e-02 -2.934695482254028320e-01 -1.102144047617912292e-01 9.493838548660278320e-01
1.403636695663555622e+09 4.476014137268066406e+00 -1.239770531654357910e+00 5.126852989196777344e+00 -1.595309562981128693e-02 -1.725938916206359863e-01 -9.043815732002258301e-02 9.807026982307434082e-01
1.403636698563555717e+09 4.294355392456054688e+00 -1.115674853324890137e+00 5.019876003265380859e+00 -1.968380436301231384e-02 -6.971249729394912720e-02 -5.592888966202735901e-02 9.958035349845886230e-01
1.403636698963555574e+09 4.140124320983886719e+00 -1.009387493133544922e+00 4.962162494659423828e+00 -1.809248514473438263e-02 3.633564710617065430e-02 -3.213893622159957886e-03 9.991707205772399902e-01
1.403636699363555670e+09 3.998718500137329102e+00 -9.769334793090820312e-01 4.879321575164794922e+00 -1.798475347459316254e-02 1.893175095319747925e-01 7.251547276973724365e-02 9.790694117546081543e-01
1.403636699963555574e+09 4.055605888366699219e+00 -7.366143465042114258e-01 4.817571163177490234e+00 -5.119403940625488758e-04 2.664651572704315186e-01 7.994754612445831299e-02 9.605230689048767090e-01
1.403636700863555670e+09 4.371278762817382812e+00 -6.052033901214599609e-01 4.653673648834228516e+00 -8.581811562180519104e-03 3.028103411197662354e-01 8.359495550394058228e-02 9.493387937545776367e-01
1.403636702163555622e+09 4.560997009277343750e+00 -4.579699039459228516e-01 4.647950172424316406e+00 -2.008262090384960175e-02 3.892835676670074463e-01 1.104547977447509766e-01 9.142509698867797852e-01
1.403636702963555574e+09 5.144862651824951172e+00 -2.211621999740600586e-01 4.829578399658203125e+00 -4.100537393242120743e-03 3.804618120193481445e-01 1.144827008247375488e-01 9.176741242408752441e-01
1.403636704663555622e+09 5.606935501098632812e+00 -1.777087450027465820e-01 5.015481948852539062e+00 -4.258390143513679504e-02 3.743939697742462158e-01 1.044239327311515808e-01 9.203865528106689453e-01
1.403636705363555670e+09 5.898504257202148438e+00 -2.167281508445739746e-01 5.276191711425781250e+00 -3.395948931574821472e-02 3.755873441696166992e-01 1.002538949251174927e-01 9.207226037979125977e-01
1.403636705863555670e+09 6.131982803344726562e+00 -2.614018321037292480e-01 5.531777381896972656e+00 1.001513912342488766e-03 3.672428429126739502e-01 1.185707971453666687e-01 9.225359559059143066e-01
1.403636706363555670e+09 6.488074302673339844e+00 -3.047584295272827148e-01 5.865983963012695312e+00 -2.135045640170574188e-02 3.725585937500000000e-01 8.849902451038360596e-02 9.235325455665588379e-01
1.403636706963555574e+09 6.804867744445800781e+00 -4.617650508880615234e-01 6.224097728729248047e+00 -2.371291257441043854e-02 3.839240372180938721e-01 9.446809440851211548e-02 9.182133674621582031e-01
1.403636707563555717e+09 7.092910289764404297e+00 -7.368900179862976074e-01 6.639918327331542969e+00 -2.184227667748928070e-02 3.808152973651885986e-01 1.170696318149566650e-01 9.169500470161437988e-01
1.403636708163555622e+09 7.430087566375732422e+00 -8.006775379180908203e-01 7.140842437744140625e+00 7.315327879041433334e-03 3.659347891807556152e-01 1.256238371133804321e-01 9.220938086509704590e-01
1.403636708863555670e+09 7.891498565673828125e+00 -9.001145958900451660e-01 7.683432579040527344e+00 -7.588623557239770889e-03 3.976398408412933350e-01 8.767970651388168335e-02 9.133111834526062012e-01
1.403636709863555670e+09 8.006261825561523438e+00 -1.029626607894897461e+00 8.243701934814453125e+00 -1.149498857557773590e-02 3.864224255084991455e-01 8.403246104717254639e-02 9.184139370918273926e-01
1.403636710463555574e+09 7.977901935577392578e+00 -1.013495922088623047e+00 8.664779663085937500e+00 2.313131699338555336e-03 3.104305565357208252e-01 8.319220691919326782e-02 9.469459652900695801e-01
1.403636711063555717e+09 7.893597126007080078e+00 -1.084910631179809570e+00 9.011048316955566406e+00 2.338946983218193054e-02 2.694502472877502441e-01 4.290389642119407654e-02 9.617738127708435059e-01
1.403636712163555622e+09 7.502912521362304688e+00 -1.279215335845947266e+00 9.143546104431152344e+00 1.153884455561637878e-02 2.459544092416763306e-01 3.809019923210144043e-02 9.684639573097229004e-01
1.403636712663555622e+09 7.209276199340820312e+00 -1.391923546791076660e+00 9.068320274353027344e+00 1.644470170140266418e-02 2.087979912757873535e-01 3.200106695294380188e-02 9.772967696189880371e-01
1.403636713363555670e+09 6.680311203002929688e+00 -1.532678484916687012e+00 8.745609283447265625e+00 1.863398705609142780e-03 2.018292844295501709e-01 6.004492565989494324e-02 9.775766730308532715e-01
1.403636714463555574e+09 6.253849983215332031e+00 -1.459592103958129883e+00 8.304322242736816406e+00 -2.294371277093887329e-02 1.969826072454452515e-01 5.579727143049240112e-02 9.785490632057189941e-01
1.403636714863555670e+09 6.126650810241699219e+00 -1.440898299217224121e+00 8.126848220825195312e+00 -3.110558539628982544e-02 1.151225417852401733e-01 1.104880962520837784e-02 9.928027391433715820e-01
1.403636715263555765e+09 5.879984855651855469e+00 -1.369266867637634277e+00 7.552701950073242188e+00 -4.431559704244136810e-03 7.083129882812500000e-02 -4.010737175121903419e-04 9.974783658981323242e-01
1.403636717063555717e+09 5.766030311584472656e+00 -1.239659905433654785e+00 7.143553256988525391e+00 -6.777680944651365280e-03 -1.958130858838558197e-02 -5.445617809891700745e-02 9.983012080192565918e-01
1.403636718063555717e+09 5.574308395385742188e+00 -1.153282165527343750e+00 6.899536132812500000e+00 -1.075441762804985046e-02 -8.906540274620056152e-02 -6.827329099178314209e-02 9.936248660087585449e-01
1.403636718463555574e+09 5.383644580841064453e+00 -1.032529354095458984e+00 6.725709915161132812e+00 -1.764508336782455444e-02 -1.532142162322998047e-01 -6.138396263122558594e-02 9.861268997192382812e-01
1.403636718863555670e+09 5.156561374664306641e+00 -8.597917556762695312e-01 6.513514518737792969e+00 1.336353365331888199e-03 -1.703470796346664429e-01 -8.475783467292785645e-02 9.817312359809875488e-01
1.403636719763555765e+09 4.876956939697265625e+00 -6.106990575790405273e-01 6.055574893951416016e+00 -1.543795131146907806e-02 -1.554826945066452026e-01 -6.919865310192108154e-02 9.852910041809082031e-01
1.403636721163555622e+09 4.806354522705078125e+00 -4.603696167469024658e-01 5.767659187316894531e+00 -4.459808580577373505e-03 -8.243269473314285278e-02 -3.996303305029869080e-02 9.957851171493530273e-01
1.403636721663555622e+09 4.857218265533447266e+00 -3.076142966747283936e-01 5.379920959472656250e+00 -7.051804568618535995e-03 -3.066343627870082855e-02 -3.976913541555404663e-02 9.987134337425231934e-01
1.403636723663555622e+09 4.745842933654785156e+00 -1.513086259365081787e-01 4.812548637390136719e+00 -2.308366633951663971e-02 5.768975988030433655e-02 -4.934961441904306412e-03 9.980554580688476562e-01
1.403636724463555574e+09 4.547188758850097656e+00 -4.287952184677124023e-01 3.996787548065185547e+00 -5.317297298461198807e-03 9.782127290964126587e-02 -1.034249830991029739e-02 9.951360821723937988e-01
1.403636728663555622e+09 4.242825984954833984e+00 -5.648080706596374512e-01 3.486882209777832031e+00 -1.505966065451502800e-04 5.424857512116432190e-02 -1.655271463096141815e-02 9.983902573585510254e-01
1.403636729263555765e+09 3.961928367614746094e+00 -4.755586683750152588e-01 3.059822082519531250e+00 -1.099435705691576004e-02 2.816937118768692017e-02 -2.091945149004459381e-02 9.993238449096679688e-01
1.403636730563555717e+09 3.618285655975341797e+00 -4.045709371566772461e-01 2.670839071273803711e+00 -1.635673083364963531e-02 1.660302281379699707e-02 1.079538743942975998e-02 9.996700882911682129e-01
1.403636732563555717e+09 3.196136474609375000e+00 -1.241607517004013062e-01 1.812218904495239258e+00 -3.752741497009992599e-03 1.909485273063182831e-02 -2.582515403628349304e-02 9.994770884513854980e-01
1.403636734863555670e+09 2.669349431991577148e+00 -1.495349705219268799e-01 1.199299216270446777e+00 -1.092783827334642410e-02 1.050363760441541672e-02 -2.029388397932052612e-02 9.996791481971740723e-01
1.403636736463555574e+09 2.291895151138305664e+00 -1.103270649909973145e-01 9.515982866287231445e-01 -1.736522652208805084e-02 -4.801492765545845032e-02 -4.027708992362022400e-02 9.978832006454467773e-01
1.403636738763555765e+09 2.108839750289916992e+00 -2.754857540130615234e-01 8.280531764030456543e-01 -1.106053870171308517e-02 4.155548661947250366e-02 1.520854048430919647e-02 9.989592432975769043e-01
1.403636739063555717e+09 2.183565616607666016e+00 -1.908200681209564209e-01 8.816342353820800781e-01 -7.787245325744152069e-03 1.589630842208862305e-01 3.602918982505798340e-02 9.865962266921997070e-01
1.403636739463555574e+09 2.377584934234619141e+00 -6.778724491596221924e-02 9.323292374610900879e-01 -9.064458310604095459e-03 2.431854605674743652e-01 4.748896136879920959e-02 9.687742590904235840e-01
1.403636741463555574e+09 2.609572410583496094e+00 5.311652421951293945e-01 1.022735953330993652e+00 -2.784010954201221466e-02 2.474347203969955444e-01 5.275185778737068176e-02 9.670668244361877441e-01
1.403636742863555670e+09 2.998360872268676758e+00 8.874153494834899902e-01 1.547060728073120117e+00 3.459744621068239212e-03 2.876299619674682617e-01 7.388421148061752319e-02 9.548812508583068848e-01
1.403636744763555765e+09 3.208738803863525391e+00 1.333315372467041016e+00 1.852945923805236816e+00 -3.558149328455328941e-03 2.884815931320190430e-01 7.779072225093841553e-02 9.543135762214660645e-01
1.403636746063555717e+09 3.173692226409912109e+00 8.030301928520202637e-01 2.281290054321289062e+00 1.347321900539100170e-03 3.145171105861663818e-01 9.409026801586151123e-02 9.445762038230895996e-01
1.403636749463555574e+09 3.152521133422851562e+00 3.218607902526855469e-01 2.139321327209472656e+00 -1.631417078897356987e-03 3.023509681224822998e-01 7.077386975288391113e-02 9.505642056465148926e-01
1.403636751663555622e+09 2.959717273712158203e+00 -2.324285805225372314e-01 1.894591689109802246e+00 -1.453751930966973305e-03 2.634659111499786377e-01 6.480488181114196777e-02 9.624884128570556641e-01
1.403636752563555717e+09 2.955251455307006836e+00 -4.081138372421264648e-01 1.834469437599182129e+00 -9.486906230449676514e-03 1.443750858306884766e-01 1.210046559572219849e-02 9.894036054611206055e-01
1.403636753163555622e+09 2.895757198333740234e+00 -4.025173783302307129e-01 1.827151179313659668e+00 -8.796870708465576172e-03 1.756672747433185577e-02 -3.474215418100357056e-02 9.992032647132873535e-01
1.403636754463555574e+09 2.476651191711425781e+00 -4.186698496341705322e-01 1.628100037574768066e+00 2.333725336939096451e-03 -4.169688373804092407e-02 -5.404726043343544006e-02 9.976646900177001953e-01
1.403636755263555765e+09 2.085075855255126953e+00 -3.637513220310211182e-01 1.338883638381958008e+00 -1.773612760007381439e-02 -5.654616281390190125e-02 -5.773241072893142700e-02 9.965716004371643066e-01
1.403636756263555765e+09 1.578635573387145996e+00 -2.871173918247222900e-01 1.036964178085327148e+00 -1.089314115233719349e-03 -6.116179004311561584e-02 -5.363268032670021057e-02 9.966853260993957520e-01
1.403636756963555574e+09 1.236446738243103027e+00 -2.400904595851898193e-01 7.621724009513854980e-01 -1.769386581145226955e-04 -6.673084944486618042e-02 -5.213286727666854858e-02 9.964081645011901855e-01
1.403636757563555717e+09 9.536089301109313965e-01 -1.549130976200103760e-01 5.089219212532043457e-01 -3.617994859814643860e-02 -8.287573605775833130e-02 -6.879743188619613647e-02 9.935237765312194824e-01
1.403636757963555574e+09 6.952703595161437988e-01 -1.946760863065719604e-01 3.345045447349548340e-01 -1.318029500544071198e-02 -1.030652150511741638e-01 -6.316706538200378418e-02 9.925793409347534180e-01
1.403636758363555670e+09 4.466952383518218994e-01 -1.699468791484832764e-01 2.079654037952423096e-01 -4.572506994009017944e-02 -1.112268194556236267e-01 -4.215456172823905945e-02 9.918472170829772949e-01
1.403636758863555670e+09 1.764638125896453857e-01 -9.046985954046249390e-02 1.597698330879211426e-01 -8.362819440662860870e-03 -1.129554882645606995e-01 -3.064018301665782928e-02 9.930923581123352051e-01
1.403636759563555717e+09 9.837290644645690918e-02 7.280018180608749390e-02 1.300580948591232300e-01 -1.327299233525991440e-02 -1.075551956892013550e-01 -5.985989794135093689e-02 9.923066496849060059e-01
1.403636760163555622e+09 9.742353111505508423e-02 1.628745943307876587e-01 8.690606802701950073e-02 -8.697722107172012329e-03 -1.057286709547042847e-01 -6.266885250806808472e-02 9.923802018165588379e-01
1.403636760763555765e+09 8.276041597127914429e-02 2.483855038881301880e-01 5.092078819870948792e-02 -2.025499008595943451e-02 -1.052678525447845459e-01 -7.155901938676834106e-02 9.916591048240661621e-01
1.403636761163555622e+09 6.139994412660598755e-02 2.808089256286621094e-01 3.921473026275634766e-02 -4.626360163092613220e-02 -1.062585413455963135e-01 -7.015297561883926392e-02 9.907811880111694336e-01
1.403636761463555574e+09 1.358435582369565964e-02 2.911692857742309570e-01 4.985762014985084534e-02 -1.589979976415634155e-02 -1.068019419908523560e-01 -6.711360812187194824e-02 9.918851852416992188e-01
1.403636761663555622e+09 -2.187244966626167297e-02 2.826655209064483643e-01 5.696148425340652466e-02 -8.632980287075042725e-03 -1.114880144596099854e-01 -4.832981899380683899e-02 9.925523400306701660e-01
1.403636761963555574e+09 -6.301286816596984863e-02 2.526530921459197998e-01 5.413000285625457764e-02 -1.858420111238956451e-02 -9.484252333641052246e-02 -8.633887022733688354e-02 9.915670156478881836e-01
1.403636762463555574e+09 -1.177283525466918945e-01 2.666213512420654297e-01 6.303986161947250366e-02 -3.321633115410804749e-02 -1.087429225444793701e-01 -4.014126583933830261e-02 9.927035570144653320e-01
1.403636762663555622e+09 -1.446188837289810181e-01 3.092971444129943848e-01 9.821366518735885620e-02 -1.400762517005205154e-02 -1.129517108201980591e-01 -2.869028225541114807e-02 9.930873513221740723e-01
1.403636762863555670e+09 -1.328883916139602661e-01 3.322576582431793213e-01 1.035343855619430542e-01 3.491724142804741859e-03 -1.011459603905677795e-01 -4.755184426903724670e-02 9.937284588813781738e-01
1.403636763063555717e+09 -1.094488948583602905e-01 3.355197608470916748e-01 9.274320304393768311e-02 1.796718686819076538e-02 -7.004647701978683472e-02 -1.574623025953769684e-02 9.972575902938842773e-01
