1.403636580863555584e+18 4.532077840781450817e+00 -1.649611913182827960e+00 7.547315012948164759e-01 -6.863816382231527902e-01 -4.773162408789308753e-01 3.155223873488290365e-01 4.488820290287894310e-01
1.403636580963555584e+18 4.524558268153974439e+00 -1.646472695558832688e+00 8.309365913933292047e-01 -6.794801764687666834e-01 -4.725051899090049190e-01 3.147051903663752870e-01 4.647646484528405453e-01
1.403636581163555584e+18 4.513363806565368286e+00 -1.642643105737759290e+00 9.602553257201724701e-01 -6.680082870165209297e-01 -4.608094961977048931e-01 3.287237114562732154e-01 4.830737606387702221e-01
1.403636581963555584e+18 4.536576042988623492e+00 -1.638565510924322677e+00 7.327899440531135955e-01 -6.767439940271351428e-01 -4.632347017472567274e-01 3.254598450010436350e-01 4.706453727991254388e-01
1.403636582363555584e+18 4.537072960293734525e+00 -1.652371965314323399e+00 7.130654313616264783e-01 -6.879964936015637855e-01 -4.729688789417447747e-01 3.166495984866980473e-01 4.502158328210543736e-01
1.403636583963555584e+18 4.529273933683179543e+00 -1.628262641669364630e+00 7.895087488579815016e-01 -6.889084303214021432e-01 -4.779272272347133699e-01 3.001232986966199112e-01 4.548810236526686368e-01
1.403636585963555584e+18 4.580968272020237819e+00 -1.646792689662239795e+00 7.998906166344413871e-01 -7.557277437310453427e-01 -4.808683056591806504e-01 2.474096783502184038e-01 3.693639140824319100e-01
1.403636587663555584e+18 4.610944925080267431e+00 -1.498417095175147873e+00 8.121120558143780643e-01 -7.650114219712627062e-01 -4.898635790199652451e-01 2.403664113803343216e-01 3.420748258545144860e-01
1.403636587963555584e+18 4.642362842784793386e+00 -1.363155277447845926e+00 8.063151304704140321e-01 -7.816217380605786635e-01 -4.671900130545902363e-01 2.232865900367330403e-01 3.477701094156589456e-01
1.403636589463555584e+18 4.572969495545923913e+00 -1.702860089692090240e+00 8.234885113015626423e-01 -7.593021003941843317e-01 -4.976658862289226604e-01 2.491755413809968733e-01 3.371951001993477304e-01
1.403636589663555584e+18 4.550667689460417442e+00 -1.791153325156788600e+00 8.214715152393102793e-01 -7.543418528610597029e-01 -5.026898189176811638e-01 2.543255911154543303e-01 3.370308720019974391e-01
1.403636589863555584e+18 4.533850214115548560e+00 -1.863865792335447580e+00 8.143000575784954398e-01 -7.511010641062652038e-01 -5.145717297229880360e-01 2.592971625467511698e-01 3.222236924304784367e-01
1.403636590163555584e+18 4.575046438686651840e+00 -1.785170828413595201e+00 8.246715750994746408e-01 -7.488810628446354034e-01 -5.078914319212826101e-01 2.550870713354117525e-01 3.408137807236686356e-01
1.403636590863555584e+18 4.600462869694490919e+00 -1.698357768496586262e+00 8.203606339852888008e-01 -7.564616065754727892e-01 -5.041228677379500089e-01 2.490703381185575271e-01 3.340508025292370231e-01
1.403636592963555584e+18 4.379143080550730538e+00 -1.477213965235567583e+00 7.755388741526580976e-01 -7.302591674220300089e-01 -5.108334766215820721e-01 2.907125597638688941e-01 3.482196363709690323e-01
1.403636593163555584e+18 4.372756115946587308e+00 -1.600175591229202388e+00 7.772654309604664080e-01 -7.058010327408192897e-01 -5.472917953470283203e-01 3.156676837687897863e-01 3.204223874074133560e-01
1.403636593363555584e+18 4.411807901318706371e+00 -1.722119437102143991e+00 7.838313839666546379e-01 -6.932351781704094718e-01 -5.635061461264651017e-01 3.361559649745542444e-01 2.981358385648487097e-01
1.403636593463555584e+18 4.486878589681620788e+00 -1.789387330398628073e+00 7.790472061640675294e-01 -6.985097201777149545e-01 -5.627493466611127593e-01 3.289869514403643835e-01 2.952370732677677689e-01
1.403636593663555584e+18 4.574832881022760311e+00 -1.791912873485640656e+00 7.673802656817461099e-01 -7.289881664294948216e-01 -5.366977884074356497e-01 3.066391204158689932e-01 2.941159413478171558e-01
1.403636593863555584e+18 4.617461684311244596e+00 -1.769377315079899926e+00 7.622609496532245510e-01 -7.482939854751103903e-01 -5.111499902141044549e-01 2.913725630216472684e-01 3.064046806497781050e-01
1.403636593963555584e+18 4.655453217640091346e+00 -1.734370212056305594e+00 7.599777862675566320e-01 -7.652435307553749899e-01 -4.802139782009297586e-01 2.767737900366395443e-01 3.274036391462964435e-01
1.403636594163555584e+18 4.705506519527812515e+00 -1.638244522453976559e+00 7.599969940967923332e-01 -7.943305781833659429e-01 -4.239456050231386608e-01 2.419318008819105192e-01 3.616324933775723061e-01
1.403636594363555584e+18 4.704082293106970347e+00 -1.517538204933841728e+00 7.544580134172942376e-01 -8.092649629271853051e-01 -3.977767491678870782e-01 2.120406899424064628e-01 3.766996461488079651e-01
1.403636594463555584e+18 4.683833433987508954e+00 -1.454427662246392083e+00 7.521544585886461576e-01 -8.073131272098307276e-01 -3.946066713217024069e-01 2.050706654893783842e-01 3.879137942105607695e-01
1.403636594663555584e+18 4.573408558494400644e+00 -1.349841571184376088e+00 7.489543872018908921e-01 -7.938001174437633312e-01 -3.964774355244273796e-01 2.223338037344291251e-01 4.040478887251131579e-01
1.403636594863555584e+18 4.484366479717691867e+00 -1.406713587799975684e+00 7.423814053829569382e-01 -7.667025314322422069e-01 -4.372385533992997342e-01 2.511295421117539228e-01 3.973960603672617165e-01
1.403636595163555584e+18 4.425062424957673102e+00 -1.543389030514505045e+00 7.384164813134148631e-01 -7.305641287627311353e-01 -4.956558393236876747e-01 2.910079934004223823e-01 3.686674524372093864e-01
1.403636595363555584e+18 4.419507968391410913e+00 -1.671373241011532729e+00 7.365191884868245165e-01 -7.043662539397964606e-01 -5.369400893300811939e-01 3.200131497440219519e-01 3.363853516013035616e-01
1.403636595463555584e+18 4.505215180892762739e+00 -1.709249863124506996e+00 7.324599226071283331e-01 -7.009663500680534121e-01 -5.497712072746349099e-01 3.195063082601585225e-01 3.229760280671396533e-01
1.403636595863555584e+18 4.589113992689721755e+00 -1.636981957971096913e+00 7.193764140314886646e-01 -7.212005414565973993e-01 -5.270000528693455921e-01 2.891294505696884176e-01 3.443034767348246428e-01
1.403636595963555584e+18 4.630922614283381478e+00 -1.594311728392455496e+00 7.127791098051122765e-01 -7.368532851214091295e-01 -5.071676889578456970e-01 2.711200320472694214e-01 3.554182039592692632e-01
1.403636596163555584e+18 4.760222197163260560e+00 -1.606743867587813401e+00 7.218663133999789761e-01 -7.723122954425331033e-01 -4.564287560123877485e-01 2.402596341941268254e-01 3.707854058214455906e-01
1.403636596463555584e+18 4.802139126220491328e+00 -1.700505560370260794e+00 7.451283056456613485e-01 -7.633106707512608002e-01 -4.617858953253673460e-01 2.431816262406136520e-01 3.807535993983242051e-01
1.403636597163555584e+18 4.633525736063536904e+00 -1.631968694989515800e+00 7.420049439973384064e-01 -7.517580709636968450e-01 -4.932809855782155362e-01 2.374540245472772926e-01 3.676265200366080066e-01
1.403636597363555584e+18 4.576364670765690867e+00 -1.597124422427654844e+00 7.466280428012326276e-01 -7.423772353641673316e-01 -5.043816606888511522e-01 2.466329210608326494e-01 3.655781489952777963e-01
1.403636597463555584e+18 4.520361508180821275e+00 -1.569697441774930757e+00 7.499809299232885751e-01 -7.310973089640596667e-01 -5.173055029638212732e-01 2.552108833539228905e-01 3.643612856034082470e-01
1.403636598163555584e+18 4.579631604450629112e+00 -1.687265155446125764e+00 7.249496447776520025e-01 -6.872268279846416306e-01 -5.782480757660212189e-01 2.892181879898527708e-01 3.312118498890517793e-01
1.403636598363555584e+18 4.608984899206400421e+00 -1.677185198721092840e+00 6.952553421961883418e-01 -6.948065947044764767e-01 -5.792312529664565002e-01 2.698919136866205770e-01 3.299898581299916533e-01
1.403636598663555584e+18 4.572126028885126203e+00 -1.641161922361398906e+00 6.689452410963085960e-01 -6.825647225084137126e-01 -5.772063276080303673e-01 2.889934785000480844e-01 3.426675128177539831e-01
1.403636598963555584e+18 4.470989456407810536e+00 -1.576649324435886346e+00 5.892447704473640080e-01 -6.445333639999506481e-01 -5.597598196392304937e-01 3.517574756958026239e-01 3.840733853060898650e-01
1.403636599463555584e+18 4.412085713349333638e+00 -1.548256002833185985e+00 5.301826310698412037e-01 -6.233291023176690260e-01 -5.198309903672546639e-01 3.878725146036158256e-01 4.367968453099402848e-01
1.403636600163555584e+18 4.435012529271751269e+00 -1.524929011658761047e+00 5.250399859601498909e-01 -6.298915257018589120e-01 -5.065418522539548718e-01 3.866898529435538467e-01 4.439853324093148146e-01
1.403636624963555584e+18 4.496337406702547668e+00 -1.486033502607772672e+00 5.465241227344225239e-01 -6.256139087614698280e-01 -5.399411950603141275e-01 3.424076149488435306e-01 4.470209930932543818e-01
1.403636625163555584e+18 4.515913487327909870e+00 -1.481294998387920003e+00 6.011481977387541642e-01 -6.305027347570311136e-01 -5.363378096001086837e-01 3.496257683810824468e-01 4.388278449929995384e-01
1.403636625963555584e+18 4.448039561961914856e+00 -1.489297146896206403e+00 7.566574210583000282e-01 -6.177661028396447263e-01 -5.243241467820491941e-01 3.775489264131199896e-01 4.482254337360773166e-01
1.403636626163555584e+18 4.481849481785880052e+00 -1.391747129234613300e+00 9.068611697369117763e-01 -6.238297411764821554e-01 -5.233612759843659923e-01 3.732065860683289049e-01 4.445742603198287179e-01
1.403636627863555584e+18 4.463932161309952740e+00 -1.272062379238127816e+00 9.768281075308361538e-01 -6.515258323444366173e-01 -4.818342607824198098e-01 3.617712341891519134e-01 4.609462105684417055e-01
1.403636628963555584e+18 4.452170454986410952e+00 -1.084782727307254113e+00 1.016761323118243743e+00 -6.747180246817426896e-01 -4.714383133343260091e-01 3.212274966270586285e-01 4.683101528909728306e-01
1.403636629463555584e+18 4.407910060330856972e+00 -9.037735228294373480e-01 9.775907720310637039e-01 -7.124163117708440796e-01 -4.185880590244090427e-01 2.918456506962264774e-01 4.817397136781452205e-01
1.403636629863555584e+18 4.350350927804928602e+00 -7.075604662119326926e-01 9.165103597227171051e-01 -7.348489197224372660e-01 -3.715113135850541815e-01 2.556301814905667102e-01 5.065862408042431930e-01
1.403636630363555584e+18 4.227910774879235944e+00 -3.984138889946133855e-01 9.842336125789041823e-01 -7.292624301674996978e-01 -3.739154677905586754e-01 2.471953060102603794e-01 5.169700296725661115e-01
1.403636631163555584e+18 3.924402029474387543e+00 1.417510687519982771e-01 9.046136214408377896e-01 -7.212749123733365186e-01 -3.838142654568026946e-01 2.564197397408937706e-01 5.164281435823411259e-01
1.403636633863555584e+18 2.956742267642760602e+00 9.796423207567477309e-01 7.693621663895727769e-01 -6.839245312069447413e-01 -4.539403070411103247e-01 3.164810736039164185e-01 4.754210379309018464e-01
1.403636634663555584e+18 2.526084958983466855e+00 1.357360703413454495e+00 7.767536334186058156e-01 -6.593438434005089999e-01 -4.879296640867156754e-01 3.267950997815334824e-01 4.694627800293089681e-01
1.403636635663555584e+18 2.116496617664636926e+00 1.653378432183516988e+00 8.224256950745441053e-01 -6.656527610993687727e-01 -4.735900171265847169e-01 3.494527765866450864e-01 4.588045926695936139e-01
1.403636636163555584e+18 1.817980637969413671e+00 1.939053318918782409e+00 9.669026100901196852e-01 -6.547357681753205316e-01 -4.807423861495726536e-01 3.366343335997825648e-01 4.763246345434157258e-01
1.403636639463555584e+18 2.791365604433546643e-01 2.928580527433183534e+00 9.535535992456929399e-01 -6.466994541369494032e-01 -4.999136616703759861e-01 3.350981324751672874e-01 4.685887199943510328e-01
1.403636639963555584e+18 -7.427126551819007716e-02 3.231912001156379333e+00 9.220890237682084489e-01 -6.291756184132353269e-01 -5.101765838314294976e-01 3.591557695983733089e-01 4.635353575172182494e-01
1.403636641363555584e+18 -5.694761843438747029e-01 3.706421440057516392e+00 8.573709293095097550e-01 -6.321224583210456327e-01 -5.051418729084127257e-01 3.586575643644951406e-01 4.654219993133838496e-01
1.403636642363555584e+18 -8.436559914243897396e-01 4.119296852907506690e+00 8.977428717309567929e-01 -6.743797895331722358e-01 -4.936917722870494685e-01 3.177480160289962163e-01 4.477907231675344324e-01
1.403636644363555584e+18 -1.226511590088551706e+00 4.560581353954865413e+00 6.796464745238908201e-01 -6.665491777021792519e-01 -4.820225405953657560e-01 3.266746606365386607e-01 4.654569047296858164e-01
1.403636646163555584e+18 -1.999959870655219518e+00 5.341765298073342549e+00 6.375301845693854830e-01 -7.011947038000272414e-01 -4.063447874683349115e-01 3.153671141902414932e-01 4.937139701764831079e-01
1.403636646463555584e+18 -2.227098389562156111e+00 5.634256469458483352e+00 6.811318312315233214e-01 -7.194428136545517605e-01 -3.604796086564773794e-01 2.676755934564543637e-01 5.299115645949139530e-01
1.403636647963555584e+18 -2.558768915245458242e+00 6.459254851522675089e+00 8.053759319567097563e-01 -7.434256732668679257e-01 -3.145173177887547467e-01 2.341256145947661627e-01 5.418323741982334907e-01
1.403636650463555584e+18 -2.041713740533186883e+00 7.415258732761492944e+00 9.807790632779647133e-01 -8.116553248097654327e-01 -7.335765249346924699e-02 4.676067389974414984e-02 5.776224787047710141e-01
1.403636651163555584e+18 -1.630069427335695043e+00 7.355569046898749797e+00 1.028673823575564583e+00 -8.009054829640328554e-01 -2.332660249142082948e-02 3.480497433263284729e-02 5.973231041371672712e-01
1.403636652163555584e+18 -1.484036714993305139e+00 7.286975738788689760e+00 9.672672779059356962e-01 -8.153305049508319247e-01 5.497377728005545250e-02 -3.950489589386513289e-02 5.750247079114070292e-01
1.403636652463555584e+18 -1.140619541601314069e+00 7.183452784762954124e+00 9.396305486253897499e-01 -8.193140634810724965e-01 1.143530863507906808e-01 -8.915438781772536125e-02 5.547065279560248197e-01
1.403636653363555584e+18 -6.067288186498052127e-01 7.126223140196399797e+00 9.553622799714407421e-01 -7.992096678472777604e-01 1.125839705860404993e-01 -9.213988773457514048e-02 5.831800729404129635e-01
1.403636655463555584e+18 -2.392379940603173161e-01 6.666723079082790271e+00 9.279066641336441990e-01 -7.758254775358579547e-01 2.617744378421966167e-01 -1.757247374524829042e-01 5.465251949781602114e-01
1.403636658463555584e+18 7.682022455858481536e-01 5.084543622756601877e+00 7.617077601987876090e-01 -7.668944511465007885e-01 2.994567299679420369e-01 -2.343126907122266844e-01 5.170068961327410895e-01
1.403636658863555584e+18 1.002629656713790673e+00 4.854286218394442187e+00 6.600567704056774510e-01 -7.496715164062098813e-01 2.972387510123533638e-01 -2.389828910079264124e-01 5.408594273850864109e-01
1.403636659463555584e+18 1.183263346748275158e+00 4.588995476295697706e+00 5.185137429492601147e-01 -7.534396037417985248e-01 3.008969450384637589e-01 -2.405124378973738097e-01 5.328635465075308719e-01
1.403636661863555584e+18 1.011193458750895946e+00 4.659552917942635375e+00 -3.982208654409102877e-02 -7.601918505696481088e-01 3.039044814038527886e-01 -2.399618665187763511e-01 5.216979194198246850e-01
1.403636662863555584e+18 9.029686023477792034e-01 4.851380798889232793e+00 -3.271292037135431485e-01 -7.719800873472009162e-01 2.796525011831796359e-01 -2.695681398432557829e-01 5.031642289579479899e-01
1.403636664663555584e+18 7.719709877489560057e-01 5.435800136975267094e+00 -4.558709658127422237e-01 -7.597347176216727727e-01 2.764053084121311232e-01 -2.270686487618623073e-01 5.429945608119607359e-01
1.403636665463555584e+18 4.729715307767698995e-01 6.043565983199110647e+00 -3.863471478555109417e-01 -7.685050683587045794e-01 2.702068142285282693e-01 -2.284999635993051059e-01 5.330816110939943231e-01
1.403636665963555584e+18 3.198864570702482091e-01 6.309910095550424813e+00 -3.338813139458891577e-01 -7.554265221846935274e-01 2.882451485889468978e-01 -2.118595813568411868e-01 5.489635886670251042e-01
1.403636666363555584e+18 1.644390567285842764e-01 6.520117426350054757e+00 -3.419911833939823786e-01 -7.565119071757560043e-01 2.896190446948791464e-01 -2.042591332049240871e-01 5.496260089858366893e-01
1.403636666863555584e+18 -8.922682763455647148e-03 6.725963627927496802e+00 -3.036271265020213939e-01 -7.757027725496266068e-01 2.989470857102103918e-01 -1.792114275392036049e-01 5.261170144022667694e-01
1.403636668363555584e+18 -2.947271660538071103e-01 7.522013956484038033e+00 -5.098670517704833038e-01 -7.677051018691712914e-01 2.753099614111832460e-01 -2.396191131541534902e-01 5.267029355557413250e-01
1.403636669163555584e+18 -4.749462647108764202e-01 7.884642697555252155e+00 -5.468905574320346297e-01 -7.527721146173929068e-01 2.846887304753407122e-01 -2.312009409588813291e-01 5.466558287391853899e-01
1.403636670863555584e+18 -9.404654500097331393e-01 7.652553714493100401e+00 -4.320716475002428503e-01 -7.576927875633828746e-01 2.067648474647542367e-01 -2.421444441629858405e-02 6.185172578100931462e-01
1.403636671663555584e+18 -1.931357165303246859e-01 6.494986961787354574e+00 -1.928058983478457833e-01 -8.475074136009815851e-01 2.485922712087192468e-02 -2.994931378010874320e-02 5.293545516215270030e-01
1.403636672463555584e+18 3.794423739516576966e-01 6.049266117200778226e+00 4.178130683418501690e-02 -8.270068324086030653e-01 1.458822647025162641e-03 -7.681643402041996027e-02 5.569172348297003472e-01
1.403636674663555584e+18 1.201580563457049777e-01 6.620324975036922410e+00 -3.022836450265415920e-01 -8.394123543227244300e-01 -8.004553814592119121e-02 4.889539470685712319e-02 5.353399402340270896e-01
1.403636675463555584e+18 -1.539066606356369604e-01 7.130096650946544656e+00 -3.261714742510437581e-01 -7.961298371248028971e-01 -1.340668333105688725e-01 7.734659744897237621e-02 5.849964705096749595e-01
1.403636675963555584e+18 -3.651075364701146242e-01 7.372549686324748386e+00 -4.311267509278038368e-01 -7.916118402778385965e-01 -2.088822123766814476e-01 1.231098849991118099e-01 5.608590481574331488e-01
1.403636676463555584e+18 -6.699128521009605208e-01 7.632247103376093023e+00 -5.126194271893886878e-01 -7.676600031204274810e-01 -2.896912912457501044e-01 1.851116300460743658e-01 5.408426386733951041e-01
1.403636677663555584e+18 -1.386343086225177323e+00 8.057874663012249528e+00 -5.927795175181991283e-01 -7.226807662345403616e-01 -3.600703237384305089e-01 2.735506635676155374e-01 5.227350251698051897e-01
1.403636677963555584e+18 -1.577409556284464109e+00 8.157750015951211964e+00 -5.695944774694150503e-01 -6.828493289419395040e-01 -4.448497977777498558e-01 3.114200829716760044e-01 4.887156466725328108e-01
1.403636679163555584e+18 -1.868391773884586549e+00 8.253028082333129234e+00 -5.364525941983289137e-01 -5.547720810004463932e-01 -5.866828066664675490e-01 4.196347633652512954e-01 4.146539374946051626e-01
1.403636679463555584e+18 -1.957796605931608980e+00 8.199508098272911383e+00 -4.360116549347798909e-01 -4.958263053263117226e-01 -6.328340340377552886e-01 4.530862530148877521e-01 3.852144956240476925e-01
1.403636680963555584e+18 -1.760817320808838460e+00 7.838134696216493502e+00 -2.438548972802441206e-01 -5.248624430486646952e-01 -6.296244119397551575e-01 4.374863185439395452e-01 3.697272465661348706e-01
1.403636681163555584e+18 -1.588742703419010027e+00 7.393054852599132865e+00 -2.696170253004508410e-01 -5.096062901931732725e-01 -6.302918213796824265e-01 4.413949994714594927e-01 3.849728605226913625e-01
1.403636681963555584e+18 -1.417466365331723210e+00 6.990841347114112203e+00 -2.305669335031166334e-01 -5.097634878562024019e-01 -6.329717145310195248e-01 4.469166430027348147e-01 3.738362064588007794e-01
1.403636684163555584e+18 -5.460994346955940770e-01 5.537073386437517897e+00 -1.760631545929713937e-01 -5.025392762836682348e-01 -6.335658402558144164e-01 4.577988172651081267e-01 3.694168983193638622e-01
1.403636684863555584e+18 -9.081801556188029423e-02 5.096098143947077830e+00 -2.040139580396704844e-01 -5.011827369274641786e-01 -6.416749082538499849e-01 4.405175908171896637e-01 3.781711629724400781e-01
1.403636685863555584e+18 3.556777116603462296e-01 4.678781978231050687e+00 -2.530469482937376391e-01 -5.119152171700972476e-01 -6.346933302954972378e-01 4.450310505094196012e-01 3.702087937780312310e-01
1.403636687963555584e+18 1.209255645332459661e+00 3.794502191154888404e+00 -4.108748130866102244e-01 -5.021203316793264593e-01 -6.356032621029745755e-01 4.510050179430918349e-01 3.748041348603990408e-01
1.403636689463555584e+18 1.738758562205904301e+00 3.194331754948843027e+00 -4.977423797658863114e-01 -4.982926887531674010e-01 -6.639480068698044857e-01 4.552543665500297654e-01 3.219020072100899910e-01
1.403636690863555584e+18 1.362865892472651996e+00 3.042173579500390357e+00 -4.025153398593321885e-01 -4.842290815612657062e-01 -6.109967159236927570e-01 5.200895887900170989e-01 3.488725115755417217e-01
1.403636691463555584e+18 1.304326993726039330e+00 3.311076548179557655e+00 -3.263491292937164001e-01 -4.776752843230412382e-01 -6.490625934854382661e-01 4.796115559568342457e-01 3.471553368126761296e-01
1.403636691863555584e+18 1.294713942263018946e+00 3.598040805929426433e+00 -2.327635147936919502e-01 -4.744899735340659674e-01 -6.495105085279040402e-01 4.808754480379462404e-01 3.489328987094356127e-01
1.403636692863555584e+18 1.428054290658019809e+00 4.347421184425158458e+00 2.708618336728283449e-01 -4.943313144360678701e-01 -6.768582581182025493e-01 4.381158487541820801e-01 3.248906786220625009e-01
1.403636693963555584e+18 1.079534207491861686e+00 4.519925395425678616e+00 2.965340499771229599e-01 -4.873384691454471507e-01 -6.539019860786160487e-01 4.689377130171099028e-01 3.391324673393809053e-01
1.403636695663555584e+18 1.050464943757094094e+00 4.318504957953138934e+00 3.420500823085086406e-01 -5.579729491481399961e-01 -5.966301752918100609e-01 4.107011425796963655e-01 4.049977696653682679e-01
1.403636698963555584e+18 1.151519451104049629e+00 3.920570171969576911e+00 1.856622158944514211e-01 -6.849133935537372597e-01 -4.491942025417978157e-01 3.183346610706113688e-01 4.772643452999612568e-01
1.403636699363555584e+18 1.188359839208959379e+00 3.757615649390219303e+00 1.853515705402357661e-01 -7.601270229845541460e-01 -3.173467525405310186e-01 2.452110306353251501e-01 5.112430909414615865e-01
1.403636699963555584e+18 1.329504894587555164e+00 3.760040075225793199e+00 -2.648508684886397013e-02 -7.701461407427354633e-01 -2.613336531773191029e-01 1.988361447313537478e-01 5.468490021609617724e-01
1.403636700863555584e+18 1.618357245933103705e+00 3.989945097191896828e+00 -1.130217745957391440e-01 -7.809975990252562283e-01 -2.394750631556559484e-01 1.687251160868299127e-01 5.515671125482966008e-01
1.403636702163555584e+18 1.727199328010978530e+00 4.147226634634574971e+00 -2.583468922529421619e-01 -8.058702606039822580e-01 -1.687674949230534571e-01 1.062028971929529358e-01 5.575047985078602775e-01
1.403636702963555584e+18 1.822528960368916540e+00 4.721183164407366739e+00 -5.607571322610385156e-01 -7.993413651102898587e-01 -1.661826209038274882e-01 1.225054756466157219e-01 5.642952480481732147e-01
1.403636704663555584e+18 1.820052776032589303e+00 5.207665877156833822e+00 -6.760311063182655733e-01 -8.125590685658288237e-01 -1.905539074874739724e-01 1.051205429958984860e-01 5.407278796889758432e-01
1.403636705363555584e+18 1.670746839060082589e+00 5.567333048993477362e+00 -7.294323849245754054e-01 -8.072228056749737313e-01 -1.898791075660037353e-01 1.064285662273007360e-01 5.486439891213269471e-01
1.403636705863555584e+18 1.505242799647720453e+00 5.871433532573099079e+00 -7.737416738055375998e-01 -7.973815906179001489e-01 -1.701285129330559198e-01 1.372852437747213994e-01 5.624870219592358334e-01
1.403636706363555584e+18 1.309835058837531818e+00 6.314935317179028118e+00 -8.478832355514471786e-01 -7.966885112834026783e-01 -1.959736471320186746e-01 1.096654811234493987e-01 5.611196199285609643e-01
1.403636706963555584e+18 1.048345646880967763e+00 6.743989378427587056e+00 -8.197668158365056801e-01 -8.010058052740870460e-01 -1.850329858723994414e-01 1.019595711631955393e-01 5.601399288611491611e-01
1.403636708163555584e+18 3.348544259811823132e-01 7.658732975004142851e+00 -8.008778950917898598e-01 -7.968781182042611322e-01 -1.636224146218067943e-01 1.442213900150617900e-01 5.633943209002809649e-01
1.403636708863555584e+18 -2.912339513288575432e-02 8.272648946421599092e+00 -8.893042824376120592e-01 -7.918596188548390202e-01 -1.751466273903548865e-01 9.528654939903090371e-02 5.772369326753782337e-01
1.403636709863555584e+18 -5.322666883256852444e-01 8.569203442827198813e+00 -9.417254162449970600e-01 -7.914727920314228449e-01 -1.865834138898915251e-01 1.010409458462113164e-01 5.731912214939097749e-01
1.403636710463555584e+18 -9.169495502216387095e-01 8.668748382310754508e+00 -1.084836689097701701e+00 -7.767659294189540597e-01 -2.312088641872582229e-01 1.676114654263989867e-01 5.613230341548094415e-01
1.403636712163555584e+18 -1.579792892821609840e+00 8.402790496088735850e+00 -9.609651356663251320e-01 -7.433329677290353432e-01 -2.982619305321456693e-01 2.010565226025739227e-01 5.639788955283195904e-01
1.403636712663555584e+18 -1.640502307424102746e+00 8.118194450373630744e+00 -8.198842592951893771e-01 -7.310047128319469012e-01 -3.221667814954568554e-01 2.282762868288638336e-01 5.565344657700612707e-01
1.403636713363555584e+18 -1.563779815212780200e+00 7.540019710278179410e+00 -5.677217467892461400e-01 -7.484646309108339279e-01 -3.120596744939886369e-01 2.395664061753058904e-01 5.338795677514392990e-01
1.403636714463555584e+18 -1.286883067125871527e+00 6.993505791780306957e+00 -4.865073936838517632e-01 -7.571633532194500527e-01 -3.263670602984833358e-01 2.297639467104335698e-01 5.171041745003120971e-01
1.403636714863555584e+18 -1.163801699643916443e+00 6.816929297308277569e+00 -4.453026005998608206e-01 -7.211329284356333691e-01 -4.041912004770953359e-01 2.644177912723550405e-01 4.966689084706044088e-01
1.403636718463555584e+18 -3.324215008720265985e-02 5.634016812526317253e+00 -3.777366171446625565e-01 -5.825279837054646581e-01 -5.712284565992554741e-01 4.126507594531592660e-01 4.050661048446408397e-01
1.403636718863555584e+18 1.307404562302121320e-01 5.331933049298861249e+00 -4.687698611717148189e-01 -5.538933706375837041e-01 -5.861638131167140608e-01 4.201710725712816674e-01 4.160172928262826919e-01
1.403636721163555584e+18 7.980274789827146442e-01 4.720442057275193726e+00 -6.076577856831528734e-01 -6.175080576874621974e-01 -5.233441501744450219e-01 3.850955670730201730e-01 4.432788099942908677e-01
1.403636721663555584e+18 1.206905280552593940e+00 4.629535787040087058e+00 -6.362451061588150214e-01 -6.390239452305309653e-01 -5.010401295046739145e-01 3.505750321998082897e-01 4.665879690326898421e-01
1.403636723663555584e+18 1.725002780621733844e+00 4.330399562383629330e+00 -6.072661717114287150e-01 -6.932677792028640873e-01 -4.415113664577373087e-01 3.006292123359933788e-01 4.838073752000794925e-01
1.403636724463555584e+18 2.317967428274492647e+00 3.931635173623216239e+00 -8.639350593877082041e-02 -6.946137982133436806e-01 -4.185694485050865388e-01 2.784774543179067141e-01 5.145498960707290959e-01
1.403636728663555584e+18 2.639265608639536076e+00 3.507462065080719338e+00 2.102279723665769762e-01 -6.761314318749648278e-01 -4.429347249641978901e-01 3.080630718541867430e-01 5.017492003096389874e-01
1.403636734863555584e+18 4.295954224216531614e+00 1.270266319424950163e+00 5.730697963679483031e-01 -6.649357816084150441e-01 -4.704595487034166079e-01 3.309299613534142370e-01 4.764594211989218731e-01
1.403636736463555584e+18 4.405115939400666925e+00 8.335728159638666757e-01 6.254839977727082445e-01 -6.369872064646434628e-01 -5.128229335578877723e-01 3.568658535595432002e-01 4.515602951773666773e-01
1.403636739463555584e+18 4.462682681518533201e+00 9.027496950660593988e-01 5.877440842255120534e-01 -7.565926424737645650e-01 -3.007202152072267487e-01 1.980038420801022436e-01 5.458290978335650356e-01
1.403636741463555584e+18 4.624024900836729124e+00 1.068363472980928819e+00 -1.828925652721269390e-02 -7.682265884183838711e-01 -3.010503077526227589e-01 1.884541131021031102e-01 5.326177506467486555e-01
1.403636742863555584e+18 4.378738424491754877e+00 1.546864293978097216e+00 -5.319609270699646730e-01 -7.692016094784057678e-01 -2.513957572689841102e-01 1.817181749492147169e-01 5.586658769748794606e-01
1.403636749463555584e+18 3.738957510124453876e+00 1.949051486030147995e+00 -1.807974223661699131e-01 -7.724965769631845225e-01 -2.463360491095830662e-01 1.665971917076941589e-01 5.610819594358326112e-01
1.403636751663555584e+18 3.742157357488725467e+00 1.767284848022886434e+00 4.285081503332034414e-01 -7.639027443186926503e-01 -2.740604471216071536e-01 1.939478329733138329e-01 5.511149667998777035e-01
1.403636753163555584e+18 3.734644029028983514e+00 1.709322052931075753e+00 6.133139322347547218e-01 -6.594836854736858545e-01 -4.757734417396610738e-01 3.202190788406318878e-01 4.859841996152745036e-01
1.403636754463555584e+18 3.770783730933747524e+00 1.255658713624802303e+00 7.050505152286750121e-01 -6.234638876071242342e-01 -5.119602909512361855e-01 3.551113660793540627e-01 4.723191283657607875e-01
1.403636756963555584e+18 4.190191983090750583e+00 -2.017697979829062849e-01 8.458596356599559218e-01 -6.158620990911553017e-01 -5.228095509322174816e-01 3.710836030293342414e-01 4.579093883290192846e-01
1.403636757963555584e+18 4.409118165085350149e+00 -8.485506827374111882e-01 9.534697996154126720e-01 -6.015821413316855271e-01 -5.501313978615085531e-01 3.827518207218196244e-01 4.346900229495243018e-01
1.403636758363555584e+18 4.447709339264975803e+00 -1.124830247550594464e+00 9.778337500414273631e-01 -6.232032513312782962e-01 -5.511377235751974135e-01 3.829299212993525492e-01 4.015340490620246117e-01
1.403636758863555584e+18 4.423640601785842286e+00 -1.405001080024106397e+00 9.269472718935267697e-01 -6.110665259875086575e-01 -5.316855889865779172e-01 4.070728493487463240e-01 4.221372177440008699e-01
1.403636760163555584e+18 4.533368840971104596e+00 -1.535868455735062144e+00 7.111386757682004456e-01 -5.986232802504957151e-01 -5.493848177466533755e-01 3.867433912119866979e-01 4.361834931831615192e-01
1.403636761163555584e+18 4.597124690067602160e+00 -1.600263621986220075e+00 6.148623895633072989e-01 -6.116708448441458001e-01 -5.671299687348467788e-01 3.657875742531827012e-01 4.128217855836013306e-01
1.403636761463555584e+18 4.574550392522690245e+00 -1.643490972364620495e+00 6.035162042191072329e-01 -5.992775623480929292e-01 -5.551624882266603667e-01 3.818856607929201341e-01 4.322318324844497961e-01
1.403636761663555584e+18 4.554035851030397097e+00 -1.673605725563013680e+00 6.107424885230776646e-01 -6.032466421782648469e-01 -5.426149157957727009e-01 3.974339177371259413e-01 4.286126723379917181e-01
1.403636761963555584e+18 4.534637137488402026e+00 -1.709212593497257515e+00 6.416801366264534012e-01 -5.957406146209740516e-01 -5.631154957722757093e-01 3.635107127693538165e-01 4.425539743512473811e-01
1.403636762463555584e+18 4.512338901035551686e+00 -1.759959523881000854e+00 6.276865743889504801e-01 -6.196685416123209889e-01 -5.446070973944756588e-01 3.882602898603777497e-01 4.106920443850345936e-01
1.403636762663555584e+18 4.483531859515781370e+00 -1.780328794129606429e+00 5.773202400386791000e-01 -6.146219105760780677e-01 -5.323742009087729654e-01 4.054023354169281612e-01 4.176919483124580945e-01
