1.413393886005760670e+09 -0.000000000000000000e+00 -0.000000000000000000e+00 -0.000000000000000000e+00 -0.000000000000000000e+00 -0.000000000000000000e+00 -0.000000000000000000e+00 1.000000000000000000e+00
1.413393889705760717e+09 3.031436353921890259e-03 -3.801221959292888641e-03 -4.153278656303882599e-03 -2.957181073725223541e-02 6.001337431371212006e-03 -4.461015574634075165e-03 9.995346665382385254e-01
1.413393889805760622e+09 4.806936718523502350e-03 -1.306630577892065048e-02 -6.675595417618751526e-03 -3.819114714860916138e-02 1.035972405225038528e-02 -1.254297979176044464e-02 9.991380572319030762e-01
1.413393889905760527e+09 5.832800641655921936e-03 -3.031126782298088074e-02 -9.329495951533317566e-03 -4.141309484839439392e-02 1.522698812186717987e-02 -2.557001449167728424e-02 9.986988306045532227e-01
1.413393890005760670e+09 3.731739707291126251e-03 -5.625173076987266541e-02 -1.069064345210790634e-02 -3.186070546507835388e-02 2.010079473257064819e-02 -3.916041553020477295e-02 9.985225796699523926e-01
1.413393890205760717e+09 -9.472355246543884277e-03 -1.147899553179740906e-01 -1.047350186854600906e-02 -1.369788497686386108e-02 1.689202152192592621e-02 -2.418461628258228302e-02 9.994709491729736328e-01
1.413393890505760670e+09 -4.179973527789115906e-02 -1.497225463390350342e-01 9.561938233673572540e-03 2.773617859929800034e-03 1.132323127239942551e-02 -2.499270951375365257e-03 9.999289512634277344e-01
1.413393891205760717e+09 -1.238899603486061096e-01 -1.813471317291259766e-01 2.314120717346668243e-02 -7.626684848219156265e-03 1.248551625758409500e-02 -8.636799640953540802e-03 9.998557567596435547e-01
1.413393891405760527e+09 -1.502737700939178467e-01 -1.867922097444534302e-01 2.310713566839694977e-02 5.456284433603286743e-02 9.890683926641941071e-03 -6.202746182680130005e-03 9.984421133995056152e-01
1.413393891505760670e+09 -1.635286659002304077e-01 -1.813425868749618530e-01 1.865337602794170380e-02 1.077916473150253296e-01 7.012854795902967453e-03 -2.471984131261706352e-03 9.941457509994506836e-01
1.413393892005760670e+09 -2.292907834053039551e-01 -1.247323527932167053e-01 -1.761284321546554565e-01 5.747374892234802246e-02 9.161261841654777527e-03 -7.050521671772003174e-03 9.982801079750061035e-01
1.413393892105760574e+09 -2.418966144323348999e-01 -1.118379086256027222e-01 -2.424079477787017822e-01 1.616218686103820801e-02 1.025054790079593658e-02 -7.869197987020015717e-03 9.997859001159667969e-01
1.413393892205760717e+09 -2.558599412441253662e-01 -1.005058735609054565e-01 -3.139724731445312500e-01 -8.130722679197788239e-03 1.214639656245708466e-02 -9.481653571128845215e-03 9.998482465744018555e-01
1.413393892405760527e+09 -2.843026220798492432e-01 -7.122745364904403687e-02 -4.481177031993865967e-01 -2.495385147631168365e-02 1.651124283671379089e-02 -1.051576714962720871e-02 9.994969367980957031e-01
1.413393892605760574e+09 -3.313476741313934326e-01 -8.668267983011901379e-04 -6.196538209915161133e-01 -5.555355921387672424e-02 2.220187522470951080e-02 -1.120725926011800766e-02 9.981459975242614746e-01
1.413393892805760622e+09 -3.668859601020812988e-01 4.333081096410751343e-02 -7.099031209945678711e-01 -1.088046133518218994e-01 2.330791763961315155e-02 -1.315469574183225632e-02 9.937028884887695312e-01
1.413393893105760574e+09 -4.907656311988830566e-01 4.164934158325195312e-02 -7.487605214118957520e-01 -9.852034598588943481e-02 1.211185287684202194e-02 1.083253230899572372e-02 9.950023889541625977e-01
1.413393893705760717e+09 -5.541933774948120117e-01 -3.553519397974014282e-02 -6.118984222412109375e-01 -6.610470265150070190e-02 4.786556120961904526e-03 3.128543496131896973e-02 9.973106384277343750e-01
1.413393894005760670e+09 -5.680546164512634277e-01 -1.136499494314193726e-01 -4.626321196556091309e-01 -3.275160491466522217e-02 4.318744409829378128e-03 2.821435220539569855e-02 9.990559220314025879e-01
1.413393894405760527e+09 -5.513396263122558594e-01 -1.846212744712829590e-01 -2.350432276725769043e-01 -2.526072412729263306e-02 7.817262783646583557e-03 1.918165385723114014e-02 9.994663596153259277e-01
1.413393894805760622e+09 -5.057802200317382812e-01 -2.214804291725158691e-01 9.254569187760353088e-03 -2.763070166110992432e-03 7.197111379355192184e-03 8.994502015411853790e-03 9.999299049377441406e-01
1.413393895205760717e+09 -4.494268894195556641e-01 -2.692053616046905518e-01 2.301309257745742798e-01 5.986025556921958923e-03 5.451760254800319672e-03 2.864825306460261345e-03 9.999631047248840332e-01
1.413393895605760574e+09 -3.871115744113922119e-01 -2.907920777797698975e-01 4.281947016716003418e-01 1.664369180798530579e-02 5.167964100837707520e-02 1.291479449719190598e-02 9.984415173530578613e-01
1.413393895905760527e+09 -3.353226780891418457e-01 -3.116277754306793213e-01 5.437986850738525391e-01 1.398385409265756607e-02 1.545501798391342163e-01 3.551170602440834045e-02 9.872475266456604004e-01
1.413393896205760717e+09 -3.055285811424255371e-01 -3.273978233337402344e-01 6.044142842292785645e-01 2.751570194959640503e-02 2.398643195629119873e-01 5.175019055604934692e-02 9.690355658531188965e-01
1.413393896405760527e+09 -2.807973623275756836e-01 -3.572002351284027100e-01 6.598831415176391602e-01 3.935492038726806641e-02 3.540331423282623291e-01 1.262958049774169922e-01 9.258299469947814941e-01
1.413393896705760717e+09 -2.607637345790863037e-01 -3.800236284732818604e-01 6.693711280822753906e-01 1.897872425615787506e-02 4.455622136592864990e-01 2.194423824548721313e-01 8.677322864532470703e-01
1.413393897005760670e+09 -2.068927288055419922e-01 -3.773564398288726807e-01 6.436575055122375488e-01 -8.131296187639236450e-02 5.192698836326599121e-01 2.075269669294357300e-01 8.250330686569213867e-01
1.413393897305760622e+09 -7.859963178634643555e-02 -3.902356624603271484e-01 6.612053513526916504e-01 -3.571457415819168091e-02 5.510350465774536133e-01 1.397454440593719482e-01 8.219222426414489746e-01
1.413393897905760527e+09 5.989748239517211914e-02 -4.483484625816345215e-01 7.693435549736022949e-01 -4.125451669096946716e-02 5.812246203422546387e-01 1.272635459899902344e-01 8.026705384254455566e-01
1.413393898205760717e+09 1.041657328605651855e-01 -4.914327859878540039e-01 8.319690227508544922e-01 2.562444657087326050e-02 6.282716393470764160e-01 1.126450747251510620e-01 7.693694233894348145e-01
1.413393898405760527e+09 1.137835383415222168e-01 -5.401408076286315918e-01 9.017805457115173340e-01 1.155308932065963745e-01 6.448451280593872070e-01 1.203106716275215149e-01 7.458906173706054688e-01
1.413393898605760574e+09 8.014768362045288086e-02 -5.592846870422363281e-01 9.625740051269531250e-01 7.000472396612167358e-02 6.243756413459777832e-01 2.160799056291580200e-01 7.473713755607604980e-01
1.413393898805760622e+09 3.224277496337890625e-02 -5.606912970542907715e-01 1.002647519111633301e+00 -3.908326476812362671e-02 5.981931686401367188e-01 3.106563985347747803e-01 7.376517653465270996e-01
1.413393899005760670e+09 7.946228981018066406e-02 -6.090480685234069824e-01 1.020459175109863281e+00 -1.141224708408117294e-02 6.554974913597106934e-01 1.718382239341735840e-01 7.352988719940185547e-01
1.413393899405760527e+09 1.181364655494689941e-01 -6.590397953987121582e-01 1.032789826393127441e+00 1.173660680651664734e-01 6.668596863746643066e-01 8.803217113018035889e-02 7.305982112884521484e-01
1.413393899605760574e+09 7.884800434112548828e-03 -7.035846710205078125e-01 1.025704383850097656e+00 7.516466826200485229e-02 6.000918149948120117e-01 2.393135875463485718e-01 7.595848441123962402e-01
1.413393900005760670e+09 -8.292126655578613281e-02 -6.945108175277709961e-01 9.905343651771545410e-01 -3.975327312946319580e-02 5.687426924705505371e-01 3.445641994476318359e-01 7.458062171936035156e-01
1.413393900205760717e+09 -1.265888214111328125e-01 -6.686198115348815918e-01 9.282919764518737793e-01 -1.082733646035194397e-01 5.871732831001281738e-01 3.213644027709960938e-01 7.350029945373535156e-01
1.413393900405760527e+09 -1.108510494232177734e-01 -6.394451260566711426e-01 8.655405044555664062e-01 -8.115650713443756104e-02 6.319356560707092285e-01 2.186229974031448364e-01 7.391042113304138184e-01
1.413393900605760574e+09 -7.828301191329956055e-02 -6.078944802284240723e-01 8.236418962478637695e-01 3.302041441202163696e-02 6.634523272514343262e-01 1.171365007758140564e-01 7.382544875144958496e-01
1.413393900805760622e+09 -1.263168454170227051e-01 -5.219694972038269043e-01 7.662051320075988770e-01 4.276787117123603821e-02 6.302968859672546387e-01 2.102894186973571777e-01 7.461066842079162598e-01
1.413393901205760717e+09 -1.840123534202575684e-01 -4.812690317630767822e-01 7.216597795486450195e-01 -6.977161765098571777e-02 6.141604185104370117e-01 2.599356174468994141e-01 7.418709397315979004e-01
1.413393901405760527e+09 -2.015044093132019043e-01 -4.441049098968505859e-01 6.573289632797241211e-01 -1.303003281354904175e-01 6.125375628471374512e-01 2.631355822086334229e-01 7.338795661926269531e-01
1.413393901705760717e+09 -1.202352046966552734e-01 -4.437410533428192139e-01 6.292092800140380859e-01 -5.457931756973266602e-02 6.437283158302307129e-01 1.770903915166854858e-01 7.424783110618591309e-01
1.413393902205760717e+09 4.493713378906250000e-02 -4.741247892379760742e-01 6.701819300651550293e-01 -4.211884737014770508e-02 6.473625898361206055e-01 1.796677559614181519e-01 7.395046949386596680e-01
1.413393902605760574e+09 1.759127378463745117e-01 -5.169150233268737793e-01 7.617319822311401367e-01 -3.583458065986633301e-02 6.466675996780395508e-01 1.863869130611419678e-01 7.387806177139282227e-01
1.413393903005760670e+09 3.161231279373168945e-01 -6.138210296630859375e-01 8.678860664367675781e-01 -1.740736886858940125e-02 6.342475414276123047e-01 2.372084259986877441e-01 7.356353402137756348e-01
1.413393903305760622e+09 4.492637515068054199e-01 -6.619293689727783203e-01 9.293801188468933105e-01 -5.197918973863124847e-03 6.781811714172363281e-01 2.240242809057235718e-01 6.998975276947021484e-01
1.413393903605760574e+09 6.158505678176879883e-01 -6.700631976127624512e-01 1.003537416458129883e+00 5.479296296834945679e-02 7.411085367202758789e-01 2.602563500404357910e-01 6.164596676826477051e-01
1.413393904305760622e+09 7.826795578002929688e-01 -6.772036552429199219e-01 9.492530226707458496e-01 1.177908666431903839e-02 7.747934460639953613e-01 2.620319426059722900e-01 5.752352476119995117e-01
1.413393904705760717e+09 8.401995897293090820e-01 -6.775226593017578125e-01 8.738150596618652344e-01 -6.430765986442565918e-02 8.096323013305664062e-01 2.850952148437500000e-01 5.089998245239257812e-01
1.413393905005760670e+09 9.334548711776733398e-01 -6.576210856437683105e-01 8.127217888832092285e-01 -3.380014747381210327e-02 8.663785457611083984e-01 2.545876502990722656e-01 4.282884895801544189e-01
1.413393905305760622e+09 1.033832669258117676e+00 -6.155854463577270508e-01 7.842484116554260254e-01 -1.556587871164083481e-03 9.000546932220458984e-01 2.714162170886993408e-01 3.409287929534912109e-01
1.413393905605760574e+09 1.136072993278503418e+00 -5.832697153091430664e-01 7.489774823188781738e-01 5.877712741494178772e-02 9.181472063064575195e-01 3.242496252059936523e-01 2.200298756361007690e-01
1.413393906005760670e+09 1.166283369064331055e+00 -5.614169836044311523e-01 6.881299614906311035e-01 1.155565865337848663e-02 9.317002296447753906e-01 3.334934115409851074e-01 1.434690505266189575e-01
1.413393906305760622e+09 1.189608812332153320e+00 -4.849160909652709961e-01 5.975127220153808594e-01 -1.139824185520410538e-02 9.552736282348632812e-01 2.857867777347564697e-01 7.515480369329452515e-02
1.413393906805760622e+09 1.183386921882629395e+00 -3.205378055572509766e-01 5.371147394180297852e-01 -3.740842640399932861e-02 9.581475853919982910e-01 2.815509438514709473e-01 3.581713512539863586e-02
1.413393907805760622e+09 1.228777170181274414e+00 -1.995501667261123657e-01 6.028411984443664551e-01 -1.404565386474132538e-02 9.561946392059326172e-01 2.910178303718566895e-01 2.834084816277027130e-02
1.413393908705760717e+09 1.234149098396301270e+00 -2.326991856098175049e-01 7.471414208412170410e-01 -1.914605498313903809e-02 9.558823704719543457e-01 2.929669320583343506e-01 9.632988832890987396e-03
1.413393909605760574e+09 1.213767290115356445e+00 -2.641971111297607422e-01 8.701723217964172363e-01 -2.717816457152366638e-02 9.460335969924926758e-01 3.228445947170257568e-01 -7.285817526280879974e-03
1.413393909805760622e+09 1.226135253906250000e+00 -2.283293008804321289e-01 9.464234113693237305e-01 -2.710571512579917908e-02 9.287680983543395996e-01 3.688779771327972412e-01 -2.417042851448059082e-02
1.413393910205760717e+09 1.296156764030456543e+00 -1.810556054115295410e-01 8.729569911956787109e-01 2.278284169733524323e-02 9.094915390014648438e-01 4.132911264896392822e-01 -3.868661820888519287e-02
1.413393910705760717e+09 1.309517860412597656e+00 -1.480885148048400879e-01 7.763909697532653809e-01 2.727741934359073639e-02 9.230422377586364746e-01 3.829281032085418701e-01 -2.480206266045570374e-02
1.413393910905760527e+09 1.312496900558471680e+00 -9.180650115013122559e-02 6.629327535629272461e-01 1.418430358171463013e-02 9.396876096725463867e-01 3.417343199253082275e-01 -1.915533794090151787e-03
1.413393911105760574e+09 1.308057785034179688e+00 1.321975886821746826e-02 4.868189692497253418e-01 4.285801202058792114e-03 9.513866901397705078e-01 3.064366877079010010e-01 3.068577498197555542e-02
1.413393911405760527e+09 1.301644444465637207e+00 7.625997811555862427e-02 3.732438385486602783e-01 -9.029312059283256531e-03 9.625177383422851562e-01 2.690418958663940430e-01 3.308460116386413574e-02
1.413393911605760574e+09 1.299420237541198730e+00 1.206959784030914307e-01 2.277415692806243896e-01 -1.905457302927970886e-02 9.626306891441345215e-01 2.692677676677703857e-01 2.177067287266254425e-02
1.413393912005760670e+09 1.310203671455383301e+00 8.632183074951171875e-02 4.863174632191658020e-02 3.916574269533157349e-02 9.198689460754394531e-01 3.902378678321838379e-01 4.660758189857006073e-03
1.413393912405760527e+09 1.300150156021118164e+00 6.454767286777496338e-02 -7.814255356788635254e-02 3.971026837825775146e-02 9.202340841293334961e-01 3.893343806266784668e-01 -3.329360624775290489e-03
1.413393912505760670e+09 1.289867997169494629e+00 5.486780032515525818e-02 -1.538147330284118652e-01 3.630501031875610352e-02 9.323648214340209961e-01 3.596446514129638672e-01 -5.799575708806514740e-03
1.413393912605760574e+09 1.264434576034545898e+00 5.265244096517562866e-02 -3.098863065242767334e-01 2.634279057383537292e-02 9.484256505966186523e-01 3.158665299415588379e-01 -4.817388020455837250e-03
1.413393912805760622e+09 1.229151129722595215e+00 7.170489430427551270e-02 -4.576926827430725098e-01 8.969576098024845123e-03 9.569438099861145020e-01 2.898991703987121582e-01 -1.168854348361492157e-02
1.413393913005760670e+09 1.188325762748718262e+00 1.056162193417549133e-01 -5.923105478286743164e-01 2.317932993173599243e-02 9.571755528450012207e-01 2.842647731304168701e-01 -4.971174523234367371e-02
1.413393913205760717e+09 1.139976620674133301e+00 1.475701332092285156e-01 -7.124436497688293457e-01 5.251289904117584229e-02 9.556496739387512207e-01 2.676182389259338379e-01 -1.111599951982498169e-01
1.413393913405760527e+09 1.074172019958496094e+00 1.940283626317977905e-01 -8.103055357933044434e-01 7.269642502069473267e-02 9.444336295127868652e-01 2.604301273822784424e-01 -1.869132816791534424e-01
1.413393913605760574e+09 9.853405952453613281e-01 2.221297025680541992e-01 -8.860005140304565430e-01 6.057388335466384888e-02 9.325745701789855957e-01 2.309979647397994995e-01 -2.706945836544036865e-01
1.413393913805760622e+09 8.868918418884277344e-01 2.294529080390930176e-01 -9.320754408836364746e-01 4.860275238752365112e-02 9.119006395339965820e-01 2.092862278223037720e-01 -3.496773838996887207e-01
1.413393914005760670e+09 7.858618497848510742e-01 2.204824537038803101e-01 -9.428527355194091797e-01 1.344757433980703354e-02 8.824540376663208008e-01 2.001618444919586182e-01 -4.254754185676574707e-01
1.413393914205760717e+09 6.957950592041015625e-01 2.002541273832321167e-01 -9.287214279174804688e-01 -1.082718651741743088e-02 8.327989578247070312e-01 2.356405854225158691e-01 -5.008014440536499023e-01
1.413393914405760527e+09 6.206618547439575195e-01 1.699191033840179443e-01 -9.094911217689514160e-01 -4.009880649391561747e-04 7.866705060005187988e-01 2.454853802919387817e-01 -5.664682984352111816e-01
1.413393914605760574e+09 5.165306925773620605e-01 1.154200136661529541e-01 -8.748625516891479492e-01 3.084871731698513031e-02 7.328413724899291992e-01 2.148139923810958862e-01 -6.448619365692138672e-01
1.413393914905760527e+09 3.748688995838165283e-01 3.999443352222442627e-02 -7.995929121971130371e-01 3.091989643871784210e-02 6.720399260520935059e-01 2.496475577354431152e-01 -6.964786052703857422e-01
1.413393915405760527e+09 1.568792462348937988e-01 -1.452697534114122391e-02 -7.215082645416259766e-01 -2.779961563646793365e-02 7.052030563354492188e-01 2.531178891658782959e-01 -6.617001891136169434e-01
1.413393916005760670e+09 -3.962874412536621094e-02 -4.255980998277664185e-02 -7.292958498001098633e-01 -5.642807483673095703e-02 7.178213000297546387e-01 2.597327828407287598e-01 -6.434961557388305664e-01
1.413393916405760527e+09 -1.562258601188659668e-01 -5.619991198182106018e-02 -8.009257316589355469e-01 -1.112554781138896942e-02 6.634120941162109375e-01 2.235484868288040161e-01 -7.139934897422790527e-01
1.413393916705760717e+09 -2.338089346885681152e-01 -7.006233930587768555e-02 -8.593278527259826660e-01 8.831311017274856567e-03 5.628254413604736328e-01 1.967284083366394043e-01 -8.027747869491577148e-01
1.413393917005760670e+09 -3.089503943920135498e-01 -9.155547618865966797e-02 -9.160039424896240234e-01 1.493238937109708786e-02 4.619484543800354004e-01 1.127920225262641907e-01 -8.795787096023559570e-01
1.413393917305760622e+09 -3.585132062435150146e-01 -1.100602447986602783e-01 -9.440793991088867188e-01 4.304402321577072144e-02 3.387513756752014160e-01 6.992164999246597290e-02 -9.372863769531250000e-01
1.413393917605760574e+09 -3.815131783485412598e-01 -1.081227809190750122e-01 -9.273951053619384766e-01 3.754081577062606812e-02 1.834059059619903564e-01 4.631108790636062622e-02 -9.812279343605041504e-01
1.413393917905760527e+09 -3.867029249668121338e-01 -1.118212565779685974e-01 -8.860681653022766113e-01 1.781298965215682983e-02 4.394648596644401550e-02 -1.902212761342525482e-02 -9.986938834190368652e-01
1.413393918205760717e+09 -3.605758845806121826e-01 -1.276449859142303467e-01 -8.416859507560729980e-01 2.770598791539669037e-02 -8.489046245813369751e-02 -8.106445521116256714e-02 -9.927006959915161133e-01
1.413393918505760670e+09 -3.164237141609191895e-01 -1.442903429269790649e-01 -8.090515732765197754e-01 2.823786996304988861e-02 -1.791748255491256714e-01 -1.154127269983291626e-01 -9.766160845756530762e-01
1.413393918705760717e+09 -2.486706078052520752e-01 -1.630603969097137451e-01 -7.759419679641723633e-01 4.107424989342689514e-03 -2.847781181335449219e-01 -1.548217087984085083e-01 -9.459993839263916016e-01
1.413393918905760527e+09 -1.573328226804733276e-01 -1.810058057308197021e-01 -7.574600577354431152e-01 -3.555939346551895142e-02 -4.039172828197479248e-01 -1.815920323133468628e-01 -8.958854079246520996e-01
1.413393919105760574e+09 -6.268730759620666504e-02 -1.922269761562347412e-01 -7.613434791564941406e-01 -5.662935972213745117e-02 -5.218633413314819336e-01 -1.912110596895217896e-01 -8.293914794921875000e-01
1.413393919305760622e+09 1.898550987243652344e-02 -1.951235830783843994e-01 -7.873370051383972168e-01 -9.643333405256271362e-02 -6.155549883842468262e-01 -2.009277790784835815e-01 -7.559238076210021973e-01
1.413393919505760670e+09 7.680654525756835938e-02 -1.711491495370864868e-01 -8.319169282913208008e-01 -1.085261255502700806e-01 -6.679226756095886230e-01 -2.349968403577804565e-01 -6.977663636207580566e-01
1.413393919705760717e+09 1.111547350883483887e-01 -8.742733299732208252e-02 -9.339666962623596191e-01 -8.050305396318435669e-02 -7.285702228546142578e-01 -1.911893934011459351e-01 -6.528027057647705078e-01
1.413393920005760670e+09 8.174014091491699219e-02 3.319203853607177734e-02 -1.035728216171264648e+00 -3.491589426994323730e-02 -7.339332699775695801e-01 -1.819776296615600586e-01 -6.534577608108520508e-01
1.413393920405760527e+09 2.599358558654785156e-03 1.568879485130310059e-01 -1.122406721115112305e+00 -3.579616779461503029e-03 -7.207577824592590332e-01 -2.032053023576736450e-01 -6.627240180969238281e-01
1.413393920705760717e+09 -1.245322227478027344e-01 2.901032269001007080e-01 -1.213923096656799316e+00 2.570916153490543365e-02 -7.095685601234436035e-01 -2.126848101615905762e-01 -6.712799072265625000e-01
1.413393921005760670e+09 -1.818515062332153320e-01 3.499015569686889648e-01 -1.246997237205505371e+00 5.937404558062553406e-02 -7.001355886459350586e-01 -2.341367155313491821e-01 -6.719112992286682129e-01
1.413393921305760622e+09 -2.298282384872436523e-01 4.665090143680572510e-01 -1.296546339988708496e+00 3.073893673717975616e-02 -7.083641886711120605e-01 -2.145076096057891846e-01 -6.717603206634521484e-01
1.413393922205760717e+09 -2.190823554992675781e-01 5.865165591239929199e-01 -1.267137289047241211e+00 2.846438810229301453e-02 -7.144850492477416992e-01 -2.151794284582138062e-01 -6.651306748390197754e-01
1.413393922305760622e+09 -2.167322635650634766e-01 6.335647106170654297e-01 -1.241048932075500488e+00 6.658254563808441162e-02 -7.019926905632019043e-01 -2.603981196880340576e-01 -6.595194935798645020e-01
1.413393922605760574e+09 -1.416059732437133789e-01 7.001037001609802246e-01 -1.203047156333923340e+00 4.221708979457616806e-03 -7.007981538772583008e-01 -2.771703302860260010e-01 -6.572981476783752441e-01
1.413393923005760670e+09 2.467751502990722656e-03 7.362766265869140625e-01 -1.223631501197814941e+00 7.359469681978225708e-02 -7.049832344055175781e-01 -2.632766962051391602e-01 -6.544218659400939941e-01
1.413393923305760622e+09 1.128817796707153320e-01 7.266266942024230957e-01 -1.240592837333679199e+00 3.552470728754997253e-02 -7.017141580581665039e-01 -2.714250385761260986e-01 -6.577718257904052734e-01
1.413393923505760670e+09 2.352752685546875000e-01 7.155667543411254883e-01 -1.261584043502807617e+00 -1.572543568909168243e-02 -6.677924990653991699e-01 -2.670763731002807617e-01 -6.946050524711608887e-01
1.413393923705760717e+09 3.578801155090332031e-01 7.128929495811462402e-01 -1.296252369880676270e+00 9.823156520724296570e-03 -6.130410432815551758e-01 -2.218644917011260986e-01 -7.581955194473266602e-01
1.413393923905760527e+09 4.806965589523315430e-01 7.119723558425903320e-01 -1.337924599647521973e+00 3.422222286462783813e-02 -5.420894026756286621e-01 -1.903615742921829224e-01 -8.177593946456909180e-01
1.413393924105760574e+09 6.089264154434204102e-01 7.108630537986755371e-01 -1.378812432289123535e+00 6.034874171018600464e-02 -4.827124476432800293e-01 -1.437965035438537598e-01 -8.617826700210571289e-01
1.413393924305760622e+09 7.384920716285705566e-01 7.040153741836547852e-01 -1.403850793838500977e+00 8.434196561574935913e-02 -4.472193717956542969e-01 -6.093665212392807007e-02 -8.883513212203979492e-01
1.413393924505760670e+09 8.521555662155151367e-01 6.795314550399780273e-01 -1.395209193229675293e+00 9.250792115926742554e-02 -4.351960420608520508e-01 -8.327003229169349652e-07 -8.955706357955932617e-01
1.413393924705760717e+09 9.272406101226806641e-01 6.224020123481750488e-01 -1.342235922813415527e+00 7.010136544704437256e-02 -4.401776790618896484e-01 3.926537930965423584e-02 -8.943085074424743652e-01
1.413393924905760527e+09 9.431208372116088867e-01 5.193622112274169922e-01 -1.249193906784057617e+00 5.042666196823120117e-02 -4.294814467430114746e-01 -4.088535532355308533e-02 -9.007393121719360352e-01
1.413393925105760574e+09 9.375128149986267090e-01 4.552414417266845703e-01 -1.193957328796386719e+00 4.252570495009422302e-02 -4.133181273937225342e-01 -8.443570137023925781e-02 -9.056656956672668457e-01
1.413393925205760717e+09 9.281203150749206543e-01 3.867947161197662354e-01 -1.136463046073913574e+00 3.831664100289344788e-02 -3.870789706707000732e-01 -1.246455758810043335e-01 -9.127787947654724121e-01
1.413393925305760622e+09 9.200375080108642578e-01 3.167831301689147949e-01 -1.077795147895812988e+00 3.926728665828704834e-02 -3.542748093605041504e-01 -1.539627909660339355e-01 -9.215438365936279297e-01
1.413393925405760527e+09 9.162278175354003906e-01 2.483096569776535034e-01 -1.019487380981445312e+00 4.157092794775962830e-02 -3.319001495838165283e-01 -1.530540138483047485e-01 -9.298864006996154785e-01
1.413393925505760670e+09 9.191169738769531250e-01 1.796920001506805420e-01 -9.609764218330383301e-01 3.666917234659194946e-02 -3.196144104003906250e-01 -1.399001628160476685e-01 -9.364454150199890137e-01
1.413393925605760574e+09 9.382665157318115234e-01 5.266562104225158691e-02 -8.419753909111022949e-01 2.893294021487236023e-02 -3.042294085025787354e-01 -1.246347278356552124e-01 -9.439669251441955566e-01
1.413393925805760622e+09 9.677468538284301758e-01 -2.620585262775421143e-02 -7.104758620262145996e-01 1.704813167452812195e-02 -3.017745316028594971e-01 -1.094742938876152039e-01 -9.469197392463684082e-01
1.413393926005760670e+09 1.000664591789245605e+00 -7.025803625583648682e-02 -5.724717974662780762e-01 -2.247893810272216797e-02 -3.039413988590240479e-01 -9.976907819509506226e-02 -9.471855759620666504e-01
1.413393926205760717e+09 1.046972036361694336e+00 -1.239970922470092773e-01 -3.928760588169097900e-01 -1.956647448241710663e-02 -3.011933863162994385e-01 -1.130800172686576843e-01 -9.466323256492614746e-01
1.413393926605760574e+09 1.090139150619506836e+00 -1.582987010478973389e-01 -2.465495318174362183e-01 -2.857242338359355927e-02 -2.759676277637481689e-01 -8.393958956003189087e-02 -9.570682644844055176e-01
1.413393926805760622e+09 1.123871088027954102e+00 -1.954389363527297974e-01 -1.378557085990905762e-01 4.874455917160958052e-04 -2.099837660789489746e-01 -6.805141270160675049e-02 -9.753335714340209961e-01
1.413393927105760574e+09 1.165231347084045410e+00 -2.785018682479858398e-01 -5.983671545982360840e-02 3.588990867137908936e-02 -1.568427532911300659e-01 -9.714781492948532104e-02 -9.821785092353820801e-01
1.413393927505760670e+09 1.241851925849914551e+00 -3.707754313945770264e-01 2.771070785820484161e-02 4.646651819348335266e-02 -1.420426070690155029e-01 -1.805445365607738495e-02 -9.886044263839721680e-01
1.413393927705760717e+09 1.291546344757080078e+00 -4.409696161746978760e-01 9.933741390705108643e-02 1.871538907289505005e-02 -1.281348019838333130e-01 5.051155388355255127e-02 -9.902928471565246582e-01
1.413393927905760527e+09 1.310478806495666504e+00 -5.184274911880493164e-01 1.724840849637985229e-01 -4.262599628418684006e-03 -1.182897016406059265e-01 7.161990553140640259e-02 -9.903838038444519043e-01
1.413393928205760717e+09 1.242490172386169434e+00 -6.355076432228088379e-01 3.167647421360015869e-01 -1.283755619078874588e-02 -1.028975769877433777e-01 2.284812554717063904e-02 -9.943467378616333008e-01
1.413393928505760670e+09 1.175725698471069336e+00 -6.714204549789428711e-01 3.859137892723083496e-01 -3.665350005030632019e-02 -9.219126403331756592e-02 -2.328453771770000458e-02 -9.947940707206726074e-01
1.413393928805760622e+09 9.651401638984680176e-01 -7.357457876205444336e-01 4.924522638320922852e-01 -3.169724345207214355e-02 -1.785157471895217896e-01 3.453428158536553383e-03 -9.834203720092773438e-01
1.413393929405760527e+09 7.749483585357666016e-01 -7.759432196617126465e-01 4.894168078899383545e-01 -7.516372133977711201e-04 -3.043747246265411377e-01 -7.394745945930480957e-02 -9.496774077415466309e-01
1.413393929705760717e+09 6.185776591300964355e-01 -8.138828277587890625e-01 4.812908172607421875e-01 -2.182495547458529472e-03 -4.038459062576293945e-01 -1.373481601476669312e-01 -9.044552445411682129e-01
1.413393930005760670e+09 4.767902791500091553e-01 -8.387368917465209961e-01 4.572270810604095459e-01 -2.080314420163631439e-02 -4.694604277610778809e-01 -2.021617591381072998e-01 -8.592466711997985840e-01
1.413393930405760527e+09 2.850762009620666504e-01 -7.640163302421569824e-01 4.143536090850830078e-01 -3.125522285699844360e-03 -5.051395893096923828e-01 -1.641092598438262939e-01 -8.472853899002075195e-01
1.413393930905760527e+09 1.460248827934265137e-01 -6.347768306732177734e-01 3.808225989341735840e-01 -1.482914015650749207e-02 -4.895592033863067627e-01 -1.649778932332992554e-01 -8.560924530029296875e-01
1.413393931305760622e+09 2.307814359664916992e-02 -5.609872341156005859e-01 3.005275726318359375e-01 -8.854952640831470490e-03 -4.709410965442657471e-01 -1.936931908130645752e-01 -8.605921864509582520e-01
1.413393931705760717e+09 -4.844553768634796143e-02 -4.253071546554565430e-01 2.077143490314483643e-01 -8.241522125899791718e-03 -4.635826945304870605e-01 -1.951713860034942627e-01 -8.642519116401672363e-01
1.413393932105760574e+09 -5.797873437404632568e-02 -2.864666879177093506e-01 7.840450108051300049e-02 2.040726691484451294e-02 -4.729373455047607422e-01 -1.586428433656692505e-01 -8.664561510086059570e-01
1.413393932505760670e+09 -3.269650414586067200e-02 -1.811938285827636719e-01 -4.098857566714286804e-02 2.697806619107723236e-02 -4.869176447391510010e-01 -1.348081529140472412e-01 -8.625602722167968750e-01
1.413393932905760527e+09 -9.828988462686538696e-03 -1.186377778649330139e-01 -1.212604939937591553e-01 -1.168341096490621567e-02 -5.001952648162841797e-01 -1.064611673355102539e-01 -8.592637777328491211e-01
1.413393933505760670e+09 -7.332598417997360229e-02 -6.792431324720382690e-02 -2.466893792152404785e-01 -2.541503123939037323e-02 -4.697923362255096436e-01 -1.958652883768081665e-01 -8.603987097740173340e-01
1.413393933905760527e+09 -1.097548231482505798e-01 1.232780143618583679e-02 -3.740179538726806641e-01 -1.211571414023637772e-02 -4.932616353034973145e-01 -1.280760765075683594e-01 -8.603154420852661133e-01
1.413393934405760527e+09 -1.900398135185241699e-01 8.068221807479858398e-02 -5.325758457183837891e-01 -7.189326453953981400e-03 -4.696781635284423828e-01 -1.767141520977020264e-01 -8.649409413337707520e-01
1.413393934805760622e+09 -2.283796072006225586e-01 1.749354600906372070e-01 -6.248168945312500000e-01 -1.130796596407890320e-02 -4.303236901760101318e-01 -2.243948280811309814e-01 -8.742657303810119629e-01
1.413393935005760670e+09 -2.320141196250915527e-01 2.638865709304809570e-01 -6.939688920974731445e-01 4.111700505018234253e-02 -3.895547688007354736e-01 -1.689580529928207397e-01 -9.044389128684997559e-01
1.413393935205760717e+09 -2.160524725914001465e-01 3.359879255294799805e-01 -7.601025700569152832e-01 6.792363524436950684e-02 -3.222651779651641846e-01 -1.125633195042610168e-01 -9.374758601188659668e-01
1.413393935405760527e+09 -1.873670667409896851e-01 3.688713312149047852e-01 -8.111973404884338379e-01 6.453106552362442017e-02 -2.466177046298980713e-01 -6.857488304376602173e-02 -9.645273089408874512e-01
1.413393935605760574e+09 -1.416080743074417114e-01 3.524293601512908936e-01 -8.434752225875854492e-01 5.487967282533645630e-02 -1.184083968400955200e-01 4.249594733119010925e-02 -9.905360937118530273e-01
1.413393936105760574e+09 -1.703856140375137329e-01 3.229185044765472412e-01 -8.198950290679931641e-01 3.696291148662567139e-02 -2.544600702822208405e-02 2.409317065030336380e-03 -9.989897608757019043e-01
1.413393936305760622e+09 -1.985063552856445312e-01 2.905244231224060059e-01 -7.877002358436584473e-01 3.541516140103340149e-02 7.710730284452438354e-02 -9.858815930783748627e-03 -9.963448047637939453e-01
1.413393936505760670e+09 -2.143594473600387573e-01 2.540489733219146729e-01 -7.466326355934143066e-01 1.387640461325645447e-02 1.622308343648910522e-01 2.884234488010406494e-02 -9.862336516380310059e-01
1.413393936705760717e+09 -2.180938869714736938e-01 2.124433368444442749e-01 -7.036452293395996094e-01 -2.377703785896301270e-02 2.322121113538742065e-01 6.069185584783554077e-02 -9.704785943031311035e-01
1.413393936905760527e+09 -2.059242576360702515e-01 1.525930464267730713e-01 -6.639981269836425781e-01 -5.401773378252983093e-02 3.318486809730529785e-01 1.137080639600753784e-01 -9.348952174186706543e-01
1.413393937205760717e+09 -1.763773262500762939e-01 9.642475098371505737e-02 -6.766416430473327637e-01 -5.831661820411682129e-02 4.260187149047851562e-01 1.461504101753234863e-01 -8.909250497817993164e-01
1.413393937605760574e+09 -7.606172561645507812e-02 8.260900527238845825e-02 -7.973153591156005859e-01 -5.418154597282409668e-02 4.819631874561309814e-01 1.973625868558883667e-01 -8.519529700279235840e-01
1.413393938505760670e+09 -6.386995315551757812e-02 8.596088737249374390e-02 -8.983655571937561035e-01 -1.327839307487010956e-02 5.626980066299438477e-01 1.674644500017166138e-01 -8.094135522842407227e-01
1.413393938805760622e+09 -2.992057800292968750e-02 1.216532140970230103e-01 -9.915590286254882812e-01 -2.106676623225212097e-02 6.227111220359802246e-01 1.818553656339645386e-01 -7.607337236404418945e-01
1.413393939105760574e+09 3.766882419586181641e-02 1.460862904787063599e-01 -1.084837198257446289e+00 -3.004162572324275970e-02 6.678353548049926758e-01 1.965511441230773926e-01 -7.172594666481018066e-01
1.413393939405760527e+09 9.880971908569335938e-02 1.739859879016876221e-01 -1.141266107559204102e+00 7.360810786485671997e-02 6.543077230453491211e-01 2.647803127765655518e-01 -7.045243978500366211e-01
1.413393939605760574e+09 1.303769350051879883e-01 2.106290757656097412e-01 -1.184584498405456543e+00 1.484086513519287109e-01 6.323106884956359863e-01 3.014681041240692139e-01 -6.980508565902709961e-01
1.413393939905760527e+09 7.083880901336669922e-02 2.536867558956146240e-01 -1.224853157997131348e+00 -6.122131366282701492e-03 6.683997511863708496e-01 1.945229768753051758e-01 -7.178893685340881348e-01
1.413393940105760574e+09 3.202807903289794922e-02 2.669117450714111328e-01 -1.252318263053894043e+00 -8.509740233421325684e-02 6.914067268371582031e-01 8.743312954902648926e-02 -7.120888829231262207e-01
1.413393940405760527e+09 8.292949199676513672e-02 2.843889892101287842e-01 -1.263901114463806152e+00 2.070171944797039032e-02 6.656059026718139648e-01 1.932195276021957397e-01 -7.205598950386047363e-01
1.413393940605760574e+09 1.335403919219970703e-01 2.812981903553009033e-01 -1.263178229331970215e+00 1.377876847982406616e-01 6.319884657859802246e-01 2.550542950630187988e-01 -7.187158465385437012e-01
1.413393940905760527e+09 1.164556741714477539e-01 2.366922646760940552e-01 -1.217220664024353027e+00 5.893818289041519165e-02 6.457280516624450684e-01 2.005730122327804565e-01 -7.343922853469848633e-01
1.413393941105760574e+09 8.425462245941162109e-02 1.891203820705413818e-01 -1.167612910270690918e+00 -5.460404977202415466e-02 6.689643859863281250e-01 1.255530565977096558e-01 -7.305761575698852539e-01
1.413393941405760527e+09 1.033848524093627930e-01 1.336035430431365967e-01 -1.077640414237976074e+00 1.986972056329250336e-02 6.567211747169494629e-01 2.083804458379745483e-01 -7.245000004768371582e-01
1.413393941605760574e+09 1.247276067733764648e-01 9.527119994163513184e-02 -1.013279080390930176e+00 9.291527420282363892e-02 6.332321763038635254e-01 2.779986560344696045e-01 -7.163103818893432617e-01
1.413393941905760527e+09 7.879406213760375977e-02 4.626904428005218506e-02 -9.052583575248718262e-01 4.873760044574737549e-02 6.343811750411987305e-01 2.475361973047256470e-01 -7.306922078132629395e-01
1.413393942105760574e+09 1.970762014389038086e-02 1.118251681327819824e-02 -8.346899747848510742e-01 -5.838772282004356384e-02 6.544040441513061523e-01 1.572728902101516724e-01 -7.373001575469970703e-01
1.413393942305760622e+09 8.596479892730712891e-03 -4.989750310778617859e-02 -7.181446552276611328e-01 -2.231761813163757324e-02 6.372223496437072754e-01 2.052257955074310303e-01 -7.425173521041870117e-01
1.413393942705760717e+09 3.592714667320251465e-02 -6.404784321784973145e-02 -6.682016253471374512e-01 5.738060921430587769e-02 6.143516898155212402e-01 2.736563384532928467e-01 -7.378290295600891113e-01
1.413393942905760527e+09 -1.044079661369323730e-02 -6.720374524593353271e-02 -5.758354663848876953e-01 -5.490205716341733932e-03 6.397549510002136230e-01 2.224843055009841919e-01 -7.356522083282470703e-01
1.413393943305760622e+09 -2.740123867988586426e-02 -7.023474574089050293e-02 -4.844615161418914795e-01 5.916034057736396790e-02 6.062030196189880371e-01 2.776655852794647217e-01 -7.429130077362060547e-01
1.413393944105760574e+09 -6.774011254310607910e-02 -9.745989739894866943e-02 -4.722406566143035889e-01 1.650693081319332123e-02 5.913166403770446777e-01 1.853896528482437134e-01 -7.846674323081970215e-01
1.413393944305760622e+09 -1.004081070423126221e-01 -1.415203809738159180e-01 -4.453972876071929932e-01 -3.775572031736373901e-02 5.376322865486145020e-01 1.344284564256668091e-01 -8.315377235412597656e-01
1.413393944705760717e+09 -7.230675220489501953e-02 -1.646659523248672485e-01 -4.295061826705932617e-01 6.889766454696655273e-02 4.896558821201324463e-01 2.229515910148620605e-01 -8.401088118553161621e-01
1.413393945105760574e+09 -1.026939898729324341e-01 -2.136243134737014771e-01 -4.045776426792144775e-01 -1.094098016619682312e-02 4.816024005413055420e-01 1.677060425281524658e-01 -8.601244091987609863e-01
1.413393945305760622e+09 -1.129897907376289368e-01 -1.959448158740997314e-01 -3.717634975910186768e-01 -5.922865122556686401e-03 3.793571591377258301e-01 1.233459562063217163e-01 -9.169726967811584473e-01
1.413393945805760622e+09 -9.525644779205322266e-02 -1.682353317737579346e-01 -3.671214878559112549e-01 4.227441176772117615e-02 2.916226387023925781e-01 1.343520283699035645e-01 -9.461071491241455078e-01
1.413393946105760574e+09 -1.015899628400802612e-01 -1.677122712135314941e-01 -3.591631352901458740e-01 -7.389829307794570923e-02 2.261011302471160889e-01 7.352069020271301270e-02 -9.685102701187133789e-01
1.413393946405760527e+09 -8.955904841423034668e-02 -1.446001976728439331e-01 -3.910124003887176514e-01 1.626796834170818329e-02 1.328960508108139038e-01 3.332042321562767029e-02 -9.904361367225646973e-01
1.413393946705760717e+09 -7.387100160121917725e-02 -1.286816745996475220e-01 -4.107534885406494141e-01 8.014231175184249878e-02 4.383774101734161377e-02 3.852496296167373657e-02 -9.950735569000244141e-01
1.413393946905760527e+09 -6.434191763401031494e-02 -1.422779858112335205e-01 -4.046957194805145264e-01 -3.359880670905113220e-02 -6.178619340062141418e-02 1.051732432097196579e-02 -9.974682927131652832e-01
1.413393947205760717e+09 -7.803744077682495117e-02 -1.049961075186729431e-01 -4.003287553787231445e-01 -5.644006282091140747e-02 -1.619896888732910156e-01 -3.193797916173934937e-02 -9.846592545509338379e-01
1.413393947505760670e+09 -9.675253182649612427e-02 -2.771403826773166656e-02 -4.278636872768402100e-01 1.735308091156184673e-03 -2.418190538883209229e-01 -1.430300623178482056e-01 -9.597203135490417480e-01
1.413393947805760622e+09 -8.321306109428405762e-02 2.200157940387725830e-02 -4.605667293071746826e-01 5.412133038043975830e-02 -3.186214268207550049e-01 -1.334273070096969604e-01 -9.368822574615478516e-01
1.413393948005760670e+09 -5.205455794930458069e-02 5.140660330653190613e-02 -4.852101206779479980e-01 3.557191789150238037e-02 -3.915278911590576172e-01 -7.689382880926132202e-02 -9.162576198577880859e-01
1.413393948205760717e+09 -5.141268670558929443e-02 7.500386983156204224e-02 -5.107154846191406250e-01 -4.437149688601493835e-02 -4.669417738914489746e-01 -1.061497628688812256e-01 -8.767718672752380371e-01
1.413393948705760717e+09 -1.083175390958786011e-01 9.457977861166000366e-02 -5.395451188087463379e-01 5.851916596293449402e-02 -4.995505511760711670e-01 -1.795431226491928101e-01 -8.454520106315612793e-01
1.413393949105760574e+09 -1.335966885089874268e-01 7.431079447269439697e-02 -5.608002543449401855e-01 -1.831606589257717133e-02 -6.001412868499755859e-01 -1.512054949998855591e-01 -7.852591872215270996e-01
1.413393949405760527e+09 -2.748315632343292236e-01 4.997332394123077393e-02 -6.136971712112426758e-01 -6.716687232255935669e-02 -6.259754300117492676e-01 -2.927922606468200684e-01 -7.196639180183410645e-01
1.413393950105760574e+09 -3.507361710071563721e-01 6.934817135334014893e-02 -7.443722486495971680e-01 1.074835937470197678e-02 -6.486051082611083984e-01 -2.750398218631744385e-01 -7.096119523048400879e-01
1.413393950305760622e+09 -3.774400353431701660e-01 9.794552624225616455e-02 -9.084094762802124023e-01 6.214817613363265991e-02 -6.596006155014038086e-01 -2.549343109130859375e-01 -7.043246030807495117e-01
1.413393950705760717e+09 -3.372740149497985840e-01 1.814150512218475342e-01 -1.092046737670898438e+00 1.358891092240810394e-02 -6.832212209701538086e-01 -2.090168297290802002e-01 -6.995256543159484863e-01
1.413393951105760574e+09 -2.662258148193359375e-01 3.055990934371948242e-01 -1.248402953147888184e+00 2.212574891746044159e-02 -6.903845071792602539e-01 -2.119724601507186890e-01 -6.913374066352844238e-01
1.413393951605760574e+09 -1.641032695770263672e-01 4.048993885517120361e-01 -1.331853151321411133e+00 2.989228814840316772e-02 -7.035342454910278320e-01 -2.130653858184814453e-01 -6.773103475570678711e-01
1.413393952205760717e+09 4.025042057037353516e-02 4.287841916084289551e-01 -1.370273947715759277e+00 1.833503693342208862e-02 -6.763076782226562500e-01 -1.968953609466552734e-01 -7.095801234245300293e-01
1.413393952905760527e+09 1.349328756332397461e-01 3.993155062198638916e-01 -1.360718846321105957e+00 -1.304278383031487465e-03 -6.251841783523559570e-01 -2.131155133247375488e-01 -7.508161067962646484e-01
1.413393953505760670e+09 3.540197610855102539e-01 4.270377755165100098e-01 -1.444256901741027832e+00 3.107509016990661621e-02 -5.963830947875976562e-01 -1.860322356224060059e-01 -7.802266478538513184e-01
1.413393954305760622e+09 4.094777703285217285e-01 4.159365892410278320e-01 -1.454409837722778320e+00 7.245922833681106567e-02 -5.034048557281494141e-01 -1.871820986270904541e-01 -8.404142856597900391e-01
1.413393954805760622e+09 5.533868074417114258e-01 3.766982257366180420e-01 -1.412964105606079102e+00 7.363533973693847656e-02 -4.535799026489257812e-01 -1.608701348304748535e-01 -8.734781146049499512e-01
1.413393955105760574e+09 7.023162841796875000e-01 3.293756544589996338e-01 -1.341513514518737793e+00 2.606389857828617096e-02 -4.321219623088836670e-01 -1.367155313491821289e-01 -8.910107612609863281e-01
1.413393955405760527e+09 8.488826751708984375e-01 2.801251411437988281e-01 -1.260040402412414551e+00 -7.177421357482671738e-03 -3.673861622810363770e-01 -9.565038233995437622e-02 -9.251091480255126953e-01
1.413393955705760717e+09 9.924255013465881348e-01 2.645216286182403564e-01 -1.145160198211669922e+00 3.089603409171104431e-02 -2.851465046405792236e-01 -2.961451187729835510e-02 -9.575280547142028809e-01
1.413393956105760574e+09 1.047095060348510742e+00 2.361620813608169556e-01 -1.039329528808593750e+00 1.496117748320102692e-02 -2.144126296043395996e-01 -6.012555584311485291e-02 -9.747760891914367676e-01
1.413393956405760527e+09 1.085501670837402344e+00 1.997814327478408813e-01 -9.397622346878051758e-01 -1.208218373358249664e-02 -1.201012656092643738e-01 -2.312358655035495758e-02 -9.924187660217285156e-01
1.413393956705760717e+09 1.110432982444763184e+00 1.712046414613723755e-01 -8.578508496284484863e-01 2.202288620173931122e-02 -3.205353394150733948e-03 -3.633098211139440536e-03 -9.997457861900329590e-01
1.413393957005760670e+09 1.136813998222351074e+00 1.382297724485397339e-01 -7.728688120841979980e-01 2.603033743798732758e-02 1.070393472909927368e-01 3.053096123039722443e-02 -9.934449195861816406e-01
1.413393957305760622e+09 1.165935516357421875e+00 1.058769673109054565e-01 -6.800442934036254883e-01 1.625346392393112183e-02 2.249876856803894043e-01 7.579669356346130371e-02 -9.712730050086975098e-01
1.413393957605760574e+09 1.196933269500732422e+00 1.012402325868606567e-01 -5.778442621231079102e-01 -2.091290429234504700e-02 3.336940109729766846e-01 1.077940165996551514e-01 -9.362646341323852539e-01
1.413393957905760527e+09 1.242875933647155762e+00 1.178512573242187500e-01 -4.780479371547698975e-01 -1.298341806977987289e-02 4.115207493305206299e-01 1.863441616296768188e-01 -8.920527100563049316e-01
1.413393958605760574e+09 1.166661024093627930e+00 1.575518101453781128e-01 -3.016099035739898682e-01 -3.271481487900018692e-03 4.214549660682678223e-01 1.262441426515579224e-01 -8.980131149291992188e-01
1.413393959705760717e+09 1.200171709060668945e+00 2.082931846380233765e-01 -2.421095371246337891e-01 3.229387477040290833e-02 4.036250412464141846e-01 1.604328453540802002e-01 -9.001695513725280762e-01
1.413393960605760574e+09 1.174952030181884766e+00 2.686911225318908691e-01 -2.285125255584716797e-01 8.693431504070758820e-03 4.867726564407348633e-01 1.766398400068283081e-01 -8.554386496543884277e-01
1.413393960905760527e+09 1.151839613914489746e+00 3.307135999202728271e-01 -2.138462662696838379e-01 4.250178858637809753e-02 5.213707089424133301e-01 1.985275149345397949e-01 -8.288261890411376953e-01
1.413393961205760717e+09 1.069114446640014648e+00 3.512109518051147461e-01 -1.938717961311340332e-01 -4.602247849106788635e-02 5.656438469886779785e-01 1.063277050852775574e-01 -8.164700865745544434e-01
1.413393961705760717e+09 1.108677387237548828e+00 2.268362492322921753e-01 -2.265585064888000488e-01 -8.030303753912448883e-03 5.398204326629638672e-01 1.830165237188339233e-01 -8.216047883033752441e-01
1.413393962105760574e+09 1.140888094902038574e+00 1.292229294776916504e-01 -2.686833143234252930e-01 1.288373954594135284e-02 5.359513163566589355e-01 1.970435231924057007e-01 -8.208312988281250000e-01
1.413393962305760622e+09 1.162108778953552246e+00 8.868634700775146484e-03 -3.209661245346069336e-01 3.108684718608856201e-02 5.339225530624389648e-01 2.067681998014450073e-01 -8.192723393440246582e-01
1.413393962505760670e+09 1.145729064941406250e+00 -1.746941804885864258e-01 -3.945323228836059570e-01 7.216567546129226685e-02 4.820791482925415039e-01 2.414243966341018677e-01 -8.391103744506835938e-01
1.413393962805760622e+09 1.088251829147338867e+00 -2.318541109561920166e-01 -4.062573313713073730e-01 1.700760982930660248e-02 4.231892526149749756e-01 2.262546718120574951e-01 -8.771718740463256836e-01
1.413393963005760670e+09 1.006237864494323730e+00 -2.665742635726928711e-01 -4.203108251094818115e-01 -2.330600470304489136e-02 3.473822176456451416e-01 1.959460228681564331e-01 -9.167265892028808594e-01
1.413393963205760717e+09 9.086500406265258789e-01 -2.758119106292724609e-01 -4.479659199714660645e-01 -3.602571040391921997e-02 2.789317369461059570e-01 1.366065144538879395e-01 -9.498621225357055664e-01
1.413393963405760527e+09 7.530339360237121582e-01 -2.399902790784835815e-01 -5.097358822822570801e-01 -3.070231154561042786e-02 1.755084842443466187e-01 7.794380187988281250e-02 -9.809072017669677734e-01
1.413393963805760622e+09 6.478942632675170898e-01 -1.889049559831619263e-01 -5.621234178543090820e-01 -3.457204252481460571e-02 1.131065413355827332e-01 5.902785062789916992e-02 -9.912251830101013184e-01
1.413393964005760670e+09 5.407843589782714844e-01 -1.158670634031295776e-01 -6.221041083335876465e-01 -2.215683460235595703e-02 4.984328150749206543e-02 5.171749368309974670e-02 -9.971711039543151855e-01
1.413393964105760574e+09 3.693333566188812256e-01 1.872477866709232330e-02 -7.189618349075317383e-01 -1.031815260648727417e-02 -3.283013030886650085e-02 2.592279110103845596e-03 -9.994043111801147461e-01
1.413393964405760527e+09 2.555691599845886230e-01 1.043779328465461731e-01 -7.904360294342041016e-01 -1.616007764823734760e-03 -8.083598315715789795e-02 -3.429681062698364258e-02 -9.961358904838562012e-01
1.413393964705760717e+09 1.526525765657424927e-01 1.802914738655090332e-01 -8.671807050704956055e-01 -4.427721258252859116e-03 -1.236330717802047729e-01 -7.015153765678405762e-02 -9.898353815078735352e-01
1.413393964905760527e+09 6.935179233551025391e-02 2.477717548608779907e-01 -9.509221315383911133e-01 1.067334506660699844e-02 -1.637216657400131226e-01 -1.061417534947395325e-01 -9.807218909263610840e-01
1.413393965005760670e+09 1.403004676103591919e-02 3.074293136596679688e-01 -1.038493394851684570e+00 5.225243419408798218e-02 -1.932510733604431152e-01 -1.678220480680465698e-01 -9.652768969535827637e-01
1.413393965205760717e+09 9.357847273349761963e-03 3.541118800640106201e-01 -1.121430039405822754e+00 9.355040639638900757e-02 -2.286044508218765259e-01 -1.998912841081619263e-01 -9.481729269027709961e-01
1.413393965405760527e+09 6.407244503498077393e-02 3.826256990432739258e-01 -1.185524344444274902e+00 1.292477995157241821e-01 -2.726256251335144043e-01 -1.154022887349128723e-01 -9.463892579078674316e-01
1.413393965605760574e+09 1.431953459978103638e-01 3.826930820941925049e-01 -1.207172989845275879e+00 1.215403527021408081e-01 -2.977131307125091553e-01 -2.355900965631008148e-02 -9.465938210487365723e-01
1.413393965805760622e+09 2.611171007156372070e-01 3.376467525959014893e-01 -1.128884196281433105e+00 3.839148208498954773e-02 -2.993154525756835938e-01 -1.604109257459640503e-02 -9.532466530799865723e-01
1.413393966405760527e+09 2.861318588256835938e-01 2.204867601394653320e-01 -9.875497221946716309e-01 1.212029904127120972e-02 -3.016549944877624512e-01 5.388831719756126404e-03 -9.533249735832214355e-01
1.413393966605760574e+09 2.524400353431701660e-01 1.470899432897567749e-01 -9.033856391906738281e-01 -3.562253713607788086e-02 -2.938184440135955811e-01 -5.410810932517051697e-03 -9.551819562911987305e-01
1.413393966905760527e+09 1.503154039382934570e-01 8.683940768241882324e-02 -7.815989255905151367e-01 -2.738573588430881500e-02 -2.857658863067626953e-01 -5.491678044199943542e-02 -9.563326239585876465e-01
1.413393967205760717e+09 -4.791608452796936035e-02 8.216115832328796387e-02 -6.142857074737548828e-01 -2.683086320757865906e-02 -3.474749922752380371e-01 -1.163773536682128906e-01 -9.300524592399597168e-01
1.413393967705760717e+09 -1.869156807661056519e-01 1.053451895713806152e-01 -5.454032421112060547e-01 -7.548714056611061096e-03 -4.528722167015075684e-01 -1.589973717927932739e-01 -8.772512078285217285e-01
1.413393968005760670e+09 -3.128049373626708984e-01 3.098762780427932739e-02 -5.369451045989990234e-01 4.664531350135803223e-02 -4.901072084903717041e-01 -1.838015168905258179e-01 -8.507856726646423340e-01
1.413393968905760527e+09 -3.429619073867797852e-01 1.527937501668930054e-02 -4.084154069423675537e-01 -1.110437791794538498e-02 -5.593493580818176270e-01 -1.707646548748016357e-01 -8.110761642456054688e-01
1.413393969305760622e+09 -3.601931333541870117e-01 4.809033125638961792e-02 -3.122561872005462646e-01 -3.039633296430110931e-02 -6.441739797592163086e-01 -2.183833420276641846e-01 -7.324102520942687988e-01
1.413393969705760717e+09 -4.161188304424285889e-01 2.738499641418457031e-02 -3.334646224975585938e-01 6.134293042123317719e-03 -7.100322842597961426e-01 -2.471916675567626953e-01 -6.593275666236877441e-01
1.413393970305760622e+09 -4.065671563148498535e-01 -1.431467384099960327e-02 -4.457829594612121582e-01 4.788197204470634460e-02 -7.294499278068542480e-01 -1.704928278923034668e-01 -6.607134938240051270e-01
1.413393971205760717e+09 -3.858650922775268555e-01 -4.930129274725914001e-02 -3.492312729358673096e-01 -2.111675776541233063e-02 -7.327508330345153809e-01 -1.299160569906234741e-01 -6.676467061042785645e-01
1.413393971405760527e+09 -4.412717223167419434e-01 -9.132346510887145996e-02 -2.210496962070465088e-01 -4.529108479619026184e-02 -7.147749662399291992e-01 -1.746462583541870117e-01 -6.756805777549743652e-01
1.413393971705760717e+09 -5.140244364738464355e-01 -1.163086742162704468e-01 -1.385271251201629639e-01 -9.140396118164062500e-02 -6.856837272644042969e-01 -2.664517164230346680e-01 -6.711829900741577148e-01
1.413393972105760574e+09 -7.297420501708984375e-01 -1.360244899988174438e-01 -9.849739074707031250e-02 -1.786683686077594757e-02 -6.995338797569274902e-01 -2.847970426082611084e-01 -6.551517844200134277e-01
1.413393972505760670e+09 -8.701419830322265625e-01 -9.414830803871154785e-02 -1.303960680961608887e-01 5.761187151074409485e-02 -7.160277962684631348e-01 -2.355961799621582031e-01 -6.545834541320800781e-01
1.413393973205760717e+09 -9.681940078735351562e-01 -7.222205400466918945e-02 -6.971180438995361328e-02 -1.626579207368195057e-03 -7.433792948722839355e-01 -1.557489186525344849e-01 -6.504821181297302246e-01
1.413393973605760574e+09 -1.081794381141662598e+00 -9.128457307815551758e-02 6.377506256103515625e-02 -5.951359495520591736e-02 -7.190573215484619141e-01 -1.989464908838272095e-01 -6.632005572319030762e-01
1.413393973905760527e+09 -1.180002927780151367e+00 -1.051661670207977295e-01 1.244516372680664062e-01 -6.890399754047393799e-02 -6.711630821228027344e-01 -3.187545537948608398e-01 -6.657236814498901367e-01
1.413393974105760574e+09 -1.268647074699401855e+00 -1.083866357803344727e-01 1.309075355529785156e-01 2.966960147023200989e-02 -6.369773149490356445e-01 -3.969252109527587891e-01 -6.601743102073669434e-01
1.413393974305760622e+09 -1.295316338539123535e+00 -1.126287579536437988e-01 8.255815505981445312e-02 1.465838700532913208e-01 -6.434068679809570312e-01 -3.619899153709411621e-01 -6.584103703498840332e-01
1.413393974505760670e+09 -1.229824542999267578e+00 -1.332627236843109131e-01 2.191245555877685547e-02 1.895811408758163452e-01 -6.648504734039306641e-01 -2.746223211288452148e-01 -6.682929992675781250e-01
1.413393974705760717e+09 -1.095435142517089844e+00 -1.727731227874755859e-01 -6.976485252380371094e-03 1.361205726861953735e-01 -6.932911276817321777e-01 -1.807658821344375610e-01 -6.842093467712402344e-01
1.413393974905760527e+09 -9.407540559768676758e-01 -2.082390189170837402e-01 7.224202156066894531e-03 4.568346962332725525e-02 -7.036685347557067871e-01 -1.616049557924270630e-01 -6.903966665267944336e-01
1.413393975105760574e+09 -7.294670939445495605e-01 -2.279786914587020874e-01 8.071547746658325195e-02 -1.275105774402618408e-02 -6.993794441223144531e-01 -1.905601024627685547e-01 -6.887617707252502441e-01
1.413393975505760670e+09 -5.188441872596740723e-01 -2.636885643005371094e-01 1.990054249763488770e-01 -1.935627683997154236e-02 -7.071857452392578125e-01 -1.601857841014862061e-01 -6.883707642555236816e-01
1.413393975905760527e+09 -3.925599753856658936e-01 -3.147656023502349854e-01 3.649126589298248291e-01 -2.380875870585441589e-02 -7.081924676895141602e-01 -2.158810347318649292e-01 -6.717827320098876953e-01
1.413393976505760670e+09 -3.631369471549987793e-01 -3.231752812862396240e-01 4.871102571487426758e-01 -4.318136721849441528e-02 -6.812283396720886230e-01 -2.354261875152587891e-01 -6.918366551399230957e-01
1.413393976905760527e+09 -2.162281870841979980e-01 -4.288622140884399414e-01 5.669610500335693359e-01 -5.670332349836826324e-03 -7.080410122871398926e-01 -2.277114540338516235e-01 -6.684260368347167969e-01
1.413393978605760574e+09 -1.656015515327453613e-01 -4.781509637832641602e-01 5.968680381774902344e-01 -2.397276647388935089e-02 -7.701933979988098145e-01 -2.578322291374206543e-01 -5.828807353973388672e-01
1.413393978905760527e+09 -1.484057903289794922e-01 -5.172606110572814941e-01 5.811812877655029297e-01 -3.915333375334739685e-02 -8.347650170326232910e-01 -2.882307171821594238e-01 -4.675012230873107910e-01
1.413393979305760622e+09 -1.612118482589721680e-01 -5.053446888923645020e-01 5.457282066345214844e-01 -5.607543513178825378e-02 -8.773236870765686035e-01 -3.022509515285491943e-01 -3.685147464275360107e-01
1.413393979605760574e+09 -2.133001089096069336e-01 -4.526263177394866943e-01 4.923081994056701660e-01 -5.122271925210952759e-02 -9.116171598434448242e-01 -3.085578680038452148e-01 -2.666880488395690918e-01
1.413393979905760527e+09 -2.721993625164031982e-01 -4.220024347305297852e-01 4.414514303207397461e-01 -2.793058939278125763e-02 -9.265102744102478027e-01 -3.173613846302032471e-01 -2.002009749412536621e-01
1.413393980105760574e+09 -3.392628431320190430e-01 -3.901785314083099365e-01 3.812318444252014160e-01 9.897544048726558685e-03 -9.299215674400329590e-01 -3.405817449092864990e-01 -1.383907049894332886e-01
1.413393980305760622e+09 -4.181977212429046631e-01 -3.427639007568359375e-01 2.700244784355163574e-01 3.901050984859466553e-02 -9.328354001045227051e-01 -3.449369668960571289e-01 -9.651325643062591553e-02
1.413393980605760574e+09 -4.559414684772491455e-01 -2.962612211704254150e-01 1.365087330341339111e-01 3.676826134324073792e-02 -9.440943002700805664e-01 -3.139303326606750488e-01 -9.371163696050643921e-02
1.413393981105760574e+09 -4.617152810096740723e-01 -2.530463635921478271e-01 -1.197671145200729370e-01 -2.043279074132442474e-02 -9.369944334030151367e-01 -3.350198566913604736e-01 -9.688033163547515869e-02
1.413393981605760574e+09 -4.828165173530578613e-01 -2.032259106636047363e-01 -4.455950856208801270e-01 2.472656406462192535e-02 -9.357374310493469238e-01 -3.337809443473815918e-01 -1.112396642565727234e-01
1.413393982005760670e+09 -4.535210728645324707e-01 -9.628057479858398438e-02 -7.030494213104248047e-01 4.030981287360191345e-02 -9.335647821426391602e-01 -2.998858392238616943e-01 -1.920951306819915771e-01
1.413393982305760622e+09 -4.128326177597045898e-01 -5.393218994140625000e-02 -8.213562965393066406e-01 3.717928752303123474e-02 -9.152755737304687500e-01 -2.920021712779998779e-01 -2.749966084957122803e-01
1.413393982505760670e+09 -3.627409934997558594e-01 -1.878924667835235596e-02 -9.328847527503967285e-01 4.026643186807632446e-02 -8.798241615295410156e-01 -2.853485941886901855e-01 -3.779739737510681152e-01
1.413393982705760717e+09 -2.981953620910644531e-01 1.069613825529813766e-02 -1.032616257667541504e+00 5.204535648226737976e-02 -8.307663202285766602e-01 -2.587396502494812012e-01 -4.900739789009094238e-01
1.413393982905760527e+09 -2.254657745361328125e-01 3.656817972660064697e-02 -1.115043759346008301e+00 6.326127052307128906e-02 -7.681865692138671875e-01 -2.225284576416015625e-01 -5.969660878181457520e-01
1.413393983105760574e+09 -1.442793607711791992e-01 5.852170288562774658e-02 -1.176241636276245117e+00 7.520411163568496704e-02 -6.958377361297607422e-01 -1.832151710987091064e-01 -6.903523802757263184e-01
1.413393983305760622e+09 -5.818349123001098633e-02 7.014881074428558350e-02 -1.205983877182006836e+00 8.114142715930938721e-02 -6.198624968528747559e-01 -1.359319537878036499e-01 -7.685760855674743652e-01
1.413393983505760670e+09 2.264916896820068359e-02 6.445518136024475098e-02 -1.198989629745483398e+00 6.690674275159835815e-02 -5.412313342094421387e-01 -8.767618983983993530e-02 -8.336097002029418945e-01
1.413393983705760717e+09 8.528429269790649414e-02 4.173491150140762329e-02 -1.157541275024414062e+00 4.963219910860061646e-02 -4.583813846111297607e-01 -5.398769676685333252e-02 -8.857248425483703613e-01
1.413393983905760527e+09 1.225303858518600464e-01 4.655268043279647827e-03 -1.090586900711059570e+00 3.539641946554183960e-02 -3.786670863628387451e-01 -2.894770167768001556e-02 -9.244027137756347656e-01
1.413393984105760574e+09 1.302226632833480835e-01 -4.177448526024818420e-02 -1.004986405372619629e+00 2.358713932335376740e-02 -3.007765710353851318e-01 7.110527250915765762e-03 -9.533764123916625977e-01
1.413393984305760622e+09 9.832021594047546387e-02 -9.789098054170608521e-02 -9.033349752426147461e-01 1.000446546822786331e-02 -2.249440103769302368e-01 2.865457162261009216e-02 -9.738988876342773438e-01
1.413393984505760670e+09 3.319884091615676880e-02 -1.580760329961776733e-01 -7.968058586120605469e-01 -3.719136817380785942e-03 -1.664854437112808228e-01 4.337641224265098572e-02 -9.850823879241943359e-01
1.413393984705760717e+09 -5.841912329196929932e-02 -2.099467217922210693e-01 -6.892908811569213867e-01 -4.349505063146352768e-03 -1.182998791337013245e-01 3.177601378411054611e-03 -9.929633140563964844e-01
1.413393984905760527e+09 -1.944871246814727783e-01 -2.467762976884841919e-01 -5.195837020874023438e-01 1.460432540625333786e-02 -1.318276375532150269e-01 -7.574993371963500977e-02 -9.882662296295166016e-01
1.413393985305760622e+09 -2.988173961639404297e-01 -2.489214241504669189e-01 -3.437596559524536133e-01 -6.120814359746873379e-04 -2.482453733682632446e-01 -6.792268902063369751e-02 -9.663127660751342773e-01
1.413393985505760670e+09 -4.020663797855377197e-01 -2.531355023384094238e-01 -1.810608804225921631e-01 1.318563614040613174e-02 -3.523854911327362061e-01 -1.158788874745368958e-01 -9.285595417022705078e-01
1.413393985805760622e+09 -4.940852522850036621e-01 -2.693218886852264404e-01 -3.043372929096221924e-02 3.327413275837898254e-02 -4.321788549423217773e-01 -1.892421990633010864e-01 -8.810798525810241699e-01
1.413393986205760717e+09 -5.307886600494384766e-01 -3.119513988494873047e-01 1.393338888883590698e-01 -5.555232055485248566e-03 -5.363109111785888672e-01 -2.643924653530120850e-01 -8.015212416648864746e-01
1.413393986505760670e+09 -4.897603392601013184e-01 -3.363441824913024902e-01 1.967854499816894531e-01 1.310063991695642471e-03 -6.393433213233947754e-01 -2.261178195476531982e-01 -7.349211573600769043e-01
1.413393986805760622e+09 -4.315619170665740967e-01 -3.739264309406280518e-01 2.516209781169891357e-01 1.380006875842809677e-02 -7.204185724258422852e-01 -2.029872238636016846e-01 -6.630254983901977539e-01
1.413393987505760670e+09 -3.287812471389770508e-01 -4.618946313858032227e-01 5.009952187538146973e-01 9.927039965987205505e-03 -7.460888624191284180e-01 -2.357061207294464111e-01 -6.226521134376525879e-01
1.413393988405760527e+09 -2.460069060325622559e-01 -4.286339282989501953e-01 8.003867864608764648e-01 4.481805488467216492e-02 -7.687778472900390625e-01 -1.988373696804046631e-01 -6.061647534370422363e-01
1.413393988805760622e+09 -2.232069969177246094e-01 -4.445233941078186035e-01 9.143236875534057617e-01 5.451487377285957336e-03 -7.590483427047729492e-01 -2.661365568637847900e-01 -5.941273570060729980e-01
1.413393989005760670e+09 -1.774096488952636719e-01 -5.083977580070495605e-01 1.034115314483642578e+00 -2.472688257694244385e-02 -7.547355294227600098e-01 -3.604381084442138672e-01 -5.475831031799316406e-01
1.413393989405760527e+09 -1.004449129104614258e-01 -5.939704775810241699e-01 1.047379851341247559e+00 1.337314303964376450e-02 -8.168737292289733887e-01 -2.415286004543304443e-01 -5.236433744430541992e-01
1.413393989605760574e+09 1.694929599761962891e-02 -6.559258103370666504e-01 1.114980101585388184e+00 -2.354194037616252899e-02 -8.410062789916992188e-01 -2.526416480541229248e-01 -4.778352081775665283e-01
1.413393990205760717e+09 5.316376686096191406e-02 -6.413273215293884277e-01 1.177102327346801758e+00 -4.130300879478454590e-02 -8.834782242774963379e-01 -2.748871743679046631e-01 -3.770907223224639893e-01
1.413393990405760527e+09 4.362428188323974609e-02 -6.143738627433776855e-01 1.227727770805358887e+00 -5.577998980879783630e-02 -9.049732685089111328e-01 -3.336258828639984131e-01 -2.580809593200683594e-01
1.413393990705760717e+09 1.510667800903320312e-02 -5.949086546897888184e-01 1.238140344619750977e+00 4.111119080334901810e-03 -8.914199471473693848e-01 -4.053683876991271973e-01 -2.025588601827621460e-01
1.413393990905760527e+09 5.733072757720947266e-03 -5.675638318061828613e-01 1.169235229492187500e+00 7.543892413377761841e-02 -9.211109280586242676e-01 -3.357149064540863037e-01 -1.820965856313705444e-01
1.413393991205760717e+09 3.903132677078247070e-02 -5.631998181343078613e-01 1.102192640304565430e+00 3.345023095607757568e-02 -9.596033096313476562e-01 -2.049272805452346802e-01 -1.898615658283233643e-01
1.413393991405760527e+09 9.381973743438720703e-02 -5.729268193244934082e-01 1.084192276000976562e+00 -5.531753972172737122e-02 -9.216766357421875000e-01 -3.209211230278015137e-01 -2.108598649501800537e-01
1.413393992005760670e+09 6.949573755264282227e-02 -6.097939014434814453e-01 1.048190236091613770e+00 6.307078059762716293e-03 -9.492311477661132812e-01 -2.393948137760162354e-01 -2.039867043495178223e-01
1.413393992305760622e+09 -5.265212059020996094e-02 -6.528419852256774902e-01 1.056924819946289062e+00 2.903657220304012299e-02 -9.226725101470947266e-01 -3.305587172508239746e-01 -1.963752955198287964e-01
1.413393993305760622e+09 -2.538150548934936523e-02 -6.841928362846374512e-01 9.960508942604064941e-01 2.371035143733024597e-02 -9.524602293968200684e-01 -2.312401384115219116e-01 -1.969398409128189087e-01
1.413393993905760527e+09 -4.277229309082031250e-03 -7.472346425056457520e-01 1.166795372962951660e+00 -2.212483435869216919e-02 -9.180358648300170898e-01 -3.416258394718170166e-01 -2.000311613082885742e-01
1.413393994605760574e+09 -3.398287296295166016e-02 -7.566270232200622559e-01 1.263908267021179199e+00 6.323575042188167572e-03 -8.699632883071899414e-01 -4.552401602268218994e-01 -1.894208937883377075e-01
1.413393994805760622e+09 -3.757679462432861328e-02 -7.147570848464965820e-01 1.290214419364929199e+00 1.277639996260404587e-02 -9.237843155860900879e-01 -3.384356200695037842e-01 -1.786634325981140137e-01
1.413393995205760717e+09 -1.235175132751464844e-02 -6.369122266769409180e-01 1.243948698043823242e+00 -5.546550452709197998e-02 -9.133558869361877441e-01 -3.098457753658294678e-01 -2.582638859748840332e-01
1.413393995605760574e+09 -3.713965415954589844e-02 -5.832961201667785645e-01 1.193195343017578125e+00 -2.188728563487529755e-02 -8.860365748405456543e-01 -2.626735270023345947e-01 -3.813958764076232910e-01
1.413393995905760527e+09 -9.724426269531250000e-02 -5.427752733230590820e-01 1.150606274604797363e+00 -2.278690785169601440e-02 -8.369747996330261230e-01 -2.205201834440231323e-01 -5.003247857093811035e-01
1.413393996305760622e+09 -2.310403585433959961e-01 -4.830499887466430664e-01 1.115990042686462402e+00 -2.181229792768135667e-04 -7.929833531379699707e-01 -2.595249712467193604e-01 -5.512024760246276855e-01
1.413393996705760717e+09 -3.836213350296020508e-01 -3.730006814002990723e-01 1.078275918960571289e+00 3.122757002711296082e-02 -7.683550119400024414e-01 -2.598905265331268311e-01 -5.840482711791992188e-01
1.413393997705760717e+09 -4.750301837921142578e-01 -2.564239501953125000e-01 1.043345808982849121e+00 1.674266345798969269e-02 -7.522910237312316895e-01 -2.286510467529296875e-01 -6.176540851593017578e-01
1.413393997905760527e+09 -5.065203905105590820e-01 -2.036814838647842407e-01 1.061701774597167969e+00 2.711604349315166473e-02 -7.568876743316650391e-01 -2.353595197200775146e-01 -6.090908050537109375e-01
1.413393998505760670e+09 -5.065844058990478516e-01 -2.101742327213287354e-01 1.111114263534545898e+00 -6.748241838067770004e-03 -7.567174434661865234e-01 -2.665817439556121826e-01 -5.968813896179199219e-01
1.413393999205760717e+09 -4.893370866775512695e-01 -1.797024011611938477e-01 1.151441335678100586e+00 1.394267287105321884e-02 -7.578063607215881348e-01 -2.634141743183135986e-01 -5.967814922332763672e-01
1.413393999605760574e+09 -4.597748517990112305e-01 -1.553141772747039795e-01 1.162207722663879395e+00 -1.834483072161674500e-02 -7.547503709793090820e-01 -2.752904593944549561e-01 -5.951726436614990234e-01
1.413394000005760670e+09 -4.448322057723999023e-01 -1.228995472192764282e-01 1.156209230422973633e+00 -1.081492938101291656e-02 -7.585216760635375977e-01 -2.622490525245666504e-01 -5.964506268501281738e-01
1.413394000105760574e+09 -4.464671611785888672e-01 -1.205834299325942993e-01 1.158406257629394531e+00 1.635389961302280426e-02 -7.788265943527221680e-01 -2.253100425004959106e-01 -5.851470828056335449e-01
