1.413393889805760512e+18 -9.566394181515907036e-01 5.013779700040195131e-01 1.406874150658513845e+00 -5.712575627680732682e-01 -5.984669539039844111e-01 3.992341300655982139e-01 3.951129097561001391e-01
1.413393889905760512e+18 -9.620873688706516047e-01 5.037313902095817975e-01 1.442395524250643657e+00 -5.668729217451911051e-01 -6.049158497011858371e-01 3.891746191890864126e-01 4.015906138736214381e-01
1.413393891405760512e+18 -1.106811211502117809e+00 1.790240126249781349e-01 1.734819653566461950e+00 -5.367398107917389360e-01 -5.545819853803094501e-01 4.555286514198432224e-01 4.436697473780492618e-01
1.413393892105760512e+18 -5.304173063050909853e-01 1.695637381870762628e-02 1.752452510869407121e+00 -5.522477305273819637e-01 -5.727595227754036511e-01 4.329750260740146683e-01 4.236762915170668164e-01
1.413393892405760512e+18 -9.727382849734556025e-02 -4.980943022382827712e-02 1.799654333687702223e+00 -5.699283558365041413e-01 -5.893212474681117641e-01 4.044449698743714516e-01 4.053472620352164268e-01
1.413393892605760512e+18 2.873868277212140443e-01 -1.294838290534577330e-01 1.767545719355226863e+00 -5.836387148343022968e-01 -5.998559060455819214e-01 3.826622923312790192e-01 3.912905730484296241e-01
1.413393892805760512e+18 4.951927655414949392e-01 -1.935935819562711879e-01 1.736834754326194385e+00 -6.020915110514993840e-01 -6.209583430243432733e-01 3.484663208948418633e-01 3.612032277682427628e-01
1.413393893105760512e+18 5.823273026620404691e-01 -4.446880977650173317e-01 1.767436619956937793e+00 -6.077090939372393752e-01 -6.083911517827459425e-01 3.709727210192265145e-01 3.506124695986082007e-01
1.413393894405760512e+18 -5.599796733255154590e-01 -6.207333881386952745e-01 1.899909724081133788e+00 -5.834880054379116832e-01 -5.763584044213262425e-01 4.211529683416407321e-01 3.872762766036877413e-01
1.413393894805760512e+18 -1.066951238825978088e+00 -5.513105661352208919e-01 1.821622915264514031e+00 -5.684539243958134369e-01 -5.728406383280499892e-01 4.306108723073773792e-01 4.040891183508791840e-01
1.413393895605760512e+18 -1.943947645457262841e+00 -3.488314462652304382e-01 1.698227184953617241e+00 -5.812710895022364932e-01 -5.433581639083691073e-01 4.179372020752717409e-01 4.384225374504622241e-01
1.413393895905760512e+18 -2.188812210509054612e+00 -2.537682799521999710e-01 1.667000074210046368e+00 -6.336931315774982920e-01 -4.836859146636805495e-01 3.632037480869100277e-01 4.822488862849582669e-01
1.413393896405760512e+18 -2.450036808824155976e+00 -1.531524618965850459e-01 1.684066273193719265e+00 -7.279946336904203896e-01 -3.054910723754024060e-01 2.766212385045637157e-01 5.478865835417751073e-01
1.413393897305760512e+18 -2.492150007422541780e+00 2.628176173368445001e-01 1.742513525938000907e+00 -7.933600345250962915e-01 -1.903594688500537535e-01 8.347512416801540491e-02 5.721669615440914125e-01
1.413393897905760512e+18 -2.753448104737241664e+00 5.370303171591771507e-01 1.786732043822091498e+00 -7.906689963934476761e-01 -1.763369207108970160e-01 4.999803495787521340e-02 5.841643818624412399e-01
1.413393898405760512e+18 -3.075061032527121263e+00 6.346456122090347041e-01 1.884737942003496869e+00 -7.188618315663817260e-01 -5.369332820261960015e-02 7.792636090634257051e-02 6.886814763731106126e-01
1.413393898605760512e+18 -3.203042401406278827e+00 5.593492174567347153e-01 1.886148859914289044e+00 -7.848005064087034688e-01 -2.900571533870817051e-02 1.024450321436478489e-01 6.105340686705528208e-01
1.413393898805760512e+18 -3.278081988661249113e+00 4.567688181268584335e-01 1.865750124661233134e+00 -8.670815647820332428e-01 -2.830686926283900243e-02 8.798605130886508197e-02 4.895168392841570681e-01
1.413393899405760512e+18 -3.405753181033718935e+00 6.304243491190403281e-01 2.038349853707161596e+00 -7.003830397865825619e-01 -5.315629412222611788e-02 4.698202197361524973e-02 7.102328460341498229e-01
1.413393899605760512e+18 -3.408610015415915129e+00 4.041634802268039839e-01 2.133446901686693487e+00 -7.924979831261533825e-01 -3.070826119884396965e-02 1.337139803789559878e-01 5.942428130708344858e-01
1.413393900405760512e+18 -3.043272783271208759e+00 1.758032437407808790e-01 2.108650728500544247e+00 -8.462014577853275155e-01 -8.512279038242027973e-02 8.055156242433039737e-03 5.259584754117069272e-01
1.413393900605760512e+18 -2.944717150104367409e+00 2.470385141843769172e-01 2.071298543906744616e+00 -7.542511663314708237e-01 -7.919436672210314332e-02 1.510808838879305546e-02 6.516173539987540897e-01
1.413393900805760512e+18 -2.774632559954083533e+00 1.540012181928264168e-01 1.938769999066460192e+00 -7.943401166538750502e-01 -4.089265335094081216e-02 8.045294976197503445e-02 6.007319642326560682e-01
1.413393901405760512e+18 -2.505818874705620924e+00 1.018438059505638593e-02 1.854349547878618720e+00 -8.806116041525616778e-01 -8.633408263869457588e-02 6.198561241326781476e-03 4.658660823083438096e-01
1.413393902605760512e+18 -2.791558467332044824e+00 7.764715916301461185e-01 1.922991951858582071e+00 -8.153361940143704079e-01 -7.737744439099587812e-02 1.288144224836072251e-02 5.736494489453305423e-01
1.413393903305760512e+18 -3.235889924411095464e+00 1.322198674634975424e+00 2.097928940202558490e+00 -8.166283719444887845e-01 -7.769484123684260862e-03 1.145778903726071829e-02 5.769977957688597892e-01
1.413393903605760512e+18 -3.402473798006184769e+00 1.657665731271329435e+00 2.063822413466803507e+00 -7.938885215795625783e-01 1.123120163028153567e-01 -1.035794607114487106e-02 5.975112879698586399e-01
1.413393904305760512e+18 -3.316083343713270182e+00 2.006406428171535694e+00 2.106359969274005817e+00 -8.038812019904191253e-01 1.322462263913138925e-01 -7.123629280216532689e-02 5.755096343932918357e-01
1.413393905305760512e+18 -2.978041058951263587e+00 2.539793408950054232e+00 2.078995663584544573e+00 -7.379290821752562124e-01 3.183132855731191646e-01 -2.465543235367052555e-01 5.416163655697521229e-01
1.413393905605760512e+18 -2.898682174643512077e+00 2.753763024582200014e+00 2.034106207042811310e+00 -6.843339826526720904e-01 4.513624167470763893e-01 -2.525831351010059955e-01 5.139656883465256731e-01
1.413393906305760512e+18 -2.545900499617537172e+00 2.879133598729947341e+00 1.931790307993329847e+00 -6.255573400347032020e-01 4.985252401357178065e-01 -3.922824071538319468e-01 4.541641909198991245e-01
1.413393906805760512e+18 -2.325919027606795808e+00 2.872543395326629057e+00 1.645545667503750975e+00 -6.128979270914508559e-01 5.088710931634363721e-01 -4.277008024025571453e-01 4.271748648198545606e-01
1.413393907805760512e+18 -2.385276332800653876e+00 2.959577775768700736e+00 1.366013232633332075e+00 -6.038899033643924108e-01 5.278125115938706591e-01 -4.124638839919733124e-01 4.319774086937543389e-01
1.413393909605760512e+18 -2.948758478102210034e+00 2.902016932034992003e+00 1.330015438278602025e+00 -6.033486115158537277e-01 5.564550276117299354e-01 -4.169062616876418881e-01 3.905347925513885654e-01
1.413393909805760512e+18 -3.077797021111851272e+00 2.919933305557667058e+00 1.212436275712792888e+00 -6.130929405574342406e-01 5.850088471718751792e-01 -3.958555608088282218e-01 3.538079563068075584e-01
1.413393910905760512e+18 -2.445328923258255571e+00 3.126041545091770235e+00 1.114897297599559245e+00 -5.977869175973270499e-01 5.792241298564572149e-01 -3.794026994906565253e-01 4.039849009068521291e-01
1.413393911105760512e+18 -2.034496962760007577e+00 3.134553779462490031e+00 1.016183531272881968e+00 -6.046268291530036976e-01 5.410546640678499664e-01 -3.918855358019715518e-01 4.337187738477691346e-01
1.413393911405760512e+18 -1.772088337707209416e+00 3.132729709703082399e+00 9.618524107488564123e-01 -5.945058913606694473e-01 5.175107618646358487e-01 -4.199475538755961801e-01 4.498771037579521459e-01
1.413393911605760512e+18 -1.458739868375345416e+00 3.142679222928872473e+00 9.635420414755713203e-01 -5.924247442370581540e-01 5.199036182062197753e-01 -4.306247370342797809e-01 4.396538252374183053e-01
1.413393912405760512e+18 -8.921444423528981371e-01 3.174531587417072753e+00 1.261181471044686031e+00 -6.058232864064261314e-01 6.098111881535662748e-01 -3.350470743826411413e-01 3.858133206592098130e-01
1.413393912605760512e+18 -4.406493342035298633e-01 3.124057898389557497e+00 1.427421440040804068e+00 -5.800222708296821628e-01 5.752470978059097684e-01 -3.889819470801861301e-01 4.258614641560847236e-01
1.413393912805760512e+18 -1.351728157543917730e-01 3.066164995305685537e+00 1.481396261794906355e+00 -5.718573730172230585e-01 5.606499879857561597e-01 -4.173133457314939787e-01 4.295349896944347101e-01
1.413393913405760512e+18 6.474292194194921635e-01 2.782426171524211345e+00 1.460939033950795496e+00 -4.255716402621473327e-01 6.682393892452335171e-01 -4.611334192860389036e-01 3.996259091742029312e-01
1.413393913605760512e+18 8.218550167020031161e-01 2.607165777292396402e+00 1.454498959581232320e+00 -3.614580049145447171e-01 6.902958459011241388e-01 -5.097069910628264644e-01 3.647444846416845743e-01
1.413393913805760512e+18 9.262644374559745319e-01 2.409139813211664816e+00 1.471081606446375645e+00 -3.006271221537597516e-01 7.103791972333582949e-01 -5.480592881190831100e-01 3.234435750947025068e-01
1.413393914405760512e+18 8.707931313743446644e-01 1.858889973794150885e+00 1.581932825639722484e+00 -1.661013702588998164e-01 7.843090731138750993e-01 -5.855676364068492790e-01 1.199172874203985190e-01
1.413393914605760512e+18 7.792861429106268112e-01 1.641064557917697897e+00 1.670910789431311549e+00 -6.854198626547888806e-02 8.042996943227544993e-01 -5.837096269450412489e-01 8.767593308763636795e-02
1.413393914905760512e+18 5.986765274190644082e-01 1.341928785038220884e+00 1.777250202145892910e+00 -3.354376131295801200e-02 8.290749329325208805e-01 -5.578870946764339367e-01 1.647911567415492537e-02
1.413393915405760512e+18 4.326187677233831463e-01 8.854491316818962066e-01 1.842906534722598133e+00 -9.314886713431087817e-02 7.988968483920855235e-01 -5.940098795308268453e-01 1.547181956203511413e-02
1.413393916405760512e+18 5.929927262692762380e-01 2.488926599233855508e-01 1.982373545208490961e+00 2.193616703044679386e-02 -8.029492847465422578e-01 5.955920090671711353e-01 7.836417316552013804e-03
1.413393917305760512e+18 8.605776586883731039e-01 -1.532662691134603627e-01 2.181680067701153192e+00 -3.543559221066513443e-01 -7.383157849791832650e-01 5.415718387001066114e-01 1.897936396339527376e-01
1.413393917605760512e+18 8.311725369780300632e-01 -2.022594192441425354e-01 2.168310128133600578e+00 -4.575813876656982249e-01 -6.852313242207425104e-01 4.864977273696467486e-01 2.905120776022743212e-01
1.413393917905760512e+18 7.481937412551025179e-01 -2.170552497484548593e-01 2.150441637561380404e+00 -5.575505450424820264e-01 -5.937619466486526720e-01 4.540094210926110541e-01 3.611918963570273644e-01
1.413393918905760512e+18 4.312259828104132442e-01 2.421334291301108776e-01 2.201337028689627218e+00 -7.664252450835392638e-01 -2.386410345705893832e-01 2.559951802762783224e-01 5.386179239433382948e-01
1.413393919105760512e+18 4.229595315164307312e-01 4.372954953929653610e-01 2.223104914472826099e+00 -7.773119746112838735e-01 -1.377930709582081137e-01 1.774034925755870740e-01 5.876454411835391189e-01
1.413393919305760512e+18 4.644762246066800326e-01 6.079679142431868577e-01 2.242394864978882740e+00 -7.662693836329123043e-01 -3.457589593873815204e-02 1.202526038536463338e-01 6.302182561567762908e-01
1.413393920405760512e+18 1.340111378472461423e+00 6.080135451589583351e-01 1.755401435601318560e+00 -7.986405884234649699e-01 2.319581989918199569e-02 -3.177839233448151446e-02 6.005208557930872271e-01
1.413393921305760512e+18 1.894143148832444501e+00 1.473651832798001382e-01 1.259442897046070708e+00 -8.187938568542726392e-01 4.405567797992527082e-03 -3.625089494955748698e-02 5.729250243840274814e-01
1.413393922305760512e+18 1.886188316333719639e+00 1.690102972011073845e-01 8.964560869716007296e-01 -8.503241935081733427e-01 1.906608890894949740e-02 -4.015748462134820923e-02 5.243783239391923701e-01
1.413393922605760512e+18 1.845117511192673865e+00 3.199326818124343941e-01 7.401652866401098319e-01 -8.330073381483287243e-01 5.622439374925161659e-02 2.494791632703236700e-03 5.503920131626861556e-01
1.413393923305760512e+18 1.910883379660670345e+00 8.474619306335151592e-01 7.037459538821324578e-01 -8.430279512479034176e-01 3.956697956371845598e-02 -1.828562506557682849e-02 5.361007027219122367e-01
1.413393923905760512e+18 2.058098336209167378e+00 1.614123480427085866e+00 7.817100056795848184e-01 -8.158965264850516208e-01 -1.626305951631567825e-01 1.080590921793082304e-01 5.442309989185551977e-01
1.413393924105760512e+18 2.125539102047766526e+00 1.882098494107679265e+00 8.052785108869101593e-01 -7.984204935249384905e-01 -2.495530875993503539e-01 1.262784945456382479e-01 5.331995065679558943e-01
1.413393924305760512e+18 2.158192649037125044e+00 2.151239282241233841e+00 8.303985419088945052e-01 -7.596167801107974737e-01 -3.360437820338050274e-01 1.101177771395618066e-01 5.458305589542993275e-01
1.413393924905760512e+18 1.721655922509910175e+00 2.556770837793080009e+00 1.093217389436929921e+00 -7.334974365909240346e-01 -3.469520409248907367e-01 1.369233452985520461e-01 5.682057631922169394e-01
1.413393925105760512e+18 1.574366772791059077e+00 2.539654132019431021e+00 1.185717890475121106e+00 -7.512992102311506493e-01 -3.285950939428102791e-01 1.703248002627490709e-01 5.464103067825677451e-01
1.413393925305760512e+18 1.262947289783555860e+00 2.491960018487035633e+00 1.387514593385016148e+00 -7.736116707072790977e-01 -3.214551461047447933e-01 2.402756153626982583e-01 4.903663942913976115e-01
1.413393925405760512e+18 1.106785203381833060e+00 2.478233542259285827e+00 1.486647729570936161e+00 -7.690029347598044129e-01 -3.368656972846093556e-01 2.546895778951414058e-01 4.798845769925891291e-01
1.413393925605760512e+18 6.360113667985928254e-01 2.505689342003351250e+00 1.762280586458081277e+00 -7.433077738368576437e-01 -3.666646844541488481e-01 2.720550413277805224e-01 4.889137112169939514e-01
1.413393925805760512e+18 3.264830576447663724e-01 2.553184749447785507e+00 1.836132939788015062e+00 -7.302911112505454660e-01 -3.727051450266030130e-01 2.754479132323948143e-01 5.018906402744138795e-01
1.413393926605760512e+18 -6.777291836578549500e-01 2.758774055685770055e+00 1.808610915164974076e+00 -6.915055804973168074e-01 -3.835879219476506230e-01 3.103574493924131650e-01 5.275969976066844369e-01
1.413393926805760512e+18 -9.172828143551610136e-01 2.817340701473496356e+00 1.814201083761128652e+00 -6.757418435171216320e-01 -4.423778435267245457e-01 3.318626015417570074e-01 4.873828250714868915e-01
1.413393927105760512e+18 -1.125421869533852925e+00 2.894599782127240228e+00 1.928692135270789976e+00 -6.877953002379880720e-01 -4.669373618133100257e-01 3.558068702345581480e-01 4.269761073025633569e-01
1.413393927905760512e+18 -1.742770244660182044e+00 3.170124500058070449e+00 2.254403848802754240e+00 -5.616033553893275965e-01 -5.643002245603131461e-01 3.357678791915646999e-01 5.034151955193920669e-01
1.413393928805760512e+18 -2.471727169644434952e+00 2.427285122300406162e+00 2.495914297445032570e+00 -6.121554214945661432e-01 -4.858724831070811434e-01 3.426216685043144139e-01 5.213483119426861601e-01
1.413393929405760512e+18 -2.472257942599332736e+00 2.036102138495298863e+00 2.582247311352682040e+00 -7.051495469513400227e-01 -3.854101347407734024e-01 2.711027150596411195e-01 5.298362599527418615e-01
1.413393930405760512e+18 -2.270750662526082486e+00 1.035376011639953964e+00 2.618615135419860795e+00 -7.860608635127389610e-01 -1.932424364709232623e-01 1.524949980901334212e-01 5.670193604788807962e-01
1.413393930905760512e+18 -2.112427716069975148e+00 7.526928707538979024e-01 2.388824587077031047e+00 -7.800031002194282026e-01 -1.991144730393043516e-01 1.721511824400409618e-01 5.677257794559417148e-01
1.413393931305760512e+18 -1.897719678455182857e+00 5.077351623668283631e-01 2.296284028295034307e+00 -7.935303056115319276e-01 -1.958015079556114091e-01 1.926840835031371491e-01 5.429956422688244633e-01
1.413393932105760512e+18 -1.285334870309716937e+00 3.633507222968649919e-01 1.894451659239597685e+00 -7.892181760746624919e-01 -2.306453734865109573e-01 1.629348597450102354e-01 5.453344054087588821e-01
1.413393932905760512e+18 -7.947622405595307082e-01 4.825178761679492778e-01 1.685106808498871400e+00 -7.537344861852778299e-01 -2.307154602783048347e-01 1.420321429920081979e-01 5.987333054713784852e-01
1.413393933905760512e+18 -2.083304061888990866e-01 3.021640140864434443e-01 1.584975694300764681e+00 -7.636762495559870079e-01 -2.218650611381984272e-01 1.553762023746949883e-01 5.860313270174754008e-01
1.413393934405760512e+18 1.527676354837139705e-01 1.527851504263713633e-01 1.549814097778574151e+00 -7.862486731544849894e-01 -2.090467914999591392e-01 1.874230276104085213e-01 5.504407975865640568e-01
1.413393934805760512e+18 3.954209041385494672e-01 8.317114079196080700e-02 1.421926287352164753e+00 -8.004037534309040858e-01 -2.019678313215168830e-01 2.351742532051837031e-01 5.130846881698846174e-01
1.413393935405760512e+18 8.765640731271163721e-01 1.863610610231742903e-01 1.153293178586359158e+00 -7.118147593174387611e-01 -4.486773706846375331e-01 2.697980218524359541e-01 4.682065707119983933e-01
1.413393935605760512e+18 9.255549606830267839e-01 2.837270376612177625e-01 1.204095706430169610e+00 -6.025962521228865887e-01 -5.736449211404547333e-01 3.132930040163949270e-01 4.578829053498227331e-01
1.413393936105760512e+18 8.638833945609429854e-01 2.221174050420974821e-01 1.248538215052207301e+00 -5.830771673467946004e-01 -5.860687411126036528e-01 3.955559693679603916e-01 4.000998909108811619e-01
1.413393936305760512e+18 7.834550942247114902e-01 1.609991417525882818e-01 1.293362273167986576e+00 -5.437155107440894142e-01 -6.185808952537079630e-01 4.576141575213938939e-01 3.351423611532864943e-01
1.413393936905760512e+18 4.565835152435504529e-01 1.332549112281944392e-01 1.489222627044044067e+00 -2.912783352758672173e-01 -7.166193231433954924e-01 5.751883289128792986e-01 2.660301926075880896e-01
1.413393937605760512e+18 6.632970785414250559e-01 4.136953870992342575e-01 1.704809316570570887e+00 -1.314120291512362593e-01 -7.760929075192137816e-01 5.894096958873648040e-01 1.816779785408565717e-01
1.413393938805760512e+18 1.064508639203560980e+00 5.280262802422219792e-01 1.745563892293937602e+00 -4.193849985876169778e-02 -7.859327979575582157e-01 6.157229054540201973e-01 3.789594996118882120e-02
1.413393939105760512e+18 1.256326176406183492e+00 6.764399425868294902e-01 1.752664826758142613e+00 1.404364018628091910e-02 -7.833592118792117587e-01 6.213863214862392903e-01 5.491885295451739632e-03
1.413393939405760512e+18 1.378473322581426075e+00 8.079215091477514044e-01 1.730577239984151694e+00 -1.284089132006643354e-02 8.534779280963136205e-01 -5.205767764061286496e-01 2.025728582839861347e-02
1.413393939605760512e+18 1.483034170510701077e+00 8.772446548297168079e-01 1.684103888143308358e+00 2.113825126005301411e-03 8.936788581011262389e-01 -4.472495074858341968e-01 3.607642415875488007e-02
1.413393939905760512e+18 1.594217422118892502e+00 7.587685887894503045e-01 1.625728538608530060e+00 -3.063548208517555358e-03 7.931673394954088518e-01 -6.089320384358026805e-01 8.829427873160983556e-03
1.413393940105760512e+18 1.659988748231738143e+00 6.816404408251151015e-01 1.617619952083272139e+00 1.379798676439913767e-02 7.050973987598215809e-01 -7.084734714623819318e-01 2.669483203588681602e-02
1.413393940405760512e+18 1.688603865236036006e+00 7.875748093488363910e-01 1.588881636033973921e+00 1.126749400614969823e-02 8.044585010247612411e-01 -5.935058830786061890e-01 2.168710351566903102e-02
1.413393940605760512e+18 1.680464849740330280e+00 8.916613423405379546e-01 1.593084324904569637e+00 3.640327989415291510e-02 8.749839920413732264e-01 -4.809810053207215219e-01 4.165438038139222809e-02
1.413393940905760512e+18 1.564459111575571715e+00 8.518720973682796238e-01 1.653197252207796453e+00 3.883804585581235314e-02 8.250709311619041086e-01 -5.632334209381927304e-01 2.275254456078970242e-02
1.413393941105760512e+18 1.440904564992093295e+00 7.806051132622351396e-01 1.717339941553075677e+00 2.410815437656028265e-02 7.412182933425153220e-01 -6.707970667534458586e-01 6.747869436903047684e-03
1.413393941405760512e+18 1.228272149750599951e+00 8.109586240938984059e-01 1.770954125513867439e+00 8.188877342865634110e-03 8.112562982097488717e-01 -5.845797625312623147e-01 7.915942254173734607e-03
1.413393941605760512e+18 1.076282852224375475e+00 8.484346241305767977e-01 1.806372047722420993e+00 3.030720686619785536e-03 8.675081200374827883e-01 -4.973438913087993019e-01 8.338475818345493507e-03
1.413393941905760512e+18 8.383793472548342063e-01 7.430935779132988861e-01 1.837969745238390518e+00 -1.032192978771795736e-02 -8.401679851443345504e-01 5.421638005116734549e-01 8.344334527378122202e-03
1.413393942105760512e+18 6.838492417769078680e-01 6.144249445546269284e-01 1.865484592938587927e+00 -1.424661738878273999e-02 -7.553091843082119228e-01 6.549005933407172630e-01 2.025543963032154157e-02
1.413393942305760512e+18 4.184757433803512061e-01 5.798888272409590261e-01 1.914638675112070088e+00 -1.142354638440395108e-02 -7.937806264788149768e-01 6.072056913827488245e-01 3.290999798391144177e-02
1.413393942905760512e+18 1.300495024433856450e-01 5.265330686433747909e-01 1.862133369374727287e+00 -3.307905574532759348e-03 -8.077562442575462187e-01 5.889015628678857528e-01 2.671810014606178577e-02
1.413393943305760512e+18 -4.974087847983321709e-02 4.825354407940292689e-01 1.812657212964061682e+00 -1.610559108953188434e-02 -8.571814973386198133e-01 5.134426609464812774e-01 3.683917040562643269e-02
1.413393944105760512e+18 -8.658876187338426789e-02 3.982640487874467006e-01 1.859882744823863066e+00 -8.208352919238970369e-02 -8.053097405369838979e-01 5.853144971853618816e-01 4.631906104644750027e-02
1.413393944305760512e+18 -1.632153699853293727e-01 3.283045020360332300e-01 1.931062277079003131e+00 -1.390527580669333740e-01 -7.587499065925558117e-01 6.276906642598252262e-01 1.047250672992182802e-01
1.413393945105760512e+18 -2.873825903209595856e-01 3.194488815258448300e-01 2.047997087342373845e+00 -1.708551478181817851e-01 -7.828104897055523370e-01 5.797017741243812861e-01 1.481961833112612759e-01
1.413393945305760512e+18 -3.400497669827723390e-01 2.950179941325736799e-01 1.993425932004489809e+00 -2.746160499947314371e-01 -7.516847486507630682e-01 5.622097549432500951e-01 2.085096045216651706e-01
1.413393945805760512e+18 -3.338857528796220775e-01 3.310884606486985682e-01 1.935568758557595581e+00 -3.420180874952278294e-01 -7.600100373659098851e-01 4.933679394323470802e-01 2.489908578029624009e-01
1.413393946105760512e+18 -3.485997028888592197e-01 3.172626208302873896e-01 1.929848919202522106e+00 -3.710538629274808820e-01 -6.621682131111895631e-01 5.584277558260092311e-01 3.346800410464532693e-01
1.413393946405760512e+18 -2.730031116430667870e-01 3.452202728182396374e-01 1.903530417357436999e+00 -4.834869568747611757e-01 -6.536274829716550716e-01 4.798406543934280455e-01 3.297945154598679318e-01
1.413393946905760512e+18 -2.470965992789834198e-01 3.984834802867047165e-01 1.906620782382625112e+00 -5.646440216751689167e-01 -5.444615554363612109e-01 4.121949159574972987e-01 4.635019899602388915e-01
1.413393947805760512e+18 -3.486525235716120275e-02 3.654095109105365835e-01 1.618158678064925304e+00 -7.608807978910374636e-01 -3.627054855037398773e-01 2.499086397459703845e-01 4.764984931419131153e-01
1.413393949105760512e+18 1.989444813266643131e-01 2.717497655958139302e-01 1.578020976644982643e+00 -7.788476160168326112e-01 -1.194201857433067615e-01 7.612488146974871750e-02 6.110157221243553982e-01
1.413393949405760512e+18 3.014412843125326980e-01 -1.369594421283026886e-02 1.662278712277518000e+00 -8.156182074129733062e-01 2.936095133964087764e-02 1.190167548377382284e-01 5.654554680439239922e-01
1.413393950105760512e+18 5.773246381810721584e-01 -1.568946462590895541e-01 1.706287139861979885e+00 -8.410842640528659597e-01 7.289271615522625435e-04 4.965837813940170153e-02 5.386193228138090872e-01
1.413393950305760512e+18 9.197245903522990318e-01 -1.955035244987061716e-01 1.751173925939081277e+00 -8.520680760582847180e-01 -2.522547641630046300e-02 3.280594846254556406e-03 5.228124967895838582e-01
1.413393951105760512e+18 1.704429970083370716e+00 6.746336875921371545e-02 1.547572648655144878e+00 -8.169989333835616652e-01 -1.192159649511806245e-02 -1.376521369373436519e-02 5.763515743702759542e-01
1.413393951605760512e+18 1.919510606617861548e+00 2.860671357694922201e-01 1.400391923207506162e+00 -8.186278715883099633e-01 -1.209367330046870513e-03 -3.124358873734028874e-02 5.734725655620036555e-01
1.413393952905760512e+18 1.944303067433923893e+00 9.043775438533134814e-01 1.420561459336188603e+00 -8.132077483339555934e-01 -6.205305164874701934e-02 6.246060956176043705e-02 5.752749334743076925e-01
1.413393954305760512e+18 2.112416312115885209e+00 1.478757735644956384e+00 1.437414046752369501e+00 -8.254835732117093983e-01 -2.097636651316428236e-01 1.160342002535094119e-01 5.109913301805590891e-01
1.413393954805760512e+18 1.993216653329541455e+00 1.770765477248186226e+00 1.485162299718827184e+00 -8.076380144506390968e-01 -2.643450438807990466e-01 1.468446105184801065e-01 5.062402549694793308e-01
1.413393955105760512e+18 1.809626189128774154e+00 2.070111400577156147e+00 1.530309714744819027e+00 -7.748710918985260987e-01 -2.761293639888926510e-01 1.842076527703856714e-01 5.379543716189142399e-01
1.413393955405760512e+18 1.605385176506718192e+00 2.363594657840554003e+00 1.573183207844918163e+00 -7.286495514594368839e-01 -3.307130284338804516e-01 2.377702500305228506e-01 5.506033346997414313e-01
1.413393956105760512e+18 1.125857235147146529e+00 2.749529564156333983e+00 1.518977492307703736e+00 -6.786194648112801042e-01 -4.509518448762573906e-01 3.175430306009316972e-01 4.850613149888656217e-01
1.413393956405760512e+18 9.042569082332519992e-01 2.818625955813716999e+00 1.528526035277763873e+00 -6.152711737277162252e-01 -5.083965363980992302e-01 3.785752811727559619e-01 4.686737682472786881e-01
1.413393957305760512e+18 3.287113010649176381e-01 2.958217896969456806e+00 1.552039286772262328e+00 -4.083067087615232515e-01 -7.035920945598601595e-01 5.058230482665675432e-01 2.870310782746701150e-01
1.413393957605760512e+18 1.220918960047199242e-01 3.011844538310693764e+00 1.497736470024955580e+00 -3.080936390877098696e-01 -7.291767326979149422e-01 5.600212225804572785e-01 2.444500609637399735e-01
1.413393957905760512e+18 -6.821159089353612259e-02 3.096494929065951585e+00 1.402679740847884160e+00 -2.073920334594263615e-01 -7.824432181739212622e-01 5.479639916634139185e-01 2.109659181751867563e-01
1.413393958605760512e+18 -3.833251895018056632e-01 2.922139803655192658e+00 1.218759134658030208e+00 -2.451993526133350310e-01 -7.605280989196361308e-01 5.748303554236897650e-01 1.761940711691525330e-01
1.413393960605760512e+18 -4.596631512403770436e-01 2.932074555899005119e+00 9.551427385652635493e-01 -1.687799367499006886e-01 -7.956789600001539231e-01 5.655626391470722769e-01 1.361882034714152478e-01
1.413393960905760512e+18 -4.482811802270427193e-01 2.883126889989293229e+00 8.248047924456816116e-01 -1.399530538921446576e-01 -8.211414485899287685e-01 5.449222628003717039e-01 9.591450160647436995e-02
1.413393962105760512e+18 -4.629247647675676647e-01 2.865786023241494451e+00 1.255071180187616209e+00 -1.180292213014978858e-01 -8.087750309050408815e-01 5.673838547352166861e-01 1.001379732634849334e-01
1.413393962305760512e+18 -4.359465071983936735e-01 2.914507518841397804e+00 1.523240987680373637e+00 -1.197778529023614674e-01 -8.203605708824778242e-01 5.510819474773819282e-01 9.471265417045054980e-02
1.413393962805760512e+18 -4.087860301135961549e-01 2.770680076229114608e+00 2.051111132541331816e+00 -1.830493473841531271e-01 -8.138345408879587017e-01 5.144867259230677670e-01 1.986697896734253566e-01
1.413393963405760512e+18 -1.784776053878587287e-01 2.091048571319154004e+00 2.139953069942242880e+00 -4.148188139601050595e-01 -6.700047318196997725e-01 5.086765110013692359e-01 3.467956431090479241e-01
1.413393963805760512e+18 -3.421524720560076283e-02 1.879935390337096113e+00 2.074494801346585149e+00 -4.569789589599322910e-01 -6.384397654418862977e-01 4.881659425791444185e-01 3.811284684672888723e-01
1.413393964105760512e+18 4.277328199286072330e-01 1.322490058510365607e+00 1.769905752049079295e+00 -5.672305439952812778e-01 -5.629632203521161005e-01 4.189387149069340732e-01 4.310594803988408441e-01
1.413393964405760512e+18 6.315006456748556429e-01 1.095568747867805337e+00 1.648367098829497834e+00 -6.110814048657988717e-01 -5.247500493237011732e-01 4.005973627849636065e-01 4.367363681807905906e-01
1.413393964905760512e+18 1.052459219859891881e+00 7.284571892357347700e-01 1.469763741388562917e+00 -6.849477274991625508e-01 -4.473672243301335394e-01 3.695933549704756849e-01 4.405790838777448037e-01
1.413393965405760512e+18 1.596575121131102115e+00 7.410947142808310684e-01 1.348187740977088378e+00 -7.663039283443838778e-01 -4.294399203928390696e-01 2.288826040272423090e-01 4.194906408379883711e-01
1.413393965605760512e+18 1.631613219751525179e+00 9.060907714426931214e-01 1.359059868882486644e+00 -7.209118938559900824e-01 -4.673986860666269894e-01 1.821819241197835115e-01 4.781571458047798595e-01
1.413393965805760512e+18 1.438936051171926689e+00 1.140942524534566793e+00 1.396423696364229361e+00 -6.872596382923155112e-01 -4.388362967289415884e-01 2.293123985251777353e-01 5.315192547125400235e-01
1.413393966405760512e+18 1.087050436134961995e+00 1.178220733881166549e+00 1.539709440436819232e+00 -6.652442190793876886e-01 -4.385481481687141248e-01 2.345786795065381847e-01 5.568648793380812645e-01
1.413393966605760512e+18 8.799131041268442033e-01 1.100416098737835524e+00 1.633552075412903593e+00 -6.497978813138017840e-01 -4.161093235407476443e-01 2.718142960719623358e-01 5.750936730250642004e-01
1.413393966905760512e+18 6.134248493470750851e-01 8.780447531901045544e-01 1.680447919363410314e+00 -6.789917542945376194e-01 -3.959279485035948620e-01 2.921083562957604296e-01 5.448705950736836279e-01
1.413393968905760512e+18 -1.166987685511190476e-01 -1.743750693607948876e-01 1.606834213098760733e+00 -7.898936871363655410e-01 -1.431062843541149321e-01 1.138471877262129534e-01 5.853438068753346046e-01
1.413393969305760512e+18 -2.839079685634030570e-01 -2.193604959838840185e-01 1.483924709965999789e+00 -8.023933690165714339e-01 -2.815554505496284388e-02 6.287985574790734555e-02 5.928054237117069691e-01
1.413393970305760512e+18 -5.533838472750352011e-02 -3.016023216872789625e-01 1.689727701860912479e+00 -8.031774503892573636e-01 -1.266627129231632891e-02 -8.059731349387887211e-02 5.901267845262836431e-01
1.413393971405760512e+18 -5.408114034343161070e-01 -3.954759361088789338e-01 1.704677708575627060e+00 -7.698328224378810924e-01 1.533986288697870501e-02 -1.022847619100261847e-02 6.379792256639281733e-01
1.413393972105760512e+18 -7.815128336338801329e-01 -1.001422062622460585e+00 1.725799360606291577e+00 -8.267268778639030868e-01 7.077561239124341430e-02 1.816797366440287692e-02 5.578381547016816322e-01
1.413393973605760512e+18 -1.039407410352330308e+00 -1.742063341324137316e+00 1.548457277657096398e+00 -7.730282351637366434e-01 4.404756044998544423e-02 7.307375122218541996e-05 6.328405444646154621e-01
1.413393973905760512e+18 -1.157779333792954279e+00 -1.950238514240482557e+00 1.541418592756652162e+00 -8.193565813182107638e-01 9.421030710895290927e-02 8.195068448116722692e-02 5.595205947934707158e-01
1.413393974105760512e+18 -1.163987563071202658e+00 -2.133323259291155960e+00 1.546317450512200375e+00 -8.867349185331198091e-01 8.462468137716304406e-02 7.321389021183782875e-02 4.485304603211735519e-01
1.413393974305760512e+18 -1.069037225755153919e+00 -2.183408194448272166e+00 1.585008872617606812e+00 -9.156756430781910483e-01 1.814364701691437501e-02 -1.307300354300130855e-02 4.012954289854687717e-01
1.413393974905760512e+18 -1.013382189918901943e+00 -1.446311988165613238e+00 1.809152194803867353e+00 -8.025751920972578057e-01 -4.434050117046280798e-02 -5.567144981125005804e-02 5.922901912592467566e-01
1.413393975105760512e+18 -1.190028904365761919e+00 -1.018796031232122257e+00 1.797017762119188511e+00 -7.929006890988783418e-01 -3.664376414233469145e-03 -8.372539301348028151e-03 6.092823402640733521e-01
1.413393975905760512e+18 -1.833765974059753390e+00 -3.537815173970547122e-01 1.784273332268681900e+00 -7.974155610341813194e-01 2.868920122886820662e-02 -3.970857828508670036e-03 6.027350869507243081e-01
1.413393976905760512e+18 -2.317503362666250233e+00 -1.111188932408319063e-02 1.880084395923663498e+00 -8.096837615492792350e-01 2.934015128692937097e-02 -1.105613431552240900e-02 5.860282618610364036e-01
1.413393978605760512e+18 -2.411293767137786759e+00 9.004604364249618742e-02 1.957312270815452449e+00 -7.987879186456469105e-01 1.288772796410269927e-01 -5.999170415510989701e-02 5.845763451001502187e-01
1.413393978905760512e+18 -2.406068997553713729e+00 1.269472066497993046e-01 2.043365697483731314e+00 -7.736864644152886550e-01 2.454926528433602206e-01 -1.248835701882890087e-01 5.705670040210233385e-01
1.413393979305760512e+18 -2.327882393480070533e+00 1.041320617323089892e-01 2.041983609619884010e+00 -7.380268362376802838e-01 3.352796589783835213e-01 -1.760072165431652569e-01 5.585028191451375523e-01
1.413393979605760512e+18 -2.185648237600723576e+00 2.308770884336008855e-03 1.972439787466726102e+00 -7.015599651145927318e-01 4.096300731383772376e-01 -2.394871943839622652e-01 5.316603260119734387e-01
1.413393979905760512e+18 -2.061337775024365548e+00 -1.138151468994342830e-01 1.944987374198658303e+00 -6.853787019471897501e-01 4.490504224052849214e-01 -2.865088479359726437e-01 4.965102547875741013e-01
1.413393980105760512e+18 -1.917115741607944290e+00 -2.458092211584400610e-01 1.921135632386822945e+00 -6.810938429442296993e-01 4.828765581953866626e-01 -3.276695765050321452e-01 4.422375552594455250e-01
1.413393980305760512e+18 -1.662019095456320761e+00 -3.971450723986462705e-01 1.898152780057688505e+00 -6.732692896123684267e-01 4.981711845659820836e-01 -3.625248389670220339e-01 4.087905033937523358e-01
1.413393980605760512e+18 -1.367571931850403821e+00 -4.614879750992805785e-01 1.889448379422256741e+00 -6.576924645218065191e-01 4.879951411260882721e-01 -3.813009534512795118e-01 4.288483965758842498e-01
1.413393981105760512e+18 -8.369624606839523029e-01 -4.478287230247185446e-01 1.961433550618578936e+00 -6.454282320942537066e-01 5.198166204777965316e-01 -3.342560856789090207e-01 4.488718608660403064e-01
1.413393981605760512e+18 -1.641745487555240635e-01 -4.587892418567644515e-01 2.063423527239954591e+00 -6.705007007201281288e-01 4.907545370325225309e-01 -3.540193031639577992e-01 4.292541528082367552e-01
1.413393982305760512e+18 6.589912117806240310e-01 -2.771952466552058403e-01 1.997693485097538524e+00 -7.340278896337342207e-01 3.587973450513202711e-01 -2.958899627490899631e-01 4.948905458465664986e-01
1.413393982905760512e+18 1.273671593577044625e+00 1.377476601546723245e-01 1.994070875097281981e+00 -8.206939631363213694e-01 6.242379843288761027e-02 -1.176513196023683677e-01 5.556283427405678266e-01
1.413393983105760512e+18 1.399635842183264867e+00 3.109517060675212607e-01 1.986031328662601236e+00 -8.236558062551678772e-01 -4.817941631343483633e-02 -5.966355250763340223e-02 5.618808745348207179e-01
1.413393983305760512e+18 1.456994972351141726e+00 4.911184315672804668e-01 1.978917243029572282e+00 -8.095180067750942232e-01 -1.533214283911346065e-01 -5.957968199649626810e-03 5.666900730716151191e-01
1.413393983905760512e+18 1.172886944586288394e+00 8.514862361997768136e-01 2.032016344892196624e+00 -7.117306452014767748e-01 -3.814386412262057435e-01 1.794408749032475325e-01 5.619119362271566276e-01
1.413393984105760512e+18 9.755030093568272109e-01 8.587456114840907873e-01 2.070753368961440799e+00 -6.685434970458788984e-01 -4.448573836595219322e-01 2.277475385521485485e-01 5.507109581665411424e-01
1.413393984305760512e+18 7.444191556558248379e-01 7.829064199181376971e-01 2.119847280137158840e+00 -6.292160365656074283e-01 -4.936619783062552447e-01 2.781592480220083097e-01 5.319891570730111985e-01
1.413393984905760512e+18 -7.295467688915180382e-02 1.419250987759539950e-01 2.186203737524424984e+00 -6.593449100665648155e-01 -4.833605099181641496e-01 3.760886397546827631e-01 4.361011832917204289e-01
1.413393985305760512e+18 -4.098180934177888535e-01 -9.028623517084327643e-02 2.085780011133943290e+00 -6.867311975600114415e-01 -4.212348231037333912e-01 3.071551615999071339e-01 5.065739756492565471e-01
1.413393985805760512e+18 -1.019388356853203614e+00 -5.233545675203433722e-01 1.939699431183292244e+00 -8.027128915218336713e-01 -2.441044999655949954e-01 1.969936068473941149e-01 5.072065907916200045e-01
1.413393986805760512e+18 -1.643673723580712620e+00 -4.228591510576671930e-01 1.971101216129727218e+00 -8.055814342476649292e-01 1.524284696270735394e-02 -4.162055865030798996e-02 5.908247942576398959e-01
1.413393988405760512e+18 -2.773207650145985248e+00 -9.561430700225764800e-02 1.737625156087638789e+00 -8.048835750155758362e-01 5.206615073650000536e-02 -1.129160018389354370e-01 5.802598755267670549e-01
1.413393988805760512e+18 -3.009002514022274255e+00 -6.004134691230916809e-02 1.698509654322240214e+00 -8.169951844937725083e-01 1.097533475431951566e-01 -6.258440023949747577e-02 5.626333300327234221e-01
1.413393989405760512e+18 -3.373720366251599767e+00 1.791931414473527662e-01 1.907608320979424565e+00 -7.915556083854929925e-01 1.568654287355447097e-01 -1.399715007954620283e-01 5.737952030700078643e-01
1.413393989605760512e+18 -3.555703283544169313e+00 4.140007218716714732e-01 1.984793710105948517e+00 -7.678637033933658484e-01 2.153830993300914487e-01 -1.473780457210021044e-01 5.850428746454803264e-01
1.413393990405760512e+18 -3.754339452002497080e+00 4.577400211129040164e-01 1.833290653794454439e+00 -7.065567294346968286e-01 4.279114529834595615e-01 -2.266929046121207159e-01 5.160229679913954648e-01
1.413393990905760512e+18 -3.607111085052689070e+00 3.856326824321599789e-01 1.778072080669270694e+00 -7.254640692044863615e-01 4.228962503683323937e-01 -3.437987746993331761e-01 4.203130360016330003e-01
1.413393991405760512e+18 -3.451684136187478380e+00 5.753750199088329964e-01 1.838170122680423901e+00 -6.802075440686982111e-01 4.547509197649392543e-01 -2.618779685355591136e-01 5.117999878474601694e-01
1.413393992305760512e+18 -3.433099898464689659e+00 2.765316736931348052e-01 2.016230230051067274e+00 -7.123227481930417548e-01 4.324449423309510987e-01 -3.136884627247311097e-01 4.551782316988455257e-01
1.413393993305760512e+18 -3.335288939743271008e+00 3.386717789012735347e-01 2.114388256839647262e+00 -6.657977662952623277e-01 3.909737009701932386e-01 -3.672716329988721662e-01 5.186178237780214584e-01
1.413393993905760512e+18 -3.711437142661244248e+00 3.650454594039378997e-01 2.133318640024716384e+00 -6.980355832225688673e-01 4.567667499014614330e-01 -2.753735684474098444e-01 4.777864151900128031e-01
1.413393994605760512e+18 -3.905187041554526228e+00 2.942380816783440323e-01 2.093206575571135986e+00 -7.486937580290581318e-01 4.946373348603448350e-01 -2.235214408436589362e-01 3.805650130184805580e-01
1.413393994805760512e+18 -3.930884486022181878e+00 2.842782510517505301e-01 1.994837924186238620e+00 -7.008761247822098417e-01 4.546000397819295324e-01 -3.093544566894692593e-01 4.543250836866742359e-01
1.413393995605760512e+18 -3.659743976256335962e+00 2.949934101282117860e-01 1.795575090087602632e+00 -7.399162664571236059e-01 2.944293136577761927e-01 -2.111659918372126854e-01 5.667841050899078414e-01
1.413393995905760512e+18 -3.545501243624030963e+00 1.755790349985479337e-01 1.743626611005507421e+00 -7.603797528526088367e-01 1.824291172541735451e-01 -1.488539153245258262e-01 6.052972497229994753e-01
1.413393996305760512e+18 -3.428134619906450631e+00 -9.626849796948672155e-02 1.651107597298587137e+00 -8.015485549424357092e-01 1.471472214731188444e-01 -9.951972731672095729e-02 5.709320740309127284e-01
1.413393997905760512e+18 -3.124041217245744129e+00 -6.574810936769108771e-01 1.142538476259028268e+00 -8.153688145700208612e-01 7.362586743977245218e-02 -7.993692102541993805e-02 5.686501706035054227e-01
1.413393999605760512e+18 -3.296360184000284743e+00 -5.712084567827577786e-01 9.845500516027335669e-01 -8.113795078691062868e-01 1.228173710839733646e-01 -4.222549845842839961e-02 5.699089355765936116e-01
1.413394000105760512e+18 -3.268881387415067508e+00 -5.433978293070453880e-01 9.181726613462019015e-01 -8.012865793011297866e-01 9.543584667590294945e-02 -1.003961099142359897e-01 5.820244308577059433e-01
