1.413393889805760512e+18 -9.987136208000000348e-01 4.255244307000000115e-01 1.337733310299999978e+00 4.027304937000000251e-01 5.668051748000000334e-01 6.016513919000000543e-01 -3.931356583310000041e-01
1.413393889905760512e+18 -1.004683382500000111e+00 4.280030633999999945e-01 1.375440236300000008e+00 4.092812216999999753e-01 5.623530529000000389e-01 6.078626654000000018e-01 -3.830808080329999865e-01
1.413393891405760512e+18 -1.157336085400000103e+00 7.850491630000000498e-02 1.681031297499999910e+00 4.500182973999999891e-01 5.334425685000000472e-01 5.575139217000000258e-01 -4.495562092050000014e-01
1.413393892105760512e+18 -5.423520666000000157e-01 -9.290584189999999409e-02 1.688367271800000013e+00 4.305791452000000130e-01 5.494027408999999640e-01 5.752806508000000152e-01 -4.263923085740000118e-01
1.413393892405760512e+18 -8.621672069999999910e-02 -1.611614067000000095e-01 1.731424963600000089e+00 4.130242324000000242e-01 5.669392020000000310e-01 5.912487558000000254e-01 -3.980148658880000023e-01
1.413393892605760512e+18 1.923397679000000138e-01 -2.135885610999999906e-01 1.712598907500000101e+00 4.085427139000000207e-01 5.733753959999999816e-01 5.944136111000000167e-01 -3.885948599560000161e-01
1.413393892805760512e+18 4.416617178999999727e-01 -2.730140918000000250e-01 1.671228655600000002e+00 3.840332079000000065e-01 5.904822143000000301e-01 6.132038950000000543e-01 -3.575335410570000261e-01
1.413393893105760512e+18 6.758146101999999988e-01 -3.848728177999999889e-01 1.642405862699999997e+00 3.547801908000000060e-01 6.050529924999999976e-01 6.338661208000000435e-01 -3.259687614239999975e-01
1.413393894405760512e+18 -3.079928298999999869e-01 -7.855516187000000095e-01 1.866627160800000018e+00 3.843671933000000207e-01 5.875802518999999613e-01 5.776866518000000061e-01 -4.162804831510000247e-01
1.413393894805760512e+18 -8.427451906999999798e-01 -7.382535194999999550e-01 1.793817388899999976e+00 4.000023937000000140e-01 5.756392116999999864e-01 5.806822684000000345e-01 -4.140600031300000206e-01
1.413393895605760512e+18 -1.831900676500000102e+00 -5.473791190000000251e-01 1.679018716899999930e+00 4.211795002000000010e-01 5.657927347000000218e-01 5.691219442999999600e-01 -4.225951045770000025e-01
1.413393895905760512e+18 -2.131193749099999923e+00 -4.539577372999999971e-01 1.632824668000000035e+00 4.566156062999999765e-01 5.935465569000000219e-01 5.306642210999999998e-01 -3.969888628939999831e-01
1.413393896405760512e+18 -2.492528169099999857e+00 -3.050557756999999759e-01 1.614233133399999964e+00 5.478026911000000165e-01 6.775050178000000534e-01 3.913287247000000191e-01 -2.962448169799999920e-01
1.413393897305760512e+18 -2.543669587200000137e+00 -4.797117089999999862e-02 1.686394965999999940e+00 5.333663768999999943e-01 8.179980393000000349e-01 2.071909033000000067e-01 -5.891897272840000005e-02
1.413393897905760512e+18 -2.763091112800000193e+00 3.363979301000000199e-01 1.722460865900000027e+00 5.697994473999999920e-01 7.948055587000000255e-01 1.928064790000000028e-01 -8.023948679200000600e-02
1.413393898405760512e+18 -3.143023462699999993e+00 5.587096173000000165e-01 1.826065173199999947e+00 6.700250027999999913e-01 7.355886113999999809e-01 8.575489460000000619e-02 -5.120535642259999715e-02
1.413393898605760512e+18 -3.304327143100000086e+00 5.207715987000000046e-01 1.862794805999999914e+00 6.620517456000000189e-01 7.428570638999999476e-01 3.955139080000000251e-02 -9.103052381489999678e-02
1.413393898805760512e+18 -3.411496411399999928e+00 4.084002743999999852e-01 1.846149735800000080e+00 5.490631938000000156e-01 8.301598307999999982e-01 3.165498299999999765e-02 -9.144521063400000427e-02
1.413393899405760512e+18 -3.544747478300000143e+00 5.135651743000000380e-01 1.970935326300000012e+00 6.648193423999999574e-01 7.437413024000000261e-01 6.685239430000000649e-02 -1.987144923830000062e-02
1.413393899605760512e+18 -3.599184180600000005e+00 5.366971109000000517e-01 2.062254573400000179e+00 7.359408401999999461e-01 6.720159076999999703e-01 4.519818600000000131e-02 -6.886816092519999766e-02
1.413393900405760512e+18 -3.257657158799999841e+00 2.338804510000000100e-02 2.099322221400000021e+00 4.729905255999999891e-01 8.773966974000000363e-01 7.890597100000000530e-02 -1.512765450579999990e-02
1.413393900605760512e+18 -3.134840024799999902e+00 1.009625212000000022e-01 2.073181633699999971e+00 5.918729717999999806e-01 8.010843400999999586e-01 8.912827950000000443e-02 2.532799854300000174e-03
1.413393900805760512e+18 -3.046166374199999805e+00 1.550165803999999925e-01 2.017433848100000038e+00 6.864212913999999666e-01 7.232503887000000242e-01 7.173109910000000089e-02 -2.427622848360000071e-02
1.413393901405760512e+18 -2.717307703699999966e+00 -1.170883394999999993e-01 1.835430187700000104e+00 4.840214639000000041e-01 8.714088898999999833e-01 7.756328830000000507e-02 -1.880705808340000021e-02
1.413393902605760512e+18 -2.795267844800000123e+00 5.692072224999999985e-01 1.862059062099999940e+00 5.798577324000000477e-01 8.101129382999999740e-01 8.649324549999999612e-02 9.777180397359998970e-04
1.413393903305760512e+18 -3.293965497999999936e+00 1.089852961100000073e+00 2.059840059699999948e+00 5.630546412000000389e-01 8.244067469000000425e-01 4.787457650000000176e-02 -3.210936921839999819e-02
1.413393903605760512e+18 -3.463298035000000219e+00 1.379524065700000079e+00 2.082270075099999840e+00 5.826415483000000339e-01 8.124011745000000451e-01 -2.257280680000000109e-02 4.860687867050000194e-03
1.413393904305760512e+18 -3.605233441799999827e+00 1.879520624900000048e+00 2.036222832400000016e+00 5.786353298999999950e-01 8.048231512000000309e-01 -1.249787703999999944e-01 4.267501888459999948e-02
1.413393905305760512e+18 -3.191779430500000014e+00 2.431606008600000202e+00 2.118873556200000063e+00 5.436038483999999782e-01 7.634057929999999992e-01 -2.615116641999999936e-01 2.309071255700000103e-01
1.413393905605760512e+18 -3.127680465700000134e+00 2.646363051399999833e+00 2.055603045599999845e+00 5.277859319000000049e-01 7.294607200999999597e-01 -3.525780609999999982e-01 2.549858401530000207e-01
1.413393906305760512e+18 -2.865211561699999798e+00 2.887501413899999925e+00 2.009869156500000198e+00 4.484837951999999794e-01 6.633161659999999848e-01 -4.804703878000000095e-01 3.578018386910000181e-01
1.413393906805760512e+18 -2.596980846100000129e+00 2.972759839700000128e+00 1.828221447600000049e+00 4.642624598000000269e-01 5.952392358000000439e-01 -5.351965789999999501e-01 3.790979324050000043e-01
1.413393907805760512e+18 -2.457898995199999881e+00 2.968145596399999864e+00 1.542718659499999978e+00 4.286252304000000013e-01 6.074584711999999609e-01 -5.361813765999999815e-01 3.997300952089999915e-01
1.413393909605760512e+18 -3.060336025399999826e+00 2.962137284599999809e+00 1.316424557800000006e+00 3.938705686000000261e-01 6.013696379999999841e-01 -5.469771244000000143e-01 4.289948240129999868e-01
1.413393909805760512e+18 -3.173245465299999957e+00 2.959483625799999906e+00 1.256646791199999891e+00 3.636557483999999785e-01 6.133003395999999663e-01 -5.694669078999999856e-01 4.090533350669999790e-01
1.413393910905760512e+18 -2.732270233699999995e+00 3.186661996199999791e+00 1.086787469599999945e+00 3.742822973000000109e-01 6.023997916000000119e-01 -6.020783776999999448e-01 3.667817881939999802e-01
1.413393911105760512e+18 -2.447822362000000140e+00 3.200488491100000221e+00 1.026236200100000051e+00 4.067439590999999965e-01 6.034533118999999557e-01 -5.651065084999999932e-01 3.886619174729999959e-01
1.413393911405760512e+18 -2.015418129700000005e+00 3.205641642799999858e+00 9.266178217999999633e-01 4.304579888000000243e-01 6.048320981999999457e-01 -5.320551081000000071e-01 4.071871986830000179e-01
1.413393911605760512e+18 -1.753070264700000047e+00 3.206270519599999869e+00 8.861775346000000386e-01 4.376174633000000092e-01 5.963754959000000522e-01 -5.171827753000000083e-01 4.305220094689999888e-01
1.413393912405760512e+18 -9.484890421999999655e-01 3.255971469199999913e+00 1.210169624700000002e+00 3.701087498000000253e-01 6.089998487000000127e-01 -6.144617902000000242e-01 3.384898905500000055e-01
1.413393912605760512e+18 -6.327969699000000059e-01 3.222315705799999819e+00 1.340796111299999982e+00 4.022753057999999826e-01 5.881168986000000487e-01 -5.923290383000000547e-01 3.760843020699999872e-01
1.413393912805760512e+18 -3.068738440000000067e-01 3.169621751299999790e+00 1.423273257900000033e+00 4.172019327000000000e-01 5.810601066999999675e-01 -5.694256277999999449e-01 4.050508043969999750e-01
1.413393913405760512e+18 5.670485456999999618e-01 2.911902508699999892e+00 1.432112970699999988e+00 3.977680298999999864e-01 4.622078043999999775e-01 -6.529226425999999917e-01 4.492622427529999740e-01
1.413393913605760512e+18 7.817953028999999887e-01 2.756705403999999859e+00 1.407003211399999953e+00 3.721433781999999857e-01 3.963334484000000102e-01 -6.867593807999999855e-01 4.824838407939999740e-01
1.413393913805760512e+18 9.339255305000000451e-01 2.555876140100000082e+00 1.412055120900000071e+00 3.328204444000000262e-01 3.332250818999999975e-01 -7.045093276999999654e-01 5.309031961979999714e-01
1.413393914405760512e+18 9.446778717999999575e-01 1.944591791499999944e+00 1.512641283700000061e+00 1.292282610000000109e-01 1.985157141999999986e-01 -7.739150468000000060e-01 5.873219459590000024e-01
1.413393914605760512e+18 8.865689667999999690e-01 1.786315060499999996e+00 1.569995843899999910e+00 9.780070539999999313e-02 1.350484651999999952e-01 -7.951239181999999461e-01 5.830736564109999520e-01
1.413393914905760512e+18 7.763210994000000476e-01 1.561581544100000052e+00 1.660920721000000100e+00 6.211397300000000288e-02 4.573510969999999842e-02 -8.149926543000000079e-01 5.743144848100000255e-01
1.413393915405760512e+18 5.420676871999999813e-01 1.137880712899999924e+00 1.776270923700000059e+00 1.079272499999999997e-03 -4.950026939999999792e-02 8.255181261999999798e-01 -5.621995924699999536e-01
1.413393916405760512e+18 5.469781430000000277e-01 2.958622337999999852e-01 1.907357739300000077e+00 1.185632210000000034e-02 8.367542420000000092e-02 -7.960031469999999665e-01 5.993636966969999591e-01
1.413393917305760512e+18 8.870794186999999553e-01 -1.694304752000000136e-01 2.126849110299999790e+00 1.550664934000000050e-01 2.719195262999999918e-01 7.625840027000000410e-01 -5.661093469350000351e-01
1.413393917605760512e+18 9.136812679000000381e-01 -2.488740661000000132e-01 2.167889855399999899e+00 2.225722327000000111e-01 3.929058174000000236e-01 7.293119474999999463e-01 -5.139948474819999724e-01
1.413393917905760512e+18 8.551294363000000454e-01 -2.851422799000000174e-01 2.144284236299999868e+00 3.286764504999999947e-01 4.870848634000000121e-01 6.576355283999999468e-01 -4.714187506290000163e-01
1.413393918905760512e+18 4.871653054999999788e-01 8.893247690000000150e-02 2.183292151199999864e+00 5.073097446000000010e-01 7.586649824000000208e-01 2.934252292999999789e-01 -2.845450796690000006e-01
1.413393919105760512e+18 4.522116460999999754e-01 2.917949260000000100e-01 2.204807825900000129e+00 5.680146080000000319e-01 7.726253204999999902e-01 1.908329152999999889e-01 -2.097434567110000037e-01
1.413393919305760512e+18 4.724337384999999778e-01 4.912241741000000217e-01 2.229104295800000024e+00 6.106946122999999949e-01 7.743745278000000454e-01 8.678950189999999620e-02 -1.409388647010000051e-01
1.413393920405760512e+18 1.338345507000000101e+00 6.484865681000000492e-01 1.800735449899999896e+00 6.144951254999999612e-01 7.876571406000000275e-01 -2.647893750000000074e-02 3.592819828450000141e-02
1.413393921305760512e+18 1.919613181299999916e+00 1.257498995000000119e-01 1.330372463500000046e+00 5.264382050000000479e-01 8.487531161000000379e-01 6.828850800000000297e-03 4.933894131680000017e-02
1.413393922305760512e+18 2.017236531400000032e+00 1.346930585999999985e-01 8.860009888000000000e-01 5.467146653000000134e-01 8.359429945999999889e-01 -1.261076560000000055e-02 4.629636255390000288e-02
1.413393922605760512e+18 1.970769829600000023e+00 1.950464541999999968e-01 7.428885064000000371e-01 5.324317573000000303e-01 8.452384708000000302e-01 -4.212757980000000207e-02 1.770927410469999921e-02
1.413393923305760512e+18 2.013607786900000196e+00 7.211498952999999545e-01 6.200686604999999796e-01 5.249731238000000522e-01 8.492812293000000512e-01 -2.267412140000000034e-02 5.109302329879999993e-02
1.413393923905760512e+18 2.120842300200000086e+00 1.515376344699999933e+00 7.086016410000000043e-01 5.549074321000000420e-01 8.190444448000000488e-01 1.233321150000000060e-01 -7.767321709530000673e-02
1.413393924105760512e+18 2.190260839900000089e+00 1.787141438699999973e+00 7.349489846000000215e-01 5.353623587000000406e-01 8.108255009000000513e-01 2.064162793000000051e-01 -1.155052880509999935e-01
1.413393924305760512e+18 2.243120087799999940e+00 2.072033350599999935e+00 7.615710524000000037e-01 5.406433775000000219e-01 7.780573858999999537e-01 3.001164943999999890e-01 -1.107318040720000063e-01
1.413393924905760512e+18 1.937045247599999964e+00 2.630827181299999928e+00 9.716152745999999674e-01 5.905799684000000438e-01 7.070991366000000111e-01 3.775485995000000261e-01 -9.318351215619999350e-02
1.413393925105760512e+18 1.645419531900000010e+00 2.604078312099999959e+00 1.154878557600000022e+00 5.456874631999999448e-01 7.520009001999999887e-01 3.326783870000000198e-01 -1.613844151519999992e-01
1.413393925305760512e+18 1.321558342099999894e+00 2.546706091399999927e+00 1.364747796999999929e+00 4.897387370999999878e-01 7.751879010000000125e-01 3.257505090000000214e-01 -2.304914171680000068e-01
1.413393925405760512e+18 1.159213010800000054e+00 2.531160042499999818e+00 1.467648550000000052e+00 4.791239447000000262e-01 7.707322077999999577e-01 3.412268571000000028e-01 -2.449006765639999972e-01
1.413393925605760512e+18 8.366319288000000354e-01 2.536861510300000067e+00 1.669994667299999902e+00 4.857304391000000221e-01 7.512996798000000087e-01 3.640107530000000202e-01 -2.590577219199999837e-01
1.413393925805760512e+18 5.133664245000000292e-01 2.574362264499999942e+00 1.806613702799999999e+00 4.925175607000000233e-01 7.393519521000000427e-01 3.754287943999999877e-01 -2.642694906110000241e-01
1.413393926605760512e+18 -5.875526317000000498e-01 2.784774424800000148e+00 1.824534538200000000e+00 5.252797136000000311e-01 7.040622024999999562e-01 3.735159087000000100e-01 -2.980998213130000019e-01
1.413393926805760512e+18 -7.804603369999999485e-01 2.831304148300000101e+00 1.792643773500000037e+00 5.205202319999999716e-01 6.842359118999999934e-01 4.047586778999999746e-01 -3.115289996689999952e-01
1.413393927105760512e+18 -1.008862410899999951e+00 2.885327911900000153e+00 1.848253579000000091e+00 4.640438191999999851e-01 6.801739736999999897e-01 4.604640687000000066e-01 -3.316617867819999788e-01
1.413393927905760512e+18 -1.691466409100000012e+00 3.204636405800000087e+00 2.212481678200000079e+00 4.997465566000000026e-01 5.708694881000000443e-01 5.648373418000000035e-01 -3.245307134850000108e-01
1.413393928805760512e+18 -2.436129648000000092e+00 2.740108101500000171e+00 2.472142255600000116e+00 4.795286992000000192e-01 5.942324043000000167e-01 5.038571630999999496e-01 -4.038168340759999975e-01
1.413393929405760512e+18 -2.552553842900000092e+00 2.236664036500000119e+00 2.566082101300000140e+00 5.233778535999999981e-01 6.616364064999999961e-01 4.423805107000000070e-01 -3.043228083510000070e-01
1.413393930405760512e+18 -2.421290064299999933e+00 1.235538933600000000e+00 2.778689810199999943e+00 5.555343324000000527e-01 7.940362774000000456e-01 1.895796406999999961e-01 -1.579479521730000058e-01
1.413393930905760512e+18 -2.245990811199999992e+00 8.617917675999999805e-01 2.514811140299999970e+00 5.721234176999999699e-01 7.796507951000000158e-01 1.949703875000000086e-01 -1.637253206900000091e-01
1.413393931305760512e+18 -2.051090090100000207e+00 5.924077855999999587e-01 2.390668292199999989e+00 5.534028515000000148e-01 7.884617500999999695e-01 2.073366184999999862e-01 -1.705428952939999909e-01
1.413393932105760512e+18 -1.484227921300000030e+00 3.287043635999999935e-01 2.012488352600000141e+00 5.388723370000000346e-01 7.933877622999999657e-01 2.156945311000000032e-01 -1.833802943939999985e-01
1.413393932905760512e+18 -8.916137293000000463e-01 4.495919364000000029e-01 1.740012067499999926e+00 5.668592983000000363e-01 7.770837710000000342e-01 2.409335251999999983e-01 -1.294696305270000014e-01
1.413393933905760512e+18 -3.599401765999999947e-01 3.194374138000000141e-01 1.643070770100000022e+00 5.536364675999999596e-01 7.871952532999999530e-01 2.170208411000000004e-01 -1.634388249850000085e-01
1.413393934405760512e+18 1.284071460000000067e-02 2.144558061999999876e-01 1.616404143300000040e+00 5.725887350999999681e-01 7.713990801000000230e-01 2.245778820999999870e-01 -1.632494244119999938e-01
1.413393934805760512e+18 3.154834960999999827e-01 9.374167760000000349e-02 1.493206802200000016e+00 5.307346963000000306e-01 7.958067044000000090e-01 1.985842771999999923e-01 -2.134868993269999904e-01
1.413393935405760512e+18 8.319742203000000114e-01 1.458172444999999984e-01 1.180595539600000077e+00 4.714883143999999970e-01 7.376598877000000165e-01 4.168738499999999902e-01 -2.444848720249999940e-01
1.413393935605760512e+18 9.209705872000000237e-01 2.135555379000000087e-01 1.176003393800000074e+00 4.653324073999999810e-01 6.863214434000000086e-01 4.869205357999999983e-01 -2.744758984430000215e-01
1.413393936105760512e+18 9.030769977000000504e-01 2.493772558000000028e-01 1.242632963699999982e+00 4.332660615000000215e-01 5.949809394999999723e-01 5.810167177999999710e-01 -3.474158534780000251e-01
1.413393936305760512e+18 8.300499648000000397e-01 1.778007798000000028e-01 1.288191296199999947e+00 3.681363563999999755e-01 5.674070373999999806e-01 6.019969105000000376e-01 -4.244108820349999922e-01
1.413393936905760512e+18 5.244068200999999485e-01 9.129313000000000011e-02 1.442020840499999901e+00 2.932848229999999723e-01 3.651769022999999947e-01 6.935295643000000121e-01 -5.473998411089999738e-01
1.413393937605760512e+18 4.845425662000000244e-01 2.312738525999999961e-01 1.676511345300000011e+00 1.780360032999999953e-01 1.954462597999999940e-01 7.762602548999999463e-01 -5.722970887060000456e-01
1.413393938805760512e+18 9.363079037000000548e-01 4.406084215000000137e-01 1.772529555099999987e+00 6.766846349999999788e-02 8.912541229999999814e-02 7.883279879000000268e-01 -6.049930771949999508e-01
1.413393939105760512e+18 1.134409182900000035e+00 5.417901474999999856e-01 1.761830301000000043e+00 3.466698149999999923e-02 1.916553080000000034e-02 7.803683471000000260e-01 -6.240642000089999808e-01
1.413393939405760512e+18 1.325430564899999997e+00 7.202320325000000079e-01 1.758459746600000040e+00 4.618180099999999975e-03 -2.087618420000000169e-02 8.197790533000000046e-01 -5.722806663609999456e-01
1.413393939605760512e+18 1.444669669799999889e+00 8.364453186000000429e-01 1.721654832100000032e+00 2.468952270000000088e-02 3.589168199999999854e-03 -8.803640983999999614e-01 4.736418474540000090e-01
1.413393939905760512e+18 1.574615600900000079e+00 7.973873140999999665e-01 1.650813322799999927e+00 2.000395299999999967e-03 7.828696399999999708e-03 -8.526422659000000293e-01 5.224326524769999924e-01
1.413393940105760512e+18 1.644221649799999962e+00 6.818338446999999691e-01 1.640363880300000021e+00 7.437208300000000376e-03 -4.208408599999999625e-03 -7.432142374000000329e-01 6.689989346200000409e-01
1.413393940405760512e+18 1.704947485699999987e+00 7.029462506000000444e-01 1.617863001899999986e+00 1.610818019999999892e-02 -1.065721139999999990e-02 -7.505270788000000248e-01 6.605573816090000161e-01
1.413393940605760512e+18 1.705682054700000005e+00 8.297390052999999988e-01 1.599642902800000099e+00 1.888761120000000127e-02 -1.985868749999999960e-02 -8.533797720000000364e-01 5.205687807569999714e-01
1.413393940905760512e+18 1.631680642100000078e+00 8.700551522999999676e-01 1.640362159299999956e+00 3.245098460000000323e-02 -5.000037150000000152e-02 -8.623963677999999522e-01 5.027120460680000180e-01
1.413393941105760512e+18 1.514676569499999959e+00 7.873041684999999568e-01 1.701226230400000095e+00 2.710980999999999894e-03 -2.944907399999999870e-02 -7.810387379000000019e-01 6.237819271019999778e-01
1.413393941405760512e+18 1.307285259499999963e+00 7.594028718999999983e-01 1.772162286399999953e+00 1.718804700000000013e-03 1.135389740000000008e-02 7.725447642999999642e-01 -6.348564576759999634e-01
1.413393941605760512e+18 1.157692876899999890e+00 8.139959750999999910e-01 1.799835690799999943e+00 1.576601999999999919e-04 3.501298700000000149e-03 8.484612425999999985e-01 -5.292459125380000184e-01
1.413393941905760512e+18 9.201681009000000078e-01 7.802771266000000372e-01 1.840712450300000080e+00 1.277854020000000063e-02 6.020420999999999759e-03 8.717451516999999983e-01 -4.897559125720000184e-01
1.413393942105760512e+18 7.622225468000000115e-01 6.474949971000000248e-01 1.867403083199999925e+00 2.253947159999999950e-02 1.263782180000000074e-02 7.982628075000000045e-01 -6.017547240430000111e-01
1.413393942305760512e+18 6.120637367000000273e-01 5.394178673999999729e-01 1.897452726400000067e+00 3.362778109999999682e-02 1.381447639999999928e-02 7.370677057000000199e-01 -6.748403735510000168e-01
1.413393942905760512e+18 2.615755238999999954e-01 6.118430877999999629e-01 1.917478699799999964e+00 3.805565119999999857e-02 1.038029220000000023e-02 8.702341984999999447e-01 -4.910564700269999805e-01
1.413393943305760512e+18 9.473157379999999628e-02 4.444881706000000099e-01 1.875479025299999991e+00 3.474589050000000123e-02 4.281304199999999734e-03 7.725880411000000114e-01 -6.339417262530000485e-01
1.413393944105760512e+18 -7.640700759999999314e-02 4.107900859999999987e-01 1.856699666399999948e+00 5.805561740000000220e-02 5.329433110000000168e-02 8.381864364000000123e-01 -5.396598534830000515e-01
1.413393944305760512e+18 -1.048391617000000026e-01 3.259954140999999916e-01 1.904409130099999903e+00 5.896337709999999871e-02 1.095316063000000006e-01 7.742558119000000350e-01 -6.205272637740000263e-01
1.413393945105760512e+18 -2.635618802999999954e-01 3.309453914000000108e-01 2.042819466100000092e+00 1.344374889000000128e-01 1.688129053999999907e-01 8.248671462000000121e-01 -5.225159860629999820e-01
1.413393945305760512e+18 -3.217697677999999950e-01 2.612866167999999822e-01 2.088515139100000084e+00 1.759696899000000037e-01 1.814099336999999978e-01 7.441955266999999985e-01 -6.183026138180000020e-01
1.413393945805760512e+18 -3.406218332000000015e-01 2.894004762999999869e-01 1.991081652299999893e+00 2.240275438999999869e-01 3.029208641999999729e-01 7.690139164999999499e-01 -5.163992698329999964e-01
1.413393946105760512e+18 -3.526149995999999787e-01 3.054835660999999924e-01 1.961210356800000110e+00 2.844211398000000002e-01 3.519717714999999747e-01 7.293850464000000144e-01 -5.130476989469999749e-01
1.413393946405760512e+18 -3.401266769999999884e-01 2.983978351000000084e-01 1.951939935299999984e+00 3.404738212999999791e-01 4.062538304000000156e-01 6.548724162000000293e-01 -5.386812793630000318e-01
1.413393946905760512e+18 -2.267356769999999966e-01 3.763833176999999974e-01 1.917877583299999911e+00 3.808936728999999799e-01 5.654201020000000355e-01 6.300483426999999859e-01 -3.718322257810000031e-01
1.413393947805760512e+18 -7.962391420000000664e-02 3.343242213000000018e-01 1.686034447800000002e+00 4.641531825999999916e-01 7.505041838999999548e-01 3.729451764999999752e-01 -2.867353978430000061e-01
1.413393949105760512e+18 1.905490709999999865e-01 2.831912885000000268e-01 1.577457039400000038e+00 5.523313834999999949e-01 8.108674237999999868e-01 1.685378905000000094e-01 -9.496864397090000465e-02
1.413393949405760512e+18 2.040796450000000040e-01 2.513041803000000129e-01 1.629899261899999896e+00 6.350145811999999834e-01 7.637669448999999666e-01 9.867942479999999850e-02 -6.065399188810000064e-02
1.413393950105760512e+18 4.622666039000000171e-01 -1.118393250999999977e-01 1.718945212499999986e+00 5.484159295999999628e-01 8.312254148000000065e-01 -2.670174150000000080e-02 -8.712803746929999316e-02
1.413393950305760512e+18 6.921929433000000298e-01 -1.743278357999999972e-01 1.750002621899999999e+00 5.270205986999999537e-01 8.493775032000000502e-01 2.769592120000000102e-02 -6.331006374190000299e-03
1.413393951105760512e+18 1.485925827099999985e+00 -1.708508660000000040e-02 1.652113965599999901e+00 5.749289005000000063e-01 8.168880524999999615e-01 3.323699979999999998e-02 3.234147226740000103e-02
1.413393951605760512e+18 1.782219563600000001e+00 1.568727008999999950e-01 1.538562128799999984e+00 5.578030497999999504e-01 8.294477376000000124e-01 1.193400969999999957e-02 2.701458289559999920e-02
1.413393952905760512e+18 1.930240365299999983e+00 8.097543256000000467e-01 1.434101406999999995e+00 5.781065157000000454e-01 8.130855490999999713e-01 6.489685159999999953e-02 -2.175189794760000114e-02
1.413393954305760512e+18 2.065626733299999795e+00 1.368403538099999928e+00 1.452025631199999944e+00 5.411269778999999724e-01 8.265640113000000122e-01 1.401195745000000104e-01 -6.587893312619999553e-02
1.413393954805760512e+18 2.012782797599999896e+00 1.582585160700000104e+00 1.495285940700000094e+00 5.014269204000000313e-01 8.183358448999999979e-01 2.495764300999999963e-01 -1.288762739340000019e-01
1.413393955105760512e+18 1.879847344200000103e+00 1.841649393700000026e+00 1.533875416100000111e+00 5.234965326999999613e-01 7.944220156000000310e-01 2.709526574000000188e-01 -1.463888620369999949e-01
1.413393955405760512e+18 1.682241143800000005e+00 2.132646730599999874e+00 1.574115695799999992e+00 5.363615823999999810e-01 7.700584414000000155e-01 2.872617880000000179e-01 -1.918512834599999939e-01
1.413393956105760512e+18 1.225428589400000101e+00 2.630618200699999853e+00 1.550808243200000103e+00 5.037510715999999888e-01 6.965894714000000487e-01 4.365300658999999861e-01 -2.654043478320000093e-01
1.413393956405760512e+18 9.947881712999999682e-01 2.716664820900000166e+00 1.550826687500000078e+00 4.915413740999999836e-01 6.562134500999999842e-01 4.665401688999999963e-01 -3.318301618500000272e-01
1.413393957305760512e+18 4.297157004000000113e-01 2.850818793799999806e+00 1.573927850700000075e+00 3.265050030000000159e-01 4.733861153000000210e-01 6.719388614000000315e-01 -4.666885850040000117e-01
1.413393957605760512e+18 2.234073478999999973e-01 2.898184824699999940e+00 1.574591486199999890e+00 2.767954818000000206e-01 3.802119583999999941e-01 7.177482190999999734e-01 -5.134789400999999476e-01
1.413393957905760512e+18 3.190505619999999681e-02 2.953831742299999785e+00 1.492923806999999936e+00 2.427047752000000003e-01 2.726885654999999797e-01 7.463400478999999699e-01 -5.565176287949999967e-01
1.413393958605760512e+18 -1.625221521000000113e-01 3.011135022900000013e+00 1.500492798600000066e+00 1.630784797000000008e-01 2.337949253000000116e-01 7.974819517000000246e-01 -5.317592302970000073e-01
1.413393960605760512e+18 -4.758610124000000052e-01 2.892054734499999835e+00 1.105587960600000086e+00 1.787184393000000038e-01 2.210993470000000016e-01 7.894355659999999775e-01 -5.440278350930000117e-01
1.413393960905760512e+18 -4.608541200999999865e-01 2.833202171800000002e+00 9.399021102000000294e-01 1.264344615999999921e-01 1.512352430999999997e-01 8.134037764999999531e-01 -5.472810288730000083e-01
1.413393962105760512e+18 -4.677932253000000040e-01 2.789250571100000187e+00 1.295579536099999984e+00 1.104061791999999959e-01 1.206099820999999989e-01 8.129675597000000087e-01 -5.588805371130000088e-01
1.413393962305760512e+18 -4.404824196000000081e-01 2.833682167000000085e+00 1.554284015299999933e+00 1.051128977999999936e-01 1.228326852999999941e-01 8.244703722999999762e-01 -5.423209523280000388e-01
1.413393962805760512e+18 -4.097030865999999882e-01 2.759883871400000022e+00 2.008334746100000068e+00 1.687553120999999989e-01 1.679468436999999870e-01 8.362468105000000484e-01 -4.939704183879999877e-01
1.413393963405760512e+18 -3.004253558000000157e-01 2.240859953599999788e+00 2.174799655500000206e+00 3.260961183000000152e-01 3.553572228999999916e-01 7.056886303999999610e-01 -5.190242023750000211e-01
1.413393963805760512e+18 -5.642259179999999791e-02 1.834664439800000046e+00 2.077014429700000164e+00 3.890821387999999770e-01 4.585545106999999732e-01 6.388902307999999586e-01 -4.797521475109999822e-01
1.413393964105760512e+18 1.968404866000000031e-01 1.526783634600000106e+00 1.911680979800000069e+00 4.291332628000000260e-01 5.186158789000000491e-01 6.040163455999999487e-01 -4.266690370130000187e-01
1.413393964405760512e+18 4.812694987000000202e-01 1.197190293900000091e+00 1.716335236499999972e+00 4.393805087000000054e-01 5.914122544000000037e-01 5.436657754000000509e-01 -4.019997993860000007e-01
1.413393964905760512e+18 9.882944336000000218e-01 7.398592730999999922e-01 1.483896251200000016e+00 4.458047290000000107e-01 6.849681148999999802e-01 4.479746352000000265e-01 -3.624852429989999791e-01
1.413393965405760512e+18 1.455370582800000090e+00 6.844316782999999571e-01 1.367254176000000099e+00 3.945010330000000009e-01 7.830576659000000328e-01 4.019494839000000153e-01 -2.638678443729999823e-01
1.413393965605760512e+18 1.543338381399999903e+00 8.357735352999999812e-01 1.365218155700000047e+00 4.598349647000000151e-01 7.386511288999999536e-01 4.567428306999999910e-01 -1.852897774410000031e-01
1.413393965805760512e+18 1.519019160500000076e+00 9.822345652999999732e-01 1.391291677699999951e+00 4.992301168000000122e-01 7.122670453999999651e-01 4.518896339999999845e-01 -1.980926680519999872e-01
1.413393966405760512e+18 1.117789217199999907e+00 1.184944859900000091e+00 1.498925650699999945e+00 5.449694647999999697e-01 6.782397015000000140e-01 4.432754226999999769e-01 -2.156527053570000130e-01
1.413393966605760512e+18 9.175350837000000315e-01 1.142281557100000011e+00 1.607008472199999982e+00 5.716369091999999874e-01 6.559386584999999936e-01 4.263757568000000053e-01 -2.473447681539999998e-01
1.413393966905760512e+18 6.406932839000000213e-01 9.665792255999999805e-01 1.686795601999999894e+00 5.714323932000000550e-01 6.570742099999999919e-01 4.068667610999999740e-01 -2.760035167329999983e-01
1.413393968905760512e+18 -3.459106120000000201e-02 -1.239184693000000004e-01 1.679269491799999958e+00 5.588965623999999632e-01 7.965792661999999691e-01 2.061913447000000010e-01 -1.028651278330000030e-01
1.413393969305760512e+18 -2.182116001999999944e-01 -1.414832909000000027e-01 1.555793130000000080e+00 5.978802826000000348e-01 7.929016762999999690e-01 9.750433869999999836e-02 -6.587111235739999404e-02
1.413393970305760512e+18 -1.766434574999999896e-01 -3.014707368000000276e-01 1.624376489599999918e+00 5.573056302000000128e-01 8.284011896999999847e-01 -1.893647370000000121e-02 5.294632557560000063e-02
1.413393971405760512e+18 -3.581649901000000247e-01 -2.414124584000000018e-01 1.728176059900000006e+00 6.664562869000000278e-01 7.432820625999999598e-01 9.176268399999999714e-03 5.730260982160000072e-02
1.413393972105760512e+18 -7.924257903000000436e-01 -7.591416718000000285e-01 1.750611738499999959e+00 5.800334887000000439e-01 8.101813571000000547e-01 -7.821075269999999691e-02 -3.240985573019999899e-02
1.413393973605760512e+18 -8.714498307000000388e-01 -1.493789362900000084e+00 1.581046254799999939e+00 6.542841901000000515e-01 7.527728866999999768e-01 -8.251147500000000079e-03 7.195205473000000629e-02
1.413393973905760512e+18 -1.083268361800000079e+00 -1.745609968099999909e+00 1.557017689100000046e+00 6.011346457999999782e-01 7.947256968000000477e-01 -7.382326570000000143e-02 -3.997911822740000259e-02
1.413393974105760512e+18 -1.149880540100000070e+00 -1.948989977000000096e+00 1.550486988899999918e+00 5.005382208999999971e-01 8.567364194000000044e-01 -9.624316180000000442e-02 -7.874929079720000002e-02
1.413393974305760512e+18 -1.095408663800000015e+00 -2.079927325799999949e+00 1.566640182500000034e+00 4.163991904000000077e-01 9.077009068000000402e-01 -4.907839080000000326e-02 -1.679552252969999937e-02
1.413393974905760512e+18 -9.483821619000000203e-01 -1.517435423900000080e+00 1.793969830500000029e+00 5.603649801000000208e-01 8.211694662999999839e-01 6.215235029999999911e-02 8.836787844469999598e-02
1.413393975105760512e+18 -1.044245306999999956e+00 -1.214504244400000044e+00 1.820571122000000042e+00 6.055175595999999771e-01 7.941489497000000508e-01 2.710685159999999885e-02 4.405847496200000074e-02
1.413393975905760512e+18 -1.587994638400000103e+00 -4.155775007999999993e-01 1.814306095300000088e+00 6.224597092000000442e-01 7.824941899999999784e-01 -1.568472200000000163e-02 8.617002279609999775e-04
1.413393976905760512e+18 -2.065354208700000083e+00 -2.752317586999999954e-01 1.705438117399999953e+00 5.703671219000000514e-01 8.202365357999999995e-01 -1.267144549999999967e-02 -4.162698724819999946e-02
1.413393978605760512e+18 -2.314748160400000199e+00 7.980090870000000614e-02 1.931906270400000070e+00 5.876472236999999987e-01 8.044152139000000368e-01 -7.862430580000000224e-02 3.748496546840000138e-02
1.413393978905760512e+18 -2.356867558199999824e+00 1.333369538999999993e-01 1.988780218700000102e+00 5.718669640000000332e-01 7.999876563000000163e-01 -1.602740968999999960e-01 8.544085110139999772e-02
1.413393979305760512e+18 -2.320242924099999993e+00 1.552028418999999992e-01 2.063381211399999859e+00 5.573485380999999572e-01 7.674097421000000141e-01 -2.770786921000000236e-01 1.538580290709999909e-01
1.413393979605760512e+18 -2.224293139999999891e+00 1.074074388999999990e-01 2.027292700099999845e+00 5.444374873999999753e-01 7.270678017999999687e-01 -3.686253127999999935e-01 1.976755237679999888e-01
1.413393979905760512e+18 -2.062613815300000208e+00 -2.299745350000000077e-02 1.964081872099999959e+00 5.063012233999999445e-01 6.956727467000000109e-01 -4.316181840000000158e-01 2.709321758959999937e-01
1.413393980105760512e+18 -1.932263482900000051e+00 -1.461348818000000049e-01 1.941120969500000015e+00 4.633401274000000236e-01 6.825006518999999772e-01 -4.715111848999999911e-01 3.117466742910000033e-01
1.413393980305760512e+18 -1.786505208599999950e+00 -2.685099356000000270e-01 1.921424143699999920e+00 4.102280777999999795e-01 6.818211497999999704e-01 -4.968725393999999795e-01 3.463387410550000101e-01
1.413393980605760512e+18 -1.522547808299999916e+00 -3.854045072000000238e-01 1.907152050699999934e+00 4.130297877999999923e-01 6.632463053999999580e-01 -4.953743617999999960e-01 3.796247811419999896e-01
1.413393981105760512e+18 -1.046680743900000099e+00 -4.115383361000000129e-01 1.918161655600000071e+00 4.224334451999999795e-01 6.572769859000000547e-01 -5.216946655999999960e-01 3.425954233069999910e-01
1.413393981605760512e+18 -4.490196189999999810e-01 -4.080096658999999848e-01 2.062649488399999953e+00 4.266090269999999740e-01 6.623806448000000291e-01 -5.087803739999999797e-01 3.469858073609999871e-01
1.413393982305760512e+18 4.945698032999999993e-01 -2.732811708999999811e-01 2.007332689900000133e+00 4.767154050999999892e-01 7.149531467999999945e-01 -3.951591433000000153e-01 3.247055156249999963e-01
1.413393982905760512e+18 1.116433706200000042e+00 1.105810004000000041e-01 1.991877672600000038e+00 5.455905590999999832e-01 8.141945655000000226e-01 -1.224437203000000030e-01 1.562871928850000092e-01
1.413393983105760512e+18 1.257561436200000049e+00 2.731411770000000128e-01 1.983887680200000059e+00 5.570571546999999457e-01 8.248873070000000141e-01 -1.253265360000000057e-02 9.534773093260000276e-02
1.413393983305760512e+18 1.344737916299999947e+00 4.460629772999999965e-01 1.973675664199999957e+00 5.611320523999999699e-01 8.209717121999999812e-01 9.666906409999999339e-02 4.232445484519999773e-02
1.413393983905760512e+18 1.166785758799999906e+00 8.593587386000000050e-01 2.001106554600000198e+00 5.681520078999999779e-01 7.327806351000000218e-01 3.466514540000000255e-01 -1.416637077379999943e-01
1.413393984105760512e+18 9.903149220000000419e-01 8.971206573000000128e-01 2.032567263699999849e+00 5.588983760000000300e-01 6.942896965999999503e-01 4.108857854999999892e-01 -1.917479953350000044e-01
1.413393984305760512e+18 7.795127143000000203e-01 8.654089990000000121e-01 2.073652892200000153e+00 5.443453315999999820e-01 6.513928356999999503e-01 4.707499173999999953e-01 -2.403540072029999863e-01
1.413393984905760512e+18 9.868049830000000244e-02 3.899791859999999777e-01 2.185713947600000040e+00 4.540912786999999895e-01 6.249295045999999632e-01 5.188523027000000454e-01 -3.661372868189999852e-01
1.413393985305760512e+18 -3.387018309000000005e-01 5.607456930000000173e-02 2.093649718300000018e+00 4.875172850999999752e-01 6.806080426999999711e-01 4.427606696999999980e-01 -3.210336093849999739e-01
1.413393985805760512e+18 -8.338446950000000246e-01 -2.979181396000000204e-01 1.948513171499999919e+00 5.180137057999999461e-01 7.699316769999999810e-01 3.055111946999999883e-01 -2.133774199160000107e-01
1.413393986805760512e+18 -1.509004078300000051e+00 -3.907540556999999914e-01 1.923647179800000107e+00 5.868924080999999848e-01 8.092957232999999917e-01 2.442185789999999981e-02 -1.143011488979999921e-03
1.413393988405760512e+18 -2.411749566900000197e+00 -5.287636359999999675e-02 1.831227030800000044e+00 5.828601471000000034e-01 8.036106269999999663e-01 -6.940481149999999655e-02 9.832080738390000518e-02
1.413393988805760512e+18 -2.790449858000000116e+00 1.370900530000000034e-02 1.702828024700000054e+00 5.701289244999999672e-01 8.110997985000000243e-01 -7.792297680000000171e-02 1.048719983719999943e-01
1.413393989405760512e+18 -3.232438399999999934e+00 2.066104474000000080e-01 1.834098210200000079e+00 5.391377577999999504e-01 8.148230669999999565e-01 -1.783617020000000108e-01 1.165373372590000067e-01
1.413393989605760512e+18 -3.270904681200000219e+00 3.151492350000000275e-01 1.924864179100000072e+00 5.829656411000000427e-01 7.796823980000000542e-01 -1.531496699999999878e-01 1.696808712379999917e-01
1.413393990405760512e+18 -3.562130589800000191e+00 5.514971216999999815e-01 1.864261567500000050e+00 5.475343888000000492e-01 7.253643411000000318e-01 -3.528424734000000229e-01 2.226091973759999898e-01
1.413393990905760512e+18 -3.589383125099999905e+00 4.440619257999999792e-01 1.756951832399999969e+00 3.793446111000000065e-01 7.457291432000000553e-01 -4.707106603999999805e-01 2.800306861519999968e-01
1.413393991405760512e+18 -3.306955568699999848e+00 5.671243161000000255e-01 1.807731048900000026e+00 5.514341537000000404e-01 6.301021518999999627e-01 -3.806556687000000050e-01 3.924193090879999901e-01
1.413393992305760512e+18 -3.272668774100000011e+00 5.502511313000000293e-01 1.947669468600000009e+00 4.775799821000000223e-01 6.936496337999999984e-01 -4.181613956999999937e-01 3.404535114089999870e-01
1.413393993305760512e+18 -3.330050128699999945e+00 3.276312143999999815e-01 1.991895396299999899e+00 4.144694386000000175e-01 7.297706891999999890e-01 -4.581643932999999724e-01 2.928057623249999963e-01
1.413393993905760512e+18 -3.182738300200000037e+00 4.398212053000000177e-01 2.083723367600000209e+00 5.369325904999999732e-01 6.422524501999999913e-01 -3.805554628000000217e-01 3.929283944549999963e-01
1.413393994605760512e+18 -3.675386829799999866e+00 3.983639311000000127e-01 2.086775041800000174e+00 4.172573786000000062e-01 7.273876765000000244e-01 -4.814053542999999769e-01 2.550535883030000117e-01
1.413393994805760512e+18 -3.810540436500000183e+00 3.399755508999999787e-01 2.023084674900000213e+00 3.531854030000000089e-01 7.552953868999999765e-01 -4.974499312999999812e-01 2.394420919499999911e-01
1.413393995605760512e+18 -3.607317458799999876e+00 4.091892748000000024e-01 1.822991937400000095e+00 5.351365869999999969e-01 7.114871644000000384e-01 -3.876785674000000070e-01 2.389982773140000016e-01
1.413393995905760512e+18 -3.479206148599999882e+00 3.427412651000000254e-01 1.762758994799999979e+00 5.757308220000000309e-01 7.507727913999999725e-01 -2.533088505000000157e-01 2.017643734959999879e-01
1.413393996305760512e+18 -3.358125375300000215e+00 1.439605919999999983e-01 1.696131734199999963e+00 5.919103706999999659e-01 7.804046001000000121e-01 -1.621657830999999883e-01 1.196370847540000060e-01
1.413393997905760512e+18 -3.001606972399999851e+00 -4.960247510999999943e-01 1.207584965799999965e+00 5.663042346000000116e-01 8.168159366999999671e-01 -6.844604699999999597e-02 8.617643552110000604e-02
1.413393999605760512e+18 -3.184147800799999928e+00 -4.761789478999999825e-01 1.026525772000000059e+00 5.572707378000000267e-01 8.196288940000000522e-01 -1.160784346000000022e-01 6.468073831060000556e-02
1.413394000105760512e+18 -3.145515581999999810e+00 -4.095720547999999739e-01 9.414178044000000023e-01 5.715047046000000242e-01 8.098952964000000199e-01 -1.038077505000000039e-01 8.170637958559999470e-02
