1.403638518077829361e+09 -0.000000000000000000e+00 -0.000000000000000000e+00 -0.000000000000000000e+00 -0.000000000000000000e+00 -0.000000000000000000e+00 -0.000000000000000000e+00 1.000000000000000000e+00
1.403638522177829504e+09 -6.525979842990636826e-03 -2.171598747372627258e-02 -7.031776476651430130e-03 -4.805924370884895325e-03 -7.144180126488208771e-03 -1.301682787016034126e-03 9.999621510505676270e-01
1.403638522277829409e+09 -9.160112589597702026e-03 -6.189988553524017334e-02 -2.075252868235111237e-02 3.774547018110752106e-03 -1.255574636161327362e-02 7.925966638140380383e-04 9.999138116836547852e-01
1.403638522377829552e+09 -9.389721788465976715e-03 -1.239819750189781189e-01 -4.105021432042121887e-02 1.226158719509840012e-02 -1.893417350947856903e-02 2.805309835821390152e-03 9.997416138648986816e-01
1.403638522477829456e+09 -9.033977985382080078e-03 -1.985783725976943970e-01 -6.709154695272445679e-02 1.039472687989473343e-02 -2.795338444411754608e-02 7.120179012417793274e-03 9.995298385620117188e-01
1.403638522577829361e+09 -8.510905317962169647e-03 -2.779396176338195801e-01 -9.421421587467193604e-02 4.029702395200729370e-03 -3.619286417961120605e-02 1.478778105229139328e-02 9.992272853851318359e-01
1.403638522677829504e+09 -7.888436317443847656e-03 -3.586722612380981445e-01 -1.164873465895652771e-01 8.199640549719333649e-03 -4.200100898742675781e-02 1.426741201430559158e-02 9.989820718765258789e-01
1.403638522777829409e+09 -1.041278056800365448e-02 -4.430311620235443115e-01 -1.383346021175384521e-01 1.842428557574748993e-02 -4.888009652495384216e-02 9.973507374525070190e-03 9.985849261283874512e-01
1.403638522877829552e+09 -1.187882386147975922e-02 -5.321276187896728516e-01 -1.636567264795303345e-01 2.743707783520221710e-02 -5.873426422476768494e-02 1.842291094362735748e-02 9.977265000343322754e-01
1.403638523077829361e+09 3.418311476707458496e-03 -6.766306161880493164e-01 -2.131124436855316162e-01 3.974455595016479492e-02 -6.302686035633087158e-02 2.879435941576957703e-02 9.968043565750122070e-01
1.403638523577829361e+09 5.647627264261245728e-02 -4.747502505779266357e-01 -1.433440446853637695e-01 2.706964686512947083e-02 -4.567008838057518005e-02 9.307377971708774567e-03 9.985464215278625488e-01
1.403638523677829504e+09 6.791512668132781982e-02 -3.861362636089324951e-01 -1.180087924003601074e-01 1.081067696213722229e-02 -4.206836596131324768e-02 2.917257836088538170e-03 9.990519881248474121e-01
1.403638523877829552e+09 8.607595413923263550e-02 -2.241326719522476196e-01 -7.753203064203262329e-02 1.869217958301305771e-03 -3.980044648051261902e-02 -5.813617259263992310e-03 9.991890192031860352e-01
1.403638524077829361e+09 9.536176174879074097e-02 -1.332505196332931519e-01 -6.615011394023895264e-02 -3.654101397842168808e-03 -3.432357683777809143e-02 -2.683920226991176605e-02 9.990437030792236328e-01
1.403638524277829409e+09 9.884189069271087646e-02 -3.201926350593566895e-01 -1.398489326238632202e-01 -9.767338633537292480e-03 -4.952168092131614685e-02 -2.150632813572883606e-02 9.984937310218811035e-01
1.403638524477829456e+09 1.021249964833259583e-01 -5.327649712562561035e-01 -2.011620402336120605e-01 1.722117885947227478e-02 -5.514810979366302490e-02 -1.300493441522121429e-02 9.982450008392333984e-01
1.403638524677829504e+09 6.986971944570541382e-02 -2.391531765460968018e-01 -5.218335986137390137e-02 -1.386017259210348129e-02 -5.094842240214347839e-02 -1.471096184104681015e-02 9.984967708587646484e-01
1.403638525977829456e+09 1.737510263919830322e-01 -1.860873848199844360e-01 -4.758917540311813354e-02 -1.088952925056219101e-02 -2.342820726335048676e-02 -1.290671434253454208e-02 9.995828866958618164e-01
1.403638526277829409e+09 3.138096630573272705e-01 -2.249553799629211426e-01 -8.282811939716339111e-02 -1.659167814068496227e-03 -8.719051256775856018e-03 -1.317769056186079979e-03 9.999597668647766113e-01
1.403638526477829456e+09 4.901611506938934326e-01 -2.486204057931900024e-01 -1.245299726724624634e-01 1.641897857189178467e-02 5.952208302915096283e-03 1.573101989924907684e-02 9.997237324714660645e-01
1.403638526677829504e+09 7.119015455245971680e-01 -2.466968446969985962e-01 -1.655017286539077759e-01 3.006442822515964508e-02 2.441515028476715088e-02 1.970147341489791870e-02 9.990555047988891602e-01
1.403638526877829552e+09 9.363440275192260742e-01 -2.299241572618484497e-01 -2.081617414951324463e-01 2.519992925226688385e-02 3.985056281089782715e-02 2.054742723703384399e-02 9.986765384674072266e-01
1.403638527077829361e+09 1.193077802658081055e+00 -2.315958738327026367e-01 -2.430483996868133545e-01 1.395777706056833267e-02 8.649942278861999512e-02 4.001362621784210205e-02 9.953501820564270020e-01
1.403638527377829552e+09 7.586516737937927246e-01 -3.227997720241546631e-01 -8.672158420085906982e-02 2.470549382269382477e-02 7.405776530504226685e-02 3.384219855070114136e-02 9.963732957839965820e-01
1.403638528277829409e+09 4.491022229194641113e-01 -3.662426471710205078e-01 9.589868783950805664e-02 2.742485515773296356e-02 3.655098378658294678e-02 2.383042126893997192e-02 9.986711144447326660e-01
1.403638528777829409e+09 2.181069701910018921e-01 -3.444029986858367920e-01 4.573177918791770935e-02 -9.005735628306865692e-03 6.871784478425979614e-02 1.952640898525714874e-02 9.974043965339660645e-01
1.403638529577829361e+09 1.722556799650192261e-01 -2.347647100687026978e-01 8.219606243073940277e-03 -3.499601781368255615e-02 6.485772877931594849e-02 1.525775063782930374e-02 9.971639513969421387e-01
1.403638529877829552e+09 1.295329630374908447e-01 -1.134047508239746094e-01 7.705072313547134399e-02 -1.713761501014232635e-02 6.854150444269180298e-02 1.947994902729988098e-02 9.973109364509582520e-01
1.403638530377829552e+09 1.619007140398025513e-01 -8.697911351919174194e-02 1.930283457040786743e-01 -2.216924726963043213e-02 8.523662388324737549e-02 3.339974209666252136e-02 9.955540299415588379e-01
1.403638538977829456e+09 1.642945259809494019e-01 -9.888556599617004395e-02 2.434253245592117310e-01 2.244626171886920929e-02 8.528913557529449463e-02 2.967527136206626892e-02 9.956612586975097656e-01
1.403638539277829409e+09 1.671491712331771851e-01 -1.742917746305465698e-01 2.485594451427459717e-01 2.738190069794654846e-02 8.417504280805587769e-02 2.879181504249572754e-02 9.956585168838500977e-01
1.403638539477829456e+09 1.721818894147872925e-01 -2.910715043544769287e-01 2.375637590885162354e-01 2.244904637336730957e-02 8.227221667766571045e-02 2.711642161011695862e-02 9.959880113601684570e-01
1.403638539777829409e+09 1.818662583827972412e-01 -4.580212533473968506e-01 2.994679808616638184e-01 -3.964173607528209686e-03 7.667712867259979248e-02 2.706255018711090088e-02 9.966807961463928223e-01
1.403638540377829552e+09 1.915721297264099121e-01 -6.937814950942993164e-01 6.115981936454772949e-01 1.303642243146896362e-02 4.096952825784683228e-02 5.190377589315176010e-03 9.990618824958801270e-01
1.403638540877829552e+09 9.073407202959060669e-02 -8.982858657836914062e-01 9.628357291221618652e-01 1.882078126072883606e-02 -6.670038402080535889e-02 -5.557661876082420349e-02 9.960463047027587891e-01
1.403638541677829504e+09 -5.669649839401245117e-01 -1.478569746017456055e+00 1.567650914192199707e+00 2.007817476987838745e-02 -1.516987085342407227e-01 -7.327841222286224365e-02 9.855022430419921875e-01
1.403638542177829504e+09 -1.088812112808227539e+00 -1.705903053283691406e+00 1.888438940048217773e+00 5.252186208963394165e-02 -2.476959079504013062e-01 -1.330944150686264038e-01 9.582140445709228516e-01
1.403638542877829552e+09 -2.296355962753295898e+00 -2.124951362609863281e+00 2.078781604766845703e+00 2.178339287638664246e-02 -2.705502808094024658e-01 -1.164631098508834839e-01 9.553870558738708496e-01
1.403638543677829504e+09 -2.900223255157470703e+00 -2.201013326644897461e+00 2.151487827301025391e+00 2.673105336725711823e-02 -3.402158915996551514e-01 -1.571910381317138672e-01 9.267306327819824219e-01
1.403638543977829456e+09 -3.561716318130493164e+00 -2.394284248352050781e+00 2.166593074798583984e+00 2.085492573678493500e-02 -4.011181592941284180e-01 -1.637566983699798584e-01 9.010288715362548828e-01
1.403638544677829504e+09 -5.225864410400390625e+00 -2.676981210708618164e+00 2.425155878067016602e+00 2.612166851758956909e-02 -4.123134911060333252e-01 -1.668684929609298706e-01 8.952486515045166016e-01
1.403638545677829504e+09 -6.165448665618896484e+00 -2.692576408386230469e+00 2.629566907882690430e+00 2.405124157667160034e-02 -4.734800457954406738e-01 -1.908151507377624512e-01 8.595508933067321777e-01
1.403638545977829456e+09 -7.114644527435302734e+00 -2.855131864547729492e+00 2.746764659881591797e+00 2.073323912918567657e-02 -5.421869158744812012e-01 -2.224291712045669556e-01 8.100177645683288574e-01
1.403638546777829409e+09 -8.513371467590332031e+00 -2.997844934463500977e+00 2.843099117279052734e+00 3.271724283695220947e-02 -5.594540238380432129e-01 -2.493951320648193359e-01 7.897739410400390625e-01
1.403638547777829409e+09 -1.031926345825195312e+01 -2.755972385406494141e+00 2.782129287719726562e+00 2.179776504635810852e-02 -5.696436762809753418e-01 -2.416457235813140869e-01 7.852632403373718262e-01
1.403638548377829552e+09 -1.188354873657226562e+01 -2.814263820648193359e+00 2.465457916259765625e+00 1.884979754686355591e-02 -6.302192807197570801e-01 -2.628325521945953369e-01 7.303338050842285156e-01
1.403638549277829409e+09 -1.385891151428222656e+01 -3.151335239410400391e+00 1.962148666381835938e+00 1.676391996443271637e-02 -6.343017816543579102e-01 -2.500420212745666504e-01 7.313407063484191895e-01
1.403638550177829504e+09 -1.614197921752929688e+01 -3.807616710662841797e+00 1.438884735107421875e+00 1.048943493515253067e-02 -6.366937756538391113e-01 -2.450119405984878540e-01 7.310815453529357910e-01
1.403638550877829552e+09 -1.738368415832519531e+01 -4.128095626831054688e+00 1.324135780334472656e+00 3.442372381687164307e-02 -6.455559730529785156e-01 -2.181362211704254150e-01 7.310876250267028809e-01
1.403638551477829456e+09 -1.853530311584472656e+01 -4.576853752136230469e+00 1.429904937744140625e+00 7.595200557261705399e-03 -6.002828478813171387e-01 -1.862972676753997803e-01 7.777507305145263672e-01
1.403638551777829409e+09 -1.910157012939453125e+01 -4.876153945922851562e+00 1.764660835266113281e+00 2.593735046684741974e-02 -5.389456748962402344e-01 -1.701844781637191772e-01 8.245616555213928223e-01
1.403638552377829552e+09 -1.972790145874023438e+01 -5.847063064575195312e+00 3.032507896423339844e+00 3.812281787395477295e-02 -5.349379181861877441e-01 -1.759123355150222778e-01 8.254956603050231934e-01
1.403638553377829552e+09 -1.949273681640625000e+01 -6.322575569152832031e+00 3.946022987365722656e+00 7.332805544137954712e-02 -5.412830710411071777e-01 -1.773961633443832397e-01 8.186368942260742188e-01
1.403638554077829361e+09 -1.855599403381347656e+01 -6.950707912445068359e+00 4.630399703979492188e+00 3.835731372237205505e-02 -5.303735136985778809e-01 -2.068639248609542847e-01 8.212429285049438477e-01
1.403638554977829456e+09 -1.736873435974121094e+01 -7.424048423767089844e+00 5.311890602111816406e+00 2.735500782728195190e-02 -5.212628245353698730e-01 -1.864600032567977905e-01 8.323277831077575684e-01
1.403638555377829552e+09 -1.677964591979980469e+01 -7.573605060577392578e+00 5.731940269470214844e+00 3.189088031649589539e-02 -4.918576180934906006e-01 -1.827501654624938965e-01 8.506829142570495605e-01
1.403638555977829456e+09 -1.564422702789306641e+01 -8.100386619567871094e+00 6.501387596130371094e+00 1.232780795544385910e-02 -4.872152805328369141e-01 -1.913371682167053223e-01 8.519738316535949707e-01
1.403638556877829552e+09 -1.472749137878417969e+01 -8.874486923217773438e+00 7.678956031799316406e+00 1.699185743927955627e-02 -4.934130907058715820e-01 -1.713984459638595581e-01 8.525710701942443848e-01
1.403638557577829361e+09 -1.416156387329101562e+01 -9.463143348693847656e+00 8.689048767089843750e+00 3.175690397620201111e-02 -4.851626753807067871e-01 -1.916992366313934326e-01 8.525609374046325684e-01
1.403638558177829504e+09 -1.375359344482421875e+01 -9.978171348571777344e+00 9.669388771057128906e+00 -2.750608138740062714e-03 -4.735094606876373291e-01 -2.130860388278961182e-01 8.546201586723327637e-01
1.403638558777829409e+09 -1.377631187438964844e+01 -1.073656558990478516e+01 1.068323326110839844e+01 1.453556120395660400e-02 -4.808550775051116943e-01 -1.862799525260925293e-01 8.566603660583496094e-01
1.403638559377829552e+09 -1.397248363494873047e+01 -1.119379425048828125e+01 1.189538002014160156e+01 3.625002875924110413e-02 -4.787149727344512939e-01 -1.989801377058029175e-01 8.543563485145568848e-01
1.403638559977829456e+09 -1.421221923828125000e+01 -1.147895526885986328e+01 1.283592224121093750e+01 3.439599648118019104e-02 -4.451000988483428955e-01 -1.757968664169311523e-01 8.773815035820007324e-01
1.403638560277829409e+09 -1.435351085662841797e+01 -1.156382465362548828e+01 1.341213798522949219e+01 4.763996973633766174e-02 -3.740850687026977539e-01 -1.368386149406433105e-01 9.160054326057434082e-01
1.403638560577829361e+09 -1.445560169219970703e+01 -1.159441947937011719e+01 1.396787643432617188e+01 4.637840017676353455e-02 -3.046873509883880615e-01 -8.539857715368270874e-02 9.474818110466003418e-01
1.403638560877829552e+09 -1.441205978393554688e+01 -1.174955558776855469e+01 1.458376502990722656e+01 6.144320219755172729e-02 -2.191825807094573975e-01 -4.331107065081596375e-02 9.727835655212402344e-01
1.403638561377829552e+09 -1.379281425476074219e+01 -1.195500946044921875e+01 1.541515350341796875e+01 4.625887423753738403e-02 -1.706311404705047607e-01 -6.446015089750289917e-02 9.821354746818542480e-01
1.403638562177829504e+09 -1.325295543670654297e+01 -1.200691890716552734e+01 1.582781696319580078e+01 4.998259246349334717e-02 -9.070453792810440063e-02 -2.709428407251834869e-02 9.942536950111389160e-01
1.403638562777829409e+09 -1.283363342285156250e+01 -1.211073684692382812e+01 1.593644618988037109e+01 4.915367439389228821e-02 4.574188787955790758e-04 2.895107865333557129e-02 9.983715415000915527e-01
1.403638563077829361e+09 -1.217650508880615234e+01 -1.200119972229003906e+01 1.602076911926269531e+01 7.397291809320449829e-02 7.403605431318283081e-02 6.739292293787002563e-02 9.922221899032592773e-01
1.403638563877829552e+09 -1.028533649444580078e+01 -1.157822322845458984e+01 1.521724605560302734e+01 7.295444607734680176e-02 5.374172702431678772e-02 5.237955600023269653e-02 9.945079088211059570e-01
1.403638564777829409e+09 -9.068070411682128906e+00 -1.124037837982177734e+01 1.438752460479736328e+01 6.688452512025833130e-02 4.627326503396034241e-02 6.924582272768020630e-02 9.942787885665893555e-01
1.403638565277829409e+09 -8.235843658447265625e+00 -1.073586463928222656e+01 1.391701698303222656e+01 6.314653903245925903e-02 4.646268859505653381e-02 6.945376843214035034e-02 9.944998621940612793e-01
1.403638565477829456e+09 -7.020284175872802734e+00 -9.983311653137207031e+00 1.320801067352294922e+01 6.664024293422698975e-02 6.178322061896324158e-02 4.696236923336982727e-02 9.947544932365417480e-01
1.403638565877829552e+09 -5.820346832275390625e+00 -9.319828987121582031e+00 1.234060668945312500e+01 5.324392393231391907e-02 7.591666281223297119e-02 3.036395832896232605e-02 9.952285289764404297e-01
1.403638566277829409e+09 -4.726912498474121094e+00 -8.518778800964355469e+00 1.149717903137207031e+01 5.130000039935112000e-02 7.314093410968780518e-02 3.337561711668968201e-02 9.954419732093811035e-01
1.403638566677829504e+09 -3.975292205810546875e+00 -7.801212787628173828e+00 1.090133953094482422e+01 8.946950547397136688e-03 6.799749284982681274e-02 3.085678443312644958e-02 9.971681237220764160e-01
1.403638566977829456e+09 -3.019574165344238281e+00 -6.838189601898193359e+00 1.029013156890869141e+01 2.425581403076648712e-02 6.484040617942810059e-02 2.382553368806838989e-02 9.973163008689880371e-01
1.403638567477829456e+09 -1.950807213783264160e+00 -5.700012207031250000e+00 9.680777549743652344e+00 2.733529359102249146e-02 7.649589329957962036e-02 1.668975688517093658e-02 9.965554475784301758e-01
1.403638567877829552e+09 -1.076917409896850586e+00 -4.923890113830566406e+00 9.038629531860351562e+00 1.436818018555641174e-02 8.262204378843307495e-02 1.422389876097440720e-02 9.963758587837219238e-01
1.403638568577829361e+09 -5.412074550986289978e-02 -4.070778846740722656e+00 8.236407279968261719e+00 5.491463001817464828e-03 8.738476783037185669e-02 9.840896353125572205e-03 9.961109161376953125e-01
1.403638570577829361e+09 2.228796929121017456e-01 -3.584259510040283203e+00 8.140818595886230469e+00 4.127696901559829712e-02 1.359681040048599243e-01 1.140130236744880676e-01 9.832649230957031250e-01
1.403638570877829552e+09 4.880667328834533691e-01 -3.274186134338378906e+00 8.142855644226074219e+00 4.892668500542640686e-02 2.335475087165832520e-01 1.406337320804595947e-01 9.608766436576843262e-01
1.403638571277829409e+09 1.062202930450439453e+00 -2.952437400817871094e+00 7.775673866271972656e+00 3.692700713872909546e-02 2.929163873195648193e-01 1.368633061647415161e-01 9.455711841583251953e-01
1.403638571877829552e+09 1.631500601768493652e+00 -2.651969432830810547e+00 7.362966537475585938e+00 2.749028429388999939e-02 3.578717112541198730e-01 1.769193261861801147e-01 9.164451360702514648e-01
1.403638572177829504e+09 2.137664318084716797e+00 -2.480877399444580078e+00 6.964588165283203125e+00 1.489437557756900787e-02 4.202931821346282959e-01 1.937137395143508911e-01 8.863446712493896484e-01
1.403638572477829456e+09 2.696528911590576172e+00 -2.278286933898925781e+00 6.552278041839599609e+00 2.737013855949044228e-03 4.601875841617584229e-01 1.988437771797180176e-01 8.652635812759399414e-01
1.403638572877829552e+09 3.735840797424316406e+00 -2.096060991287231445e+00 5.910430908203125000e+00 -1.584616675972938538e-02 4.655182063579559326e-01 1.899987161159515381e-01 8.642582297325134277e-01
1.403638573477829456e+09 4.920027256011962891e+00 -2.031493663787841797e+00 5.472489356994628906e+00 -2.170327678322792053e-02 4.690110087394714355e-01 1.856575310230255127e-01 8.631854057312011719e-01
1.403638573877829552e+09 5.951417922973632812e+00 -2.140490531921386719e+00 5.264889240264892578e+00 1.781278103590011597e-02 5.252894759178161621e-01 1.988032162189483643e-01 8.271825313568115234e-01
1.403638574177829504e+09 6.696218013763427734e+00 -2.136563062667846680e+00 5.137980461120605469e+00 4.284895956516265869e-02 5.835438370704650879e-01 2.369816154241561890e-01 7.755516767501831055e-01
1.403638574477829456e+09 7.384588241577148438e+00 -2.061144113540649414e+00 4.939005851745605469e+00 3.275070339441299438e-02 6.328029632568359375e-01 2.493974119424819946e-01 7.323174476623535156e-01
1.403638574877829552e+09 8.400367736816406250e+00 -2.001388311386108398e+00 4.520063400268554688e+00 1.526242122054100037e-02 6.399241685867309570e-01 2.667422592639923096e-01 7.204948663711547852e-01
1.403638575477829456e+09 9.435915946960449219e+00 -1.758654832839965820e+00 4.086184501647949219e+00 -5.012071691453456879e-03 6.304828524589538574e-01 2.635591626167297363e-01 7.300704717636108398e-01
1.403638575877829552e+09 1.039241027832031250e+01 -1.717164993286132812e+00 3.672369956970214844e+00 -1.910977996885776520e-02 6.275597214698791504e-01 2.569684386253356934e-01 7.346909642219543457e-01
1.403638576277829409e+09 1.148309516906738281e+01 -1.787444114685058594e+00 3.307202339172363281e+00 -2.589159458875656128e-02 6.337743997573852539e-01 2.421958893537521362e-01 7.341668009757995605e-01
1.403638576677829504e+09 1.265149974822998047e+01 -1.803713798522949219e+00 3.148836135864257812e+00 -2.350828424096107483e-02 6.405935883522033691e-01 2.246253341436386108e-01 7.339147329330444336e-01
1.403638577077829361e+09 1.409115028381347656e+01 -1.896448612213134766e+00 3.198824882507324219e+00 -9.091884829103946686e-03 6.406361460685729980e-01 2.271458208560943604e-01 7.334217429161071777e-01
1.403638577677829504e+09 1.571846389770507812e+01 -2.154822349548339844e+00 3.485807418823242188e+00 -9.474695660173892975e-03 6.373893022537231445e-01 2.304585725069046021e-01 7.352101802825927734e-01
1.403638578177829504e+09 1.675460815429687500e+01 -2.389162540435791016e+00 3.787830352783203125e+00 1.241660583764314651e-02 6.299384832382202148e-01 2.470514774322509766e-01 7.361990213394165039e-01
1.403638578677829504e+09 1.821236419677734375e+01 -2.588973999023437500e+00 4.241634368896484375e+00 1.328119687968865037e-04 6.372578740119934082e-01 2.310934066772460938e-01 7.351859211921691895e-01
1.403638579277829409e+09 1.953247833251953125e+01 -2.930529117584228516e+00 4.705423355102539062e+00 2.394026704132556915e-02 6.286904215812683105e-01 2.417011409997940063e-01 7.387528419494628906e-01
1.403638579777829409e+09 2.025988769531250000e+01 -3.053860187530517578e+00 5.045400619506835938e+00 1.963425427675247192e-02 5.656715631484985352e-01 1.940451413393020630e-01 8.012344837188720703e-01
1.403638580077829361e+09 2.066676521301269531e+01 -3.083376407623291016e+00 5.320854187011718750e+00 4.086899012327194214e-02 4.597145020961761475e-01 1.405558735132217407e-01 8.759202957153320312e-01
1.403638580377829552e+09 2.103134346008300781e+01 -3.009667396545410156e+00 5.649697303771972656e+00 3.099159337580204010e-02 3.484335839748382568e-01 1.332738399505615234e-01 9.272926449775695801e-01
1.403638580877829552e+09 2.206335449218750000e+01 -3.435105085372924805e+00 6.204349517822265625e+00 4.380205646157264709e-02 3.381924629211425781e-01 1.047592833638191223e-01 9.342016577720642090e-01
1.403638583577829361e+09 2.181276321411132812e+01 -4.849165439605712891e+00 6.475724697113037109e+00 1.872680336236953735e-02 3.404750823974609375e-01 1.071805208921432495e-01 9.339370727539062500e-01
1.403638584277829409e+09 2.028963088989257812e+01 -5.144232273101806641e+00 6.742642879486083984e+00 2.491597458720207214e-02 3.364515602588653564e-01 1.137330606579780579e-01 9.344754815101623535e-01
1.403638585877829552e+09 1.842058944702148438e+01 -5.573759555816650391e+00 6.934183120727539062e+00 2.665511891245841980e-02 3.399220108985900879e-01 1.111806333065032959e-01 9.334781765937805176e-01
1.403638587377829552e+09 1.686078453063964844e+01 -5.532491683959960938e+00 7.215331554412841797e+00 2.114394679665565491e-02 3.377562463283538818e-01 1.190136298537254333e-01 9.334395527839660645e-01
1.403638588477829456e+09 1.505565071105957031e+01 -5.472804546356201172e+00 7.503827571868896484e+00 2.504035644233226776e-02 3.383655250072479248e-01 1.178206875920295715e-01 9.332739114761352539e-01
1.403638589577829361e+09 1.296421051025390625e+01 -5.413210391998291016e+00 7.617270469665527344e+00 2.145710028707981110e-02 3.409708738327026367e-01 1.199374794960021973e-01 9.321445822715759277e-01
1.403638590677829504e+09 1.119639778137207031e+01 -5.365385055541992188e+00 7.607499599456787109e+00 -8.112572133541107178e-03 3.373325467109680176e-01 1.340034604072570801e-01 9.317640066146850586e-01
1.403638591577829361e+09 1.039578723907470703e+01 -5.596552848815917969e+00 8.153619766235351562e+00 2.113074250519275665e-02 3.140299022197723389e-01 1.357747912406921387e-01 9.394168257713317871e-01
1.403638592577829361e+09 1.059200000762939453e+01 -6.550317287445068359e+00 8.579020500183105469e+00 5.498812068253755569e-03 2.597247660160064697e-01 9.323118627071380615e-02 9.611560106277465820e-01
1.403638593677829504e+09 1.082886409759521484e+01 -7.404069900512695312e+00 9.107960700988769531e+00 3.377499431371688843e-02 2.447413206100463867e-01 7.221247255802154541e-02 9.663054943084716797e-01
1.403638596377829552e+09 9.194286346435546875e+00 -8.148247718811035156e+00 9.275272369384765625e+00 7.412478793412446976e-03 2.688139081001281738e-01 -7.016085088253021240e-03 9.631381034851074219e-01
1.403638597177829504e+09 7.717543125152587891e+00 -8.548307418823242188e+00 9.584586143493652344e+00 2.108739688992500305e-02 2.713895738124847412e-01 -2.645200118422508240e-03 9.622349143028259277e-01
1.403638597577829361e+09 6.102771282196044922e+00 -8.737611770629882812e+00 9.973248481750488281e+00 3.905618935823440552e-02 2.623376250267028809e-01 2.169868722558021545e-02 9.639412760734558105e-01
1.403638597977829456e+09 4.217771530151367188e+00 -8.851779937744140625e+00 1.034967327117919922e+01 3.752418980002403259e-02 2.347623556852340698e-01 2.350932918488979340e-02 9.710437655448913574e-01
1.403638598277829409e+09 2.692579507827758789e+00 -8.966941833496093750e+00 1.057612800598144531e+01 3.158788383007049561e-02 2.155996412038803101e-01 5.491816997528076172e-02 9.744244813919067383e-01
1.403638598677829504e+09 1.698162078857421875e+00 -8.986219406127929688e+00 1.072441291809082031e+01 2.717204019427299500e-02 2.009121924638748169e-01 5.158856511116027832e-02 9.778724312782287598e-01
1.403638598777829409e+09 7.126553654670715332e-01 -8.997288703918457031e+00 1.086025524139404297e+01 2.832277491688728333e-02 1.714621335268020630e-01 4.050529003143310547e-02 9.839501976966857910e-01
1.403638598977829456e+09 -2.486005723476409912e-01 -9.020849227905273438e+00 1.096641731262207031e+01 2.878166735172271729e-02 1.339682638645172119e-01 2.535289712250232697e-02 9.902431368827819824e-01
1.403638599177829504e+09 -1.199773907661437988e+00 -9.079639434814453125e+00 1.104545021057128906e+01 2.803250961005687714e-02 9.367865324020385742e-02 7.974357344210147858e-03 9.951758384704589844e-01
1.403638599377829552e+09 -2.137401819229125977e+00 -9.159672737121582031e+00 1.109093475341796875e+01 2.130627818405628204e-02 5.784424021840095520e-02 -5.177150014787912369e-03 9.980847835540771484e-01
1.403638599577829361e+09 -3.516126632690429688e+00 -9.251211166381835938e+00 1.118262958526611328e+01 1.518313772976398468e-02 3.957306966185569763e-02 -1.116104144603013992e-02 9.990390539169311523e-01
1.403638599977829456e+09 -4.420261859893798828e+00 -9.286187171936035156e+00 1.127424049377441406e+01 1.271394640207290649e-02 3.826693072915077209e-02 -1.282855286262929440e-03 9.991858601570129395e-01
1.403638600077829361e+09 -5.294799804687500000e+00 -9.305171012878417969e+00 1.137844467163085938e+01 7.459641434252262115e-03 3.255267813801765442e-02 2.527837082743644714e-02 9.991225004196166992e-01
1.403638600377829552e+09 -6.120893001556396484e+00 -9.301075935363769531e+00 1.150741195678710938e+01 2.191105013480409980e-04 2.770761772990226746e-02 5.110267177224159241e-02 9.983089566230773926e-01
1.403638600577829361e+09 -6.862051963806152344e+00 -9.326569557189941406e+00 1.164814472198486328e+01 -3.440882777795195580e-03 2.737997099757194519e-02 5.938889086246490479e-02 9.978535175323486328e-01
1.403638600777829409e+09 -7.497424602508544922e+00 -9.418302536010742188e+00 1.179338359832763672e+01 -1.342500001192092896e-02 2.618373371660709381e-02 6.305197626352310181e-02 9.975764155387878418e-01
1.403638600977829456e+09 -8.514187812805175781e+00 -9.659536361694335938e+00 1.220830535888671875e+01 -2.150164917111396790e-02 4.147545248270034790e-02 7.320416159927845001e-03 9.988813400268554688e-01
1.403638601377829552e+09 -9.228505134582519531e+00 -9.846982002258300781e+00 1.263916492462158203e+01 7.631683256477117538e-03 2.720317058265209198e-02 -2.957656979560852051e-03 9.995964169502258301e-01
1.403638601577829361e+09 -9.704583168029785156e+00 -1.001506805419921875e+01 1.292068958282470703e+01 1.984221488237380981e-02 -1.039020530879497528e-02 -1.929357834160327911e-02 9.995630383491516113e-01
1.403638601777829409e+09 -1.018358707427978516e+01 -1.022022914886474609e+01 1.317001914978027344e+01 2.753276377916336060e-02 -6.336124986410140991e-02 -4.967537149786949158e-02 9.963732361793518066e-01
1.403638601977829456e+09 -1.119261169433593750e+01 -1.061137199401855469e+01 1.364193630218505859e+01 3.816749528050422668e-02 -1.380439102649688721e-01 -8.830397576093673706e-02 9.857431650161743164e-01
1.403638602377829552e+09 -1.198846340179443359e+01 -1.085995578765869141e+01 1.388237762451171875e+01 1.066737100481987000e-01 -2.270693331956863403e-01 -5.762612074613571167e-02 9.663020372390747070e-01
1.403638602677829504e+09 -1.259427738189697266e+01 -1.108940410614013672e+01 1.386381721496582031e+01 1.081338748335838318e-01 -2.924676835536956787e-01 -7.760611176490783691e-02 9.469673037528991699e-01
1.403638602977829456e+09 -1.304421615600585938e+01 -1.127384948730468750e+01 1.353924942016601562e+01 7.519679516553878784e-02 -3.690441846847534180e-01 -1.003704592585563660e-01 9.209113121032714844e-01
1.403638603377829552e+09 -1.322223758697509766e+01 -1.074466514587402344e+01 1.240320301055908203e+01 6.977613270282745361e-02 -3.772135972976684570e-01 -1.443551182746887207e-01 9.121419191360473633e-01
1.403638604577829361e+09 -1.308680343627929688e+01 -1.038631820678710938e+01 1.144273376464843750e+01 3.412792086601257324e-02 -3.792268633842468262e-01 -1.401430815458297729e-01 9.139924049377441406e-01
1.403638605077829361e+09 -1.292826461791992188e+01 -1.003464317321777344e+01 1.017751312255859375e+01 4.157993569970130920e-02 -3.667160272598266602e-01 -1.765738278627395630e-01 9.124758839607238770e-01
1.403638606077829361e+09 -1.325662136077880859e+01 -9.508151054382324219e+00 8.525217056274414062e+00 3.941893950104713440e-02 -3.578263819217681885e-01 -1.902704089879989624e-01 9.133474826812744141e-01
1.403638606577829361e+09 -1.367561721801757812e+01 -9.028338432312011719e+00 7.618736267089843750e+00 -9.118389338254928589e-03 -3.805121183395385742e-01 -1.754451692104339600e-01 9.079352617263793945e-01
1.403638606877829552e+09 -1.410641574859619141e+01 -8.686245918273925781e+00 7.028090000152587891e+00 -1.658575423061847687e-02 -4.334370195865631104e-01 -1.913374662399291992e-01 8.804812431335449219e-01
1.403638607177829504e+09 -1.464142322540283203e+01 -8.455703735351562500e+00 6.519235610961914062e+00 1.186895370483398438e-02 -4.753507971763610840e-01 -1.771439909934997559e-01 8.616964817047119141e-01
1.403638607577829361e+09 -1.550882911682128906e+01 -7.947980880737304688e+00 5.934518814086914062e+00 1.545890886336565018e-02 -4.839710295200347900e-01 -1.725469082593917847e-01 8.577649593353271484e-01
1.403638608277829409e+09 -1.663145256042480469e+01 -6.878611564636230469e+00 5.473772048950195312e+00 4.219107702374458313e-02 -4.792212843894958496e-01 -1.625960320234298706e-01 8.614693880081176758e-01
1.403638608977829456e+09 -1.715321350097656250e+01 -6.081855773925781250e+00 5.105261802673339844e+00 2.259109914302825928e-02 -4.827299118041992188e-01 -1.552438884973526001e-01 8.616036772727966309e-01
1.403638609777829409e+09 -1.708097839355468750e+01 -4.514034271240234375e+00 4.954017639160156250e+00 3.647426888346672058e-02 -4.825868904590606689e-01 -1.553525626659393311e-01 8.611882925033569336e-01
1.403638611477829456e+09 -1.585710906982421875e+01 -3.754504203796386719e+00 4.779042243957519531e+00 3.144190087914466858e-02 -4.775759875774383545e-01 -1.707255244255065918e-01 8.612696528434753418e-01
1.403638612477829456e+09 -1.407536983489990234e+01 -2.981987953186035156e+00 4.423440933227539062e+00 3.730908781290054321e-02 -4.666472673416137695e-01 -1.688503772020339966e-01 8.673741817474365234e-01
1.403638613777829409e+09 -1.268641376495361328e+01 -2.514529228210449219e+00 3.931208610534667969e+00 4.553403705358505249e-02 -4.401061534881591797e-01 -1.413442045450210571e-01 8.855817914009094238e-01
1.403638614177829504e+09 -1.196002388000488281e+01 -2.172645092010498047e+00 3.733615159988403320e+00 3.356038406491279602e-02 -3.737802803516387939e-01 -1.280023753643035889e-01 9.180291295051574707e-01
1.403638614577829361e+09 -1.119001770019531250e+01 -2.031588077545166016e+00 3.444937944412231445e+00 1.766533404588699341e-02 -3.377192020416259766e-01 -9.681069850921630859e-02 9.360883235931396484e-01
1.403638614977829456e+09 -1.056472587585449219e+01 -2.081070423126220703e+00 3.251623630523681641e+00 3.467811737209558487e-03 -2.730596363544464111e-01 -7.104441523551940918e-02 9.593638777732849121e-01
1.403638615177829504e+09 -1.011740112304687500e+01 -2.184529781341552734e+00 3.161359786987304688e+00 1.797267235815525055e-02 -2.094726264476776123e-01 -6.134443730115890503e-02 9.757229089736938477e-01
1.403638615377829552e+09 -9.670533180236816406e+00 -2.270978689193725586e+00 3.081027269363403320e+00 2.489714510738849640e-02 -1.452117264270782471e-01 -4.241482540965080261e-02 9.881774783134460449e-01
1.403638615577829361e+09 -9.236840248107910156e+00 -2.309811115264892578e+00 3.003280639648437500e+00 2.590863034129142761e-02 -9.568709880113601685e-02 -2.510205842554569244e-02 9.947575926780700684e-01
1.403638615777829409e+09 -8.593751907348632812e+00 -2.395762205123901367e+00 2.854339361190795898e+00 2.419025264680385590e-02 -5.811837688088417053e-02 -6.906144786626100540e-03 9.979926943778991699e-01
1.403638616077829361e+09 -7.953258991241455078e+00 -2.388425588607788086e+00 2.730490446090698242e+00 2.289004251360893250e-02 -8.098701015114784241e-03 1.283238735049962997e-02 9.996228218078613281e-01
1.403638616377829552e+09 -7.309277057647705078e+00 -2.191236972808837891e+00 2.666779994964599609e+00 1.705606468021869659e-02 4.766992479562759399e-02 3.519672527909278870e-02 9.980971217155456543e-01
1.403638616777829409e+09 -6.441931724548339844e+00 -1.870797157287597656e+00 2.630000591278076172e+00 -1.552716828882694244e-02 6.439302861690521240e-02 5.357022583484649658e-02 9.963647127151489258e-01
1.403638617177829504e+09 -5.283410549163818359e+00 -1.775149464607238770e+00 2.681290864944458008e+00 -1.905187778174877167e-02 6.232543662190437317e-02 2.738067321479320526e-02 9.974983334541320801e-01
1.403638617777829409e+09 -3.995662689208984375e+00 -2.190121650695800781e+00 2.918074131011962891e+00 -1.191819366067647934e-02 5.420115590095520020e-02 1.523800194263458252e-02 9.983426332473754883e-01
1.403638618377829552e+09 -2.889837503433227539e+00 -2.606002569198608398e+00 3.477503299713134766e+00 -8.507499471306800842e-03 5.547996237874031067e-02 1.197704300284385681e-02 9.983516931533813477e-01
1.403638618977829456e+09 -2.253489971160888672e+00 -2.955920696258544922e+00 3.973103761672973633e+00 7.251503411680459976e-03 9.163759648799896240e-02 2.214474044740200043e-02 9.955198168754577637e-01
1.403638619177829504e+09 -1.691164970397949219e+00 -3.165330410003662109e+00 4.544500827789306641e+00 1.727117598056793213e-02 1.862601637840270996e-01 6.395734101533889771e-02 9.802644252777099609e-01
1.403638619677829504e+09 3.483709692955017090e-01 -3.398690938949584961e+00 5.983682155609130859e+00 1.263338793069124222e-02 2.183123677968978882e-01 8.577206730842590332e-02 9.720202088356018066e-01
1.403638621577829361e+09 2.068690061569213867e+00 -3.083700656890869141e+00 6.354176998138427734e+00 3.966901823878288269e-02 2.143342345952987671e-01 6.619101762771606445e-02 9.737073779106140137e-01
1.403638622877829552e+09 1.762555480003356934e+00 -1.968916654586791992e+00 2.987213611602783203e+00 2.682407759130001068e-02 2.022579610347747803e-01 7.547397166490554810e-02 9.760511517524719238e-01
1.403638625777829409e+09 1.502231836318969727e+00 -9.705345630645751953e-01 4.348823726177215576e-01 9.610336273908615112e-03 1.994142532348632812e-01 6.613642722368240356e-02 9.776336550712585449e-01
1.403638627177829504e+09 1.469758510589599609e+00 -2.010378241539001465e-01 -7.667862772941589355e-01 -5.298652686178684235e-04 2.006030082702636719e-01 6.066562607884407043e-02 9.777923822402954102e-01
1.403638628377829552e+09 1.347402334213256836e+00 -1.548819243907928467e-03 -9.029207229614257812e-01 1.257436722517013550e-02 2.024070024490356445e-01 6.543839722871780396e-02 9.770317673683166504e-01
1.403638629577829361e+09 1.297407984733581543e+00 1.453884989023208618e-01 -8.441854715347290039e-01 2.021814323961734772e-02 2.055172473192214966e-01 6.610789895057678223e-02 9.762088656425476074e-01
1.403638630377829552e+09 1.293338179588317871e+00 1.600172519683837891e-01 -7.532866597175598145e-01 -1.295734010636806488e-02 1.969060152769088745e-01 6.878222525119781494e-02 9.779208302497863770e-01
