1.403638522277829376e+18 4.499136168365780009e+00 -1.271501610319575315e+00 5.795383537365172977e-01 -7.819555497625185758e-01 2.771713732505126648e-01 -1.836173998113736494e-01 5.272629311193157697e-01
1.403638522477829376e+18 4.502333704181986640e+00 -1.267075612490104808e+00 6.609897881026373101e-01 -7.793811792340772371e-01 2.727163146487641132e-01 -1.700903097227065286e-01 5.378290394898076476e-01
1.403638522577829376e+18 4.504311819186376020e+00 -1.264755906150849318e+00 7.083323212141893199e-01 -7.818706655815716999e-01 2.755622316575374042e-01 -1.577917020211750398e-01 5.365123461395914228e-01
1.403638522777829376e+18 4.511287943450387417e+00 -1.253937170077157104e+00 8.041380926099609416e-01 -7.776865362369305146e-01 2.622355013070559182e-01 -1.543413517290597448e-01 5.501044813092227370e-01
1.403638523077829376e+18 4.524133919167657503e+00 -1.249574701583540115e+00 9.424343401346209070e-01 -7.625795491750672062e-01 2.649683642363735436e-01 -1.391909106724197875e-01 5.734893961705260779e-01
1.403638523577829376e+18 4.542883704379725884e+00 -1.274997053223316801e+00 8.220170380518925235e-01 -7.727254993770831248e-01 2.617082980958155281e-01 -1.596442048712966855e-01 5.558037397960188253e-01
1.403638524077829376e+18 4.538816398987200351e+00 -1.315727449293743856e+00 6.270072567819714449e-01 -7.971826537277899583e-01 2.454210427335779821e-01 -1.787094000087343371e-01 5.218536947532327330e-01
1.403638524277829376e+18 4.541135705564632197e+00 -1.314992360059239696e+00 7.406620776656227534e-01 -8.013518906243229933e-01 2.426999818506790640e-01 -1.622099171164865239e-01 5.221300690360264340e-01
1.403638524477829376e+18 4.551076178176128195e+00 -1.304946927923267719e+00 8.650179942755372720e-01 -7.857777924190914032e-01 2.411432057979132348e-01 -1.609975388651351813e-01 5.463359842787712806e-01
1.403638525977829376e+18 4.586248425990872235e+00 -1.328041289468172792e+00 6.508425738285139595e-01 -7.953161477020573855e-01 2.635339117897115835e-01 -1.780237546323840125e-01 5.160713568177955901e-01
1.403638526277829376e+18 4.640261293314873470e+00 -1.386626812110355988e+00 6.792577038816459689e-01 -7.846798563278248873e-01 2.785796748585785410e-01 -1.861821994589162588e-01 5.215429765931788308e-01
1.403638526477829376e+18 4.705696507882285218e+00 -1.463572134849460804e+00 7.012540482815918796e-01 -7.674154908504818851e-01 2.959944373048955524e-01 -1.938616090428578187e-01 5.346760084636175137e-01
1.403638527077829376e+18 4.967312678378885238e+00 -1.769945491915522418e+00 7.204133680513543636e-01 -7.428564723677018033e-01 3.561476223941955621e-01 -2.426485384316418026e-01 5.122936846393516541e-01
1.403638528277829376e+18 4.778549013258195366e+00 -1.341004231568982963e+00 7.147404284962445287e-01 -7.526643536657473543e-01 3.158368362350043035e-01 -2.164876142320361629e-01 5.356086038163567764e-01
1.403638528777829376e+18 4.658710360364632486e+00 -1.280445620827695308e+00 7.134458981964946211e-01 -7.656614115113946628e-01 3.358832978486510634e-01 -2.332915533248055284e-01 4.965078693193013537e-01
1.403638529577829376e+18 4.611140441274980795e+00 -1.297082204286240659e+00 6.641583501384005217e-01 -7.809608632130479178e-01 3.354788240254076848e-01 -2.250727248139008096e-01 4.763363909097292903e-01
1.403638538977829376e+18 4.668443490372360394e+00 -1.223241488503805208e+00 5.421251363225207953e-01 -7.418480074811711900e-01 3.458868419361320057e-01 -2.495542624397164011e-01 5.174422638998814605e-01
1.403638539277829376e+18 4.681779039938655629e+00 -1.209579218642217402e+00 5.804115276203773988e-01 -7.397417117834981237e-01 3.436637905517443414e-01 -2.505436410457476115e-01 5.214453785803135899e-01
1.403638539477829376e+18 4.696297853994151339e+00 -1.196195413836546484e+00 6.438171095775492292e-01 -7.434099296972614956e-01 3.424078213367391377e-01 -2.485916760071261722e-01 5.179775467478379136e-01
1.403638539777829376e+18 4.744343752004084536e+00 -1.147031178422835085e+00 7.176308923668059947e-01 -7.587973079743079996e-01 3.447415580356779641e-01 -2.368819370749533082e-01 4.992663131653231612e-01
1.403638543977829376e+18 4.022137658500437141e+00 1.287022972487612105e+00 1.311569763894228968e+00 -8.173726568594467112e-01 -8.513380225457799211e-02 4.870282154598417484e-02 5.676990494140954358e-01
1.403638545977829376e+18 2.744936992516624930e+00 2.890984104961484391e+00 1.414611153809330446e+00 -7.901346722063106176e-01 -2.302587938884215479e-01 1.460227517666771446e-01 5.489493998365994054e-01
1.403638546777829376e+18 2.192203606935027693e+00 3.463299462201620216e+00 1.463604442483251500e+00 -7.790518402231102479e-01 -2.683869692491482328e-01 1.459837640343892295e-01 5.474809637061310852e-01
1.403638547777829376e+18 1.357393850165128146e+00 4.056816409953546199e+00 1.344467941227004415e+00 -7.809753895937617818e-01 -2.668088192032566086e-01 1.619536274250126529e-01 5.409819936080280112e-01
1.403638549277829376e+18 -3.958885597345140894e-01 5.086890146627201403e+00 1.717098320635126019e+00 -7.562887335454152593e-01 -3.213715442094191577e-01 2.199560093977415143e-01 5.257062259613688449e-01
1.403638551477829376e+18 -2.401963042830037587e+00 6.819004450939488926e+00 2.561653472846292523e+00 -7.726934082880786425e-01 -2.388840284608844122e-01 2.202033539813200436e-01 5.453345767781733189e-01
1.403638551777829376e+18 -2.492653426025834840e+00 7.209120535609528702e+00 2.643493289525988388e+00 -7.833415068226150524e-01 -1.846019357487967416e-01 1.664084040527347430e-01 5.697424436245678292e-01
1.403638554077829376e+18 -1.003754540843181609e+00 8.500604267586378882e+00 3.107314622315003216e+00 -7.830390643823837982e-01 -2.121510812748894359e-01 1.377244729464408013e-01 5.682197743098011955e-01
1.403638554977829376e+18 -1.951057780007934284e-01 8.418806321652098745e+00 3.210687577640662038e+00 -7.898853865447355016e-01 -1.861885603889216478e-01 1.422107407970467641e-01 5.667371536306137214e-01
1.403638555977829376e+18 1.045336839826910058e+00 8.377679420273455690e+00 3.311683521101358885e+00 -8.078885833272978489e-01 -1.638015089821684978e-01 1.135311303102979341e-01 5.546131850533688734e-01
1.403638557577829376e+18 2.612639936610860580e+00 8.937775085443103507e+00 3.553900984463163049e+00 -7.979390353191613272e-01 -1.665950147081409760e-01 1.061099475072463105e-01 5.694559473992085730e-01
1.403638558777829376e+18 3.627743394653851983e+00 9.805871565717069416e+00 3.787770533128835826e+00 -8.077413723990927163e-01 -1.556318380233131793e-01 1.096615841281328441e-01 5.579488715597731296e-01
1.403638559977829376e+18 4.268249886862188980e+00 1.094739854851343708e+01 3.707118454274161312e+00 -8.037321090696558645e-01 -1.267681751003021107e-01 7.753447115679908130e-02 5.761362099491903477e-01
1.403638560277829376e+18 4.413399565886706455e+00 1.124281826595258416e+01 3.625976207544401753e+00 -8.022836578955135911e-01 -5.092789310394302271e-02 3.109315022064321199e-02 5.939532792965657171e-01
1.403638560577829376e+18 4.561125624205698337e+00 1.150667360756526314e+01 3.521054959437997844e+00 -7.995683842523075846e-01 3.459629559219678380e-02 -2.089996593713328715e-03 5.995741214809808817e-01
1.403638562777829376e+18 5.998311987536898648e+00 1.178658490760498623e+01 3.369103648504833348e+00 -7.466222451454850306e-01 2.967741735344646692e-01 -1.917136680193712861e-01 5.636720522355256335e-01
1.403638563077829376e+18 6.295905979573388045e+00 1.156222332126520769e+01 3.295778815767262948e+00 -7.037962079094900458e-01 3.586053761223373937e-01 -2.350817139199022632e-01 5.664006265258362260e-01
1.403638564777829376e+18 6.984025526357728886e+00 9.650251422636822340e+00 3.263013413427743536e+00 -7.139210262782534899e-01 3.475498534789204230e-01 -2.107967934030823554e-01 5.701671504704248772e-01
1.403638565277829376e+18 7.115675160770697616e+00 9.074617639707918570e+00 3.104310138188369983e+00 -7.159444560207515185e-01 3.485944427648818289e-01 -2.098182438684434714e-01 5.673462389992148802e-01
1.403638565477829376e+18 7.298457663118272265e+00 8.222532601285907461e+00 2.869053292966747382e+00 -7.177548812613719909e-01 3.383860434718010679e-01 -2.345463972974291544e-01 5.615254255363422153e-01
1.403638566277829376e+18 7.511148830402322396e+00 6.458687365223584997e+00 2.482800644252203259e+00 -7.279459456354522295e-01 3.368299253726119713e-01 -2.462779482046004165e-01 5.440473084526014080e-01
1.403638566977829376e+18 7.610826252745718890e+00 5.073032115891073168e+00 1.872440445684593779e+00 -7.478024955308066879e-01 3.307880235823571491e-01 -2.374459055085868520e-01 5.243950353403271647e-01
1.403638567477829376e+18 7.710761762767251781e+00 4.249458865121392037e+00 1.413633400543665708e+00 -7.453826897995565748e-01 3.304679740104064511e-01 -2.510006386183105120e-01 5.217223814576441576e-01
1.403638568577829376e+18 7.819242380635729184e+00 2.708799771680687751e+00 8.822165368419929710e-01 -7.562526780895916234e-01 3.348679127514423981e-01 -2.567934082730132239e-01 5.000025133530253685e-01
1.403638570577829376e+18 7.839863606401395124e+00 2.488048068173771110e+00 6.497281955040126178e-01 -6.886436647308036285e-01 4.310580010679567753e-01 -2.482200934672533221e-01 5.275847684879974020e-01
1.403638571277829376e+18 7.992659431548696958e+00 1.930452483567698385e+00 4.016877553046964699e-01 -6.246956214208294611e-01 5.207753763373906830e-01 -3.505225764064550664e-01 4.644160972744956761e-01
1.403638572477829376e+18 8.193612983114364923e+00 7.338297090465319972e-01 3.203744802301302652e-01 -5.298714088805250855e-01 6.401163224713906086e-01 -4.238372904342874170e-01 3.603461322034577918e-01
1.403638573477829376e+18 8.756607613449283178e+00 -5.486330965771157864e-01 4.331116908698884327e-01 -5.430129950923060500e-01 6.385232150133534068e-01 -4.302628367264739184e-01 3.351102540686893838e-01
1.403638574477829376e+18 9.646341621327019666e+00 -1.654846151725938963e+00 5.725434384549343836e-01 -3.626808306404570303e-01 7.259873272948200729e-01 -5.153546707291634110e-01 2.753444734344733802e-01
1.403638575477829376e+18 1.020386800113433523e+01 -2.793423706448369348e+00 6.063739351556535206e-01 -3.770126028961048315e-01 7.424934988267944957e-01 -4.950158390900319949e-01 2.480407638019212768e-01
1.403638576277829376e+18 1.083008163778077737e+01 -3.845454430571400462e+00 7.972249884072245552e-01 -3.965149862628015720e-01 7.326936495102893687e-01 -5.035749920840011384e-01 2.287970912924848499e-01
1.403638577077829376e+18 1.193633555808507651e+01 -4.821231872550082898e+00 8.863639814872434908e-01 -3.901348588937350592e-01 7.210498389056780866e-01 -5.213999542226382955e-01 2.366939150605520958e-01
1.403638579277829376e+18 1.494040320086020657e+01 -6.031052904573563467e+00 1.117822470603083485e+00 -3.752764438909079181e-01 7.213545352274903788e-01 -5.148864633425443982e-01 2.714906168432572042e-01
1.403638579777829376e+18 1.538673852528063790e+01 -6.140056510395229594e+00 1.110915086849086908e+00 -4.520422077001676753e-01 6.698522675114489955e-01 -5.012541075350411823e-01 3.093543305767316176e-01
1.403638580077829376e+18 1.565977180057649498e+01 -6.173660483685531553e+00 1.067931239083290240e+00 -5.349854047454317696e-01 5.899742697002943181e-01 -4.666924072651539857e-01 3.846026193384891601e-01
1.403638583577829376e+18 1.678812660264774692e+01 -5.834806436704426780e+00 1.743619907916282630e+00 -6.243321902079529417e-01 5.225371604319108965e-01 -3.957487319930766412e-01 4.249084293865778017e-01
1.403638584277829376e+18 1.626014513425584340e+01 -5.123572720214319531e+00 1.834778471450187354e+00 -6.204466040756956291e-01 5.245246836476276098e-01 -3.910521976440012315e-01 4.324327074275136074e-01
1.403638588477829376e+18 1.429890601726165400e+01 -2.856768097770287618e+00 1.823854141899619252e+00 -6.179132163191374261e-01 5.283517954751825174e-01 -3.902239777343113336e-01 4.321491461492221187e-01
1.403638589577829376e+18 1.342456839251276079e+01 -2.059032575107494711e+00 1.761147693888067467e+00 -6.177928100649154874e-01 5.317334317988292591e-01 -3.899239508909213003e-01 4.284284232647852519e-01
1.403638591577829376e+18 1.252017016763923962e+01 -8.780594298826212007e-01 1.732011528768116371e+00 -6.243468213865790428e-01 5.322154503755338606e-01 -3.619255531217969168e-01 4.426597508284713101e-01
1.403638592577829376e+18 1.287980727410528914e+01 -6.199596580078670094e-01 2.138604876306926972e+00 -6.720261168673981045e-01 4.798658930615117835e-01 -3.413742525721297216e-01 4.489690886967871997e-01
1.403638597577829376e+18 1.170996238462320527e+01 1.939605864138312707e+00 2.963785933363983105e+00 -6.765324391191428477e-01 4.196237054084759888e-01 -3.907216142814536886e-01 4.621216558570466759e-01
1.403638597977829376e+18 1.103759790578398281e+01 2.796056316253794805e+00 2.935484627894006326e+00 -6.876850432102167288e-01 4.089937728573325160e-01 -3.691552219383461009e-01 4.727978396995256571e-01
1.403638598277829376e+18 1.047032664614037678e+01 3.461717311466370628e+00 2.941436198444150385e+00 -6.881980440236077357e-01 4.256761485214692886e-01 -3.367880612917100724e-01 4.814115396969417260e-01
1.403638598777829376e+18 9.714219158570170265e+00 4.301920590366186126e+00 2.889055866812064721e+00 -7.099454037400995121e-01 3.947617687099339578e-01 -3.106953134179855081e-01 4.935677176370145691e-01
1.403638598977829376e+18 9.337608729649316430e+00 4.698654549283990178e+00 2.875130908389968543e+00 -7.261556166850774430e-01 3.650926460163200771e-01 -2.906153099694683828e-01 5.049238772259307950e-01
1.403638599577829376e+18 8.029236462805474872e+00 6.014811544633074547e+00 2.937679949561658344e+00 -7.686748480878263790e-01 2.925186998139217565e-01 -2.336644383718421425e-01 5.186257980632099640e-01
1.403638599977829376e+18 7.673984259685761700e+00 6.386836841896407435e+00 2.933065597989976681e+00 -7.675232069939342816e-01 3.000790894681276688e-01 -2.268277870371524785e-01 5.190470323752504056e-01
1.403638600077829376e+18 7.333585064318779878e+00 6.750405248120858737e+00 2.917463534198148967e+00 -7.637717481809610520e-01 3.188643774027117850e-01 -2.070279748551445420e-01 5.216489654274774068e-01
1.403638600577829376e+18 6.749837334258448784e+00 7.432899229415527387e+00 2.864912884205288890e+00 -7.597701738568528596e-01 3.445799259689463767e-01 -1.818860086553578670e-01 5.205107466634918412e-01
1.403638600777829376e+18 6.536725285533587559e+00 7.737836191182697831e+00 2.879207934923495138e+00 -7.639426035572004503e-01 3.486671062927508280e-01 -1.761563356325518692e-01 5.136067492510172361e-01
1.403638600977829376e+18 6.270303849380760575e+00 8.314405276234637654e+00 2.911823327854489829e+00 -7.820386082207730905e-01 3.149855785430606958e-01 -2.150864776579017867e-01 4.928869116650662630e-01
1.403638601577829376e+18 6.044959905468781258e+00 9.092022397688118929e+00 2.939034871663113613e+00 -7.785996136856554450e-01 2.593983475087539015e-01 -2.002611075301789223e-01 5.351547698461276426e-01
1.403638601777829376e+18 5.950215886933658105e+00 9.400473945179829371e+00 2.990521697736526097e+00 -7.909378762285851350e-01 2.056791883072409677e-01 -1.762346747511507883e-01 5.486845057586791086e-01
1.403638601977829376e+18 5.726997851372089166e+00 1.002209999338128554e+01 3.089107663960604544e+00 -8.024530079389025072e-01 1.315292928055919186e-01 -1.389291185167341180e-01 5.652149283343741448e-01
1.403638602977829376e+18 4.982667380479790964e+00 1.076744936075053438e+01 3.451283547366625015e+00 -7.804488192254513956e-01 -2.371310049897391858e-02 3.737144861057439815e-02 6.236511078023283527e-01
1.403638604577829376e+18 4.134248580066848255e+00 9.798405246296471915e+00 3.442336891076591243e+00 -8.096740559177358909e-01 -5.415470096484200496e-02 3.761589597654547978e-02 5.831639871485664317e-01
1.403638605077829376e+18 3.727202727880622568e+00 9.177300592832663639e+00 3.533636934247391448e+00 -8.125371228356226272e-01 -7.798946893007714654e-02 7.044887188240556500e-03 5.776256887591804112e-01
1.403638606077829376e+18 2.954849175184922405e+00 8.550096485607609154e+00 3.615967807898374353e+00 -8.165174648219823972e-01 -8.340503169076590728e-02 -6.590619956538122833e-03 5.712262196870284692e-01
1.403638606577829376e+18 2.401572926774832251e+00 8.261030800641499638e+00 3.560582382568463711e+00 -8.377223061999160558e-01 -7.580451227611810505e-02 3.368384489369664891e-02 5.397595874154078599e-01
1.403638607577829376e+18 8.915093213482849777e-01 8.076798292642239474e+00 3.355498615028535081e+00 -8.048269296624610547e-01 -1.463822217984435126e-01 1.187725476845419986e-01 5.627778783391987893e-01
1.403638608277829376e+18 1.034116148793975398e-01 8.122969078467480841e+00 2.893098720735391538e+00 -7.900650030494504872e-01 -1.402320535938940682e-01 1.119381942644049749e-01 5.861758292237367884e-01
1.403638608977829376e+18 -3.562125800777549145e-01 8.032590099049233601e+00 2.555097434244948396e+00 -7.989641268080283076e-01 -1.324941149931637696e-01 1.240464216917744888e-01 5.733359563393262137e-01
1.403638609777829376e+18 -5.916018002920866437e-01 7.682817731741659273e+00 1.769150677400033844e+00 -7.914144838178039931e-01 -1.352990646568328903e-01 1.200174941779333510e-01 5.839118760546273545e-01
1.403638611477829376e+18 -2.258459952480151856e-01 7.039378876714882161e+00 1.414422879066516314e+00 -7.974956155142256531e-01 -1.437153718801394697e-01 1.095089394433144819e-01 5.756339351557897555e-01
1.403638612477829376e+18 3.183815519876826983e-01 6.118373620162570248e+00 1.093954612327429965e+00 -7.965741809898138071e-01 -1.359578896294708350e-01 9.909897609911826055e-02 5.806586082751331590e-01
1.403638613777829376e+18 6.885494924836415009e-01 5.337321313445027471e+00 9.611752765981345092e-01 -7.936022371826741972e-01 -9.705303127703984734e-02 8.682530788075673578e-02 5.943379208581630602e-01
1.403638614577829376e+18 1.105065124327378356e+00 4.516874306950364293e+00 8.193727351512491985e-01 -8.152177224081551543e-01 1.077836413962811844e-02 2.813895595691627560e-02 5.783702024618730952e-01
1.403638614977829376e+18 1.316997935722695967e+00 4.220154141439156348e+00 8.892418206757700672e-01 -8.210268645435444546e-01 7.393034220251722133e-02 -9.453929496248696454e-03 5.660033704994120729e-01
1.403638615577829376e+18 1.838833221745999502e+00 3.675429136962407028e+00 1.067029793614984179e+00 -7.897775622837014398e-01 2.079148045746031515e-01 -1.373962270913851313e-01 5.604864966553350092e-01
1.403638615777829376e+18 2.078460644217457354e+00 3.396027365888619087e+00 1.146382290095831369e+00 -7.807937420452126798e-01 2.429495693075915674e-01 -1.574296020378923855e-01 5.536718879972869489e-01
1.403638616077829376e+18 2.312612942828015328e+00 3.111915001800520386e+00 1.171550948078954546e+00 -7.674991540001927515e-01 2.851366339239236325e-01 -1.862031583389648359e-01 5.431118967838187706e-01
1.403638616777829376e+18 2.861092347135259395e+00 2.433961287299687637e+00 9.279858037000927595e-01 -7.594147079797682887e-01 3.612090116284211727e-01 -2.101343804185610564e-01 4.986590953632848433e-01
1.403638617777829376e+18 4.060175979629942589e+00 1.710483667555170451e+00 1.040445858227069476e+00 -7.719271921731525321e-01 3.258004932254501829e-01 -2.235294457909876853e-01 4.980130876413791374e-01
1.403638618977829376e+18 5.275149601271938771e+00 1.624337330721153272e+00 1.217404900559198255e+00 -7.505619423409336521e-01 3.461940479514579172e-01 -2.540979642119255422e-01 5.022356781987351582e-01
1.403638621577829376e+18 7.965936605913572777e+00 1.018965553747890329e+00 7.819922322612924415e-01 -6.804743079667149308e-01 4.320688324377003897e-01 -3.320851780763423577e-01 4.898884309055958064e-01
1.403638625777829376e+18 5.431533932179331003e+00 -1.488431081398100764e+00 9.603776308190753452e-01 -7.020855782161457004e-01 4.311677251726142024e-01 -3.126743562564400225e-01 4.726573606429868013e-01
1.403638629577829376e+18 4.757600884029471011e+00 -2.110852607297704076e+00 6.542439989890651564e-01 -6.942802875782756455e-01 4.318733536431169084e-01 -3.201967075602943913e-01 4.784708529898363261e-01
