1.403636858651666403e+09 -0.000000000000000000e+00 -0.000000000000000000e+00 -0.000000000000000000e+00 -0.000000000000000000e+00 -0.000000000000000000e+00 -0.000000000000000000e+00 1.000000000000000000e+00
1.403636858851666451e+09 3.549216315150260925e-02 -3.600530326366424561e-02 -1.968572288751602173e-02 -5.366351921111345291e-03 7.816160097718238831e-03 -5.729812546633183956e-04 9.999548792839050293e-01
1.403636858951666594e+09 6.918628513813018799e-02 -8.499389141798019409e-02 -3.602559864521026611e-02 -7.000139448791742325e-03 1.295137219130992889e-02 2.445856516715139151e-04 9.998916387557983398e-01
1.403636859051666498e+09 1.073828041553497314e-01 -1.462899893522262573e-01 -5.413008481264114380e-02 -8.784513920545578003e-03 1.814213581383228302e-02 -2.289112308062613010e-04 9.997968077659606934e-01
1.403636859151666403e+09 1.463468670845031738e-01 -2.040411084890365601e-01 -7.637335360050201416e-02 -1.428119372576475143e-02 2.188688702881336212e-02 -1.646167831495404243e-03 9.996571540832519531e-01
1.403636859351666451e+09 2.040278613567352295e-01 -3.383406400680541992e-01 -1.219395846128463745e-01 -1.737569645047187805e-02 3.280641883611679077e-02 -3.737965133041143417e-03 9.993036985397338867e-01
1.403636859451666594e+09 2.195498347282409668e-01 -4.527132213115692139e-01 -1.524446755647659302e-01 -1.628762669861316681e-02 3.789070248603820801e-02 -4.705098923295736313e-03 9.991381168365478516e-01
1.403636859551666498e+09 2.321835607290267944e-01 -5.967338681221008301e-01 -1.838857680559158325e-01 -2.281591668725013733e-02 4.301098361611366272e-02 -6.664031650871038437e-03 9.987918138504028320e-01
1.403636859651666403e+09 2.418945133686065674e-01 -7.588545680046081543e-01 -2.100135833024978638e-01 -2.155956253409385681e-02 5.276059359312057495e-02 -1.176981441676616669e-02 9.983050823211669922e-01
1.403636859751666546e+09 2.433507293462753296e-01 -9.257137775421142578e-01 -2.365658581256866455e-01 -1.066660694777965546e-02 5.981932207942008972e-02 -1.531924679875373840e-02 9.980346560478210449e-01
1.403636859951666594e+09 2.349672019481658936e-01 -1.215283393859863281e+00 -3.029609024524688721e-01 2.543839393183588982e-03 7.077447324991226196e-02 -2.512571401894092560e-02 9.971726536750793457e-01
1.403636860351666451e+09 2.977145612239837646e-01 -9.532409310340881348e-01 -2.499817013740539551e-01 -3.135692700743675232e-02 7.341406494379043579e-02 -9.693642146885395050e-03 9.967613816261291504e-01
1.403636860451666594e+09 3.136169612407684326e-01 -7.441700100898742676e-01 -2.086515426635742188e-01 -5.422284081578254700e-02 7.399382442235946655e-02 -2.687582978978753090e-03 9.957799315452575684e-01
1.403636860551666498e+09 3.224853575229644775e-01 -5.594379305839538574e-01 -1.766443848609924316e-01 -7.570537924766540527e-02 7.121498137712478638e-02 4.866906441748142242e-03 9.945720434188842773e-01
1.403636860651666403e+09 3.225916326045989990e-01 -8.796005249023437500e-01 -3.057315647602081299e-01 -6.355700641870498657e-02 6.046320870518684387e-02 -1.318140700459480286e-02 9.960576891899108887e-01
1.403636861251666546e+09 3.210763633251190186e-01 -1.313089847564697266e+00 -4.025155901908874512e-01 -1.636367291212081909e-02 6.118088215589523315e-02 -1.632840931415557861e-02 9.978590011596679688e-01
1.403636861451666594e+09 3.558566272258758545e-01 -8.294689059257507324e-01 -2.601245641708374023e-01 -4.325905069708824158e-02 5.758427828550338745e-02 -9.568691253662109375e-03 9.973571300506591797e-01
1.403636862051666498e+09 3.333376348018646240e-01 -4.628172218799591064e-01 -1.811348050832748413e-01 -7.554307579994201660e-02 5.209177732467651367e-02 1.912543317303061485e-03 9.957791566848754883e-01
1.403636862251666546e+09 3.339301943778991699e-01 -9.280045032501220703e-01 -2.961921989917755127e-01 -7.066167145967483521e-02 6.579747796058654785e-02 -1.926995627582073212e-02 9.951413273811340332e-01
1.403636862751666546e+09 3.176798224449157715e-01 -1.416911721229553223e+00 -4.018634259700775146e-01 -4.992770031094551086e-02 7.410082966089248657e-02 -1.106481440365314484e-02 9.959387183189392090e-01
1.403636863051666498e+09 3.534649312496185303e-01 -8.458600640296936035e-01 -2.519912123680114746e-01 -4.358921200037002563e-02 8.465279638767242432e-02 -1.882892288267612457e-02 9.952785372734069824e-01
1.403636863651666403e+09 3.614496588706970215e-01 -4.432367384433746338e-01 -1.762537360191345215e-01 -7.304789125919342041e-02 7.336210459470748901e-02 9.674429893493652344e-04 9.946261048316955566e-01
1.403636863851666451e+09 3.563734889030456543e-01 -8.093830943107604980e-01 -3.063205182552337646e-01 -8.303022384643554688e-02 6.856427341699600220e-02 -7.761818822473287582e-03 9.941552877426147461e-01
1.403636864251666546e+09 3.266164958477020264e-01 -1.301350951194763184e+00 -4.239530861377716064e-01 -7.007120549678802490e-02 7.255791872739791870e-02 -1.164384186267852783e-02 9.948316216468811035e-01
1.403636864451666594e+09 3.395128250122070312e-01 -8.408060669898986816e-01 -2.366936504840850830e-01 -6.001986935734748840e-02 8.594113588333129883e-02 -6.346154958009719849e-03 9.944704771041870117e-01
1.403636865251666546e+09 3.490323126316070557e-01 -4.921571016311645508e-01 -1.409610211849212646e-01 -7.249171286821365356e-02 7.543825358152389526e-02 1.198876928538084030e-02 9.944396615028381348e-01
1.403636865751666546e+09 3.037168383598327637e-01 -8.362753987312316895e-01 -2.387827485799789429e-01 -8.302988857030868530e-02 6.975366920232772827e-02 2.144904807209968567e-03 9.941005706787109375e-01
1.403636865851666451e+09 2.649750411510467529e-01 -1.314983963966369629e+00 -3.562844395637512207e-01 -4.440198838710784912e-02 6.878411769866943359e-02 5.463029723614454269e-03 9.966280460357666016e-01
1.403636866051666498e+09 3.324550092220306396e-01 -9.016849398612976074e-01 -3.091173470020294189e-01 -6.274873018264770508e-02 7.132865488529205322e-02 -2.116466639563441277e-03 9.954749345779418945e-01
1.403636867151666403e+09 2.916353046894073486e-01 -7.493759989738464355e-01 -5.045750141143798828e-01 -1.699648946523666382e-01 5.333073809742927551e-02 1.344369491562247276e-03 9.840050935745239258e-01
1.403636867751666546e+09 2.899366915225982666e-01 -6.989151239395141602e-01 -5.689777135848999023e-01 -2.794104814529418945e-01 5.814404040575027466e-02 1.394533924758434296e-02 9.583082199096679688e-01
1.403636868551666498e+09 8.678498119115829468e-02 -7.409469485282897949e-01 -7.441282868385314941e-01 -2.512650191783905029e-01 6.199908256530761719e-02 2.101132273674011230e-02 9.657021164894104004e-01
1.403636869751666546e+09 3.492626249790191650e-01 -7.454773187637329102e-01 -7.034540772438049316e-01 -2.559393048286437988e-01 6.755270808935165405e-02 2.197301201522350311e-02 9.640793800354003906e-01
1.403636869951666594e+09 6.636546850204467773e-01 -7.799041867256164551e-01 -6.584188342094421387e-01 -2.464046031236648560e-01 8.271162211894989014e-02 3.003737516701221466e-02 9.651638865470886230e-01
1.403636870151666403e+09 8.469179272651672363e-01 -7.948545813560485840e-01 -6.344762444496154785e-01 -2.512048482894897461e-01 9.178823977708816528e-02 3.332221880555152893e-02 9.629957079887390137e-01
1.403636870251666546e+09 1.035579204559326172e+00 -8.149070143699645996e-01 -6.145111322402954102e-01 -2.549049854278564453e-01 9.780015051364898682e-02 3.291346132755279541e-02 9.614444375038146973e-01
1.403636870351666451e+09 1.221851825714111328e+00 -8.368076682090759277e-01 -5.946401953697204590e-01 -2.490939795970916748e-01 1.030218750238418579e-01 3.474910184741020203e-02 9.623571038246154785e-01
1.403636870451666594e+09 1.403089404106140137e+00 -8.487328290939331055e-01 -5.748997926712036133e-01 -2.432381659746170044e-01 1.103153601288795471e-01 3.246095031499862671e-02 9.631261825561523438e-01
1.403636870551666498e+09 1.676545381546020508e+00 -8.398147225379943848e-01 -5.505998134613037109e-01 -2.541127502918243408e-01 1.229517161846160889e-01 4.001745209097862244e-02 9.584926962852478027e-01
1.403636870751666546e+09 1.863385438919067383e+00 -8.208320140838623047e-01 -5.158264636993408203e-01 -2.303437441587448120e-01 1.244085356593132019e-01 4.738726466894149780e-02 9.639598727226257324e-01
1.403636871451666594e+09 1.680543661117553711e+00 -8.089924454689025879e-01 -5.204765796661376953e-01 -2.442405521869659424e-01 1.275611072778701782e-01 4.881574213504791260e-02 9.600477814674377441e-01
1.403636871551666498e+09 1.379529237747192383e+00 -8.125770688056945801e-01 -5.219164490699768066e-01 -2.462612837553024292e-01 1.195644512772560120e-01 4.910752922296524048e-02 9.605457782745361328e-01
1.403636871751666546e+09 1.186815619468688965e+00 -8.171728253364562988e-01 -5.242186188697814941e-01 -2.474024593830108643e-01 1.101539060473442078e-01 5.188297852873802185e-02 9.612317085266113281e-01
1.403636871851666451e+09 9.868823885917663574e-01 -8.130755424499511719e-01 -5.200626850128173828e-01 -2.477091252803802490e-01 1.029243692755699158e-01 4.907145351171493530e-02 9.621012210845947266e-01
1.403636871951666594e+09 7.769511342048645020e-01 -8.057621121406555176e-01 -5.067981481552124023e-01 -2.438930273056030273e-01 9.484244883060455322e-02 4.750510677695274353e-02 9.639836549758911133e-01
1.403636872051666498e+09 5.611835718154907227e-01 -7.979757785797119141e-01 -4.862720370292663574e-01 -2.368683069944381714e-01 8.314261585474014282e-02 4.881805554032325745e-02 9.667458534240722656e-01
1.403636872151666403e+09 3.585949540138244629e-01 -7.830544710159301758e-01 -4.658882617950439453e-01 -2.329118847846984863e-01 7.358384877443313599e-02 4.690113663673400879e-02 9.685751199722290039e-01
1.403636872251666546e+09 1.760623902082443237e-01 -7.611846327781677246e-01 -4.511012136936187744e-01 -2.361612617969512939e-01 6.567727774381637573e-02 4.413794726133346558e-02 9.684866070747375488e-01
1.403636872351666451e+09 1.670230366289615631e-02 -7.343889474868774414e-01 -4.430892169475555420e-01 -2.444589436054229736e-01 5.656544119119644165e-02 4.131889343261718750e-02 9.671261310577392578e-01
1.403636872451666594e+09 2.192990779876708984e-01 -7.315645813941955566e-01 -4.341384768486022949e-01 -2.460222989320755005e-01 6.390772014856338501e-02 3.480582684278488159e-02 9.665285348892211914e-01
1.403636873151666403e+09 4.140501022338867188e-01 -7.373384833335876465e-01 -4.291391372680664062e-01 -2.463819384574890137e-01 7.083684951066970825e-02 3.747638687491416931e-02 9.658538103103637695e-01
1.403636873251666546e+09 6.295702457427978516e-01 -7.482087612152099609e-01 -4.250404238700866699e-01 -2.475784868001937866e-01 7.900120317935943604e-02 4.169436916708946228e-02 9.647410511970520020e-01
1.403636873351666451e+09 8.520938158035278320e-01 -7.606856822967529297e-01 -4.221011102199554443e-01 -2.485149502754211426e-01 8.773528039455413818e-02 4.550440981984138489e-02 9.635726213455200195e-01
1.403636873451666594e+09 1.071488022804260254e+00 -7.665461897850036621e-01 -4.231244623661041260e-01 -2.494730353355407715e-01 9.436421841382980347e-02 4.948903620243072510e-02 9.625016450881958008e-01
1.403636873551666498e+09 1.278023838996887207e+00 -7.640397548675537109e-01 -4.303705394268035889e-01 -2.530437409877777100e-01 1.024292483925819397e-01 5.111283808946609497e-02 9.606584310531616211e-01
1.403636873651666403e+09 1.457915306091308594e+00 -7.507562637329101562e-01 -4.388248920440673828e-01 -2.569141983985900879e-01 1.119785457849502563e-01 5.189149826765060425e-02 9.585213661193847656e-01
1.403636873751666546e+09 1.732768893241882324e+00 -7.079375386238098145e-01 -4.615252614021301270e-01 -2.601262629032135010e-01 1.192613393068313599e-01 5.671364068984985352e-02 9.565012454986572266e-01
1.403636874351666451e+09 1.568628549575805664e+00 -7.072969079017639160e-01 -4.427311420440673828e-01 -2.651903331279754639e-01 1.137110218405723572e-01 5.451925471425056458e-02 9.559140205383300781e-01
1.403636874451666594e+09 1.420656323432922363e+00 -7.111357450485229492e-01 -4.282687306404113770e-01 -2.659715116024017334e-01 1.050334572792053223e-01 5.398050695657730103e-02 9.567200541496276855e-01
1.403636874551666498e+09 1.242604017257690430e+00 -7.144418954849243164e-01 -4.100192189216613770e-01 -2.621138989925384521e-01 9.955492615699768066e-02 5.127695575356483459e-02 9.585175514221191406e-01
1.403636874651666403e+09 1.032816171646118164e+00 -7.116084694862365723e-01 -3.940758407115936279e-01 -2.586742937564849854e-01 9.202543646097183228e-02 4.869155213236808777e-02 9.603374600410461426e-01
1.403636874751666546e+09 8.119188547134399414e-01 -7.012422084808349609e-01 -3.761674761772155762e-01 -2.569676339626312256e-01 8.308970928192138672e-02 4.666136205196380615e-02 9.617101550102233887e-01
1.403636874851666451e+09 5.998835563659667969e-01 -6.824138164520263672e-01 -3.541493415832519531e-01 -2.571631968021392822e-01 7.378202676773071289e-02 4.770353063941001892e-02 9.623656868934631348e-01
1.403636874951666594e+09 4.120853841304779053e-01 -6.655973792076110840e-01 -3.334929943084716797e-01 -2.591125965118408203e-01 6.497010588645935059e-02 4.935210198163986206e-02 9.623948931694030762e-01
1.403636875051666498e+09 2.696915268898010254e-01 -6.554510593414306641e-01 -3.065139353275299072e-01 -2.527005076408386230e-01 6.283830106258392334e-02 4.947256669402122498e-02 9.642335176467895508e-01
1.403636875151666403e+09 1.180834695696830750e-02 -6.265724897384643555e-01 -2.365931272506713867e-01 -2.103804498910903931e-01 1.134400889277458191e-01 8.124332875013351440e-02 9.676109552383422852e-01
1.403636875551666498e+09 -9.153252840042114258e-02 -5.762324929237365723e-01 -3.552606403827667236e-01 -2.155579328536987305e-01 1.328610777854919434e-01 1.188814789056777954e-01 9.600781202316284180e-01
1.403636875651666403e+09 -5.206899344921112061e-02 -4.971738457679748535e-01 -6.130474805831909180e-01 -2.161367088556289673e-01 1.546618044376373291e-01 1.358911097049713135e-01 9.544098973274230957e-01
1.403636875851666451e+09 1.662185043096542358e-02 -4.508361220359802246e-01 -7.535344958305358887e-01 -2.157410830259323120e-01 1.736925691366195679e-01 1.415299326181411743e-01 9.503978490829467773e-01
1.403636875951666594e+09 1.127390265464782715e-01 -4.134797453880310059e-01 -8.904964327812194824e-01 -2.178917080163955688e-01 1.962220072746276855e-01 1.499059945344924927e-01 9.442183971405029297e-01
1.403636876051666498e+09 2.436274886131286621e-01 -3.929348886013031006e-01 -1.012914061546325684e+00 -2.141419649124145508e-01 2.237202227115631104e-01 1.567074358463287354e-01 9.378353953361511230e-01
1.403636876151666403e+09 4.051066040992736816e-01 -3.901693224906921387e-01 -1.102319121360778809e+00 -2.055167406797409058e-01 2.526265382766723633e-01 1.613988876342773438e-01 9.316078424453735352e-01
1.403636876251666546e+09 5.847768783569335938e-01 -3.969097733497619629e-01 -1.146799921989440918e+00 -2.005565017461776733e-01 2.750395238399505615e-01 1.672660559415817261e-01 9.252850413322448730e-01
1.403636876351666451e+09 7.854850292205810547e-01 -4.079089760780334473e-01 -1.143781423568725586e+00 -2.031961232423782349e-01 2.905051410198211670e-01 1.737263649702072144e-01 9.187694191932678223e-01
1.403636876451666594e+09 1.006708502769470215e+00 -4.285036921501159668e-01 -1.092948079109191895e+00 -2.073842585086822510e-01 3.032817840576171875e-01 1.757816970348358154e-01 9.132977128028869629e-01
1.403636876551666498e+09 1.230539083480834961e+00 -4.654808640480041504e-01 -9.983382821083068848e-01 -2.037207037210464478e-01 3.118059635162353516e-01 1.680528074502944946e-01 9.127065539360046387e-01
1.403636876651666403e+09 1.433181285858154297e+00 -5.229647755622863770e-01 -8.633989095687866211e-01 -1.949097365140914917e-01 3.118195831775665283e-01 1.539947390556335449e-01 9.170956611633300781e-01
1.403636876751666546e+09 1.580224156379699707e+00 -5.959216952323913574e-01 -6.978062391281127930e-01 -1.883043497800827026e-01 3.008804917335510254e-01 1.412971466779708862e-01 9.241469502449035645e-01
1.403636876851666451e+09 1.656518101692199707e+00 -6.662405133247375488e-01 -5.169487595558166504e-01 -1.851441711187362671e-01 2.828627526760101318e-01 1.247953474521636963e-01 9.328110814094543457e-01
1.403636876951666594e+09 1.652515769004821777e+00 -7.288177013397216797e-01 -3.250796794891357422e-01 -1.798814833164215088e-01 2.576917111873626709e-01 1.077721714973449707e-01 9.431982040405273438e-01
1.403636877051666498e+09 1.571833014488220215e+00 -7.783635258674621582e-01 -1.344541311264038086e-01 -1.750269830226898193e-01 2.236233055591583252e-01 9.088663011789321899e-02 9.545144438743591309e-01
1.403636877151666403e+09 1.422668933868408203e+00 -8.182067275047302246e-01 3.501522541046142578e-02 -1.735391169786453247e-01 1.827848255634307861e-01 7.250661402940750122e-02 9.649957418441772461e-01
1.403636877251666546e+09 1.216046452522277832e+00 -8.498713374137878418e-01 1.710308045148849487e-01 -1.747853308916091919e-01 1.394533067941665649e-01 5.730551481246948242e-02 9.729948639869689941e-01
1.403636877351666451e+09 9.731128215789794922e-01 -8.687985539436340332e-01 2.585327029228210449e-01 -1.772948801517486572e-01 9.912379831075668335e-02 4.238102957606315613e-02 9.782356023788452148e-01
1.403636877451666594e+09 7.170937061309814453e-01 -8.669193983078002930e-01 2.893535196781158447e-01 -1.821362972259521484e-01 6.148379296064376831e-02 2.841672301292419434e-02 9.809376597404479980e-01
1.403636877551666498e+09 4.722662568092346191e-01 -8.414078950881958008e-01 2.670647501945495605e-01 -1.910614967346191406e-01 2.983566559851169586e-02 2.142689004540443420e-02 9.808905720710754395e-01
1.403636877651666403e+09 2.573667466640472412e-01 -7.942414879798889160e-01 1.914674490690231323e-01 -2.029743045568466187e-01 7.528790272772312164e-03 1.909943297505378723e-02 9.789688587188720703e-01
1.403636877751666546e+09 8.308759331703186035e-02 -7.406780719757080078e-01 7.151262462139129639e-02 -2.135351151227951050e-01 -5.849616602063179016e-03 2.351317368447780609e-02 9.766349196434020996e-01
1.403636877851666451e+09 -4.486724361777305603e-02 -6.811301708221435547e-01 -7.671403139829635620e-02 -2.233395129442214966e-01 -5.344987846910953522e-03 3.031282499432563782e-02 9.742546677589416504e-01
1.403636877951666594e+09 -1.212469860911369324e-01 -6.139522790908813477e-01 -2.367316484451293945e-01 -2.337393015623092651e-01 5.684252828359603882e-03 3.735394403338432312e-02 9.715648889541625977e-01
1.403636878051666498e+09 -1.427420675754547119e-01 -5.396705269813537598e-01 -3.981897234916687012e-01 -2.405127435922622681e-01 2.520724199712276459e-02 4.384770616888999939e-02 9.693274497985839844e-01
1.403636878151666403e+09 -1.058233976364135742e-01 -4.719949364662170410e-01 -5.460152626037597656e-01 -2.412642389535903931e-01 5.259945988655090332e-02 5.350245162844657898e-02 9.675548672676086426e-01
1.403636878251666546e+09 -1.365132443606853485e-02 -4.137614369392395020e-01 -6.819208860397338867e-01 -2.374889552593231201e-01 8.011493831872940063e-02 6.455882638692855835e-02 9.659258723258972168e-01
1.403636878351666451e+09 1.241997629404067993e-01 -3.682502508163452148e-01 -7.984076738357543945e-01 -2.319373637437820435e-01 1.050601825118064880e-01 8.072776347398757935e-02 9.636651277542114258e-01
1.403636878451666594e+09 3.075864911079406738e-01 -3.391959667205810547e-01 -8.921728134155273438e-01 -2.275673151016235352e-01 1.319501698017120361e-01 9.450075775384902954e-02 9.601415991783142090e-01
1.403636878551666498e+09 5.196252465248107910e-01 -3.391871452331542969e-01 -9.514360427856445312e-01 -2.242047637701034546e-01 1.606090068817138672e-01 1.036757826805114746e-01 9.556088447570800781e-01
1.403636878651666403e+09 7.487615942955017090e-01 -3.667762875556945801e-01 -9.684201478958129883e-01 -2.200847119092941284e-01 1.873620748519897461e-01 1.085841208696365356e-01 9.511402249336242676e-01
1.403636878751666546e+09 9.793460965156555176e-01 -4.147658944129943848e-01 -9.463009238243103027e-01 -2.148073166608810425e-01 2.108283340930938721e-01 1.072145849466323853e-01 9.475833773612976074e-01
1.403636878851666451e+09 1.195265293121337891e+00 -4.739451706409454346e-01 -8.893675208091735840e-01 -2.086585313081741333e-01 2.255168855190277100e-01 1.070060282945632935e-01 9.455968737602233887e-01
1.403636878951666594e+09 1.384249806404113770e+00 -5.288775563240051270e-01 -8.068950772285461426e-01 -2.074149996042251587e-01 2.304728627204895020e-01 1.089481860399246216e-01 9.444530606269836426e-01
1.403636879051666498e+09 1.537410974502563477e+00 -5.849671959877014160e-01 -7.001682519912719727e-01 -2.083166688680648804e-01 2.305963784456253052e-01 1.104338839650154114e-01 9.440518617630004883e-01
1.403636879151666403e+09 1.643667101860046387e+00 -6.563410162925720215e-01 -5.690718889236450195e-01 -1.995314210653305054e-01 2.272568047046661377e-01 1.093583852052688599e-01 9.468803405761718750e-01
1.403636879251666546e+09 1.695862770080566406e+00 -8.029672503471374512e-01 -2.809833288192749023e-01 -1.742342412471771240e-01 2.094920277595520020e-01 9.133365750312805176e-02 9.578171968460083008e-01
1.403636879451666594e+09 1.498880028724670410e+00 -9.020780324935913086e-01 -5.584773421287536621e-02 -1.678213179111480713e-01 1.596085578203201294e-01 6.385717540979385376e-02 9.707129001617431641e-01
1.403636879651666403e+09 1.324240803718566895e+00 -9.362193346023559570e-01 1.030530408024787903e-02 -1.694628000259399414e-01 1.309210658073425293e-01 5.628178641200065613e-02 9.751791954040527344e-01
1.403636879751666546e+09 1.115672469139099121e+00 -9.610857367515563965e-01 3.671414777636528015e-02 -1.726265847682952881e-01 1.037132143974304199e-01 5.320152267813682556e-02 9.780660867691040039e-01
1.403636879851666451e+09 8.971427679061889648e-01 -9.600240588188171387e-01 2.407647296786308289e-02 -1.800691336393356323e-01 8.154104650020599365e-02 4.990775883197784424e-02 9.789971709251403809e-01
1.403636879951666594e+09 6.976853609085083008e-01 -9.365661144256591797e-01 -3.387209773063659668e-02 -1.902268528938293457e-01 6.749094277620315552e-02 4.724023491144180298e-02 9.782776832580566406e-01
1.403636880051666498e+09 4.681574106216430664e-01 -8.598744869232177734e-01 -2.749561369419097900e-01 -2.033592015504837036e-01 5.900803208351135254e-02 4.454116523265838623e-02 9.763089418411254883e-01
1.403636880251666546e+09 5.037881731986999512e-01 -7.750656604766845703e-01 -5.870127081871032715e-01 -1.946899294853210449e-01 9.851355850696563721e-02 5.348110944032669067e-02 9.744386672973632812e-01
1.403636880451666594e+09 5.768384933471679688e-01 -7.224627733230590820e-01 -9.202873110771179199e-01 -1.847583204507827759e-01 1.555278748273849487e-01 6.365933269262313843e-02 9.683093428611755371e-01
1.403636880651666403e+09 4.675352275371551514e-01 -6.790773272514343262e-01 -1.213912606239318848e+00 -1.974997520446777344e-01 1.798710227012634277e-01 7.517056912183761597e-02 9.607235193252563477e-01
1.403636880851666451e+09 2.075430601835250854e-01 -6.497880816459655762e-01 -1.341608762741088867e+00 -1.995528042316436768e-01 1.631408482789993286e-01 7.784796506166458130e-02 9.630698561668395996e-01
1.403636881051666498e+09 -5.138767510652542114e-02 -6.692416667938232422e-01 -1.273177146911621094e+00 -1.779785007238388062e-01 1.298120021820068359e-01 6.019308790564537048e-02 9.735755324363708496e-01
1.403636881251666546e+09 -2.181055396795272827e-01 -7.401543259620666504e-01 -1.082501173019409180e+00 -1.690065115690231323e-01 7.939750701189041138e-02 4.091538116335868835e-02 9.815593957901000977e-01
1.403636881451666594e+09 -1.572158038616180420e-01 -8.401426672935485840e-01 -7.896187305450439453e-01 -1.616262495517730713e-01 5.997655913233757019e-02 1.513247005641460419e-02 9.849115610122680664e-01
1.403636881651666403e+09 1.193577870726585388e-01 -9.257814884185791016e-01 -4.821404516696929932e-01 -1.572784483432769775e-01 5.446472391486167908e-02 -6.084426771849393845e-03 9.860324859619140625e-01
1.403636881851666451e+09 5.027198791503906250e-01 -9.669462442398071289e-01 -2.411844134330749512e-01 -1.628042906522750854e-01 7.035277038812637329e-02 -9.241054067388176918e-04 9.841465950012207031e-01
1.403636882051666498e+09 8.701586127281188965e-01 -9.310144782066345215e-01 -1.645857095718383789e-01 -1.598249226808547974e-01 9.081249684095382690e-02 1.369601767510175705e-02 9.828640222549438477e-01
1.403636882251666546e+09 1.071320652961730957e+00 -7.299029827117919922e-01 -2.928139269351959229e-01 -1.447992473840713501e-01 1.014427319169044495e-01 1.904046535491943359e-02 9.840630292892456055e-01
1.403636882651666403e+09 8.978383541107177734e-01 -6.026994585990905762e-01 -2.509230971336364746e-01 -1.012907326221466064e-01 5.685133486986160278e-02 1.545829698443412781e-02 9.931108951568603516e-01
1.403636882851666451e+09 7.925844788551330566e-01 -5.151942968368530273e-01 -6.597378849983215332e-02 -5.371160432696342468e-02 6.685115862637758255e-03 8.101584971882402897e-04 9.985337853431701660e-01
1.403636883051666498e+09 7.108803987503051758e-01 -3.841341435909271240e-01 1.134492754936218262e-01 -4.972326010465621948e-02 -3.340239077806472778e-02 -1.476582419127225876e-02 9.980951547622680664e-01
1.403636883351666451e+09 6.350612640380859375e-01 -2.114066034555435181e-01 3.356005549430847168e-01 -1.910583302378654480e-02 -6.453324109315872192e-02 -3.142147138714790344e-02 9.972377419471740723e-01
1.403636883851666451e+09 6.813225150108337402e-01 -1.366475373506546021e-01 3.399319052696228027e-01 1.135068945586681366e-03 -9.064736962318420410e-02 -4.359513893723487854e-02 9.949277639389038086e-01
1.403636897551666498e+09 7.664312124252319336e-01 -1.141944751143455505e-01 2.497527897357940674e-01 -2.324940264225006104e-02 -7.479643076658248901e-02 -5.322004854679107666e-02 9.955062270164489746e-01
1.403636897751666546e+09 8.598833680152893066e-01 -1.643342524766921997e-01 1.251028627157211304e-01 -5.313041806221008301e-02 -6.613980233669281006e-02 -6.788653135299682617e-02 9.940795302391052246e-01
1.403636897951666594e+09 9.181804656982421875e-01 -2.992486059665679932e-01 5.015590041875839233e-02 -4.178646951913833618e-02 -6.967927515506744385e-02 -7.054184377193450928e-02 9.941944479942321777e-01
1.403636898251666546e+09 9.601607918739318848e-01 -5.290037989616394043e-01 3.147559612989425659e-02 -3.198295459151268005e-02 -8.445689827203750610e-02 -7.153382152318954468e-02 9.933413863182067871e-01
1.403636898651666403e+09 9.258415102958679199e-01 -8.426106572151184082e-01 9.115536510944366455e-02 -3.460168838500976562e-02 -9.462440758943557739e-02 -7.207904756069183350e-02 9.922971725463867188e-01
1.403636899051666498e+09 9.009667634963989258e-01 -1.100841164588928223e+00 3.316958546638488770e-01 -2.259539440274238586e-02 -7.250853627920150757e-02 -5.030320957303047180e-02 9.958422183990478516e-01
1.403636899351666451e+09 1.033789515495300293e+00 -1.311678051948547363e+00 6.116818785667419434e-01 -1.998524926602840424e-02 4.892346914857625961e-03 -1.464631315320730209e-02 9.996810555458068848e-01
1.403636899851666451e+09 1.624800920486450195e+00 -1.730985522270202637e+00 1.002524137496948242e+00 -1.913600042462348938e-02 2.743433415889739990e-02 -2.861244976520538330e-02 9.990307688713073730e-01
1.403636901051666498e+09 2.663859605789184570e+00 -2.213163137435913086e+00 1.647553801536560059e+00 -2.522021718323230743e-02 1.226709224283695221e-02 -1.970362477004528046e-02 9.994124770164489746e-01
1.403636901751666546e+09 3.682512044906616211e+00 -2.410903930664062500e+00 2.259115695953369141e+00 -1.899253018200397491e-02 1.536490395665168762e-02 -3.004376962780952454e-02 9.992500543594360352e-01
1.403636902451666594e+09 4.892796993255615234e+00 -2.316591978073120117e+00 2.982454776763916016e+00 -1.896969974040985107e-02 2.778561040759086609e-02 -3.625727817416191101e-02 9.987760782241821289e-01
1.403636903251666546e+09 6.460397720336914062e+00 -3.008016109466552734e+00 3.801484584808349609e+00 -3.193563595414161682e-02 9.383616968989372253e-03 -2.367437444627285004e-02 9.991654753684997559e-01
1.403636904351666451e+09 7.693461418151855469e+00 -3.859539985656738281e+00 4.452571868896484375e+00 -2.123189717531204224e-02 1.872482523322105408e-02 -2.863147854804992676e-02 9.991891384124755859e-01
1.403636905151666403e+09 9.520467758178710938e+00 -4.594965457916259766e+00 5.899556636810302734e+00 -3.965279459953308105e-02 9.678252041339874268e-03 -4.696527868509292603e-02 9.980623126029968262e-01
1.403636906551666498e+09 1.053501415252685547e+01 -5.604695796966552734e+00 8.498598098754882812e+00 -3.978951647877693176e-02 -1.026561390608549118e-02 -2.387877739965915680e-02 9.988700747489929199e-01
1.403636908051666498e+09 1.126769828796386719e+01 -6.246328353881835938e+00 1.007545185089111328e+01 -2.315005846321582794e-02 -1.470970921218395233e-02 -4.511742666363716125e-02 9.986051321029663086e-01
1.403636908951666594e+09 1.214923858642578125e+01 -7.242821216583251953e+00 1.214672851562500000e+01 -4.027957841753959656e-02 -2.418966405093669891e-02 -3.684546053409576416e-02 9.982158541679382324e-01
1.403636909651666403e+09 1.275061798095703125e+01 -7.571622848510742188e+00 1.361819553375244141e+01 -1.484094094485044479e-02 -1.552218850702047348e-02 -4.594007506966590881e-02 9.987133741378784180e-01
1.403636910051666498e+09 1.355238056182861328e+01 -7.889613628387451172e+00 1.638553619384765625e+01 -2.435941435396671295e-02 -2.223800122737884521e-02 -4.446351900696754456e-02 9.984663724899291992e-01
1.403636911351666451e+09 1.397833728790283203e+01 -8.527155876159667969e+00 1.812171173095703125e+01 -2.450929954648017883e-02 -2.146187052130699158e-02 -4.066814482212066650e-02 9.986414909362792969e-01
1.403636912451666594e+09 1.485934543609619141e+01 -8.901353836059570312e+00 2.035262680053710938e+01 -2.055315114557743073e-02 -1.838462799787521362e-02 -2.728787250816822052e-02 9.992471933364868164e-01
1.403636913251666546e+09 1.617586708068847656e+01 -9.048549652099609375e+00 2.192552566528320312e+01 -1.989564672112464905e-02 -1.307095587253570557e-02 -4.052934050559997559e-02 9.988947510719299316e-01
1.403636914451666594e+09 1.782855796813964844e+01 -9.790285110473632812e+00 2.325255012512207031e+01 -1.864038780331611633e-02 -7.175337057560682297e-03 -4.719609394669532776e-02 9.986859560012817383e-01
1.403636915351666451e+09 1.928338623046875000e+01 -1.039237880706787109e+01 2.471123313903808594e+01 -1.633472368121147156e-02 -7.941037416458129883e-03 -4.647766053676605225e-02 9.987542033195495605e-01
1.403636916551666498e+09 2.004860496520996094e+01 -1.083815002441406250e+01 2.532395553588867188e+01 -1.577475853264331818e-02 3.255798295140266418e-02 -4.208467900753021240e-02 9.984588623046875000e-01
1.403636917051666498e+09 2.071953392028808594e+01 -1.055827713012695312e+01 2.622429466247558594e+01 -1.075242925435304642e-02 1.093284934759140015e-01 -1.083001121878623962e-02 9.938885569572448730e-01
1.403636917851666451e+09 2.087144279479980469e+01 -1.176701736450195312e+01 2.712433433532714844e+01 9.579376783221960068e-04 1.669436544179916382e-01 3.650384768843650818e-02 9.852900505065917969e-01
1.403636919851666451e+09 2.204155921936035156e+01 -1.136515808105468750e+01 2.555509567260742188e+01 -3.614359349012374878e-02 1.815452724695205688e-01 3.299604728817939758e-02 9.821640253067016602e-01
1.403636922151666403e+09 2.260531425476074219e+01 -1.064945411682128906e+01 2.507881546020507812e+01 1.338103553280234337e-03 2.650299966335296631e-01 5.670669302344322205e-02 9.625703096389770508e-01
1.403636923451666594e+09 2.458638954162597656e+01 -1.040783309936523438e+01 2.626903152465820312e+01 -2.461255341768264771e-02 3.167941868305206299e-01 6.212751939892768860e-02 9.461373686790466309e-01
1.403636925551666498e+09 2.736891555786132812e+01 -1.063140392303466797e+01 2.858770751953125000e+01 -3.811742644757032394e-03 3.278792202472686768e-01 8.800436556339263916e-02 9.406040310859680176e-01
1.403636927151666403e+09 2.828825569152832031e+01 -1.053887367248535156e+01 2.885092163085937500e+01 -1.777669042348861694e-02 4.190785586833953857e-01 1.130546480417251587e-01 9.007084965705871582e-01
1.403636927651666403e+09 3.236619949340820312e+01 -1.089594459533691406e+01 3.065787124633789062e+01 -3.067570040002465248e-03 4.401519298553466797e-01 1.067323386669158936e-01 8.915520906448364258e-01
1.403636929651666403e+09 3.530158996582031250e+01 -1.205836677551269531e+01 3.125421905517578125e+01 -2.114595554303377867e-04 4.367907643318176270e-01 1.021820083260536194e-01 8.937408328056335449e-01
1.403636931151666403e+09 3.672652053833007812e+01 -1.204731655120849609e+01 3.047090721130371094e+01 4.682146478444337845e-03 4.872867166996002197e-01 8.335124701261520386e-02 8.692424297332763672e-01
1.403636932451666594e+09 3.575555419921875000e+01 -1.189221382141113281e+01 2.884309959411621094e+01 7.374735549092292786e-03 5.454285144805908203e-01 1.301418095827102661e-01 8.279592394828796387e-01
1.403636933251666546e+09 3.397898101806640625e+01 -1.138905239105224609e+01 2.810431289672851562e+01 8.966752327978610992e-03 5.821048021316528320e-01 1.558478474617004395e-01 7.979881763458251953e-01
1.403636934351666451e+09 3.341390991210937500e+01 -1.104299163818359375e+01 2.783961296081542969e+01 2.015693113207817078e-02 6.558153033256530762e-01 1.943046152591705322e-01 7.292089462280273438e-01
1.403636934651666403e+09 3.213738632202148438e+01 -1.126043891906738281e+01 2.682382011413574219e+01 1.307546999305486679e-02 7.045220136642456055e-01 2.053862363100051880e-01 6.791865229606628418e-01
1.403636935951666594e+09 3.080957984924316406e+01 -1.044513225555419922e+01 2.522607421875000000e+01 4.145241808146238327e-03 7.012355327606201172e-01 2.040649056434631348e-01 6.830878853797912598e-01
1.403636937351666451e+09 3.065646171569824219e+01 -9.674087524414062500e+00 2.376653861999511719e+01 -3.682969138026237488e-03 7.210028767585754395e-01 1.803593784570693970e-01 6.690379381179809570e-01
1.403636938451666594e+09 2.900049591064453125e+01 -8.633738517761230469e+00 2.256256484985351562e+01 1.115797832608222961e-02 7.292016148567199707e-01 2.135377526283264160e-01 6.500324010848999023e-01
1.403636939851666451e+09 2.749355697631835938e+01 -8.080646514892578125e+00 2.126641273498535156e+01 2.394336648285388947e-02 7.358375787734985352e-01 2.132320851087570190e-01 6.422631740570068359e-01
1.403636940351666451e+09 2.652475929260253906e+01 -7.506907939910888672e+00 2.062625312805175781e+01 2.355972304940223694e-02 7.459390759468078613e-01 2.246471047401428223e-01 6.265408992767333984e-01
1.403636940751666546e+09 2.551487350463867188e+01 -7.157208919525146484e+00 1.982507324218750000e+01 -4.634244833141565323e-03 7.479565739631652832e-01 2.337916195392608643e-01 6.211932301521301270e-01
1.403636941251666546e+09 2.423753356933593750e+01 -7.076340675354003906e+00 1.850187873840332031e+01 6.710204295814037323e-03 7.482467293739318848e-01 2.128121703863143921e-01 6.283254623413085938e-01
1.403636941951666594e+09 2.281530189514160156e+01 -6.815864086151123047e+00 1.716763877868652344e+01 1.141346991062164307e-02 7.401997447013854980e-01 2.207005918025970459e-01 6.350318193435668945e-01
1.403636942551666498e+09 2.181996917724609375e+01 -6.392966747283935547e+00 1.620810699462890625e+01 8.713906630873680115e-03 7.413367033004760742e-01 2.344537079334259033e-01 6.287888288497924805e-01
1.403636942951666594e+09 2.093070411682128906e+01 -6.048769950866699219e+00 1.509055328369140625e+01 1.017927564680576324e-02 7.520527839660644531e-01 2.168934196233749390e-01 6.223104000091552734e-01
1.403636943551666498e+09 1.981727027893066406e+01 -5.400619506835937500e+00 1.396781539916992188e+01 8.037686347961425781e-03 7.588679790496826172e-01 2.106929123401641846e-01 6.161682009696960449e-01
1.403636944051666498e+09 1.909529495239257812e+01 -4.765564918518066406e+00 1.342920875549316406e+01 -2.454457618296146393e-02 7.282693386077880859e-01 2.414341121912002563e-01 6.408829689025878906e-01
1.403636944551666498e+09 1.759726333618164062e+01 -4.531486988067626953e+00 1.214876174926757812e+01 -1.909160800278186798e-02 7.166808247566223145e-01 2.135036587715148926e-01 6.636416912078857422e-01
1.403636946851666451e+09 1.668966865539550781e+01 -2.919633388519287109e+00 1.299215507507324219e+01 1.249746186658740044e-03 7.221108675003051758e-01 2.413892149925231934e-01 6.482944488525390625e-01
1.403636947451666594e+09 1.931014823913574219e+01 -2.256365776062011719e+00 1.383192825317382812e+01 1.422394718974828720e-02 7.166883349418640137e-01 2.013159245252609253e-01 6.675533652305603027e-01
1.403636949851666451e+09 2.080393218994140625e+01 -2.327230930328369141e+00 1.504897308349609375e+01 -1.681985892355442047e-02 7.204616665840148926e-01 1.945588588714599609e-01 6.654314994812011719e-01
1.403636950951666594e+09 2.182271385192871094e+01 -2.722606658935546875e+00 1.572418975830078125e+01 -7.068478967994451523e-03 7.087177038192749023e-01 2.232896387577056885e-01 6.691868305206298828e-01
1.403636951751666546e+09 2.291595077514648438e+01 -2.846856117248535156e+00 1.625865554809570312e+01 -1.729501038789749146e-02 7.170431613922119141e-01 2.013162076473236084e-01 6.670995950698852539e-01
1.403636952151666403e+09 2.376227760314941406e+01 -2.985893249511718750e+00 1.672632789611816406e+01 6.732791662216186523e-03 7.167183160781860352e-01 2.003917545080184937e-01 6.679167151451110840e-01
1.403636952651666403e+09 2.478660392761230469e+01 -2.882200241088867188e+00 1.758329010009765625e+01 -4.566328134387731552e-03 7.132538557052612305e-01 2.096599489450454712e-01 6.687980294227600098e-01
1.403636953151666403e+09 2.560122299194335938e+01 -2.679377079010009766e+00 1.823510360717773438e+01 -2.581569598987698555e-03 7.103356719017028809e-01 2.185559123754501343e-01 6.690664887428283691e-01
1.403636953751666546e+09 2.653247070312500000e+01 -2.878958702087402344e+00 1.866393470764160156e+01 -2.318850904703140259e-02 7.114292979240417480e-01 2.020536214113235474e-01 6.726850271224975586e-01
1.403636954151666403e+09 2.740139007568359375e+01 -3.229319572448730469e+00 1.914801979064941406e+01 -1.770616695284843445e-02 7.091045379638671875e-01 2.089379727840423584e-01 6.732029914855957031e-01
1.403636954551666498e+09 2.838615036010742188e+01 -3.621172904968261719e+00 1.972252273559570312e+01 -1.642633229494094849e-02 7.162778377532958984e-01 2.081068158149719238e-01 6.658586859703063965e-01
1.403636954951666594e+09 2.946723937988281250e+01 -3.597849845886230469e+00 2.050390052795410156e+01 -7.240247912704944611e-03 7.293236851692199707e-01 2.010615766048431396e-01 6.539181470870971680e-01
1.403636955351666451e+09 3.069526863098144531e+01 -3.822543144226074219e+00 2.154674148559570312e+01 -7.552968338131904602e-03 7.412437200546264648e-01 2.035327851772308350e-01 6.395898461341857910e-01
1.403636955851666451e+09 3.158389282226562500e+01 -4.122460365295410156e+00 2.245240211486816406e+01 1.225107163190841675e-02 7.388851046562194824e-01 2.210680693387985229e-01 6.364178657531738281e-01
1.403636956551666498e+09 3.286165237426757812e+01 -4.549858093261718750e+00 2.375687789916992188e+01 2.370883896946907043e-02 7.225391864776611328e-01 2.081588357686996460e-01 6.588208079338073730e-01
1.403636956851666451e+09 3.322124862670898438e+01 -4.673161506652832031e+00 2.424308204650878906e+01 1.360952947288751602e-02 6.659129261970520020e-01 1.908425837755203247e-01 7.210783362388610840e-01
1.403636957151666403e+09 3.353108978271484375e+01 -5.008173465728759766e+00 2.468818092346191406e+01 -3.062211442738771439e-03 6.031321883201599121e-01 1.598383337259292603e-01 7.814563512802124023e-01
1.403636957651666403e+09 3.383609008789062500e+01 -4.960796356201171875e+00 2.531662368774414062e+01 4.004081711173057556e-04 5.275755524635314941e-01 1.477236747741699219e-01 8.365654349327087402e-01
1.403636958051666498e+09 3.402483367919921875e+01 -5.044783592224121094e+00 2.563843727111816406e+01 -8.123030886054039001e-03 4.331521093845367432e-01 1.144765987992286682e-01 8.939846158027648926e-01
1.403636958651666403e+09 3.531353759765625000e+01 -5.230042457580566406e+00 2.767149543762207031e+01 -1.263329479843378067e-02 4.230407774448394775e-01 6.848286092281341553e-02 9.034307003021240234e-01
1.403636960851666451e+09 3.505984115600585938e+01 -5.156610965728759766e+00 2.844391250610351562e+01 -1.080466434359550476e-02 3.372660279273986816e-01 6.901206821203231812e-02 9.388143420219421387e-01
1.403636961251666546e+09 3.476638031005859375e+01 -5.418146133422851562e+00 2.889392662048339844e+01 -1.361991837620735168e-02 2.570032775402069092e-01 4.157378897070884705e-02 9.654198288917541504e-01
1.403636961751666546e+09 3.442639160156250000e+01 -5.926652908325195312e+00 2.918976974487304688e+01 -1.343351230025291443e-02 1.853878796100616455e-01 1.651224493980407715e-02 9.824349284172058105e-01
1.403636962151666403e+09 3.403841400146484375e+01 -6.284303665161132812e+00 2.943530654907226562e+01 -1.569305732846260071e-02 9.511847048997879028e-02 -1.475584320724010468e-02 9.952328801155090332e-01
1.403636962451666594e+09 3.357892227172851562e+01 -6.814290523529052734e+00 2.951887512207031250e+01 -1.650050282478332520e-02 8.864188566803932190e-03 -6.968726962804794312e-02 9.973930716514587402e-01
1.403636962951666594e+09 3.093393898010253906e+01 -7.370540142059326172e+00 2.917144203186035156e+01 -6.679735146462917328e-03 1.823951955884695053e-03 -4.919662699103355408e-02 9.987651109695434570e-01
1.403636964651666403e+09 2.959473228454589844e+01 -7.306215763092041016e+00 2.855199050903320312e+01 -4.556424915790557861e-03 -3.775836527347564697e-02 -8.599996566772460938e-02 9.955689907073974609e-01
1.403636964951666594e+09 2.872212791442871094e+01 -7.219609737396240234e+00 2.807678222656250000e+01 -3.044374752789735794e-03 -1.090605109930038452e-01 -9.737809002399444580e-02 9.892492294311523438e-01
1.403636965351666451e+09 2.744091033935546875e+01 -7.370954036712646484e+00 2.729973030090332031e+01 -6.317546218633651733e-02 -1.417950242757797241e-01 -1.013517454266548157e-01 9.826652407646179199e-01
1.403636965651666403e+09 2.578413772583007812e+01 -7.936592102050781250e+00 2.662901687622070312e+01 -7.879572920501232147e-03 -1.393168419599533081e-01 -9.121387451887130737e-02 9.860065579414367676e-01
1.403636966451666594e+09 2.331345748901367188e+01 -7.571395397186279297e+00 2.537903022766113281e+01 -2.731452696025371552e-03 -1.306102424860000610e-01 -6.718130409717559814e-02 9.891512393951416016e-01
1.403636967551666498e+09 2.139937591552734375e+01 -6.395796775817871094e+00 2.303109741210937500e+01 3.798719728365540504e-03 -1.191420480608940125e-01 -8.173835277557373047e-02 9.894997477531433105e-01
1.403636968451666594e+09 2.005403518676757812e+01 -4.913052082061767578e+00 2.024915504455566406e+01 4.852931597270071507e-04 -1.176024824380874634e-01 -8.469520509243011475e-02 9.894423484802246094e-01
1.403636969251666546e+09 1.925324249267578125e+01 -4.612881660461425781e+00 1.825836753845214844e+01 -3.086342662572860718e-02 -1.168126165866851807e-01 -7.933839410543441772e-02 9.894987344741821289e-01
1.403636969651666403e+09 1.860199737548828125e+01 -4.404338359832763672e+00 1.684562492370605469e+01 -3.579854965209960938e-02 -1.127854213118553162e-01 -8.015875518321990967e-02 9.897335767745971680e-01
1.403636970051666498e+09 1.790314865112304688e+01 -3.974868774414062500e+00 1.573031902313232422e+01 -8.332446217536926270e-03 -1.158733069896697998e-01 -7.690937072038650513e-02 9.902469515800476074e-01
1.403636970451666594e+09 1.719671058654785156e+01 -3.541256904602050781e+00 1.466057109832763672e+01 -3.949276730418205261e-02 -1.163426861166954041e-01 -8.062593638896942139e-02 9.891431331634521484e-01
1.403636970851666451e+09 1.640815162658691406e+01 -3.366255283355712891e+00 1.381973457336425781e+01 -6.205481663346290588e-02 -1.211566254496574402e-01 -7.478604465723037720e-02 9.878650307655334473e-01
1.403636971251666546e+09 1.555042171478271484e+01 -2.988009452819824219e+00 1.343802452087402344e+01 -3.255326300859451294e-02 -1.344144344329833984e-01 -3.951189294457435608e-02 9.896019101142883301e-01
1.403636972051666498e+09 1.519909667968750000e+01 -2.429858684539794922e+00 1.282227039337158203e+01 -2.552023157477378845e-02 -9.867751598358154297e-02 -6.508149206638336182e-02 9.926610589027404785e-01
1.403636973551666498e+09 1.528883647918701172e+01 -1.765012145042419434e+00 1.279568099975585938e+01 -2.215047739446163177e-02 -3.764081373810768127e-02 -4.496238380670547485e-02 9.980335235595703125e-01
1.403636974351666451e+09 1.537086582183837891e+01 -1.490209579467773438e+00 1.283226776123046875e+01 -1.266634184867143631e-02 7.842557132244110107e-02 -1.320566330105066299e-02 9.967520833015441895e-01
1.403636974751666546e+09 1.544748210906982422e+01 -1.356347560882568359e+00 1.284158897399902344e+01 -2.482975088059902191e-02 1.900339424610137939e-01 4.478803277015686035e-02 9.804410934448242188e-01
1.403636975351666451e+09 1.584366798400878906e+01 -1.391344428062438965e+00 1.316899776458740234e+01 6.823784206062555313e-03 2.935254871845245361e-01 9.793866425752639771e-02 9.508966207504272461e-01
1.403636976451666594e+09 1.648354911804199219e+01 -7.697031497955322266e-01 1.324763011932373047e+01 -1.511020306497812271e-02 3.858826160430908203e-01 1.137112751603126526e-01 9.153884649276733398e-01
1.403636978051666498e+09 1.845526695251464844e+01 -1.596115827560424805e-01 1.296364593505859375e+01 -1.963487826287746429e-02 3.930780887603759766e-01 1.043021529912948608e-01 9.133592844009399414e-01
1.403636978851666451e+09 2.064145660400390625e+01 2.163004875183105469e-02 1.338602828979492188e+01 -3.769258037209510803e-02 3.957747519016265869e-01 1.092372387647628784e-01 9.110482335090637207e-01
1.403636979951666594e+09 2.209383964538574219e+01 -3.973126411437988281e-01 1.434418964385986328e+01 -1.154918782413005829e-02 4.099155068397521973e-01 1.004343703389167786e-01 9.065036773681640625e-01
1.403636980651666403e+09 2.358017921447753906e+01 -5.398128032684326172e-01 1.577168464660644531e+01 -2.809002762660384178e-03 4.017670154571533203e-01 1.099467873573303223e-01 9.091134071350097656e-01
1.403636981751666546e+09 2.485515213012695312e+01 -8.026015758514404297e-01 1.697142028808593750e+01 -5.056672915816307068e-02 4.165786206722259521e-01 1.202228292822837830e-01 8.996953964233398438e-01
1.403636982451666594e+09 2.587937164306640625e+01 -1.172141551971435547e+00 1.795702743530273438e+01 -8.807142265141010284e-03 4.123243093490600586e-01 1.212452724575996399e-01 9.028902053833007812e-01
1.403636982951666594e+09 2.712295150756835938e+01 -1.576094627380371094e+00 1.888456153869628906e+01 -1.258124783635139465e-02 4.120967686176300049e-01 1.078695580363273621e-01 9.046447873115539551e-01
1.403636983451666594e+09 2.859498786926269531e+01 -1.721444606781005859e+00 2.009605407714843750e+01 -2.403490245342254639e-02 4.193853437900543213e-01 1.031758636236190796e-01 9.016058444976806641e-01
1.403636984051666498e+09 2.996604347229003906e+01 -2.428307056427001953e+00 2.141971778869628906e+01 -2.192549780011177063e-02 4.281285107135772705e-01 1.042719930410385132e-01 8.974144458770751953e-01
1.403636984651666403e+09 3.124495887756347656e+01 -2.928370475769042969e+00 2.308420944213867188e+01 -8.099548518657684326e-03 4.271140694618225098e-01 1.083768010139465332e-01 8.976427912712097168e-01
1.403636985351666451e+09 3.241078186035156250e+01 -3.509372949600219727e+00 2.501325035095214844e+01 -1.637358032166957855e-02 4.107201695442199707e-01 8.521968126296997070e-02 9.076224565505981445e-01
1.403636985851666451e+09 3.280118179321289062e+01 -4.121648788452148438e+00 2.697404861450195312e+01 -8.221163414418697357e-03 3.964404165744781494e-01 7.213496416807174683e-02 9.151852130889892578e-01
1.403636986651666403e+09 3.242226028442382812e+01 -4.768321037292480469e+00 2.869802665710449219e+01 -1.668333890847861767e-03 3.879835903644561768e-01 9.898738563060760498e-02 9.163337349891662598e-01
1.403636987451666594e+09 3.194880485534667969e+01 -5.517405509948730469e+00 2.992650604248046875e+01 1.577065885066986084e-02 3.859828412532806396e-01 7.821083068847656250e-02 9.190493822097778320e-01
1.403636988051666498e+09 3.094567298889160156e+01 -6.055527687072753906e+00 3.051466941833496094e+01 3.525789082050323486e-02 3.720298707485198975e-01 1.058506742119789124e-01 9.214913845062255859e-01
1.403636989451666594e+09 2.899475860595703125e+01 -5.662851810455322266e+00 2.753973197937011719e+01 1.633945503272116184e-03 3.842526972293853760e-01 8.953510224819183350e-02 9.188746809959411621e-01
1.403636990551666498e+09 2.691748046875000000e+01 -4.917629241943359375e+00 2.429712486267089844e+01 -9.463529102504253387e-03 3.764814734458923340e-01 8.421049267053604126e-02 9.225404262542724609e-01
1.403636991651666403e+09 2.474570655822753906e+01 -4.363605499267578125e+00 2.151548385620117188e+01 -1.660747104324400425e-03 3.936436772346496582e-01 9.378247708082199097e-02 9.144653081893920898e-01
1.403636992651666403e+09 2.310292053222656250e+01 -3.943249702453613281e+00 1.953979682922363281e+01 1.747894275467842817e-04 3.815473318099975586e-01 9.246207028627395630e-02 9.197132587432861328e-01
1.403636993551666498e+09 2.173808097839355469e+01 -3.996556282043457031e+00 1.829174613952636719e+01 9.137511253356933594e-03 2.987543344497680664e-01 5.247160419821739197e-02 9.528427124023437500e-01
1.403636994751666546e+09 1.888179397583007812e+01 -3.217627048492431641e+00 1.545396900177001953e+01 5.699028261005878448e-03 2.955825030803680420e-01 6.019253656268119812e-02 9.534020423889160156e-01
1.403636996051666498e+09 1.644530677795410156e+01 -2.926993131637573242e+00 1.203328990936279297e+01 -1.477499678730964661e-02 2.595538794994354248e-01 5.225373804569244385e-02 9.642007946968078613e-01
1.403636996851666451e+09 1.558534145355224609e+01 -2.590140581130981445e+00 1.088926410675048828e+01 -2.386225014925003052e-02 1.549970805644989014e-01 2.159866504371166229e-02 9.873905181884765625e-01
1.403636997351666451e+09 1.439741897583007812e+01 -2.534875154495239258e+00 9.315145492553710938e+00 -3.043522126972675323e-02 1.399649381637573242e-01 1.180287264287471771e-02 9.896182417869567871e-01
1.403636998751666546e+09 1.283827304840087891e+01 -3.393679141998291016e+00 8.192791938781738281e+00 1.531867310404777527e-03 1.527973860502243042e-01 8.673803880810737610e-03 9.882183074951171875e-01
1.403637000651666403e+09 1.018360710144042969e+01 -2.969880342483520508e+00 6.453805923461914062e+00 -1.055064058164134622e-04 1.560401618480682373e-01 1.046420820057392120e-02 9.876952767372131348e-01
1.403637001851666451e+09 7.852364540100097656e+00 -2.406098842620849609e+00 4.481242179870605469e+00 -1.474487222731113434e-02 1.609124988317489624e-01 1.281191781163215637e-02 9.867753982543945312e-01
1.403637003151666403e+09 5.780200958251953125e+00 -1.890451669692993164e+00 2.959834098815917969e+00 -7.818803191184997559e-03 1.690056622028350830e-01 2.005465887486934662e-02 9.853799939155578613e-01
1.403637003851666451e+09 4.881484508514404297e+00 -1.723081231117248535e+00 2.262992858886718750e+00 -1.962162367999553680e-02 1.670163869857788086e-01 1.650842092931270599e-02 9.856206178665161133e-01
1.403637004251666546e+09 4.209797382354736328e+00 -1.503984689712524414e+00 1.820745468139648438e+00 -1.813521236181259155e-02 1.628925353288650513e-01 1.926388032734394073e-02 9.862890839576721191e-01
1.403637004751666546e+09 3.349426507949829102e+00 -1.506086349487304688e+00 1.122330427169799805e+00 -1.975058391690254211e-02 1.691239178180694580e-01 4.271581023931503296e-02 9.844706654548645020e-01
1.403637005351666451e+09 2.878318309783935547e+00 -9.068379998207092285e-01 6.718276739120483398e-01 -1.984796300530433655e-02 1.709896624088287354e-01 2.327782660722732544e-02 9.847978353500366211e-01
1.403637006151666403e+09 2.360144615173339844e+00 -8.609884977340698242e-01 1.874548494815826416e-01 -3.671583533287048340e-02 1.635926067829132080e-01 3.544471785426139832e-02 9.852071404457092285e-01
1.403637006751666546e+09 2.255502223968505859e+00 -6.683438420295715332e-01 1.251607984304428101e-01 -1.527110859751701355e-02 7.333745062351226807e-02 -9.511039592325687408e-03 9.971449375152587891e-01
1.403637007451666594e+09 2.229509592056274414e+00 -4.448026120662689209e-01 5.878054723143577576e-02 -2.000710554420948029e-02 4.974803328514099121e-02 -2.663579955697059631e-02 9.982060790061950684e-01
1.403637007851666451e+09 2.084704875946044922e+00 -2.446222752332687378e-01 -3.393356222659349442e-03 -2.292431332170963287e-02 5.689530074596405029e-02 -1.499335374683141708e-02 9.980043172836303711e-01
1.403637008351666451e+09 1.889333248138427734e+00 -2.673092186450958252e-01 4.331785812973976135e-02 -1.462698541581630707e-02 6.360115855932235718e-02 3.648364450782537460e-03 9.978615641593933105e-01
1.403637009051666498e+09 1.989169716835021973e+00 -9.543948620557785034e-02 2.265067994594573975e-01 -2.387880533933639526e-02 7.499083131551742554e-02 -1.428641099482774734e-02 9.967959523200988770e-01
1.403637009351666451e+09 2.091818809509277344e+00 -1.921557262539863586e-02 2.803644537925720215e-01 1.034944411367177963e-02 3.211501985788345337e-02 -8.710713125765323639e-03 9.993926882743835449e-01
1.403637009651666403e+09 2.120572566986083984e+00 -2.480028197169303894e-03 2.456852346658706665e-01 2.488391660153865814e-02 3.906808421015739441e-02 1.628729701042175293e-02 9.987939000129699707e-01
