1.403636859551666432e+18 4.585889384544873160e+00 -1.937846422452023099e+00 7.340967672528019294e-01 -6.585473292386676558e-01 -4.829580083583985273e-01 3.546622776053182102e-01 4.552819413933689163e-01
1.403636859651666432e+18 4.581259864440677454e+00 -1.931080829091326612e+00 7.786694830619870222e-01 -6.590446136023765389e-01 -4.811109314278859128e-01 3.466096282205403112e-01 4.626599556554520376e-01
1.403636859751666432e+18 4.575921956191484341e+00 -1.926397236107553201e+00 8.246751865333880049e-01 -6.550700166264469271e-01 -4.757607855648633421e-01 3.457643687903674268e-01 4.743226217573116577e-01
1.403636860351666432e+18 4.580459299497983139e+00 -1.911513962894130003e+00 8.319828192643764497e-01 -6.716471996532578093e-01 -4.736977371233013767e-01 3.290073291447466186e-01 4.650319025736202594e-01
1.403636860551666432e+18 4.591892786540853422e+00 -1.914454146276772573e+00 7.220443035407088095e-01 -6.963180652748123256e-01 -4.819466512922094825e-01 3.143316930529591047e-01 4.290269968459186067e-01
1.403636860651666432e+18 4.601759448132359154e+00 -1.910048975090902434e+00 8.165343922697322343e-01 -6.787377719643076235e-01 -4.941242600880286218e-01 3.196374223550045302e-01 4.393041892944267723e-01
1.403636861251666432e+18 4.594800132545919347e+00 -1.900679265978484578e+00 9.383458601079633921e-01 -6.575488685509611742e-01 -4.779673554185555062e-01 3.415903579258685596e-01 4.716913397483780690e-01
1.403636862051666432e+18 4.600799358444636944e+00 -1.915001629750151757e+00 6.967572231579488573e-01 -6.879819203371699832e-01 -4.928909560264588263e-01 3.257199213486348111e-01 4.214806230340162330e-01
1.403636862251666432e+18 4.596360391506559395e+00 -1.904902957585930645e+00 8.283186835476569199e-01 -6.804641067238575980e-01 -4.979793418839350005e-01 3.096881304687726932e-01 4.394069143335157523e-01
1.403636862751666432e+18 4.586781347093567440e+00 -1.898074250606462954e+00 9.656949728534913735e-01 -6.790198738095379882e-01 -4.812248765651045423e-01 3.185423914753762742e-01 4.537459354966472680e-01
1.403636863051666432e+18 4.592067043280877670e+00 -1.900224717733910218e+00 8.028410927666397301e-01 -6.761542463320185936e-01 -4.786078527530907567e-01 3.112115272495089013e-01 4.657223891518247894e-01
1.403636863651666432e+18 4.602574942432025473e+00 -1.907857253810757880e+00 6.906992475865075809e-01 -6.941084352345774366e-01 -4.824376334290317314e-01 3.125482156609798445e-01 4.333370776598037266e-01
1.403636863851666432e+18 4.609009929740130573e+00 -1.903350172444847832e+00 7.974702781102808169e-01 -6.920919781774323987e-01 -4.938550374386684316e-01 3.066248873829315880e-01 4.278984390907552560e-01
1.403636864251666432e+18 4.601539334624273891e+00 -1.900642019753797429e+00 9.368447896889000592e-01 -6.864176337170282416e-01 -4.897290754904780608e-01 3.089651745434410235e-01 4.399281596589356136e-01
1.403636865251666432e+18 4.589110286771930447e+00 -1.907811427837073692e+00 7.010238337546134124e-01 -6.999597058882325307e-01 -4.741963928154633856e-01 3.163498396036968363e-01 4.302522169104737726e-01
1.403636865751666432e+18 4.586522481292650610e+00 -1.913274296240842443e+00 8.001895515138499615e-01 -6.973778899331769532e-01 -4.870028874025928434e-01 3.102722432964186150e-01 4.245272680684895050e-01
1.403636865851666432e+18 4.579485334265311458e+00 -1.913421430845170246e+00 9.362275297843023480e-01 -6.829712271384257294e-01 -4.712446706384096351e-01 3.322800283947717204e-01 4.484068978348790813e-01
1.403636866051666432e+18 4.601569071835998059e+00 -1.906821778826709002e+00 8.224354650188762106e-01 -6.877319106185980635e-01 -4.816358268201198500e-01 3.178406346817261863e-01 4.404873214807772386e-01
1.403636867151666432e+18 4.661164318374980908e+00 -1.932566814070413308e+00 7.985059053277998586e-01 -7.228856073564794427e-01 -5.243842679703124565e-01 2.737920681969976955e-01 3.570650382976522930e-01
1.403636867751666432e+18 4.681488760508719871e+00 -1.937898394359003129e+00 7.903325755579887479e-01 -7.635172720496938847e-01 -5.450581881093164993e-01 2.125992254114549285e-01 2.734127213778320686e-01
1.403636868551666432e+18 4.712263051733395436e+00 -1.999774639261043818e+00 8.189583995617019108e-01 -7.606320506442052487e-01 -5.313035470759461809e-01 2.300148653264851017e-01 2.936810959632031870e-01
1.403636869751666432e+18 4.716295043689096467e+00 -1.927019424996927688e+00 8.121153620170356024e-01 -7.643620302149914947e-01 -5.292717480077285819e-01 2.239844423395521977e-01 2.923235760528049010e-01
1.403636870151666432e+18 4.723042366191616992e+00 -1.788108497368143368e+00 8.105235667737809013e-01 -7.767263324310166306e-01 -5.088290293142497811e-01 2.155433433141883126e-01 3.022090180459910957e-01
1.403636870251666432e+18 4.727105535011218329e+00 -1.735707937463523365e+00 8.107593246406913368e-01 -7.795776191435710434e-01 -5.071118692486124013e-01 2.091148607635102685e-01 3.022701818001197749e-01
1.403636870351666432e+18 4.730921116392597270e+00 -1.683892400895058428e+00 8.115331144709324596e-01 -7.805316852184264187e-01 -5.017555457215049364e-01 2.098235228157002696e-01 3.081975826981893096e-01
1.403636870551666432e+18 4.745113512015481483e+00 -1.559324773067084280e+00 8.004891887881762091e-01 -7.908011291730504544e-01 -4.896062807768015723e-01 1.955252503164605637e-01 3.109487745774559553e-01
1.403636870751666432e+18 4.748112240693747488e+00 -1.507993574509375323e+00 7.893111242917747461e-01 -7.878440330269589342e-01 -4.775224072182222002e-01 2.116939285189948505e-01 3.262817966980768314e-01
1.403636871551666432e+18 4.722809483812528519e+00 -1.638706831413403453e+00 7.965143081963036442e-01 -7.917048405180917570e-01 -4.832348851139924850e-01 2.063944818624056932e-01 3.115907719523132169e-01
1.403636871751666432e+18 4.712118339022019597e+00 -1.690497394351316185e+00 8.014493986288713234e-01 -7.902764562784773128e-01 -4.864628439996488418e-01 2.133263011422101840e-01 3.054650770557714168e-01
1.403636871851666432e+18 4.699983520894462252e+00 -1.744202710817133184e+00 8.037185179291510551e-01 -7.867223908296271384e-01 -4.920252060977542419e-01 2.168585055864219735e-01 3.032349994420200923e-01
1.403636872051666432e+18 4.668148826527655615e+00 -1.857534785081207174e+00 8.049026706693948041e-01 -7.768617964460093894e-01 -4.989949814334380118e-01 2.364616690270788524e-01 3.026146672054251807e-01
1.403636872151666432e+18 4.652453539313883724e+00 -1.911516406268826573e+00 8.030897516012134307e-01 -7.715275649567622240e-01 -5.038082284639293640e-01 2.443405713812474289e-01 3.020267713647448726e-01
1.403636872251666432e+18 4.639861407338066179e+00 -1.960613555969826116e+00 7.995201129893103609e-01 -7.684341773359381067e-01 -5.103403922493021661e-01 2.465041283380169368e-01 2.971486393258149783e-01
1.403636872351666432e+18 4.630705884344843426e+00 -2.003978335357423646e+00 7.947620355026876471e-01 -7.662820618361201319e-01 -5.188260146714515075e-01 2.464329973318525602e-01 2.879273276963523198e-01
1.403636873151666432e+18 4.649446748714525235e+00 -1.896321926826654680e+00 7.871320691850747231e-01 -7.701119814920260875e-01 -5.150332765358219822e-01 2.342039542092011206e-01 2.946468527847794228e-01
1.403636873251666432e+18 4.659827228704019220e+00 -1.837789380071660705e+00 7.857083653256732303e-01 -7.752420855044213077e-01 -5.086369878801770827e-01 2.298737327977675993e-01 2.957130203297723137e-01
1.403636873351666432e+18 4.670787769617464669e+00 -1.777376531865637599e+00 7.846704431769043753e-01 -7.802469568472264472e-01 -5.021150328766699200e-01 2.251045846858307220e-01 2.973602294243846145e-01
1.403636873551666432e+18 4.696884207175259895e+00 -1.663116443012307322e+00 7.783750446758389563e-01 -7.889911267699984965e-01 -4.923589421085635132e-01 2.149013985028399298e-01 2.981493969899446927e-01
1.403636873651666432e+18 4.710276721279170964e+00 -1.615597357971579440e+00 7.722369903024806082e-01 -7.935305133193636395e-01 -4.880883428370643706e-01 2.064401459047456588e-01 2.991012540537113518e-01
1.403636873751666432e+18 4.734936727910995735e+00 -1.544233048575287315e+00 7.577000923033945234e-01 -7.989304256826434969e-01 -4.820571982890195506e-01 2.015934245982274331e-01 2.978105499391345834e-01
1.403636874351666432e+18 4.720784927339184200e+00 -1.587472768211607876e+00 7.590660618276307003e-01 -7.975436209104705965e-01 -4.876512643791569568e-01 2.014279896562836403e-01 2.924844988669539347e-01
1.403636874551666432e+18 4.693252500566155838e+00 -1.673303299598876359e+00 7.643601570139584300e-01 -7.906222042635034919e-01 -4.960878101169217680e-01 2.115121034393691868e-01 2.899586951232351328e-01
1.403636874651666432e+18 4.677408111768956545e+00 -1.729034516813039435e+00 7.662130025711266779e-01 -7.859905154662233384e-01 -5.006198652985891506e-01 2.175465184763426818e-01 2.902966971296521703e-01
1.403636874751666432e+18 4.660978539384473152e+00 -1.787909632073344302e+00 7.661314887620599423e-01 -7.815626554787911129e-01 -5.058956094861689623e-01 2.236967076063965387e-01 2.884254338119582872e-01
1.403636874851666432e+18 4.644610881452449824e+00 -1.844482478994586838e+00 7.633344721146980705e-01 -7.788850295358512588e-01 -5.097889113504128211e-01 2.302398546347732555e-01 2.836247273543961445e-01
1.403636875051666432e+18 4.615487435162531682e+00 -1.931842248033359244e+00 7.585462635056142711e-01 -7.746040858087640535e-01 -5.126970048881949182e-01 2.409079864934180470e-01 2.812359035947046837e-01
1.403636875151666432e+18 4.584834988294602454e+00 -1.998718093300300147e+00 7.501653267499219790e-01 -7.934691120817157772e-01 -4.547808555533566777e-01 2.450029335875390513e-01 3.217991673822522269e-01
1.403636875551666432e+18 4.613446408825913281e+00 -2.034062410285837785e+00 7.481752217425362561e-01 -8.171212039026630736e-01 -4.205607499008098271e-01 2.439523594633764836e-01 3.097238125940307563e-01
1.403636875651666432e+18 4.688362777249732716e+00 -2.038833035962494655e+00 7.469766953356011818e-01 -8.307507860110128206e-01 -3.974724955280927730e-01 2.351672394382491871e-01 3.107492821162226027e-01
1.403636875851666432e+18 4.732110925397059020e+00 -2.028851711166158811e+00 7.445994635223296410e-01 -8.383329665633680872e-01 -3.832697143181736932e-01 2.241972890886606007e-01 3.162874307095115967e-01
1.403636876051666432e+18 4.816535322361702676e+00 -1.982550225989757609e+00 7.456495842640420424e-01 -8.569081266744349445e-01 -3.445003849039240951e-01 1.949922419110628469e-01 3.301605258580379010e-01
1.403636876151666432e+18 4.849096436366488128e+00 -1.943627452759598473e+00 7.490082504741478742e-01 -8.628602707443299158e-01 -3.221404788531164742e-01 1.804744614053680751e-01 3.451472639841559609e-01
1.403636876251666432e+18 4.870341254509766848e+00 -1.897274473481432411e+00 7.509901300647463529e-01 -8.683889949448763135e-01 -3.033406503984767411e-01 1.687754932211690539e-01 3.541183928609302201e-01
1.403636876351666432e+18 4.880150782572991730e+00 -1.842774700356044626e+00 7.499579466825246898e-01 -8.747243572770950770e-01 -2.901866238345978677e-01 1.579588596635030096e-01 3.545391667890251952e-01
1.403636876551666432e+18 4.863477811280181307e+00 -1.713960020424614372e+00 7.454564143872108861e-01 -8.767777839027809383e-01 -2.815182090161491568e-01 1.392305387519212068e-01 3.641745086160178002e-01
1.403636876651666432e+18 4.835762153169929078e+00 -1.650864742052898571e+00 7.462177051051538390e-01 -8.687554528548142585e-01 -2.890974411566646918e-01 1.389967823825264681e-01 3.773148912234980390e-01
1.403636876751666432e+18 4.795798100059291968e+00 -1.600689888502429437e+00 7.496563841945216300e-01 -8.597314987448433365e-01 -3.028818754177701744e-01 1.463054835467913206e-01 3.843423280013528176e-01
1.403636876851666432e+18 4.748050807791702965e+00 -1.568878085084353557e+00 7.524965226773785432e-01 -8.486013688347084916e-01 -3.244005535346877189e-01 1.553657301260780721e-01 3.879452120862406095e-01
1.403636877051666432e+18 4.635790135580071691e+00 -1.569001518425462205e+00 7.533909644561136432e-01 -8.177790362000403324e-01 -3.790120015394661257e-01 1.914177936648078504e-01 3.885184408870162032e-01
1.403636877151666432e+18 4.580433724665015305e+00 -1.599413396765647644e+00 7.532503703620078150e-01 -7.985799585642083809e-01 -4.134688982661459677e-01 2.140399923128109005e-01 3.814451489230116787e-01
1.403636877251666432e+18 4.531090443609604002e+00 -1.647205588467157034e+00 7.546528273238236606e-01 -7.795922677602576956e-01 -4.468890109859520732e-01 2.373431462634077449e-01 3.690451718017765947e-01
1.403636877351666432e+18 4.493203002715417504e+00 -1.707587213147287120e+00 7.571976331671732563e-01 -7.607423476533191620e-01 -4.779435070012754694e-01 2.571501982782601892e-01 3.559703079298742745e-01
1.403636877551666432e+18 4.464554693932483609e+00 -1.842790617042414647e+00 7.585204608459586995e-01 -7.308405397985150431e-01 -5.289613462353619511e-01 2.861268859922133090e-01 3.228055214649955817e-01
1.403636877651666432e+18 4.475425733432978781e+00 -1.905905726396620814e+00 7.560180421823673447e-01 -7.249537409369369856e-01 -5.441869013370269625e-01 2.926663727539855486e-01 3.043831207110059833e-01
1.403636877751666432e+18 4.500578269453034075e+00 -1.960501026340448982e+00 7.545850166497366507e-01 -7.250419823454733459e-01 -5.504039329532517399e-01 2.970423836960672248e-01 2.883321985389367126e-01
1.403636877851666432e+18 4.536134946783275446e+00 -2.004234237568360388e+00 7.529556772805646725e-01 -7.314369900770441024e-01 -5.485819990495751641e-01 2.940155888415982299e-01 2.785902966435375161e-01
1.403636878051666432e+18 4.624364739224970933e+00 -2.051183071745969588e+00 7.428773310290106568e-01 -7.547188986837931601e-01 -5.307369890180799743e-01 2.702897911299804168e-01 2.750655581283423246e-01
1.403636878151666432e+18 4.669784229120659269e+00 -2.050825924167143377e+00 7.360447736932834717e-01 -7.695182171544560079e-01 -5.117995381076904104e-01 2.561279006441580242e-01 2.833750955391076687e-01
1.403636878251666432e+18 4.714555831964709398e+00 -2.034702441477872270e+00 7.297418884305688636e-01 -7.831219516988641161e-01 -4.901914475128177351e-01 2.447863933140567716e-01 2.941291811448603633e-01
1.403636878351666432e+18 4.755949177948957107e+00 -2.004907245872692201e+00 7.244166004694712058e-01 -7.970140647600761907e-01 -4.654693871414584683e-01 2.379801048911496797e-01 3.024438789011500428e-01
1.403636878551666432e+18 4.820238996749336202e+00 -1.907088376019662856e+00 7.215704656277899254e-01 -8.217059875447030315e-01 -4.190703987323012858e-01 2.135271651413059302e-01 3.218468901298444096e-01
1.403636878651666432e+18 4.835626831899878297e+00 -1.845373357948702164e+00 7.259626339985321142e-01 -8.300398954696179832e-01 -4.001821401291173474e-01 1.989667073837876610e-01 3.336169600055124418e-01
1.403636878751666432e+18 4.839453045701081813e+00 -1.780652867579409326e+00 7.326139383760351675e-01 -8.340598010681522512e-01 -3.867376604757547520e-01 1.846187488207136351e-01 3.474106328191018389e-01
1.403636878851666432e+18 4.832593521198544906e+00 -1.717781743862315746e+00 7.397337738982574518e-01 -8.357751123332172183e-01 -3.768989183676322297e-01 1.774153674568403893e-01 3.577023264222106702e-01
1.403636879051666432e+18 4.794785981225058613e+00 -1.612689183845504637e+00 7.477454564710438456e-01 -8.383332381859794902e-01 -3.715606444556310284e-01 1.752737312009041148e-01 3.583562311377313514e-01
1.403636879151666432e+18 4.761566192105780360e+00 -1.575240740310577259e+00 7.542396534719859602e-01 -8.343556293883442887e-01 -3.716356054913813045e-01 1.823370923891974582e-01 3.639929191317973767e-01
1.403636879251666432e+18 4.679017317308353796e+00 -1.542052691803750930e+00 7.691532351719011507e-01 -8.141374636329318237e-01 -3.863415160020369221e-01 2.022933745679083295e-01 3.834029393842889877e-01
1.403636879651666432e+18 4.572545449314115551e+00 -1.623143431880002430e+00 7.880850042981130121e-01 -7.747178006776070935e-01 -4.503082934799004788e-01 2.457782818633335586e-01 3.696319876590485332e-01
1.403636879751666432e+18 4.552013849474935370e+00 -1.677099726565473237e+00 7.963833155302328937e-01 -7.656662809599419361e-01 -4.670847405851258904e-01 2.612848635177303924e-01 3.568153744025301388e-01
1.403636879851666432e+18 4.542953135909876039e+00 -1.736534006729454127e+00 8.011190548211520879e-01 -7.591758508673468464e-01 -4.824874581879861624e-01 2.706267229055389079e-01 3.429563485351228569e-01
1.403636880051666432e+18 4.603504613497420017e+00 -1.870041082135243560e+00 8.062349906994181747e-01 -7.563061453563617587e-01 -5.038820431579547066e-01 2.700796439629486456e-01 3.180579931333495369e-01
1.403636880251666432e+18 4.692699358063209480e+00 -1.878715520484764534e+00 8.078757868467161263e-01 -7.712902469674436379e-01 -4.762044345024147307e-01 2.524750642234532272e-01 3.385218359847680936e-01
1.403636880651666432e+18 4.860272877668800007e+00 -1.922646070414355535e+00 8.327419937960789387e-01 -8.067153490668753646e-01 -4.204897119237548386e-01 2.036584287591815812e-01 3.618314416154681523e-01
1.403636880851666432e+18 4.880772688496089806e+00 -1.999861425682449845e+00 8.398876632743270676e-01 -8.037980861064458749e-01 -4.282234617437685187e-01 2.154090161300684647e-01 3.523240828465654673e-01
1.403636881051666432e+18 4.846882433211525232e+00 -2.065469560618008682e+00 8.443702244872921536e-01 -7.789768782910435618e-01 -4.509111461435985624e-01 2.434255131012754703e-01 3.614113735658962545e-01
1.403636881251666432e+18 4.782738521846897406e+00 -2.098512100595961272e+00 8.510598920910225074e-01 -7.506111953877803167e-01 -4.860245008023841851e-01 2.744034839355031785e-01 3.536463572304665015e-01
1.403636881651666432e+18 4.632549358366625292e+00 -1.971870120720545794e+00 8.463535660567902408e-01 -7.153211871762248375e-01 -5.245583127769437581e-01 2.767675654862489232e-01 3.695319882881822338e-01
1.403636881851666432e+18 4.588814968919392001e+00 -1.855482212547541199e+00 8.311281273153960925e-01 -7.254181804034395276e-01 -5.154523596714795097e-01 2.655254020843383911e-01 3.709091388699085612e-01
1.403636882051666432e+18 4.592479261414633029e+00 -1.754081960655906158e+00 8.088657098752630725e-01 -7.385434218478759139e-01 -4.952165820546124420e-01 2.600060598929484490e-01 3.764452147687924466e-01
1.403636882251666432e+18 4.651989506906440752e+00 -1.713063844658391011e+00 7.623307083997028499e-01 -7.394265081871113088e-01 -4.817009790995979146e-01 2.634695853417695632e-01 3.896105534049876806e-01
1.403636882651666432e+18 4.640651808749535867e+00 -1.761925566611674432e+00 7.287194113930559602e-01 -7.063041678369263998e-01 -4.910650104311377051e-01 3.150847364815569929e-01 4.008879979031568230e-01
1.403636882851666432e+18 4.593168005773042850e+00 -1.784039529323688589e+00 6.930167282466003220e-01 -6.614332421085900027e-01 -5.065606430362739054e-01 3.658542162531819852e-01 4.147928080501950832e-01
1.403636883051666432e+18 4.551667263236044647e+00 -1.801555130478448508e+00 6.458483937323369339e-01 -6.358500162296734093e-01 -5.325638887180584868e-01 3.861445864273814754e-01 4.036865363955680075e-01
1.403636883351666432e+18 4.502494420872260150e+00 -1.816777186016711454e+00 5.842279774124601310e-01 -6.011315137518101759e-01 -5.444865012527759784e-01 4.131305809900436277e-01 4.141237450072101089e-01
1.403636883851666432e+18 4.509513042147096584e+00 -1.806631530357199589e+00 5.633502011102416995e-01 -5.743080059455261122e-01 -5.547254330924221710e-01 4.332758683177003189e-01 4.179976436785749483e-01
1.403636897551666432e+18 4.539387758142334306e+00 -1.788948243023567919e+00 5.629900491575356991e-01 -5.871416365396328052e-01 -5.637153420443774543e-01 4.072004345345040521e-01 4.143398579671803694e-01
1.403636897751666432e+18 4.573321133171678099e+00 -1.768285504158202626e+00 5.843119156535198089e-01 -5.958351556582192066e-01 -5.803199773063024702e-01 3.799583959951965406e-01 4.047725392534873290e-01
1.403636898251666432e+18 4.576402065575378764e+00 -1.733693257499739016e+00 6.858812119764006177e-01 -5.768712306850156679e-01 -5.820693532851844987e-01 4.000252122219863371e-01 4.103592094261774847e-01
1.403636898651666432e+18 4.535849277550609848e+00 -1.729445661813539870e+00 7.643804927556954176e-01 -5.730779525701789057e-01 -5.874842647307815247e-01 4.045454418336570379e-01 4.034685668838602912e-01
1.403636899051666432e+18 4.453020079493771988e+00 -1.715586384695267474e+00 8.138509777612562557e-01 -5.893981022782374124e-01 -5.607454105641903608e-01 4.075029494586565049e-01 4.148684222069760619e-01
1.403636899351666432e+18 4.372417619665140975e+00 -1.658957273628111295e+00 8.448294122409316653e-01 -6.388225995760252740e-01 -5.043665396018540692e-01 3.770532765782878548e-01 4.419851882388800557e-01
1.403636899851666432e+18 4.273728262455766647e+00 -1.466621615372612597e+00 9.135287048171604196e-01 -6.401345171519410293e-01 -5.025167895465559864e-01 3.566519388739543550e-01 4.588072260458886942e-01
1.403636901051666432e+18 4.129948016364442864e+00 -1.139118430634435519e+00 9.704844598901679609e-01 -6.414394888425005714e-01 -5.062306601826770391e-01 3.674402781357061221e-01 4.441548635870568584e-01
1.403636901751666432e+18 4.014663359683335209e+00 -8.283076918630256635e-01 9.555594236155651178e-01 -6.347222473381324281e-01 -5.088670146292102459e-01 3.638379041184093277e-01 4.536562682065672369e-01
1.403636903251666432e+18 3.728520924525885682e+00 1.503188446448744386e-02 9.399910378577714942e-01 -6.411946075202894502e-01 -5.125837254862417591e-01 3.641138114152273064e-01 4.399415097376281891e-01
1.403636904351666432e+18 3.566953731335853028e+00 4.074153664555331122e-01 1.090157030270901162e+00 -6.377075572146119198e-01 -5.073274732659835973e-01 3.612137322310642884e-01 4.532907962761104081e-01
1.403636905151666432e+18 3.241318913511443522e+00 9.949459014438368776e-01 1.136019633751604641e+00 -6.326568772437284327e-01 -5.297702251851583721e-01 3.493095048835789806e-01 4.439275323535022411e-01
1.403636906551666432e+18 2.550567366891837384e+00 1.430062387295805815e+00 1.178129070244581467e+00 -6.366214284434842385e-01 -5.244596620707009382e-01 3.725447543674937356e-01 4.252829948405266181e-01
1.403636908051666432e+18 2.135999906166802020e+00 1.726533445942183054e+00 1.209165313761058735e+00 -6.168632143428098846e-01 -5.332089435787847886e-01 3.739221402908677327e-01 4.419844231175460436e-01
1.403636909651666432e+18 1.203886109248222258e+00 2.344818503367600560e+00 1.251279486908327465e+00 -6.124960517983215613e-01 -5.308519563891097581e-01 3.781809645286496324e-01 4.472403660197757924e-01
1.403636910051666432e+18 5.084200861562080398e-01 2.707788054929062938e+00 1.101871717320697774e+00 -6.146494692238172464e-01 -5.365675398007384578e-01 3.783501553726019151e-01 4.372098639607652215e-01
1.403636911351666432e+18 3.541545588966155123e-02 2.929493596897159158e+00 1.124896739193024908e+00 -6.169932264550742618e-01 -5.339547495840523128e-01 3.795482352902126433e-01 4.360674500501893758e-01
1.403636913251666432e+18 -8.645055307538367373e-01 3.725873464483760777e+00 9.215871409805345138e-01 -6.184894521386316013e-01 -5.284131401204742451e-01 3.766379643562210444e-01 4.431638463896582225e-01
1.403636915351666432e+18 -1.509385060572339121e+00 4.744341227444454745e+00 9.984573549586897023e-01 -6.159328065251905571e-01 -5.284200518286233939e-01 3.724093851627437446e-01 4.502335799495015278e-01
1.403636916551666432e+18 -1.657661472706315919e+00 4.995375590026983836e+00 1.053411176091717305e+00 -6.337076976944556739e-01 -5.071746752122375801e-01 3.487981610756878403e-01 4.685384141523211143e-01
1.403636917051666432e+18 -1.832358567826143148e+00 5.210886612600829082e+00 8.963249089058127339e-01 -6.743074678668491417e-01 -4.488013977008681876e-01 3.146283739321309447e-01 4.948694075385630664e-01
1.403636917851666432e+18 -2.146249608579066326e+00 5.336777322237712617e+00 1.140783331207785078e+00 -7.096341237885761544e-01 -3.841434779788302500e-01 3.014858247620630372e-01 5.078971314633372591e-01
1.403636919851666432e+18 -1.643230680060475901e+00 5.560500497468381376e+00 1.137297458255772220e+00 -7.282926493525564426e-01 -3.930355061069466527e-01 2.712422409052510641e-01 4.914677553888844308e-01
1.403636922151666432e+18 -1.434919339753135237e+00 5.664572879285190155e+00 9.760628627466263474e-01 -7.438209077734595498e-01 -3.162290811135696211e-01 2.393670296056459312e-01 5.379898238395443011e-01
1.403636925551666432e+18 -2.072791617093789895e+00 7.118431238790477344e+00 6.068031594203961987e-01 -7.724113127810386947e-01 -2.595654999163400922e-01 2.021825398083674508e-01 5.432575224860587415e-01
1.403636927151666432e+18 -2.081985540987133287e+00 7.375582406608897301e+00 5.447624150934822218e-01 -8.017338503233019109e-01 -1.889295431200534725e-01 1.327704869940662114e-01 5.512716741912104812e-01
1.403636927651666432e+18 -2.345166870392216829e+00 8.573582779909855844e+00 4.212031801077644744e-01 -7.946104266680141803e-01 -1.732188125030520165e-01 1.201265267784900059e-01 5.693497434702552429e-01
1.403636929651666432e+18 -2.418749089391782903e+00 9.431551735214137366e+00 6.262550348556046309e-01 -7.911650402609980981e-01 -1.775495030039307420e-01 1.224957737414287262e-01 5.723013528442505438e-01
1.403636931151666432e+18 -2.133864708811383792e+00 9.775741515656898528e+00 6.589653272170279408e-01 -7.842249890144900037e-01 -1.530284019156063768e-01 7.468300898898820595e-02 5.966539390473590831e-01
1.403636933251666432e+18 -1.627767622470214892e+00 8.897809325713133433e+00 7.229215908416835035e-01 -8.101328840853175839e-01 -2.804493107968817484e-02 2.065788488884589061e-02 5.852105977819099802e-01
1.403636934351666432e+18 -1.565714580576154091e+00 8.721139833330013857e+00 6.630773194771872880e-01 -8.094958918866139719e-01 6.741235443240420344e-02 -3.079817717029962112e-02 5.824289207891054643e-01
1.403636934651666432e+18 -1.390884205207235880e+00 8.334953520396339854e+00 8.239719523508703958e-01 -8.056197759874068609e-01 1.178824571566193108e-01 -8.009931091027547301e-02 5.750344365552527703e-01
1.403636937351666432e+18 -5.652838182299344538e-01 7.732411405822957384e+00 6.747673983883357707e-01 -8.009432621897820681e-01 1.076637977657917272e-01 -1.139754996127609610e-01 5.778477160043625771e-01
1.403636939851666432e+18 2.080585834883352803e-02 6.704767606376065281e+00 5.106501530928051480e-01 -7.935679536935866807e-01 1.592367676337193005e-01 -1.058154979440697196e-01 5.776648120657749130e-01
1.403636940351666432e+18 1.740678206276085049e-01 6.393327566437952747e+00 4.279086147128552398e-01 -7.933443043978656295e-01 1.785441257248490954e-01 -1.135585024844374818e-01 5.708163245406602249e-01
1.403636940751666432e+18 3.502248803455398907e-01 6.070408465023003686e+00 4.176237696951980993e-01 -8.078149589058176705e-01 1.766904423737106489e-01 -1.266773577095315906e-01 5.478761965859675342e-01
1.403636941251666432e+18 6.267181444382838862e-01 5.658805718776542371e+00 5.242419153907287299e-01 -7.971257193676094532e-01 1.644994800130960000e-01 -1.278500036465355927e-01 5.667317576823032166e-01
1.403636942551666432e+18 1.134532058591507742e+00 4.872374595451309354e+00 5.697721096684482678e-01 -8.043776829421818153e-01 1.757306876595056966e-01 -1.126297664418180744e-01 5.562461724008043173e-01
1.403636943551666432e+18 1.674835862158865041e+00 4.189789199371505291e+00 5.220957934381071919e-01 -7.919842263527822057e-01 1.743739265678665995e-01 -1.397164373411329819e-01 5.681848608317460192e-01
1.403636944051666432e+18 1.820310477554225148e+00 3.947688658037474596e+00 4.106558817461414268e-01 -8.251494039802239611e-01 1.552188677204811296e-01 -1.126926551930190479e-01 5.313529238464775872e-01
1.403636944551666432e+18 2.084479662641060660e+00 3.473696496209772278e+00 4.776151411191531526e-01 -8.189058493903521585e-01 1.233210559174908044e-01 -1.061090124784866418e-01 5.503871405406393080e-01
1.403636946851666432e+18 1.933095066308331944e+00 3.217116406224453495e+00 3.312052518368080456e-03 -8.158733204878049206e-01 1.590424235984529699e-01 -9.323487271707775470e-02 5.480542773499392784e-01
1.403636949851666432e+18 1.677208823181087549e+00 4.405340853650544730e+00 -3.906478161552950912e-01 -8.112547918043770956e-01 1.129984223167514318e-01 -1.151504033625183054e-01 5.619941315830715434e-01
1.403636951751666432e+18 1.445214142194456208e+00 5.050562355796214931e+00 -3.881215786642808752e-01 -8.144785554137430328e-01 1.147598379952160380e-01 -1.095315478276656374e-01 5.580839563944923754e-01
1.403636952151666432e+18 1.361778368044090470e+00 5.305948714166584423e+00 -4.039801403694658344e-01 -8.036850446929239000e-01 1.231571719354137562e-01 -9.765293263905357179e-02 5.739220893856554762e-01
1.403636952651666432e+18 1.205414246334798545e+00 5.620281243384065206e+00 -5.177493404189184023e-01 -8.124539322670590868e-01 1.225854726586534521e-01 -9.649360338071118204e-02 5.617654264401232833e-01
1.403636953151666432e+18 1.097641106897212726e+00 5.864753047613520565e+00 -6.375751527564170740e-01 -8.149350029699176101e-01 1.275897744789448451e-01 -8.958850375160991308e-02 5.581896544888487188e-01
1.403636953751666432e+18 1.024636808534968413e+00 6.143094231977658914e+00 -6.359871829747103522e-01 -8.187936940416726816e-01 1.076496977034650943e-01 -1.063050338025095659e-01 5.537938867215774774e-01
1.403636954151666432e+18 9.226440330369558573e-01 6.412463959647137557e+00 -5.979111788100430758e-01 -8.191219664262551214e-01 1.129060653063671676e-01 -9.886444859395196461e-02 5.536399961520418467e-01
1.403636954551666432e+18 8.007275745328161776e-01 6.718847421479612336e+00 -5.581750499931126264e-01 -8.163225441974931718e-01 1.196842209772917415e-01 -1.060794534407129147e-01 5.550138202258659836e-01
1.403636955351666432e+18 4.440538429783105201e-01 7.436739050976257204e+00 -6.915741552327909769e-01 -8.033330360651466107e-01 1.443057491470298714e-01 -1.300590639302788842e-01 5.629533940026014704e-01
1.403636955851666432e+18 2.375865193078290361e-01 7.730531962881444841e+00 -7.004139840125929162e-01 -8.001205260755981374e-01 1.638001204837051528e-01 -1.122933788245079750e-01 5.660095947545474848e-01
1.403636956551666432e+18 -5.958543696492579755e-02 8.152958996884208887e+00 -7.143151572179107234e-01 -7.964347721327930119e-01 1.418766774859764601e-01 -9.318033113143356361e-02 5.804137214208173745e-01
1.403636956851666432e+18 -1.743199856245576385e-01 8.277823943907661075e+00 -7.268301022415573076e-01 -8.095647013904965217e-01 7.110560069372935665e-02 -4.518918639053753211e-02 5.809534622031796713e-01
1.403636957151666432e+18 -2.968363840682695098e-01 8.394386053491361466e+00 -6.794396821173720458e-01 -8.152950760926657159e-01 -1.279728014861780845e-02 -3.363772251735011858e-03 5.788945098686725244e-01
1.403636957651666432e+18 -4.389677579428568066e-01 8.505859692439367237e+00 -7.471194986564344553e-01 -8.128644642045540492e-01 -7.984052225873518316e-02 6.278058767386104910e-02 5.735289457823558035e-01
1.403636958051666432e+18 -5.178839689832903659e-01 8.575335258207621436e+00 -7.538720724517218308e-01 -7.994281481371172671e-01 -1.746206473200219156e-01 1.265226968312011535e-01 5.607265578534298411e-01
1.403636958651666432e+18 -9.854969250366476530e-01 9.028553136814482016e+00 -8.892338084975335288e-01 -7.809208174481312437e-01 -2.147701591046462799e-01 1.139436957563028097e-01 5.753723054090303934e-01
1.403636960851666432e+18 -1.194782233020238671e+00 8.995996845373447570e+00 -9.648643994074703745e-01 -7.688240546531953656e-01 -2.693369394247366322e-01 1.836037827562234936e-01 5.501425606200102125e-01
1.403636961251666432e+18 -1.347430966315073420e+00 8.948073657925300850e+00 -9.261171320018126707e-01 -7.417211452097502988e-01 -3.367556295574096192e-01 2.315165026833000683e-01 5.318322082155449992e-01
1.403636961751666432e+18 -1.480960658251097684e+00 8.888317066992849291e+00 -8.093151823388775590e-01 -7.117774768945067665e-01 -3.929174140419125494e-01 2.726623648294188573e-01 5.144355780211312679e-01
1.403636962151666432e+18 -1.593048003720855199e+00 8.808103311049428896e+00 -7.273839623673006294e-01 -6.698107054299879959e-01 -4.602596280437268872e-01 3.200179065429361036e-01 4.869324729121162210e-01
1.403636964651666432e+18 -1.691840839392625639e+00 7.603651478696829891e+00 -3.068829330343492146e-01 -5.774775742370974463e-01 -5.606162238232178519e-01 3.782035630040974095e-01 4.573742075920324002e-01
1.403636965351666432e+18 -1.494276939988727904e+00 6.964707593038597544e+00 -1.514069698242890283e-01 -5.466834691378863464e-01 -6.337675221911779344e-01 4.036341345944945425e-01 3.695340279015912333e-01
1.403636965651666432e+18 -1.456207683056517155e+00 6.504984638281988474e+00 8.092986920778866278e-02 -5.300550906337986312e-01 -6.059243234997628846e-01 4.349786726676154180e-01 4.033495623015724840e-01
1.403636967551666432e+18 -6.587645991228923137e-01 5.096274465950374477e+00 3.977867866662343488e-02 -5.396982398886760457e-01 -5.879718556661239770e-01 4.334947156286334535e-01 4.184462191580305968e-01
1.403636969251666432e+18 5.883504756054112050e-01 4.223510401903507017e+00 -1.357057935227512502e-02 -5.572770766335971571e-01 -5.991536670582010560e-01 4.161199635058035473e-01 3.966123032400167281e-01
1.403636969651666432e+18 9.330516729707585277e-01 3.971590044316173795e+00 5.498412910832262135e-02 -5.608260943873444315e-01 -5.999485111305643548e-01 4.108724988271372225e-01 3.958783469122811316e-01
1.403636970051666432e+18 1.214215900128799319e+00 3.714135150569604527e+00 4.276648954811967940e-02 -5.492510978045905823e-01 -5.886210901999601175e-01 4.279331611454265105e-01 4.107574142049602584e-01
1.403636970851666432e+18 1.669572501890954186e+00 3.197265429799222680e+00 6.077871217413655103e-02 -5.706752762982154614e-01 -6.097727888094388593e-01 4.049976378986243630e-01 3.721340999506094760e-01
1.403636971251666432e+18 1.747711872202629912e+00 2.935024144582706107e+00 7.074925028618839207e-03 -5.706103714229209256e-01 -5.824328240451627225e-01 4.443040352447447106e-01 3.711734550915636310e-01
1.403636972051666432e+18 1.928578083385374953e+00 2.791384836688952653e+00 -8.484109436119702252e-02 -5.710707972134135835e-01 -5.814250307038769661e-01 4.148352315782321553e-01 4.046415807631081329e-01
1.403636973551666432e+18 1.989602629119397115e+00 2.791882120346451224e+00 -2.594584755187721026e-01 -6.070347941235731959e-01 -5.426757484291842015e-01 3.888227411668090938e-01 4.310784925529273504e-01
1.403636974351666432e+18 2.005042472174884072e+00 2.806522926942480289e+00 -3.362144652710371551e-01 -6.635622478411284941e-01 -4.662733194094935141e-01 3.333997399968275377e-01 4.807483210755175151e-01
1.403636974751666432e+18 2.016850663823166023e+00 2.823094468554275593e+00 -3.736070036178299469e-01 -7.312835605745940937e-01 -3.764219386856041960e-01 2.759701999636947622e-01 4.973643803505772842e-01
1.403636975351666432e+18 1.951882626802525778e+00 2.946993363569788471e+00 -3.975152004479716172e-01 -7.654378966896095982e-01 -2.694168549558217385e-01 2.377332832588873734e-01 5.338560392166131763e-01
1.403636978051666432e+18 2.244348714701625891e+00 3.597892766888902472e+00 -7.536628846554895844e-01 -7.960049156254933589e-01 -2.130318450806903685e-01 1.494881744067032558e-01 5.464859494937808204e-01
1.403636978851666432e+18 2.272401848660143386e+00 4.200650215289903677e+00 -8.749171006099519809e-01 -8.060867245128993108e-01 -2.147227499889951541e-01 1.402236188739901523e-01 5.333438571045049370e-01
1.403636980651666432e+18 1.779364897682811364e+00 5.127692119834192042e+00 -9.693874612208237540e-01 -7.920016110419988431e-01 -1.968133896080714040e-01 1.530407626382466746e-01 5.572938746738237414e-01
1.403636981751666432e+18 1.521333272153730487e+00 5.538670464813797878e+00 -1.018315783819781162e+00 -8.182520445008845122e-01 -1.980009383924788702e-01 1.211084774663661046e-01 5.259201049129030858e-01
1.403636984051666432e+18 5.383821640325399116e-01 7.187519620003007148e+00 -1.035268770722522769e+00 -8.007843751655611131e-01 -1.905006076237896750e-01 1.197610716600704395e-01 5.550776420470386885e-01
1.403636984651666432e+18 1.425652889428343784e-01 7.630475621064241487e+00 -1.058469576300379522e+00 -7.963613300589121868e-01 -1.829740104698301673e-01 1.290969012760218304e-01 5.618390637543063670e-01
1.403636985351666432e+18 -3.342433027007123414e-01 8.058797408872566237e+00 -1.079156748534478183e+00 -7.885602104676676660e-01 -2.131746340716538235e-01 1.290780601001695060e-01 5.621994523800083465e-01
1.403636985851666432e+18 -8.656491178994523139e-01 8.281182839057589007e+00 -1.079858248110414642e+00 -7.776558462201831334e-01 -2.283338134624424975e-01 1.392963694132041130e-01 5.689565677075623107e-01
1.403636986651666432e+18 -1.381893707303667007e+00 8.286117436592679297e+00 -1.038667796461410830e+00 -7.852484252671871889e-01 -2.130139548102663039e-01 1.603250574204953260e-01 5.588433068710830787e-01
1.403636988051666432e+18 -2.031769866404864011e+00 8.021913536706794190e+00 -8.159447180915990749e-01 -7.690651670163369813e-01 -2.036579578109634636e-01 1.936462801432086434e-01 5.740760605434609420e-01
1.403636990551666432e+18 -5.645160078033706341e-01 6.593274796981586583e+00 -5.508207266064768515e-01 -7.808783859811565531e-01 -2.336689072743486639e-01 1.596790823553023986e-01 5.568935075387788647e-01
1.403636991651666432e+18 7.422699199487237109e-02 5.853202577519837746e+00 -4.372467965009561031e-01 -7.837551552795358756e-01 -2.128753061007106484e-01 1.536670971836884281e-01 5.628484555086015195e-01
1.403636992651666432e+18 5.241845046776525407e-01 5.299690972027345737e+00 -3.618076871060962318e-01 -7.808256553774968189e-01 -2.209574275293986201e-01 1.637423684276871350e-01 5.609612713063041323e-01
1.403636993551666432e+18 7.663267522194772141e-01 4.872771504686408406e+00 -2.241806683981999448e-01 -7.454597242227809506e-01 -2.960029514271217410e-01 2.160090516341555689e-01 5.567873399424965175e-01
1.403636994751666432e+18 1.397320974657596082e+00 3.938271635048257391e+00 -1.528124772048995439e-01 -7.498720302627218670e-01 -2.941517636929936175e-01 2.200113254572395871e-01 5.502378529477167657e-01
1.403636996051666432e+18 2.167300954380175337e+00 3.104291738547521717e+00 8.541665783898078068e-02 -7.477016709845960563e-01 -3.286926132088794916e-01 2.336170442515066725e-01 5.275665397501536624e-01
1.403636996851666432e+18 2.439928055166184606e+00 2.805195651111415778e+00 1.028156543135141376e-01 -7.100199788310210813e-01 -4.098208723294605171e-01 2.911030401162068015e-01 4.931303096535628594e-01
1.403636997351666432e+18 2.784677765215612943e+00 2.406111199284603153e+00 2.343343867511870071e-01 -7.036142065023733849e-01 -4.264554188302636661e-01 2.939445992170250932e-01 4.864765120224013306e-01
1.403636998751666432e+18 2.923782826707038485e+00 1.960187631418338627e+00 5.777155625661039018e-01 -6.920055069697012007e-01 -4.093484078499056711e-01 2.994861735307895456e-01 5.136830649128314441e-01
1.403637000651666432e+18 3.255127212616745425e+00 1.146099392313535859e+00 6.521720924274657660e-01 -6.945669946634915881e-01 -4.071560204916678249e-01 2.972166907191748919e-01 5.132863758755494832e-01
1.403637001851666432e+18 3.675736816187978206e+00 4.027623705012710609e-01 7.022560605766228203e-01 -7.036023699134702492e-01 -4.088442355874770118e-01 2.876392305038674158e-01 5.050284835077946122e-01
1.403637003151666432e+18 3.990532417468057869e+00 -2.469993631380431598e-01 7.246459598763606014e-01 -7.063775299315525613e-01 -3.971981845272676837e-01 2.885689055554302440e-01 5.098944735556394381e-01
1.403637003851666432e+18 4.132504452347826707e+00 -5.287440988748868254e-01 7.520931593345654420e-01 -7.092770119719683519e-01 -4.051385693873424954e-01 2.825671522942796998e-01 5.029360439729838594e-01
1.403637004251666432e+18 4.225174129762462982e+00 -7.385932509333321683e-01 7.416531391515798211e-01 -7.087509704639264330e-01 -4.049673970286226110e-01 2.874104667656138257e-01 5.010675531341823863e-01
1.403637004751666432e+18 4.357234578426115057e+00 -1.004411678706523370e+00 8.131444771159875851e-01 -7.222677355202046234e-01 -3.870352637805098417e-01 2.924137330050884942e-01 4.929779219872789109e-01
1.403637005351666432e+18 4.491476587027063871e+00 -1.173487284278770026e+00 6.995674345260300964e-01 -7.137446628391411751e-01 -3.987502575176640196e-01 2.826290625016469882e-01 5.016847630013069326e-01
1.403637006151666432e+18 4.591014664376940502e+00 -1.338310829443609906e+00 7.352484628686420942e-01 -7.245599029418945403e-01 -4.012143142829703302e-01 2.846685278877913450e-01 4.827047237115835165e-01
1.403637006751666432e+18 4.615429329850267770e+00 -1.376000023556356755e+00 6.913619542661909589e-01 -6.647656173985396766e-01 -4.674238663236979230e-01 3.371633089238223469e-01 4.753130612883293971e-01
1.403637007851666432e+18 4.670308079209974927e+00 -1.442513408976959788e+00 5.930744065075247429e-01 -6.595250979022658777e-01 -4.817063576586724793e-01 3.417557392478213774e-01 4.649609068721767269e-01
1.403637008351666432e+18 4.645422619199466752e+00 -1.491990980349819473e+00 5.989539432372665839e-01 -6.675129200599700940e-01 -4.635070689957385692e-01 3.498258243421609737e-01 4.660574977052926449e-01
1.403637009051666432e+18 4.616269396867155983e+00 -1.461864883467612231e+00 5.374046970799857270e-01 -6.667065909826854764e-01 -4.729624473100282889e-01 3.296284109798213735e-01 4.723917396077881858e-01
1.403637009351666432e+18 4.613757662366455570e+00 -1.434157004947702596e+00 5.111958190838920002e-01 -6.387934264465152667e-01 -4.762650117139160533e-01 3.771426443037175225e-01 4.720995899102899962e-01
