1.403638127345097065e+09 -0.000000000000000000e+00 -0.000000000000000000e+00 -0.000000000000000000e+00 -0.000000000000000000e+00 -0.000000000000000000e+00 -0.000000000000000000e+00 1.000000000000000000e+00
1.403638129245097160e+09 -5.196991260163486004e-04 -7.771250791847705841e-03 -1.439586281776428223e-03 6.703224033117294312e-03 -4.178048111498355865e-04 3.713078564032912254e-03 9.999705553054809570e-01
1.403638129345097065e+09 1.935489475727081299e-03 -2.311377972364425659e-02 -6.185669451951980591e-03 2.891979180276393890e-02 -6.793994922190904617e-03 3.896761685609817505e-02 9.987987875938415527e-01
1.403638129445096970e+09 3.692777827382087708e-03 -3.501198440790176392e-02 -1.098093390464782715e-02 3.517797216773033142e-02 -1.074874494224786758e-02 6.182671338319778442e-02 9.974088668823242188e-01
1.403638129645097017e+09 9.263799292966723442e-04 -4.257480055093765259e-02 -1.501841749995946884e-02 5.288643296808004379e-04 -9.360019117593765259e-03 1.515250559896230698e-02 9.998412728309631348e-01
1.403638129845097065e+09 -9.460154105909168720e-04 -7.085034996271133423e-02 -2.510883286595344543e-02 2.539510605856776237e-04 -1.060453336685895920e-02 1.027582306414842606e-02 9.998909235000610352e-01
1.403638130045097113e+09 -5.857929587364196777e-03 -1.289224475622177124e-01 -4.602026194334030151e-02 3.707494353875517845e-03 -1.556461956351995468e-02 1.003692299127578735e-02 9.998216032981872559e-01
1.403638130145097017e+09 -7.542719133198261261e-03 -1.676240116357803345e-01 -6.029482558369636536e-02 1.529529411345720291e-02 -2.021352015435695648e-02 1.897999644279479980e-02 9.994985461235046387e-01
1.403638130345097065e+09 -1.085691247135400772e-02 -2.459533959627151489e-01 -9.120278060436248779e-02 2.593227475881576538e-02 -3.083847835659980774e-02 2.590714022517204285e-02 9.988520145416259766e-01
1.403638130645097017e+09 -1.492343004792928696e-02 -3.546513319015502930e-01 -1.397615373134613037e-01 3.320643305778503418e-02 -3.842848539352416992e-02 1.891067251563072205e-02 9.985304474830627441e-01
1.403638130845097065e+09 -1.385702285915613174e-02 -4.183222353458404541e-01 -1.687818467617034912e-01 5.084955319762229919e-02 -4.843259230256080627e-02 4.870718345046043396e-02 9.963414072990417480e-01
1.403638131045097113e+09 -6.894945167005062103e-03 -4.352141916751861572e-01 -1.810300648212432861e-01 7.749469578266143799e-02 -4.317166283726692200e-02 5.820355936884880066e-02 9.943556189537048340e-01
1.403638131345097065e+09 -8.531716652214527130e-03 -3.697765767574310303e-01 -1.499396413564682007e-01 4.610172659158706665e-02 -3.738326579332351685e-02 2.304525487124919891e-02 9.979709982872009277e-01
1.403638131745097160e+09 9.496327838860452175e-04 -2.233939468860626221e-01 -9.656450897455215454e-02 3.864102438092231750e-02 -2.923681586980819702e-02 9.105998091399669647e-03 9.987838268280029297e-01
1.403638131945096970e+09 7.984185591340065002e-03 -1.137275323271751404e-01 -6.027670949697494507e-02 1.911437138915061951e-02 -2.214672230184078217e-02 -3.731861338019371033e-02 9.988752007484436035e-01
1.403638132245097160e+09 3.591425251215696335e-03 -2.448938935995101929e-01 -1.181415170431137085e-01 4.774299636483192444e-02 -4.247274622321128845e-02 -4.462603945285081863e-03 9.979462623596191406e-01
1.403638132545097113e+09 2.214162498712539673e-01 -2.344508171081542969e-01 -1.334485709667205811e-01 4.662596061825752258e-02 4.224952682852745056e-02 5.672343820333480835e-02 9.964053034782409668e-01
1.403638133945096970e+09 -1.253855135291814804e-02 -1.268438398838043213e-01 -3.137660771608352661e-02 1.721794530749320984e-02 6.380736827850341797e-02 6.462183594703674316e-02 9.957190155982971191e-01
1.403638137545097113e+09 -3.010381758213043213e-02 -6.563886255025863647e-02 -4.445527680218219757e-03 -7.511429022997617722e-03 7.469401508569717407e-02 3.652200847864151001e-02 9.965091943740844727e-01
1.403638137845097065e+09 -3.798466920852661133e-02 -1.728164032101631165e-02 1.152072567492723465e-02 -2.581132017076015472e-02 8.837107568979263306e-02 2.681080251932144165e-02 9.953921437263488770e-01
1.403638147945096970e+09 -3.475520759820938110e-02 -3.754981979727745056e-02 2.713445574045181274e-02 3.083945810794830322e-02 9.637424349784851074e-02 3.233811631798744202e-02 9.943416118621826172e-01
1.403638148145097017e+09 -3.033301047980785370e-02 -9.831726551055908203e-02 2.618864364922046661e-02 4.065569117665290833e-02 9.338104724884033203e-02 2.932509407401084900e-02 9.943677186965942383e-01
1.403638148345097065e+09 -2.536890096962451935e-02 -2.182283252477645874e-01 3.740753978490829468e-03 3.178191557526588440e-02 8.675953000783920288e-02 2.265148237347602844e-02 9.954645633697509766e-01
1.403638149245097160e+09 -9.878176450729370117e-02 -5.375810861587524414e-01 1.718915551900863647e-01 3.656714409589767456e-02 5.739881470799446106e-02 1.126099098473787308e-02 9.976179003715515137e-01
1.403638150545097113e+09 -4.807865023612976074e-01 -6.720490455627441406e-01 5.287621617317199707e-01 3.047602064907550812e-02 -3.387619554996490479e-02 -3.640975058078765869e-02 9.982975721359252930e-01
1.403638151345097065e+09 -7.403759956359863281e-01 -7.575539946556091309e-01 6.946280002593994141e-01 3.077684529125690460e-02 -1.329468190670013428e-01 -7.110008597373962402e-02 9.880904555320739746e-01
1.403638152145097017e+09 -1.459469437599182129e+00 -1.031283497810363770e+00 1.048103213310241699e+00 2.698647789657115936e-02 -1.549706608057022095e-01 -8.075420558452606201e-02 9.842432141304016113e-01
1.403638153045097113e+09 -1.952805399894714355e+00 -1.216846227645874023e+00 1.229677200317382812e+00 1.946122013032436371e-02 -2.234146296977996826e-01 -1.096925437450408936e-01 9.683360457420349121e-01
1.403638153645097017e+09 -2.324944496154785156e+00 -1.350230813026428223e+00 1.362281203269958496e+00 2.590386383235454559e-02 -2.835774719715118408e-01 -1.450673788785934448e-01 9.475591182708740234e-01
1.403638154045097113e+09 -3.063744068145751953e+00 -1.450054764747619629e+00 1.624158620834350586e+00 6.510083377361297607e-02 -3.110432028770446777e-01 -1.358552426099777222e-01 9.383802413940429688e-01
1.403638154845097065e+09 -3.764187335968017578e+00 -1.542332649230957031e+00 1.635508537292480469e+00 5.611656606197357178e-02 -3.602010309696197510e-01 -1.669897884130477905e-01 9.160898327827453613e-01
1.403638155445096970e+09 -4.169776916503906250e+00 -1.533235788345336914e+00 1.560869455337524414e+00 6.941571831703186035e-02 -4.071961343288421631e-01 -1.713419556617736816e-01 8.944354653358459473e-01
1.403638155745097160e+09 -4.441633224487304688e+00 -1.461764335632324219e+00 1.466052532196044922e+00 5.729737877845764160e-02 -4.676260948181152344e-01 -1.841684132814407349e-01 8.626267313957214355e-01
1.403638156045097113e+09 -4.676538467407226562e+00 -1.411589860916137695e+00 1.337292671203613281e+00 2.825446985661983490e-02 -5.262336730957031250e-01 -2.151017338037490845e-01 8.221989274024963379e-01
1.403638156445096970e+09 -5.164556503295898438e+00 -1.322206854820251465e+00 1.142647027969360352e+00 1.070130616426467896e-02 -5.595198273658752441e-01 -2.340506762266159058e-01 7.950115799903869629e-01
1.403638157545097113e+09 -6.085813522338867188e+00 -1.279675483703613281e+00 1.020846843719482422e+00 3.640681505203247070e-02 -5.793578028678894043e-01 -2.478560656309127808e-01 7.756201028823852539e-01
1.403638157945096970e+09 -6.524397850036621094e+00 -1.306309461593627930e+00 9.339537620544433594e-01 2.733254991471767426e-02 -6.371836662292480469e-01 -2.592616677284240723e-01 7.252815961837768555e-01
1.403638158645097017e+09 -7.584569931030273438e+00 -1.264939785003662109e+00 7.936558723449707031e-01 -1.560583361424505711e-03 -6.377688050270080566e-01 -2.762479186058044434e-01 7.189823389053344727e-01
1.403638159445096970e+09 -8.278121948242187500e+00 -1.339508295059204102e+00 7.386398315429687500e-01 2.518793195486068726e-02 -6.642826795578002930e-01 -1.999518722295761108e-01 7.198009490966796875e-01
1.403638160045097113e+09 -9.021563529968261719e+00 -2.018002271652221680e+00 7.911510467529296875e-01 2.043073996901512146e-02 -6.465367674827575684e-01 -2.507621645927429199e-01 7.202021479606628418e-01
1.403638161045097113e+09 -9.265588760375976562e+00 -2.261903047561645508e+00 8.674130439758300781e-01 3.483013063669204712e-02 -6.008579134941101074e-01 -2.164801061153411865e-01 7.686956524848937988e-01
1.403638161345097065e+09 -9.536130905151367188e+00 -2.551129579544067383e+00 1.068647861480712891e+00 1.723933219909667969e-02 -5.269375443458557129e-01 -2.028232663869857788e-01 8.251680731773376465e-01
1.403638162145097017e+09 -9.849429130554199219e+00 -2.914644002914428711e+00 1.496071815490722656e+00 1.963264867663383484e-02 -5.024579167366027832e-01 -1.881297528743743896e-01 8.436574339866638184e-01
1.403638163045097113e+09 -1.003108596801757812e+01 -3.318117141723632812e+00 1.915315628051757812e+00 3.295566141605377197e-02 -4.798516333103179932e-01 -1.666008234024047852e-01 8.607557415962219238e-01
1.403638163445096970e+09 -1.009090614318847656e+01 -3.499678134918212891e+00 2.276073217391967773e+00 3.825848177075386047e-02 -4.267289936542510986e-01 -1.602632552385330200e-01 8.892437219619750977e-01
1.403638163945096970e+09 -1.008076953887939453e+01 -4.002729892730712891e+00 2.791732788085937500e+00 3.461872786283493042e-02 -4.287547171115875244e-01 -1.388604640960693359e-01 8.920138478279113770e-01
1.403638164745097160e+09 -9.908535003662109375e+00 -4.390786170959472656e+00 3.310507059097290039e+00 5.849128589034080505e-02 -4.063375890254974365e-01 -1.517293453216552734e-01 8.991366624832153320e-01
1.403638165145097017e+09 -9.704733848571777344e+00 -4.560308456420898438e+00 3.672812938690185547e+00 3.219253197312355042e-02 -3.880313038825988770e-01 -1.302042156457901001e-01 9.118345379829406738e-01
1.403638165545097113e+09 -9.439554214477539062e+00 -4.668826580047607422e+00 4.052812576293945312e+00 7.417690008878707886e-02 -3.764615952968597412e-01 -1.249231323599815369e-01 9.149692654609680176e-01
1.403638165945096970e+09 -9.104540824890136719e+00 -4.742540359497070312e+00 4.385223388671875000e+00 4.195994883775711060e-02 -3.685656785964965820e-01 -1.513388007879257202e-01 9.162397980690002441e-01
1.403638166445096970e+09 -8.632769584655761719e+00 -5.104928493499755859e+00 4.684598922729492188e+00 3.623936697840690613e-02 -3.766467273235321045e-01 -1.579521894454956055e-01 9.120718836784362793e-01
1.403638167045097113e+09 -8.261309623718261719e+00 -5.395733356475830078e+00 5.062465667724609375e+00 5.194559926167130470e-04 -3.750149309635162354e-01 -1.663478761911392212e-01 9.119713902473449707e-01
1.403638167545097113e+09 -8.116064071655273438e+00 -5.652544975280761719e+00 5.396761417388916016e+00 1.593882218003273010e-02 -3.755233585834503174e-01 -1.344557106494903564e-01 9.168695807456970215e-01
1.403638167945096970e+09 -8.005653381347656250e+00 -5.816980838775634766e+00 5.708150863647460938e+00 1.762819662690162659e-02 -3.424311280250549316e-01 -1.053483337163925171e-01 9.334515929222106934e-01
1.403638168245097160e+09 -7.864368438720703125e+00 -6.020850658416748047e+00 6.049913406372070312e+00 2.423289977014064789e-02 -2.983388602733612061e-01 -9.673511981964111328e-02 9.492360949516296387e-01
1.403638168445096970e+09 -7.653411865234375000e+00 -6.319687843322753906e+00 6.510696411132812500e+00 1.688168384134769440e-02 -2.419947832822799683e-01 -1.225670278072357178e-01 9.623569846153259277e-01
1.403638169045097113e+09 -7.493959426879882812e+00 -6.598968505859375000e+00 7.150796890258789062e+00 3.063276968896389008e-02 -2.529844045639038086e-01 -1.069707125425338745e-01 9.610503911972045898e-01
1.403638169445096970e+09 -7.378502845764160156e+00 -6.774450778961181641e+00 7.689964771270751953e+00 5.268898978829383850e-02 -2.250663936138153076e-01 -4.652817174792289734e-02 9.718045592308044434e-01
1.403638169745097160e+09 -7.222623348236083984e+00 -6.950708866119384766e+00 8.057497978210449219e+00 6.126010045409202576e-02 -1.414045989513397217e-01 -6.262774020433425903e-02 9.860678315162658691e-01
1.403638170045097113e+09 -7.050791263580322266e+00 -7.124797821044921875e+00 8.361104011535644531e+00 7.761305570602416992e-02 -7.196879386901855469e-02 -2.782298997044563293e-02 9.939932823181152344e-01
1.403638170345097065e+09 -6.806251049041748047e+00 -7.250712871551513672e+00 8.692194938659667969e+00 7.201885432004928589e-02 8.413544856011867523e-03 3.813545405864715576e-02 9.966384172439575195e-01
1.403638170745097160e+09 -6.486917972564697266e+00 -7.379167556762695312e+00 8.893743515014648438e+00 7.733058929443359375e-02 9.144308418035507202e-02 6.867088377475738525e-02 9.904254078865051270e-01
1.403638171245097160e+09 -5.887250900268554688e+00 -7.399154663085937500e+00 8.998292922973632812e+00 9.349219501018524170e-02 1.422719806432723999e-01 9.935907274484634399e-02 9.803803563117980957e-01
1.403638171845097065e+09 -5.398110389709472656e+00 -7.321449279785156250e+00 8.877535820007324219e+00 1.083848550915718079e-01 1.745542436838150024e-01 1.147901043295860291e-01 9.719088673591613770e-01
1.403638172245097160e+09 -4.721969127655029297e+00 -7.095807552337646484e+00 8.478636741638183594e+00 1.095835790038108826e-01 1.838663220405578613e-01 1.102030128240585327e-01 9.705874919891357422e-01
1.403638172845097065e+09 -3.854804039001464844e+00 -6.457501411437988281e+00 7.761082172393798828e+00 9.727960079908370972e-02 1.604222655296325684e-01 1.230015158653259277e-01 9.745112061500549316e-01
1.403638173345097065e+09 -3.368684768676757812e+00 -6.021314620971679688e+00 7.318734645843505859e+00 7.940480113029479980e-02 1.707774847745895386e-01 9.217272698879241943e-02 9.777699708938598633e-01
1.403638173645097017e+09 -3.037625312805175781e+00 -5.688912391662597656e+00 7.021072864532470703e+00 7.239250093698501587e-02 1.789282858371734619e-01 7.573706656694412231e-02 9.782678484916687012e-01
1.403638173845097065e+09 -2.717166900634765625e+00 -5.341219425201416016e+00 6.719512939453125000e+00 7.002525031566619873e-02 1.807608008384704590e-01 7.696726918220520020e-02 9.780071973800659180e-01
1.403638174045097113e+09 -2.124531269073486328e+00 -4.705793380737304688e+00 6.081211566925048828e+00 5.835309997200965881e-02 1.840058267116546631e-01 7.582521438598632812e-02 9.782573580741882324e-01
1.403638174445096970e+09 -1.568733811378479004e+00 -4.084660053253173828e+00 5.464864730834960938e+00 2.876208163797855377e-02 1.827304363250732422e-01 7.603091746568679810e-02 9.797967672348022461e-01
1.403638174845097065e+09 -1.021708965301513672e+00 -3.562719106674194336e+00 4.889154911041259766e+00 1.277347840368747711e-02 1.860842853784561157e-01 7.012794166803359985e-02 9.799447059631347656e-01
1.403638175245097160e+09 -5.114169716835021973e-01 -3.176886796951293945e+00 4.394467830657958984e+00 -6.808644160628318787e-03 1.947218030691146851e-01 6.570982187986373901e-02 9.786313772201538086e-01
1.403638175645097017e+09 1.119121015071868896e-01 -2.917223691940307617e+00 3.976756572723388672e+00 -5.295806005597114563e-02 1.939847320318222046e-01 6.118374690413475037e-02 9.776614308357238770e-01
1.403638176145097017e+09 5.861921310424804688e-01 -2.797976732254028320e+00 3.908025264739990234e+00 2.344807423651218414e-02 1.992047876119613647e-01 4.093116894364356995e-02 9.788219332695007324e-01
1.403638176845097065e+09 1.488020420074462891e+00 -2.809529542922973633e+00 4.116716384887695312e+00 3.715160861611366272e-02 1.945216804742813110e-01 8.514723181724548340e-02 9.764891862869262695e-01
1.403638178145097017e+09 1.765160799026489258e+00 -2.809803724288940430e+00 4.228405475616455078e+00 5.768087878823280334e-02 2.835027277469635010e-01 1.202615424990653992e-01 9.496507048606872559e-01
1.403638178645097017e+09 2.002173423767089844e+00 -2.731422901153564453e+00 4.164810180664062500e+00 2.593475580215454102e-02 3.708594441413879395e-01 1.673536449670791626e-01 9.131174683570861816e-01
1.403638179245097160e+09 2.391954421997070312e+00 -2.534843444824218750e+00 4.105795860290527344e+00 2.917529270052909851e-02 4.547611176967620850e-01 1.859472990036010742e-01 8.704969286918640137e-01
1.403638179745097160e+09 2.771861076354980469e+00 -2.429144620895385742e+00 4.028379917144775391e+00 1.997203566133975983e-02 5.309252738952636719e-01 2.259668558835983276e-01 8.164916038513183594e-01
1.403638180545097113e+09 3.693509340286254883e+00 -2.244172573089599609e+00 3.854788064956665039e+00 8.527749218046665192e-03 5.273078680038452148e-01 2.272479981184005737e-01 8.186770677566528320e-01
1.403638181345097065e+09 4.281472206115722656e+00 -2.109699726104736328e+00 3.784365415573120117e+00 6.678133457899093628e-02 5.750180482864379883e-01 2.403917759656906128e-01 7.791702747344970703e-01
1.403638181745097160e+09 4.615776062011718750e+00 -2.017085075378417969e+00 3.653690814971923828e+00 3.703305125236511230e-02 6.302973031997680664e-01 2.494951933622360229e-01 7.342384457588195801e-01
1.403638182145097017e+09 5.020429611206054688e+00 -1.962117314338684082e+00 3.419093132019042969e+00 2.027976140379905701e-02 6.484166383743286133e-01 2.844656407833099365e-01 7.058498263359069824e-01
1.403638182645097017e+09 5.592913627624511719e+00 -1.925984859466552734e+00 3.071166515350341797e+00 -1.544938189908862114e-03 6.476021409034729004e-01 2.735762894153594971e-01 7.111717462539672852e-01
1.403638183045097113e+09 6.114808082580566406e+00 -1.883856773376464844e+00 2.815508365631103516e+00 1.083343941718339920e-02 6.505759358406066895e-01 2.509274482727050781e-01 7.167071104049682617e-01
1.403638183545097113e+09 6.794101238250732422e+00 -1.766818523406982422e+00 2.578142642974853516e+00 -1.425968017429113388e-03 6.483114957809448242e-01 2.529992461204528809e-01 7.181097269058227539e-01
1.403638183945096970e+09 7.495202064514160156e+00 -1.784467220306396484e+00 2.395338535308837891e+00 -3.917187452316284180e-03 6.493760347366333008e-01 2.548460066318511963e-01 7.164837718009948730e-01
1.403638184445096970e+09 8.484661102294921875e+00 -1.824985027313232422e+00 2.299258708953857422e+00 7.460957393050193787e-03 6.562508344650268555e-01 2.445786744356155396e-01 7.137649655342102051e-01
1.403638185245097160e+09 9.295869827270507812e+00 -1.928744792938232422e+00 2.329051971435546875e+00 2.103476785123348236e-03 6.523777842521667480e-01 2.207090854644775391e-01 7.250423431396484375e-01
1.403638185745097160e+09 9.774306297302246094e+00 -2.052240848541259766e+00 2.442799568176269531e+00 2.943080849945545197e-02 6.101459264755249023e-01 2.442899048328399658e-01 7.531123161315917969e-01
1.403638186345097065e+09 1.057064723968505859e+01 -2.213604211807250977e+00 2.642771720886230469e+00 7.356285117566585541e-03 6.123048067092895508e-01 2.299119979143142700e-01 7.564186453819274902e-01
1.403638186945096970e+09 1.111214923858642578e+01 -2.351044893264770508e+00 2.855319976806640625e+00 1.133497618138790131e-02 5.690056681632995605e-01 1.993562281131744385e-01 7.977225780487060547e-01
1.403638187245097160e+09 1.140395545959472656e+01 -2.508281230926513672e+00 2.996884346008300781e+00 4.266437888145446777e-02 5.083927512168884277e-01 1.686943918466567993e-01 8.433615565299987793e-01
1.403638187645097017e+09 1.196735954284667969e+01 -2.884906291961669922e+00 3.387507438659667969e+00 3.410447388887405396e-02 4.973699152469635010e-01 1.330018490552902222e-01 8.566040992736816406e-01
1.403638188445096970e+09 1.186427497863769531e+01 -3.150636672973632812e+00 3.783478260040283203e+00 6.239895895123481750e-02 4.571604430675506592e-01 1.435005217790603638e-01 8.755103349685668945e-01
1.403638189345097065e+09 1.157457828521728516e+01 -3.257325887680053711e+00 3.820676565170288086e+00 2.616955898702144623e-02 3.932334184646606445e-01 1.436368674039840698e-01 9.077726006507873535e-01
1.403638189745097160e+09 1.105845451354980469e+01 -3.413420200347900391e+00 3.976905584335327148e+00 3.591354936361312866e-02 3.846332132816314697e-01 9.687352925539016724e-02 9.172693490982055664e-01
1.403638190745097160e+09 1.036595726013183594e+01 -3.542397975921630859e+00 4.248467922210693359e+00 2.198759466409683228e-02 3.470054566860198975e-01 1.218917146325111389e-01 9.296484589576721191e-01
1.403638192045097113e+09 9.783850669860839844e+00 -3.701925277709960938e+00 4.466595649719238281e+00 8.843546733260154724e-03 3.561172783374786377e-01 1.109041646122932434e-01 9.277945160865783691e-01
1.403638192345097065e+09 9.282832145690917969e+00 -3.999704837799072266e+00 4.713131904602050781e+00 4.439102113246917725e-02 3.556443750858306885e-01 1.099663749337196350e-01 9.270673990249633789e-01
1.403638192845097065e+09 8.678952217102050781e+00 -4.264151573181152344e+00 4.833851814270019531e+00 8.505333960056304932e-02 3.332760035991668701e-01 1.180566623806953430e-01 9.315340518951416016e-01
1.403638193645097017e+09 7.836854934692382812e+00 -4.445580959320068359e+00 4.568581581115722656e+00 3.576345741748809814e-02 3.166911900043487549e-01 1.100419238209724426e-01 9.414449334144592285e-01
1.403638194545097113e+09 6.746349811553955078e+00 -4.374481678009033203e+00 4.152038097381591797e+00 1.216503232717514038e-02 3.183857500553131104e-01 1.211342811584472656e-01 9.401112198829650879e-01
1.403638195245097160e+09 5.764010906219482422e+00 -4.186782836914062500e+00 4.010039806365966797e+00 -2.567288232967257500e-03 3.147529363632202148e-01 1.272076368331909180e-01 9.406073689460754395e-01
1.403638197045097113e+09 5.386056423187255859e+00 -4.412068843841552734e+00 4.356067180633544922e+00 2.723876759409904480e-02 3.284089267253875732e-01 9.756185114383697510e-02 9.390885829925537109e-01
1.403638197945096970e+09 4.900897026062011719e+00 -4.514607906341552734e+00 4.863747596740722656e+00 3.093835897743701935e-02 3.427062034606933594e-01 4.547147825360298157e-02 9.378314018249511719e-01
1.403638199245097160e+09 3.948651790618896484e+00 -4.707908630371093750e+00 5.183761596679687500e+00 2.666920796036720276e-02 3.361790180206298828e-01 4.801846295595169067e-02 9.401950240135192871e-01
1.403638199845097065e+09 3.227697134017944336e+00 -4.936830997467041016e+00 5.352301120758056641e+00 3.003072924911975861e-02 2.916941940784454346e-01 7.847987860441207886e-02 9.528135061264038086e-01
1.403638200245097160e+09 2.659505605697631836e+00 -5.082371234893798828e+00 5.491596698760986328e+00 4.731358215212821960e-02 2.551746964454650879e-01 4.597440734505653381e-02 9.646418094635009766e-01
1.403638200445096970e+09 2.045203685760498047e+00 -5.261099815368652344e+00 5.587879180908203125e+00 4.435154050588607788e-02 2.209290713071823120e-01 7.701829075813293457e-03 9.742504358291625977e-01
1.403638200845097065e+09 1.113306283950805664e+00 -5.514190196990966797e+00 5.704084396362304688e+00 3.717454150319099426e-02 1.805495917797088623e-01 1.436004135757684708e-02 9.827582836151123047e-01
1.403638201245097160e+09 -1.163955032825469971e-01 -5.673784732818603516e+00 5.902715206146240234e+00 4.335302487015724182e-02 1.798896491527557373e-01 2.652348577976226807e-02 9.823730587959289551e-01
1.403638201845097065e+09 -8.582901358604431152e-01 -5.677581787109375000e+00 6.033425807952880859e+00 4.851200804114341736e-02 1.824193149805068970e-01 2.944590337574481964e-02 9.815818071365356445e-01
1.403638202045097113e+09 -1.858026981353759766e+00 -5.660838127136230469e+00 6.169521331787109375e+00 3.763946890830993652e-02 1.513099968433380127e-01 4.086531698703765869e-02 9.869237542152404785e-01
1.403638202445096970e+09 -2.817024469375610352e+00 -5.671034336090087891e+00 6.279115200042724609e+00 2.739732339978218079e-02 1.375067383050918579e-01 4.732114821672439575e-02 9.889903664588928223e-01
1.403638202845097065e+09 -3.699046850204467773e+00 -5.617322444915771484e+00 6.419180870056152344e+00 3.258148580789566040e-02 1.385908871889114380e-01 4.761302098631858826e-02 9.886677861213684082e-01
1.403638203245097160e+09 -4.508135318756103516e+00 -5.615121364593505859e+00 6.523400783538818359e+00 4.573584347963333130e-02 1.393124908208847046e-01 4.497032612562179565e-02 9.881690740585327148e-01
1.403638203645097017e+09 -5.257953166961669922e+00 -5.601484775543212891e+00 6.584644794464111328e+00 4.301913082599639893e-02 1.373661160469055176e-01 4.825539141893386841e-02 9.884085655212402344e-01
1.403638204045097113e+09 -5.935833930969238281e+00 -5.658030986785888672e+00 6.574101924896240234e+00 3.259041160345077515e-02 1.292058974504470825e-01 5.869930237531661987e-02 9.893422722816467285e-01
1.403638204445096970e+09 -6.607777118682861328e+00 -5.754561901092529297e+00 6.538226127624511719e+00 2.377495542168617249e-02 1.120994985103607178e-01 7.280933856964111328e-02 9.907408356666564941e-01
1.403638204945096970e+09 -6.918101787567138672e+00 -5.741147994995117188e+00 6.549233436584472656e+00 3.000743873417377472e-02 5.950270593166351318e-02 7.784022018313407898e-03 9.977466464042663574e-01
1.403638205145097017e+09 -7.121880054473876953e+00 -5.728874683380126953e+00 6.555549621582031250e+00 3.362212330102920532e-02 -2.094535902142524719e-02 -2.873842790722846985e-02 9.988018274307250977e-01
1.403638205345097065e+09 -7.333211898803710938e+00 -5.740834236145019531e+00 6.548007488250732422e+00 4.563852399587631226e-02 -1.104922294616699219e-01 -6.587414443492889404e-02 9.906408190727233887e-01
1.403638205545097113e+09 -7.772217273712158203e+00 -5.813207149505615234e+00 6.463783264160156250e+00 7.617627084255218506e-02 -1.883351504802703857e-01 -1.351510286331176758e-01 9.697738289833068848e-01
1.403638205945096970e+09 -8.141341209411621094e+00 -5.888793945312500000e+00 6.286709785461425781e+00 7.104851305484771729e-02 -2.588338553905487061e-01 -1.491792798042297363e-01 9.516841769218444824e-01
1.403638206245097160e+09 -8.400448799133300781e+00 -5.932361602783203125e+00 6.131097793579101562e+00 7.134766131639480591e-02 -3.047233223915100098e-01 -1.506596505641937256e-01 9.377392530441284180e-01
1.403638206445096970e+09 -8.784896850585937500e+00 -5.935238361358642578e+00 5.882987499237060547e+00 7.274436205625534058e-02 -3.382203280925750732e-01 -1.396310627460479736e-01 9.278029799461364746e-01
1.403638206845097065e+09 -9.231853485107421875e+00 -5.825828552246093750e+00 5.542952537536621094e+00 7.559892535209655762e-02 -3.683157265186309814e-01 -1.401717215776443481e-01 9.159586429595947266e-01
1.403638207245097160e+09 -9.504223823547363281e+00 -5.663251876831054688e+00 5.277728080749511719e+00 8.152236789464950562e-02 -3.862374126911163330e-01 -1.409921497106552124e-01 9.079074263572692871e-01
1.403638207445096970e+09 -9.645600318908691406e+00 -5.533473968505859375e+00 5.075404167175292969e+00 8.317220956087112427e-02 -4.195291101932525635e-01 -1.510360687971115112e-01 8.912159800529479980e-01
1.403638207645097017e+09 -9.752140998840332031e+00 -5.415613651275634766e+00 4.852167606353759766e+00 6.012303754687309265e-02 -4.457180798053741455e-01 -1.646141409873962402e-01 8.778512477874755859e-01
1.403638207945096970e+09 -9.891420364379882812e+00 -5.250565052032470703e+00 4.395070075988769531e+00 4.114643484354019165e-02 -4.592049419879913330e-01 -1.704896390438079834e-01 8.708450794219970703e-01
1.403638208445096970e+09 -9.982133865356445312e+00 -5.002950668334960938e+00 3.892286300659179688e+00 3.747167065739631653e-02 -4.690605401992797852e-01 -1.800257116556167603e-01 8.638106584548950195e-01
1.403638208845097065e+09 -9.994057655334472656e+00 -4.805949211120605469e+00 3.436851978302001953e+00 4.009154066443443298e-02 -5.003581643104553223e-01 -1.881519407033920288e-01 8.441760540008544922e-01
1.403638209545097113e+09 -9.856927871704101562e+00 -4.056109428405761719e+00 2.933484077453613281e+00 5.653355643153190613e-02 -5.012893676757812500e-01 -1.826261281967163086e-01 8.438960909843444824e-01
1.403638210545097113e+09 -9.328735351562500000e+00 -3.045498132705688477e+00 2.584075927734375000e+00 5.756004527211189270e-02 -5.023884773254394531e-01 -1.725651919841766357e-01 8.452893495559692383e-01
1.403638211245097160e+09 -8.724756240844726562e+00 -2.548113822937011719e+00 2.313429832458496094e+00 4.002606868743896484e-02 -4.804666340351104736e-01 -1.681484729051589966e-01 8.598115444183349609e-01
1.403638211745097160e+09 -8.270370483398437500e+00 -2.215783119201660156e+00 2.199378728866577148e+00 3.245865926146507263e-02 -4.013631343841552734e-01 -1.200007349252700806e-01 9.074436426162719727e-01
1.403638212045097113e+09 -7.889703750610351562e+00 -2.042201995849609375e+00 2.133667469024658203e+00 3.608621284365653992e-02 -3.272188901901245117e-01 -9.726298600435256958e-02 9.392366409301757812e-01
1.403638212345097065e+09 -7.474480152130126953e+00 -1.933654546737670898e+00 2.059829235076904297e+00 3.953097015619277954e-02 -2.545869052410125732e-01 -7.234938442707061768e-02 9.635291695594787598e-01
1.403638212645097017e+09 -7.183670520782470703e+00 -1.893397450447082520e+00 2.004152536392211914e+00 3.715755790472030640e-02 -2.043565660715103149e-01 -5.578498542308807373e-02 9.765991568565368652e-01
1.403638212845097065e+09 -6.882357597351074219e+00 -1.876937270164489746e+00 1.944570302963256836e+00 3.743170574307441711e-02 -1.509868800640106201e-01 -3.337946161627769470e-02 9.872627258300781250e-01
1.403638213045097113e+09 -6.569604396820068359e+00 -1.882139563560485840e+00 1.880111098289489746e+00 3.322094678878784180e-02 -9.325027465820312500e-02 -7.573740091174840927e-03 9.950594902038574219e-01
1.403638213245097160e+09 -6.247813224792480469e+00 -1.877956509590148926e+00 1.824011206626892090e+00 1.187571045011281967e-02 -3.968229144811630249e-02 3.064228221774101257e-02 9.986717700958251953e-01
1.403638213445096970e+09 -5.904458999633789062e+00 -1.863092899322509766e+00 1.792715191841125488e+00 1.330905477516353130e-03 1.092099305242300034e-02 6.962700933218002319e-02 9.975124597549438477e-01
1.403638213645097017e+09 -5.533688068389892578e+00 -1.845738530158996582e+00 1.786083698272705078e+00 2.953134849667549133e-02 5.769889801740646362e-02 5.574392527341842651e-02 9.963389635086059570e-01
1.403638213845097065e+09 -4.971063137054443359e+00 -1.857435584068298340e+00 1.752815365791320801e+00 3.395004197955131531e-02 7.967441529035568237e-02 4.056118801236152649e-02 9.954166412353515625e-01
1.403638214245097160e+09 -4.241031169891357422e+00 -1.900847792625427246e+00 1.704542756080627441e+00 1.427135575795546174e-04 6.903070956468582153e-02 3.350827842950820923e-02 9.970516562461853027e-01
1.403638214645097017e+09 -3.534408092498779297e+00 -1.902197480201721191e+00 1.747561454772949219e+00 3.962631523609161377e-02 5.880618467926979065e-02 2.261128276586532593e-02 9.972262978553771973e-01
1.403638215145097017e+09 -2.556989431381225586e+00 -1.787694931030273438e+00 1.839620471000671387e+00 3.827721998095512390e-02 6.034140288829803467e-02 6.143908482044935226e-03 9.974247217178344727e-01
1.403638215745097160e+09 -1.736888527870178223e+00 -1.711137056350708008e+00 1.868733048439025879e+00 4.281404986977577209e-02 7.043863832950592041e-02 2.018282562494277954e-02 9.963925480842590332e-01
1.403638216345097065e+09 -9.593662619590759277e-01 -1.626056790351867676e+00 1.813521623611450195e+00 4.207096993923187256e-02 8.530934900045394897e-02 1.110539305955171585e-02 9.954040050506591797e-01
1.403638217045097113e+09 -5.420224070549011230e-01 -1.470951914787292480e+00 1.760385036468505859e+00 4.154573008418083191e-02 1.334065496921539307e-01 3.869510069489479065e-02 9.894338846206665039e-01
1.403638217445096970e+09 -1.005612015724182129e-01 -1.310693144798278809e+00 1.308604359626770020e+00 5.064043402671813965e-02 1.765477657318115234e-01 5.689288303256034851e-02 9.813408255577087402e-01
1.403638220445096970e+09 -4.145987033843994141e-01 -7.738454341888427734e-01 1.668884158134460449e-01 2.838941849768161774e-02 1.859226524829864502e-01 5.867717042565345764e-02 9.803999066352844238e-01
1.403638223345097065e+09 -5.280393958091735840e-01 -5.021324753761291504e-01 -1.413494348526000977e-01 2.741202525794506073e-02 1.871250122785568237e-01 5.824573338031768799e-02 9.802246689796447754e-01
1.403638224145097017e+09 -5.536531805992126465e-01 -3.465360403060913086e-01 -1.650669425725936890e-01 1.689189858734607697e-02 1.853243559598922729e-01 6.239952892065048218e-02 9.805487394332885742e-01
1.403638225145097017e+09 -6.017335057258605957e-01 -2.268995940685272217e-01 -8.846387267112731934e-02 2.320480160415172577e-02 1.845721751451492310e-01 5.621332302689552307e-02 9.809356331825256348e-01
1.403638226045097113e+09 -6.186330914497375488e-01 -1.916139423847198486e-01 -7.588627934455871582e-02 6.777478847652673721e-03 1.802657991647720337e-01 6.081994622945785522e-02 9.817124009132385254e-01
1.403638226145097017e+09 -6.407757401466369629e-01 -1.999750137329101562e-01 -4.802742972970008850e-02 6.807806785218417645e-04 1.826248914003372192e-01 5.806454271078109741e-02 9.814663529396057129e-01
