1.403638129345096960e+18 4.836480634598125050e+00 -1.506913625936187051e+00 5.247847224994864890e-01 -7.683728832749876503e-01 2.952590791813696214e-01 -1.567297013403022021e-01 5.457664235975234757e-01
1.403638129445096960e+18 4.838214017890785534e+00 -1.507636436402579605e+00 5.375957656116236993e-01 -7.584930577157376064e-01 3.098942167655811541e-01 -1.432908252457680554e-01 5.550870158927018183e-01
1.403638129645096960e+18 4.835696224909717067e+00 -1.506428336125180012e+00 5.461603223047946098e-01 -7.907693442507131021e-01 2.802754543608661497e-01 -1.593779737971193489e-01 5.203154575297871398e-01
1.403638129845096960e+18 4.835766955521341615e+00 -1.503494257345573848e+00 5.760971761809189351e-01 -7.924997850100548025e-01 2.758258579324391890e-01 -1.608341989117707538e-01 5.196119199126014720e-01
1.403638130145096960e+18 4.835496626315028301e+00 -1.493806892101986916e+00 6.788239694429890614e-01 -7.837440466842182651e-01 2.750558714294133456e-01 -1.527679602192203168e-01 5.354918180604731903e-01
1.403638130345096960e+18 4.835521889691192676e+00 -1.488960556791313561e+00 7.629565458084921481e-01 -7.777167153076310901e-01 2.730516196099024850e-01 -1.435625288996192628e-01 5.477128116590522788e-01
1.403638130645096960e+18 4.832813599867372467e+00 -1.486652795351745882e+00 8.820240480879362188e-01 -7.769527467895068762e-01 2.622344188038129298e-01 -1.430713618729379244e-01 5.541733702215304591e-01
1.403638130845096960e+18 4.833628986337404676e+00 -1.487832097605215509e+00 9.519900678495002433e-01 -7.597382553228460011e-01 2.770566699618498552e-01 -1.242310236851053018e-01 5.749817716961118652e-01
1.403638131345096960e+18 4.836022122723553807e+00 -1.493068221267453088e+00 8.999619555856076536e-01 -7.685585769526769306e-01 2.636510400401588239e-01 -1.451979592208142988e-01 5.645559277133929132e-01
1.403638131945096960e+18 4.834079409675780425e+00 -1.520602962514007839e+00 6.295707696702652623e-01 -7.970016055026127866e-01 2.285412615952796267e-01 -1.811494262107356812e-01 5.289066249899097016e-01
1.403638133945096960e+18 4.837335431520402018e+00 -1.482949540689293855e+00 6.298037614870353185e-01 -7.526242580564265205e-01 3.531644978627045406e-01 -1.958235998263960498e-01 5.200814180351270855e-01
1.403638137845096960e+18 4.813353812384218777e+00 -1.471520281294817156e+00 5.123907482716422157e-01 -7.805593099387908573e-01 3.432185847377581256e-01 -2.229706450398270812e-01 4.724534455467672145e-01
1.403638147945096960e+18 4.829769511551588401e+00 -1.455730551263376249e+00 5.244831564070866481e-01 -7.476564795819365949e-01 3.415532914734468739e-01 -2.417710860913762361e-01 5.156528672983373696e-01
1.403638148145096960e+18 4.848170540370350778e+00 -1.439635442692470235e+00 5.802996635074454401e-01 -7.439695000048974771e-01 3.359154100873105175e-01 -2.436328828894228637e-01 5.237492135586704345e-01
1.403638148345096960e+18 4.870019746076873268e+00 -1.420423437046848703e+00 6.988775848514489075e-01 -7.523866633717940511e-01 3.290581745281129233e-01 -2.395800094876566200e-01 5.179154811456968543e-01
1.403638151345096960e+18 4.827979260758021418e+00 -3.102470409797535300e-01 9.114181160183296715e-01 -8.110012571559543915e-01 1.397111238424031954e-01 -1.119045713598533914e-01 5.569875489406576063e-01
1.403638152145096960e+18 4.526882489443336155e+00 4.737112387005124603e-01 1.019668268155836666e+00 -8.163794400234064552e-01 1.203218463096155100e-01 -9.768768084731771495e-02 5.563311785424105427e-01
1.403638153645096960e+18 4.099718158740259355e+00 1.333586160875267046e+00 1.185885081476393932e+00 -8.278327601146497905e-01 -6.758890730109192758e-03 -2.202590430715974101e-02 5.605016487188159147e-01
1.403638154845096960e+18 3.164294540359636532e+00 2.475120874387323866e+00 1.255580099279065776e+00 -8.066629501995692397e-01 -7.747145962401809360e-02 2.473996190635885731e-02 5.853896070173464361e-01
1.403638155445096960e+18 2.799970864798271730e+00 2.667084111430264137e+00 1.279559847438338505e+00 -7.920195297208436624e-01 -1.133542368751076085e-01 5.994346358137540159e-02 5.968774268617498269e-01
1.403638156445096960e+18 1.727187550269081662e+00 2.907647025547236197e+00 1.262381947222750433e+00 -7.870453731313816759e-01 -2.584549869262849908e-01 1.819473202485319130e-01 5.297695470860859235e-01
1.403638157945096960e+18 5.326069777765454205e-01 3.585927991771171719e+00 1.339104051840551257e+00 -7.435804198530272524e-01 -3.403962420650177290e-01 2.382325558250749931e-01 5.238929346195292380e-01
1.403638158645096960e+18 -3.935754649204321609e-01 4.121614281361773102e+00 1.363312961378492005e+00 -7.581971994486018662e-01 -3.508584321536700190e-01 2.389457148488521310e-01 4.949144498702138795e-01
1.403638159445096960e+18 -9.531319772123101330e-01 4.531187041507408253e+00 1.456845264432474529e+00 -7.288594632588544231e-01 -3.083966468071259737e-01 2.918138537950821787e-01 5.371220213223415474e-01
1.403638161345096960e+18 -1.454733963553923815e+00 5.929542935725519825e+00 2.432813610695547357e+00 -7.933974968049959386e-01 -2.097999946495877899e-01 1.651145241865004665e-01 5.470297690357122100e-01
1.403638162145096960e+18 -1.371233490880028327e+00 6.546792717012074547e+00 2.590991134589866629e+00 -7.985542020420687281e-01 -1.809028517818682957e-01 1.493694721688643701e-01 5.543231056000976764e-01
1.403638163445096960e+18 -9.779081902282937833e-01 7.445527293373805477e+00 2.806744788851448291e+00 -8.043195568264641659e-01 -1.105981857493977122e-01 9.056740757423763222e-02 5.767457295036557685e-01
1.403638163945096960e+18 -5.542469686257653905e-01 7.972850679193250301e+00 3.054756544039833432e+00 -8.028979717923466763e-01 -9.326223414652244637e-02 1.037038566893899866e-01 5.795709729459213033e-01
1.403638165145096960e+18 3.762593919376762130e-01 8.557006597539182025e+00 3.201449089430326023e+00 -8.104073312083551750e-01 -5.959012150252332440e-02 7.304309971376728161e-02 5.782332405935086683e-01
1.403638165945096960e+18 1.294304338188961623e+00 8.761554622423529892e+00 3.073690083499735604e+00 -8.112530819808785321e-01 -6.684443521202301786e-02 4.327698804028778934e-02 5.792472363023168924e-01
1.403638166445096960e+18 1.926103728574990903e+00 8.804524269850940499e+00 3.279850489199562347e+00 -8.141068122772098237e-01 -7.639374608878429784e-02 4.857643347882127649e-02 5.736152228391780961e-01
1.403638167945096960e+18 3.173695226067314135e+00 9.387067337595793148e+00 3.508128565739277338e+00 -8.203141268652307527e-01 -7.941580648879001045e-03 4.985370304695950494e-02 5.696808517535385530e-01
1.403638168445096960e+18 4.027627506052342099e+00 9.911532371843563283e+00 3.636984543226306155e+00 -8.308188715618726183e-01 3.812194147759385976e-02 -4.356354969910238711e-02 5.535241073090215735e-01
1.403638169445096960e+18 5.018608617625536006e+00 1.073996297787400067e+01 3.568301726334603519e+00 -7.961565648524244754e-01 1.035194331146635227e-01 -2.928735832527196159e-02 5.954499994561531784e-01
1.403638170345096960e+18 6.151067906145383901e+00 1.126514029331024069e+01 3.590386909405304028e+00 -7.420456824487839942e-01 2.943165203069660896e-01 -1.806257556602575420e-01 5.745609866895581286e-01
1.403638171845096960e+18 7.384690303926880084e+00 1.055796972716158244e+01 3.573050004315919459e+00 -6.537658665016347070e-01 4.275788947241553895e-01 -2.786475578728870861e-01 5.586788156672064520e-01
1.403638172845096960e+18 7.760908150610576151e+00 8.528500129109593431e+00 3.234845271873852290e+00 -6.617704988056627435e-01 4.294699940837167773e-01 -2.606244229372101651e-01 5.564981952000229715e-01
1.403638173345096960e+18 7.787114772695695741e+00 7.771176630753156900e+00 3.015718534117951766e+00 -6.801740905343831578e-01 4.143419054169490412e-01 -2.803982014800380229e-01 5.357805899693796059e-01
1.403638173645096960e+18 7.797985985099701978e+00 7.246672848407769152e+00 2.832765697378143432e+00 -6.872470187731339886e-01 4.068527670582110511e-01 -2.934990469130349666e-01 5.253766939879009890e-01
1.403638173845096960e+18 7.794423878143619255e+00 6.720953013543879528e+00 2.637500882585678053e+00 -6.876029175061049159e-01 4.091143437053669785e-01 -2.936279732199555403e-01 5.230777140677673742e-01
1.403638174445096960e+18 7.681880864013466592e+00 4.707995755480693489e+00 1.999285174302259271e+00 -7.101766733226873018e-01 4.170740325831969186e-01 -2.847122584026640646e-01 4.905479323454193796e-01
1.403638174845096960e+18 7.659958877491506613e+00 3.789554814367976476e+00 1.756209065350550436e+00 -7.195521396014271653e-01 4.169457461114882690e-01 -2.860705080529070132e-01 4.759880540695263784e-01
1.403638175645096960e+18 7.882002857537221630e+00 2.228700346148159372e+00 1.535615363527785826e+00 -7.526420781230342971e-01 4.247596659184583179e-01 -2.785886837770402136e-01 4.189241861230459385e-01
1.403638176145096960e+18 8.187940855849559441e+00 1.849961560004222294e+00 1.452885383675342812e+00 -7.188532439301483778e-01 3.983577878874253742e-01 -3.142341343684103561e-01 4.752031095418838280e-01
1.403638176845096960e+18 9.019665842141302292e+00 1.451192105217841810e+00 1.374169546205470382e+00 -6.986847286371735688e-01 4.280117286255015197e-01 -2.910927016808710355e-01 4.938731103799244293e-01
1.403638178145096960e+18 9.300979108925782057e+00 1.361921249463755146e+00 1.327533958368618983e+00 -6.416960599914314223e-01 4.907718423007914055e-01 -3.445642357365461539e-01 4.781680173824363056e-01
1.403638178645096960e+18 9.432765159088678075e+00 1.145516366949457243e+00 1.281012317508419818e+00 -6.009341561846026636e-01 5.686751927919342364e-01 -3.746072786290985390e-01 4.185164893189478041e-01
1.403638181345096960e+18 1.086269929696393888e+01 -7.264185238296605451e-01 8.595517725975478918e-01 -4.180189930888561500e-01 6.880175519990543442e-01 -4.868313374500362611e-01 3.389501710204856355e-01
1.403638182145096960e+18 1.120494351902378760e+01 -1.490615403219120338e+00 8.711482346179930669e-01 -3.589158968068880129e-01 7.488643464108002412e-01 -4.968996230143701842e-01 2.519371634797241688e-01
1.403638182645096960e+18 1.145369669401121904e+01 -2.104446282802027834e+00 9.780591467849470977e-01 -3.774917177931491064e-01 7.450645997444761415e-01 -4.968247819435891444e-01 2.356774941564989956e-01
1.403638183945096960e+18 1.254294209373130187e+01 -3.804341889794991438e+00 1.117240260586963130e+00 -3.877365780698627251e-01 7.329772518725696795e-01 -5.081533945455711798e-01 2.327763344410723467e-01
1.403638184445096960e+18 1.328109837646664815e+01 -4.467546270164266531e+00 1.189264321014142034e+00 -3.813270330012292209e-01 7.256391900092311609e-01 -5.215292869009746646e-01 2.367375397561339856e-01
1.403638186345096960e+18 1.521915035710436470e+01 -5.374328672971762089e+00 1.394360443874518740e+00 -4.269091673069798087e-01 7.030476425496173798e-01 -5.016145689879646374e-01 2.680585744827141959e-01
1.403638186945096960e+18 1.580041169599518369e+01 -5.508944300663118909e+00 1.430485304021045012e+00 -4.735460627307283010e-01 6.670970227532010410e-01 -4.912726310317676037e-01 2.989764049304983184e-01
1.403638187645096960e+18 1.690858745197122204e+01 -5.478106493718877701e+00 1.696213879102655975e+00 -5.391855978060280385e-01 5.896705002057468503e-01 -4.850698294206339800e-01 3.553517312346989310e-01
1.403638188445096960e+18 1.711572208690882491e+01 -5.043848800614727956e+00 1.777130213330579966e+00 -5.437735350222259179e-01 5.775322716190893768e-01 -4.587812383801568306e-01 4.003580811702144859e-01
1.403638189345096960e+18 1.693477950674983035e+01 -4.805105587075870766e+00 1.860508491631832184e+00 -5.991466897970579852e-01 5.598682095627384170e-01 -4.037052939317911093e-01 4.057004654639770336e-01
1.403638192345096960e+18 1.581149514913861864e+01 -2.517276143047904924e+00 2.182645253704635024e+00 -6.208382885849168531e-01 5.158867912698223979e-01 -3.995495232234741456e-01 4.344891442972683704e-01
1.403638192845096960e+18 1.546910249864312448e+01 -1.974957029407377274e+00 2.377153845966776924e+00 -6.051441315882852834e-01 5.049182711963614567e-01 -3.895201080760036794e-01 4.765838906433957356e-01
1.403638193645096960e+18 1.470199084377492227e+01 -1.591764259158791717e+00 2.654851094042458559e+00 -6.434669129287342582e-01 5.013279731252434646e-01 -3.687461461524323969e-01 4.456981882685063234e-01
1.403638197945096960e+18 1.256540589597400093e+01 4.440901369124966580e-01 2.609704928402135859e+00 -6.561842873758809702e-01 4.633267033463658868e-01 -4.206841615049685679e-01 4.216341817571929718e-01
1.403638199845096960e+18 1.162385933672820215e+01 1.958340848118709676e+00 2.802291593645275469e+00 -6.684255442385650392e-01 4.675163980640518191e-01 -3.655715942581529432e-01 4.483225611344420214e-01
1.403638200445096960e+18 1.090377861092543910e+01 2.957622449106871443e+00 3.006884052238218530e+00 -7.097521022738805252e-01 3.782713015258917788e-01 -3.534950507072522341e-01 4.777070492312123218e-01
1.403638200845096960e+18 1.029690401793071608e+01 3.694218781699427190e+00 3.194287979776581743e+00 -7.254258083589292250e-01 3.663460016534455521e-01 -3.175431359942541554e-01 4.885840361926104269e-01
1.403638201845096960e+18 8.965046390396594234e+00 5.193548323640496456e+00 3.217117880442079247e+00 -7.142080668910687491e-01 3.769820597909653292e-01 -3.141533971767446198e-01 4.990981935709589146e-01
1.403638202445096960e+18 7.553480280220391307e+00 6.570105773128648963e+00 3.119051369072863178e+00 -7.339106764808592809e-01 3.737576285973912560e-01 -2.648298430911155688e-01 5.015431269801204905e-01
1.403638202845096960e+18 6.921383971965680004e+00 7.194934233978663940e+00 3.016530683085086206e+00 -7.307170455408014131e-01 3.735546545020731468e-01 -2.669000944224412253e-01 5.052463350220872673e-01
1.403638203645096960e+18 5.778466467449561605e+00 8.265385640988821336e+00 2.941089251644757319e+00 -7.251763997270933571e-01 3.715418822868552517e-01 -2.684036898104816271e-01 5.138436321311282695e-01
1.403638204445096960e+18 4.725311533271961295e+00 9.108845734101521430e+00 3.105563430717077189e+00 -7.346344711761217949e-01 3.820181639946424457e-01 -2.308598328955790702e-01 5.109579764455854933e-01
1.403638204945096960e+18 4.482946386216699608e+00 9.302815336294070647e+00 3.090154901792764086e+00 -7.639292806894032450e-01 3.041602096479824047e-01 -2.255138123645578363e-01 5.225343447134067620e-01
1.403638205145096960e+18 4.322405290547601808e+00 9.428418213263501713e+00 3.077248146476128099e+00 -7.869213798636053303e-01 2.334180642850463561e-01 -1.816368070057232942e-01 5.415522315712003598e-01
1.403638205345096960e+18 4.154317401742584792e+00 9.556423290813508942e+00 3.092155354929132294e+00 -8.000291255689396808e-01 1.535214592155268731e-01 -1.315412782943005676e-01 5.648729520046384955e-01
1.403638205945096960e+18 3.407750192876247031e+00 9.910915544474793393e+00 3.337541158151690723e+00 -8.046731585988101676e-01 -4.035289504292743044e-03 -5.683442621167038300e-02 5.909777256939733325e-01
1.403638206445096960e+18 2.685871432674336923e+00 1.002911298779789462e+01 3.547857708676408706e+00 -7.960899017511908760e-01 -4.414372240049271867e-02 1.479147478316719840e-02 6.033849620069652309e-01
1.403638206845096960e+18 2.115235037712088761e+00 1.002271464107491639e+01 3.589060627931443648e+00 -7.906189241017904656e-01 -6.379922947723530580e-02 3.968593710466538499e-02 6.076811676910539584e-01
1.403638207445096960e+18 1.453171794506607384e+00 9.845234731430160480e+00 3.515356710730504375e+00 -7.789871382325649352e-01 -1.068666504044933907e-01 7.698826467852366850e-02 6.130508662430480538e-01
1.403638207645096960e+18 1.214461410507459149e+00 9.711647194537741612e+00 3.499600584832057049e+00 -7.885243908093085841e-01 -1.307541148742671633e-01 9.941322805477138813e-02 5.926631898726173464e-01
1.403638207945096960e+18 8.073525316778651373e-01 9.414206349511346161e+00 3.536603808084858080e+00 -7.966909866050743139e-01 -1.409629357365186908e-01 1.134998075257286215e-01 5.766547635304835051e-01
1.403638208445096960e+18 3.921242135426403763e-01 9.027522205569693980e+00 3.516750252969884194e+00 -7.973246415017080091e-01 -1.548855176475604778e-01 1.186443937901855983e-01 5.711456909575521879e-01
1.403638208845096960e+18 7.841588582536207497e-02 8.642924432759832243e+00 3.523369253157506265e+00 -7.880737731101218335e-01 -1.832677526248244204e-01 1.420116070334010994e-01 5.702502630000386707e-01
1.403638212345096960e+18 5.700905718106739073e-01 5.182478866593532629e+00 1.455009623930389573e+00 -8.085674766082624476e-01 6.786442416535309885e-02 -1.411105270394978455e-02 5.843063698913767423e-01
1.403638212645096960e+18 7.584717627683783547e-01 4.951022433096398778e+00 1.439803817510505679e+00 -8.068723821220337156e-01 1.108534395271330714e-01 -4.708276748409286061e-02 5.783179808027397728e-01
1.403638212845096960e+18 9.590133896168770988e-01 4.717937606553384455e+00 1.447864675930271794e+00 -7.997609572332071703e-01 1.589750629079072775e-01 -7.984265911125340565e-02 5.733537219246903627e-01
1.403638213445096960e+18 1.643092985575758114e+00 4.004129949346525663e+00 1.493153125903169620e+00 -7.700867018821533350e-01 3.331744492665806301e-01 -1.472450697942801201e-01 5.237176217786218002e-01
1.403638213645096960e+18 1.927827180159699338e+00 3.766377793103745653e+00 1.478436301244959727e+00 -7.502690635850014500e-01 3.409946739900895363e-01 -1.990178595828326347e-01 5.302931793873510991e-01
1.403638213845096960e+18 2.356602297974178306e+00 3.401050176469897934e+00 1.500300592778877951e+00 -7.475758122316705778e-01 3.392339807309108779e-01 -2.253212210570551266e-01 5.246723345336359312e-01
1.403638214645096960e+18 3.499747756657254794e+00 2.530491700540105526e+00 1.537115647481311465e+00 -7.546354069886094251e-01 3.137491108327852274e-01 -2.198653930168673887e-01 5.326782395821242355e-01
1.403638215145096960e+18 4.294044873916586624e+00 1.960748183865091754e+00 1.390768969839796032e+00 -7.597184021117612263e-01 3.017592780166203359e-01 -2.292269061589581880e-01 5.284167986697932973e-01
1.403638216345096960e+18 5.500260293917588861e+00 9.102210406802373477e-01 1.247085596357789150e+00 -7.504495022303988572e-01 3.173359377748128374e-01 -2.471731248486316035e-01 5.244319722817153417e-01
1.403638217445096960e+18 5.816585902536247410e+00 -8.208673283083944838e-02 1.162202169742927893e+00 -7.064470461463125961e-01 3.953062430428233021e-01 -2.959036833703017622e-01 5.070567575433807539e-01
1.403638220445096960e+18 4.794812528889193182e+00 -8.857415096309082525e-01 1.140789885399600356e+00 -7.150312605192334914e-01 4.051738757385990319e-01 -2.961825483236516510e-01 4.866624343091892624e-01
1.403638223345096960e+18 4.464118099597372158e+00 -1.125795220937616081e+00 1.019452729544405356e+00 -7.153033959239938344e-01 4.055730761744887336e-01 -2.970613226783422878e-01 4.853927298905065246e-01
1.403638224145096960e+18 4.391122362988485683e+00 -1.177109422660380655e+00 8.872887711869759109e-01 -7.201555416576791435e-01 4.098671312022247326e-01 -2.906763525092708189e-01 4.784267850692510149e-01
1.403638225145096960e+18 4.365520924897961841e+00 -1.130701023670136918e+00 7.469910373427470773e-01 -7.190342090660408747e-01 4.035742523195202103e-01 -2.950560901836951633e-01 4.827623977724700421e-01
1.403638226145096960e+18 4.350418701827471146e+00 -1.086204872245211783e+00 7.060477792985889733e-01 -7.308842809206280711e-01 4.081163153287193368e-01 -2.864965863045555450e-01 4.660138915327332598e-01
