1.403715278662142976e+18 9.344548489693801363e-01 2.213546571046190348e+00 9.731168766858648844e-01 -6.395260281810518643e-01 5.150729107134716100e-01 -3.598441955453622887e-01 4.429655865419251937e-01
1.403715278862142976e+18 9.658144014874336936e-01 2.229649903454894666e+00 1.029052587776426719e+00 -6.309693559387739015e-01 5.136643893720104215e-01 -3.622252732863130986e-01 4.547740299862602642e-01
1.403715280562142976e+18 1.108065838443578421e+00 2.280248206501360730e+00 1.207427254926451976e+00 -6.400139877349630968e-01 5.222056232168287293e-01 -3.672662458720637457e-01 4.275498651939378947e-01
1.403715280962142976e+18 1.191752674779804400e+00 2.326846007892931834e+00 1.260351878159678751e+00 -5.839570490863051910e-01 5.791928123633410808e-01 -4.012761615307330887e-01 4.031219333107778913e-01
1.403715281462142976e+18 1.294446532024703833e+00 2.380564033458905104e+00 1.292988686412375410e+00 -5.445966836056247429e-01 6.189617655327263046e-01 -4.277341636973542860e-01 3.705998788727417059e-01
1.403715281662142976e+18 1.340514793425264806e+00 2.396995671862200084e+00 1.293762714910098310e+00 -5.157814371839483103e-01 6.442891982696634656e-01 -4.460076391717253674e-01 3.463208394682010249e-01
1.403715281862142976e+18 1.389918184282086910e+00 2.409674587194250428e+00 1.285107333495575821e+00 -4.765883723214055512e-01 6.748551692388219392e-01 -4.661936329851052996e-01 3.163819218663145305e-01
1.403715281962142976e+18 1.416044409674272586e+00 2.415666699495803815e+00 1.276239995344676581e+00 -4.557581808674806001e-01 6.893293155293778174e-01 -4.760208520098215268e-01 3.008549879526820070e-01
1.403715282062142976e+18 1.443823263288744219e+00 2.421461283505586426e+00 1.268232891529907036e+00 -4.347341665732518123e-01 7.032886947256650201e-01 -4.843144113137271001e-01 2.860607754984387241e-01
1.403715282462142976e+18 1.632644081784408341e+00 2.450767915386909301e+00 1.195011207291548860e+00 -3.192703844322982709e-01 7.601342995626999555e-01 -5.295193884962214881e-01 1.996784551707159461e-01
1.403715282862142976e+18 1.787291485325221529e+00 2.469483360034833375e+00 1.134369967023573622e+00 -2.362652532770346536e-01 7.838566947618601510e-01 -5.529057584970870076e-01 1.550568746999352043e-01
1.403715284362142976e+18 2.238894630524362661e+00 2.400068684775289451e+00 9.489231531787490903e-01 -7.945305226145114863e-02 8.033035136224692119e-01 -5.875653289685116576e-01 5.619307503829428646e-02
1.403715285362142976e+18 2.199864060677702682e+00 2.327762307307194245e+00 1.203826525488372878e+00 -3.180267490770812694e-02 8.256204129138323689e-01 -5.632554835390519710e-01 9.098566474786091290e-03
1.403715286462142976e+18 2.102964529000105109e+00 2.143624556231384481e+00 1.353913258790004681e+00 1.708931595899667102e-02 -8.167553596645127367e-01 5.767128052000445315e-01 4.580180961632150313e-03
1.403715286962142976e+18 2.078980196147283799e+00 1.845804424509796871e+00 1.472585318793568021e+00 -4.795006389820233306e-02 -8.148835935564379129e-01 5.769276411079646838e-01 2.863594332833378775e-02
1.403715287862142976e+18 2.041289822706073842e+00 1.731873090816948402e+00 1.543698885587081904e+00 -1.241876925872616860e-01 -8.007933318771216502e-01 5.788135220973866790e-01 9.100749017640191729e-02
1.403715289362142976e+18 1.788184665224851422e+00 1.596888462878822912e+00 1.330734257611477123e+00 -2.550103981335478109e-01 -7.824925485366679423e-01 5.318398784629582154e-01 1.995531307819188860e-01
1.403715290362142976e+18 1.728543478644134268e+00 1.343535138938120266e+00 1.340384484463440273e+00 -2.420794099704725866e-01 -7.899994938877449302e-01 5.357075935354502771e-01 1.741141382941418791e-01
1.403715290962142976e+18 1.644692064563115341e+00 1.043076444470484310e+00 1.357702817465239908e+00 -2.830065954848241527e-01 -7.639221654196894917e-01 5.543487173095886789e-01 1.703751499186278995e-01
1.403715291662142976e+18 1.277962291731936428e+00 8.042319771608841261e-01 1.240982113023790578e+00 -2.735328611774677787e-01 -7.799059242939589964e-01 5.245347970249665259e-01 2.044254627418773673e-01
1.403715292562142976e+18 1.126099555493433879e+00 6.559884309114498713e-01 1.210806909681459320e+00 -1.669110577436841159e-01 -7.927011403276026380e-01 5.652327700814365752e-01 1.558124403000888947e-01
1.403715292862142976e+18 1.057816575924001912e+00 5.430497460490339989e-01 1.257504172880272275e+00 -9.615004908122481986e-02 -8.077501049664503885e-01 5.742156682713683846e-01 9.258132803126110921e-02
1.403715293162142976e+18 1.006172276845226365e+00 4.072007002833526457e-01 1.389054597435064764e+00 -2.093772977852595765e-02 -8.056781633600913484e-01 5.915533272987798519e-01 2.256035279366400831e-02
1.403715293662142976e+18 9.057252947338698679e-01 2.825634467065074595e-01 1.565006028587390796e+00 -7.848996911569935953e-02 8.142376952097660769e-01 -5.732215471785243599e-01 4.767974725146290060e-02
1.403715294862142976e+18 6.867409667011779018e-01 1.912960496520850207e-01 1.362721533509070326e+00 -2.737569283300667067e-01 7.732244304400727186e-01 -5.461804368434094448e-01 1.699060174668739764e-01
1.403715295862142976e+18 4.455651719827207202e-01 2.286193130183649114e-01 1.184052649547344460e+00 -4.254470120443515357e-01 7.026478887892857461e-01 -4.804147123618626170e-01 3.073800391514746599e-01
1.403715296462142976e+18 2.523078630279572687e-01 8.740240312671465617e-02 1.136389986204140667e+00 -5.106169119572133708e-01 6.545524761922402179e-01 -4.384207602503406020e-01 3.444106010496768011e-01
1.403715297362142976e+18 2.403132977250044267e-01 -2.941276157877537045e-02 1.101219569224466177e+00 -5.779336879822776218e-01 6.054450375455256994e-01 -3.889013895768449469e-01 3.849476172051198297e-01
1.403715297862142976e+18 3.686380290728883402e-01 -2.587657573264214861e-01 1.069257859402256372e+00 -6.070153801052666775e-01 5.308564760961336226e-01 -3.688039668122312653e-01 4.622849382859193224e-01
1.403715299062142976e+18 4.168286425840991294e-01 -4.299021263505813373e-01 1.131840205742205230e+00 -7.187819215626324310e-01 4.247417641321886150e-01 -2.673348238133724797e-01 4.811227234430724420e-01
1.403715299562142976e+18 4.757303635675661502e-01 -3.413398367071915906e-01 1.156723028044998935e+00 -7.426141078615295932e-01 3.617283143174882531e-01 -2.307717998579533192e-01 5.142191068176809043e-01
1.403715299862142976e+18 6.025033372711384727e-01 -2.338549499546771493e-01 1.167230004783304409e+00 -7.668355164148970005e-01 2.681890068595977339e-01 -1.859843249959065581e-01 5.526733015264783111e-01
1.403715300362142976e+18 8.375154165224679703e-01 -2.096829651175089460e-01 1.178989168971925405e+00 -7.545651756751312611e-01 2.400805924060345764e-01 -2.180678443491905205e-01 5.704727163232462539e-01
1.403715301662142976e+18 6.530164610303317296e-01 -3.851528251800684366e-01 1.105803572618531128e+00 -7.691834479489468857e-01 2.616500985168331295e-01 -2.059544338045067313e-01 5.454161902105275628e-01
1.403715302362142976e+18 3.619819658514994987e-01 -4.817385815771948465e-01 1.094956312096857065e+00 -7.705203842712282647e-01 2.955279465269736727e-01 -1.973344609809419281e-01 5.291698033272781432e-01
1.403715303062142976e+18 1.951559053157855272e-01 -4.576882900284888755e-01 1.070380715311579189e+00 -7.954470247509302094e-01 2.487225123086184431e-01 -1.599925864665789066e-01 5.289645687203600177e-01
1.403715303362142976e+18 1.317461285756659217e-01 -4.000733893698109611e-01 1.059731112857712709e+00 -8.038144354829994676e-01 1.607385524107580177e-01 -1.295001539060015305e-01 5.579204075998320800e-01
1.403715303662142976e+18 5.577323231475483922e-02 -3.291596728926591275e-01 1.056932531740088166e+00 -8.049452905697971339e-01 9.697769095741406997e-02 -6.544078766148496429e-02 5.817008767023802429e-01
1.403715303962142976e+18 -9.301458267691398163e-02 -2.473870506146940151e-01 9.629286719321649146e-01 -8.071830121875536168e-01 6.796284652843347096e-02 -4.621727483201956699e-02 5.845516228997074126e-01
1.403715305462142976e+18 -2.233385047807786572e-01 -2.982356509552306356e-01 1.218135274555700143e+00 -8.188439987189345404e-01 5.846694031437089240e-02 -2.811328597959162831e-02 5.703382906693982290e-01
1.403715306462142976e+18 -1.511849547779215985e-01 -3.092190052563639213e-01 1.357216407889711096e+00 -7.868954480819675412e-01 1.279954284411006504e-01 -4.799114422487028159e-02 6.017554105797856545e-01
1.403715307062142976e+18 2.848185348005949358e-02 -5.380244027032277110e-01 1.416402260691008497e+00 -7.716410999382258273e-01 2.172087626536993166e-01 -2.178934840268243189e-01 5.566981192093484188e-01
1.403715307362142976e+18 1.319316586391494628e-02 -6.763503977307636639e-01 1.344874306541085307e+00 -7.654870083295135519e-01 2.997431892793324670e-01 -2.284395640967673835e-01 5.215352587454314959e-01
1.403715307962142976e+18 -2.856875528899538441e-02 -8.513731118697109856e-01 1.189322663307201822e+00 -7.168662436936225069e-01 4.180253289358696334e-01 -3.012850484104809268e-01 4.696647023408808130e-01
1.403715308362142976e+18 3.112817114747045699e-01 -9.705722807699541654e-01 1.181255464862756455e+00 -6.809599068331824157e-01 4.442577338812665477e-01 -2.888418158263769686e-01 5.054691648385152281e-01
1.403715310562142976e+18 4.124324947404269248e-01 -1.349022839744694835e+00 1.217413197419016990e+00 -6.519015918920387787e-01 5.056308721301383535e-01 -3.464335738493730665e-01 4.464812588983912423e-01
1.403715311462142976e+18 5.205047416506701774e-01 -1.595714599441388160e+00 1.235306484429431251e+00 -6.476981426889529825e-01 5.159154892910217116e-01 -3.506577490431265209e-01 4.374442443362289712e-01
1.403715312062142976e+18 7.421447053521605941e-01 -1.796358782285122135e+00 1.262790390100922311e+00 -6.371036415273660936e-01 5.246200313826187012e-01 -3.649559623775848194e-01 4.309059272622280945e-01
1.403715312662142976e+18 9.884099858624249002e-01 -1.960619976268735964e+00 1.255596921131209909e+00 -6.302522723333459087e-01 4.976489313454637853e-01 -3.921819565154791576e-01 4.486880066739722395e-01
1.403715313862142976e+18 1.026354778236978849e+00 -2.030753650132958832e+00 1.481464897469019437e+00 -6.175140178116856893e-01 5.405167577470606499e-01 -4.007191777097342533e-01 4.073600532898496995e-01
1.403715314462142976e+18 9.951861507245390870e-01 -1.673905663605502525e+00 1.503666544914715075e+00 -5.313485197288743134e-01 6.228366239563511986e-01 -4.417084565500620230e-01 3.669290528872729551e-01
1.403715315962142976e+18 9.627202495152407113e-01 -1.568765828660475314e+00 1.495733129634924108e+00 -4.602683592418630454e-01 6.794997843260526249e-01 -4.736108355143318072e-01 3.195713645886748555e-01
1.403715316962142976e+18 1.056549889657176333e+00 -1.399939448098058925e+00 1.317572194711754685e+00 -3.306147574587321447e-01 7.482266713163482352e-01 -5.345914842441230608e-01 2.122797104177095995e-01
1.403715317362142976e+18 1.157049748932151845e+00 -1.310888709216158521e+00 1.244432945623290987e+00 -2.359520446752498279e-01 7.853608897415745860e-01 -5.523001822779871617e-01 1.499980470992661463e-01
1.403715318162142976e+18 1.227842065202474409e+00 -1.181516060967807924e+00 1.105649280805015566e+00 -6.839704618688234594e-02 8.270050185397718190e-01 -5.573091817403075243e-01 2.812506588240718669e-02
1.403715318862142976e+18 1.167378342363421417e+00 -1.330992425066547469e+00 1.041814439795292202e+00 -1.347793266633804353e-02 -8.249981527971125272e-01 5.628646340183837138e-01 4.878316291247149217e-02
1.403715319462142976e+18 1.188279823519647227e+00 -1.525405643372100606e+00 1.021287540395863891e+00 -8.151695978648514085e-02 -8.123321421589233537e-01 5.696810717082957387e-01 9.452487831227791848e-02
1.403715319962142976e+18 1.298272444025030170e+00 -1.800553416273275698e+00 1.137356395680190202e+00 -1.166450769119633385e-01 -8.064148727512393533e-01 5.676993703069964647e-01 1.175006552783626063e-01
1.403715320362142976e+18 1.424118882851849399e+00 -2.023460513842105346e+00 1.228677105209783349e+00 -2.236283982320400043e-01 -7.699398616083463764e-01 5.745427015317944308e-01 1.645710579878499891e-01
1.403715321862142976e+18 1.462734771602151040e+00 -1.988443855227829182e+00 1.405654291115961074e+00 -3.514473180063779068e-01 -7.240954875819849423e-01 5.550697439947223089e-01 2.099240025132065313e-01
1.403715322162142976e+18 1.383689883759556150e+00 -1.871539265561769305e+00 1.418051056458728088e+00 -3.534392151750458955e-01 -7.332133729972856173e-01 5.305238861309622411e-01 2.366923680199521929e-01
1.403715322362142976e+18 1.293827995957020693e+00 -1.752287771460447896e+00 1.419502567697174644e+00 -3.689539313438500168e-01 -7.339231497404365978e-01 5.046455589427554234e-01 2.656363428831756690e-01
1.403715322562142976e+18 1.195868251783772207e+00 -1.641357309926881669e+00 1.382372487877621126e+00 -3.880363100086567374e-01 -7.305834981832810548e-01 4.874677880427706333e-01 2.793756072348378972e-01
1.403715322862142976e+18 9.755913723863737230e-01 -1.493662518311693166e+00 1.335427257464489426e+00 -3.907107296548030795e-01 -7.265945867845834405e-01 4.833345813275818359e-01 2.929046170357224588e-01
1.403715323362142976e+18 6.018823622907516491e-01 -1.489262721135553580e+00 1.346148476622639478e+00 -3.823229274103792097e-01 -7.184664656947221673e-01 4.966034535153653340e-01 3.016954205902119823e-01
1.403715324362142976e+18 5.516964776792570024e-01 -1.424820449012027090e+00 1.554039354132535466e+00 -3.997529667241623841e-01 -7.137812432700146870e-01 5.123167255325067337e-01 2.612383491962716464e-01
1.403715327162142976e+18 5.554399819080410028e-01 -9.386502895053219220e-01 1.427518193106310784e+00 -4.228532641913858026e-01 -7.018256520494197126e-01 5.072561379022119121e-01 2.670713044275415671e-01
1.403715327862142976e+18 4.062312534516406282e-01 -5.351304641005678597e-01 1.364609614974695573e+00 -3.204118211157305218e-01 -7.387458393825935277e-01 5.358206576030208890e-01 2.539430498558187255e-01
1.403715328562142976e+18 3.877943518806365453e-01 -2.399832008293834029e-01 1.329656259414186081e+00 -2.665574734140486179e-01 -7.688824056155233455e-01 5.434624044410159005e-01 2.059504179679983171e-01
1.403715329162142976e+18 4.451264561244293039e-01 -1.621704493468514308e-01 1.293697924434026092e+00 -1.810074138340582173e-01 -7.973762273798379319e-01 5.598584006590896500e-01 1.341120403172262332e-01
1.403715330162142976e+18 4.861600860292029092e-01 -9.395938456056240895e-02 1.230240188479444052e+00 -1.084069675350791823e-01 -8.057531288725791052e-01 5.803292414272780420e-01 4.719953650553562058e-02
1.403715331362142976e+18 3.530532621876675270e-01 -3.512832423968603734e-02 1.428730730479481181e+00 -3.666658616820902411e-02 -8.132222479534166881e-01 5.793409835263293450e-01 4.109941239368525290e-02
1.403715332162142976e+18 -4.165193489215046618e-02 -9.286269748976616611e-02 1.544847073109194113e+00 -3.232400731331641630e-02 -8.096301743929519290e-01 5.857505702448719820e-01 1.871920728700871700e-02
1.403715333162142976e+18 -3.438153484824476580e-01 -1.435714885914936012e-01 1.551930467165665295e+00 -2.477785397984268514e-03 -7.987631052401776843e-01 6.015715773541748801e-01 9.110411966536618653e-03
1.403715333862142976e+18 -7.678202174194855845e-01 -5.765174408387130356e-02 1.526084244198067097e+00 -3.979923697656697484e-02 8.203534391484192945e-01 -5.697806020087028411e-01 2.804141915175277500e-02
1.403715334862142976e+18 -1.156762465785366567e+00 -1.441289312552020974e-01 1.526562358981956802e+00 -5.393781782039848427e-02 8.182150758729137552e-01 -5.720257778399749915e-01 2.003274593327655437e-02
1.403715335862142976e+18 -1.511025298150090235e+00 -3.826170134345154850e-01 1.507772498929864202e+00 -1.159453809995803081e-01 8.000241750860622725e-01 -5.840168130709642025e-01 7.377228445129080381e-02
1.403715336662142976e+18 -1.715618643539261967e+00 -5.610351431768929586e-01 1.505513553960982076e+00 -1.232335078556915237e-01 8.061324439214443416e-01 -5.746055587679704812e-01 6.922743120879618073e-02
1.403715337462142976e+18 -1.849995401780619497e+00 -8.021779957726384858e-01 1.576456134502401296e+00 -1.712581695027017292e-01 8.007121023218575218e-01 -5.611221394463904444e-01 1.211309753820252466e-01
1.403715337962142976e+18 -1.918641858892640828e+00 -9.741318605615156834e-01 1.604413817914422724e+00 -1.666970848458385890e-01 7.977892793968627272e-01 -5.680467063060152810e-01 1.143122348579598269e-01
1.403715338562142976e+18 -2.030919476362276654e+00 -1.223786967466242714e+00 1.649588555562047087e+00 -2.250844726903371007e-01 7.830556295653456900e-01 -5.574693261934539068e-01 1.593386692336455912e-01
1.403715339162142976e+18 -2.187251296532797262e+00 -1.538426492900628162e+00 1.661225905625920429e+00 -2.690220461829366805e-01 7.722106588610208044e-01 -5.484635256802284919e-01 1.746585182789185398e-01
1.403715340562142976e+18 -1.984154720700274321e+00 -1.940246507216687455e+00 1.687443128140519333e+00 -3.752594769401847996e-01 7.380034175599404778e-01 -4.947062974282669390e-01 2.641911427759102704e-01
1.403715341662142976e+18 -1.633831654714063664e+00 -2.207387161231368022e+00 1.772791133386302453e+00 -3.601056427683029248e-01 7.427748209036879601e-01 -5.114970124449267352e-01 2.387054623125249853e-01
1.403715342462142976e+18 -1.420956062677986242e+00 -2.264807145069105854e+00 1.771006973266834539e+00 -4.389634272487837330e-01 6.980258695238208411e-01 -4.976921821163484139e-01 2.690232088013658762e-01
1.403715343062142976e+18 -1.177143346801647450e+00 -2.301841888717195417e+00 1.754956523739675367e+00 -4.488894536453166273e-01 6.897754613676548852e-01 -4.849716182952411025e-01 2.958219071487826479e-01
1.403715343662142976e+18 -8.417367229212424640e-01 -2.348110692403652333e+00 1.714561401664599138e+00 -4.481773963806435224e-01 6.851264980924111070e-01 -4.978434667681944648e-01 2.861653116317953160e-01
1.403715344162142976e+18 -6.578811946103728658e-01 -2.337073788396780927e+00 1.707903457801902558e+00 -4.720932660915888590e-01 6.618734278599804899e-01 -4.940970744234252643e-01 3.080902378363643557e-01
1.403715344462142976e+18 -4.407874527553825583e-01 -2.255847123649927344e+00 1.683126276874877814e+00 -5.067834894890889119e-01 6.266455757953353078e-01 -4.999583443401852123e-01 3.170606740704621784e-01
1.403715344862142976e+18 -2.588120333426597863e-01 -2.045476190378384906e+00 1.646982099506827613e+00 -5.100595075955177693e-01 6.321529596709255516e-01 -4.820150100558643902e-01 3.284561833358476957e-01
1.403715345662142976e+18 9.104429491816556919e-03 -1.448181290311994385e+00 1.577121997449955515e+00 -5.013810735174358824e-01 6.409756259038885684e-01 -4.678171444955965264e-01 3.448396517681929230e-01
1.403715346062142976e+18 1.380343852319603215e-01 -1.076560158104803211e+00 1.541822285622389321e+00 -5.043801619384965518e-01 6.540033964200991923e-01 -4.529103548488229158e-01 3.357862715844464607e-01
1.403715346662142976e+18 3.316000848309191840e-01 -6.500605078461698660e-01 1.548024712789674684e+00 -4.735893212454588275e-01 6.728033095480899783e-01 -4.567169956877548676e-01 3.383170810251144855e-01
1.403715347362142976e+18 4.109135096877275517e-01 -4.672123470264537559e-01 1.568425029197809017e+00 -5.192870162559775071e-01 6.320561304107336076e-01 -4.608789604218447855e-01 3.441462285114473274e-01
1.403715347662142976e+18 4.853813707956163848e-01 -2.610648590481536857e-01 1.600259589072921207e+00 -5.464506090042230424e-01 6.015998121804098098e-01 -4.408315484741011647e-01 3.809684288406792740e-01
1.403715347962142976e+18 5.230110931722480316e-01 -1.010264273102992050e-01 1.624336251070507497e+00 -5.713705802008471890e-01 5.801882327313662158e-01 -3.937353749089158028e-01 4.264853212319704712e-01
1.403715348862142976e+18 7.693650012531090265e-01 -1.035924951596043364e-01 1.302625704160030429e+00 -6.627579838481110208e-01 4.640437091755849064e-01 -3.400347870425620700e-01 4.793658669753944057e-01
1.403715349962142976e+18 7.870044634638071468e-01 -3.197422396243680964e-01 1.179893777530054422e+00 -7.195504810619868241e-01 4.082557870185360427e-01 -2.843870284500349954e-01 4.844567427734884912e-01
1.403715350462142976e+18 1.085060472278560173e+00 -1.165651753887044784e-01 1.042308260545279142e+00 -7.154952492613666504e-01 3.845775385008653457e-01 -3.053226236299770857e-01 4.969353686997310393e-01
1.403715351962142976e+18 1.101108067321151074e+00 6.181956974543778571e-02 1.067764318239369015e+00 -7.313684106466030732e-01 3.671902672183223748e-01 -2.590116005269746391e-01 5.130151521747223775e-01
1.403715352162142976e+18 1.113477164214351278e+00 2.359085989760312252e-01 1.103955733318976673e+00 -7.439234386811438560e-01 3.482772994798468136e-01 -2.297598797951458660e-01 5.220069326018265121e-01
1.403715352562142976e+18 1.251018330974854376e+00 6.122410243957365772e-01 1.186150097745766629e+00 -7.436638973310742973e-01 3.262507316510329658e-01 -2.303171467326431132e-01 5.361701966954680598e-01
1.403715353962142976e+18 1.347758698703202418e+00 8.757056355787353752e-01 1.174375914731164539e+00 -7.662117315344686430e-01 2.949484289088490918e-01 -1.985856630793950695e-01 5.352464303126833745e-01
1.403715355462142976e+18 1.407645841598245129e+00 9.103752562087734646e-01 1.258067424183967997e+00 -7.879771330617313385e-01 2.207365122191610185e-01 -1.528322454136650521e-01 5.540845916527114001e-01
1.403715355962142976e+18 1.533632303579132827e+00 1.181327299469893566e+00 1.370460425194332421e+00 -8.076779046552745589e-01 1.808996777071421869e-01 -1.099137038413743467e-01 5.503187136968795690e-01
1.403715357062142976e+18 1.585589356036567477e+00 1.342998788023155088e+00 1.420508909796058372e+00 -8.138699672544827957e-01 9.815176478003824478e-02 -7.162435674728263868e-02 5.682005446955231687e-01
1.403715358562142976e+18 1.537451224189927856e+00 2.096363894049502186e+00 1.456250200458860000e+00 -8.114610974825544609e-01 4.094459617789093786e-02 -4.830964944521800447e-02 5.809652356954912999e-01
1.403715358962142976e+18 1.388307591310156131e+00 2.399614421213584592e+00 1.418459171966183652e+00 -8.040467481122971494e-01 2.325368659372615762e-02 -1.587375946404013041e-02 5.938990795331466899e-01
1.403715360862142976e+18 8.931882859583941681e-01 2.784494671533362720e+00 1.479467948176303560e+00 -7.958552076457593438e-01 1.905332488718072537e-01 -1.358926556308142075e-01 5.584306185042900994e-01
1.403715361962142976e+18 8.481049689123472124e-01 2.945895835300656351e+00 1.474442251808693261e+00 -7.420993870476247922e-01 3.653682038006749733e-01 -2.620723256965992176e-01 4.971042863413913659e-01
1.403715362362142976e+18 8.554891867047711429e-01 3.095608816682707598e+00 1.426584623957084075e+00 -6.916451857817486060e-01 4.504450423604712817e-01 -3.296014846783934527e-01 4.583547339077042038e-01
1.403715363162142976e+18 9.192752230005034608e-01 3.427693285765565534e+00 1.441535377955982078e+00 -5.271060696727805084e-01 6.270279168639433243e-01 -4.054074334000483115e-01 4.057585436332340478e-01
1.403715363662142976e+18 9.324980273765672845e-01 3.338858729625065358e+00 1.478362582971317840e+00 -4.734584785461063428e-01 6.631305479536808711e-01 -4.660863729913195530e-01 3.447585218312283484e-01
1.403715364062142976e+18 9.166363446073222399e-01 3.233185040087993567e+00 1.515664475558470725e+00 -4.088822818020715899e-01 7.053277798282703293e-01 -4.933309843396503358e-01 3.032367763338184030e-01
1.403715365162142976e+18 7.325865859399987023e-01 2.896542337190931349e+00 1.697861142217728547e+00 -3.290333440367665951e-01 7.422695826609040370e-01 -5.405990357221014397e-01 2.202852871726207196e-01
1.403715366362142976e+18 3.766566207935135857e-01 2.730840731354989614e+00 1.764487267645944435e+00 -2.282690944586764914e-01 7.859838919565965698e-01 -5.522584336646428893e-01 1.585344270057833793e-01
1.403715367062142976e+18 -3.843109661364163543e-02 2.429137991845093936e+00 1.816089034781206646e+00 -2.503522236321406025e-01 7.940366329080581487e-01 -5.255025213121033989e-01 1.751476229273450647e-01
1.403715367962142976e+18 -2.067505897579846597e-01 2.052960576599275111e+00 1.856904361048632435e+00 -2.465927815934196576e-01 7.780030683202941999e-01 -5.481594199885158059e-01 1.828236199950148966e-01
1.403715368662142976e+18 -5.004526820788079977e-01 1.586731261030092988e+00 1.844783634093926983e+00 -2.473681613587879469e-01 7.764975957495335868e-01 -5.539491083618085510e-01 1.702963942258437502e-01
1.403715369362142976e+18 -7.727035604136789360e-01 1.236551657895630818e+00 1.831659058815623187e+00 -3.490503400476165918e-01 7.491579696035244318e-01 -5.149694547609811046e-01 2.274481421233111311e-01
1.403715370862142976e+18 -9.368487324244523240e-01 3.286128464789344061e-01 1.790839301702124686e+00 -4.008791233137556920e-01 7.348720416634062502e-01 -4.863848167399395517e-01 2.503773570383445168e-01
1.403715371562142976e+18 -7.646380137116089992e-01 -1.269770444193452086e-01 1.757126887496267997e+00 -3.829326296436740273e-01 7.257490909918261623e-01 -4.961491593365718322e-01 2.837020792456980134e-01
1.403715373162142976e+18 -3.190936028894805210e-01 -1.301902906007937233e+00 1.821450604154756459e+00 -4.351581801580097220e-01 6.894764458176418920e-01 -4.912758742446639015e-01 3.064434764999621752e-01
1.403715373862142976e+18 -1.760013596457050689e-01 -1.635858312002407722e+00 1.831594643679038459e+00 -5.116744003350093273e-01 6.347550001745232429e-01 -4.644808717857907276e-01 3.457353287420335541e-01
1.403715375162142976e+18 3.978028438259385569e-01 -1.889458816536991215e+00 1.835011644988357560e+00 -5.790043015642840629e-01 5.819871913246739137e-01 -4.169139065839441716e-01 3.901637123067531188e-01
1.403715375962142976e+18 7.721625695477359885e-01 -1.784758512803924724e+00 1.782315247818837767e+00 -5.642382815681795671e-01 5.852597647008823678e-01 -4.241327295266293373e-01 3.990207979285618767e-01
1.403715377162142976e+18 1.030299827284302694e+00 -1.351690307755213372e+00 1.648030942889995742e+00 -5.853972223749777104e-01 5.542282351852276800e-01 -4.236852293973510375e-01 4.130762420542274937e-01
1.403715378162142976e+18 8.691628852782607995e-01 -8.972747773132971894e-01 1.574226818570141129e+00 -5.822157829396753526e-01 5.691992437649910919e-01 -3.956007584987373260e-01 4.248965084211997478e-01
1.403715378662142976e+18 7.236195596079806336e-01 -6.325676745465171891e-01 1.544994792487260016e+00 -6.003687343803522092e-01 5.762571127775120150e-01 -3.850665686208451510e-01 3.990098501070216686e-01
1.403715379462142976e+18 7.500597554968539971e-01 -2.374548083882404015e-01 1.608084566132522042e+00 -6.075211019281631097e-01 5.580887734580577408e-01 -4.118697929197631113e-01 3.870636967377625859e-01
1.403715380062142976e+18 8.182746102698981172e-01 3.726638972313844889e-02 1.645623324776101626e+00 -5.918905939226272173e-01 5.594187773705877609e-01 -4.125895278568761926e-01 4.080270062801685249e-01
1.403715380462142976e+18 8.661784684575724036e-01 3.289565180673936773e-01 1.666186738116497867e+00 -5.936413278610838118e-01 5.611715615581024386e-01 -4.106286927433770995e-01 4.050438606492328675e-01
1.403715380862142976e+18 8.969477629301879640e-01 6.269663974765788961e-01 1.693634607949350501e+00 -5.940402628368957050e-01 5.563747388139339556e-01 -4.145613743786679128e-01 4.070653301518921685e-01
1.403715381862142976e+18 8.461531997528859428e-01 1.565884764341864521e+00 1.684145649886489293e+00 -5.433390262752811894e-01 6.251798124781446919e-01 -4.343913262754202642e-01 3.538885138750653692e-01
1.403715383562142976e+18 1.207104192895740891e+00 2.310898344287033446e+00 1.634163336838945657e+00 -4.226113723213681950e-01 7.116933645795106012e-01 -4.769548906456969606e-01 2.956454212182167418e-01
1.403715383862142976e+18 1.437104979937769977e+00 2.449343735819298207e+00 1.590402404136840531e+00 -3.426951160022526088e-01 7.457178534065110886e-01 -5.165645135444214553e-01 2.441844465268078190e-01
1.403715384662142976e+18 1.735390483664825068e+00 2.479150479719276934e+00 1.571908412121995724e+00 -1.409523878528867458e-01 8.145084769138632996e-01 -5.520149035578303387e-01 1.094893220550164636e-01
1.403715387462142976e+18 1.118229410848591066e+00 1.861201329346439337e+00 1.638371370062977173e+00 -1.245692307345542260e-01 8.195962517365061872e-01 -5.518005463018214041e-01 9.088810700351340754e-02
1.403715388162142976e+18 6.192690093277727348e-01 1.588814708383368135e+00 1.608976423985545523e+00 -1.395064357363987595e-01 8.086629040670256785e-01 -5.635000854312137708e-01 9.523610498663362400e-02
1.403715389362142976e+18 -3.813880692827227303e-01 8.086420321555525259e-01 1.547602947769643800e+00 -2.241072559580196133e-01 7.979811209702487584e-01 -5.417374177509285404e-01 1.397234361536680847e-01
1.403715390462142976e+18 -5.280258429625905858e-01 5.530661114162969128e-01 1.507997352793200019e+00 -3.246038407341870213e-01 7.612801678162600671e-01 -5.319674002000759350e-01 1.791522754380576454e-01
1.403715390862142976e+18 -5.035088427050756765e-01 2.221985903807301987e-01 1.465509125643725374e+00 -3.662361009647390198e-01 7.458715568580746025e-01 -4.962990330384069448e-01 2.514637326244075766e-01
1.403715391662142976e+18 -3.478465408201272258e-01 -3.273668897981494297e-01 1.493800045461382009e+00 -4.050668644528148121e-01 7.193386143900027951e-01 -4.912612915396978308e-01 2.777321310266135934e-01
1.403715392662142976e+18 -4.331494603193530857e-02 -1.147239746498768476e+00 1.685326311403276378e+00 -5.029225738421472247e-01 6.357965280761060933e-01 -4.690480303882288982e-01 3.504648410258612290e-01
1.403715393062142976e+18 5.950983570801660072e-02 -1.426048059182613237e+00 1.714412264070145797e+00 -5.807635849941513717e-01 5.763782413373546021e-01 -4.283605857089583524e-01 3.834175137740548078e-01
1.403715393462142976e+18 1.536083290319075756e-01 -1.609213485532385413e+00 1.718891726869011594e+00 -6.469900540727989702e-01 4.880033492564124775e-01 -3.909833616208114870e-01 4.363354351655273078e-01
1.403715394162142976e+18 2.201626960271825251e-01 -1.706760752844049822e+00 1.702580734277064245e+00 -7.458292163605361180e-01 3.204543572079529001e-01 -2.486554419661890225e-01 5.284110673992984397e-01
1.403715394562142976e+18 1.933174513536640715e-01 -1.716844459069509110e+00 1.695611884469694353e+00 -7.855550426735240510e-01 2.142092029969354938e-01 -1.681445104638135957e-01 5.556483743182371038e-01
1.403715394962142976e+18 1.375537668577855310e-01 -1.716622045243446415e+00 1.689699578992861717e+00 -8.103046038463180833e-01 1.190392201296199548e-01 -9.961509598278979472e-02 5.650778227012036581e-01
1.403715396962142976e+18 -3.056000235266305154e-01 -1.075245360019970509e+00 1.360092983681969514e+00 -8.256394090330175795e-01 -6.500890963136971012e-02 8.070894833069541807e-02 5.545984796043915699e-01
1.403715397862142976e+18 -2.075760741376558860e-01 -6.258397014856629248e-01 1.317708296723044459e+00 -7.983860972953676916e-01 -7.254084765340855501e-02 4.968222482731166068e-02 5.956921533841159633e-01
1.403715400562142976e+18 -7.885795320229984640e-01 -6.171398698118029102e-01 1.305512407178824885e+00 -8.281875471248909548e-01 7.535721493153359207e-02 -6.950783841285124165e-02 5.509948614498977326e-01
1.403715400962142976e+18 -1.181389584051324659e+00 -4.159978985214820568e-01 1.311842588893634476e+00 -8.216008769586711225e-01 1.743456286948665834e-01 -1.172308290014098531e-01 5.299363485055318401e-01
1.403715401562142976e+18 -1.356653983907441852e+00 -1.607856589223315424e-01 1.356575793771978677e+00 -7.979577972740851122e-01 1.926907895653148239e-01 -1.118064461810764354e-01 5.600294027803749408e-01
1.403715402062142976e+18 -1.472477496817933273e+00 1.563216155421629505e-01 1.402938916085444854e+00 -7.785867747624894974e-01 1.928278021892322336e-01 -1.467157592673157263e-01 5.788735257812623880e-01
1.403715402562142976e+18 -1.688960141281272698e+00 4.828790127120254905e-01 1.415031501165656458e+00 -7.724716504674642437e-01 2.509579490800523671e-01 -1.819870868378260509e-01 5.542457552763818684e-01
1.403715403162142976e+18 -1.867955341644424339e+00 7.336743223469397446e-01 1.443151111207955362e+00 -7.818759611068269999e-01 2.795139113300725286e-01 -1.827896723744887042e-01 5.264312780311093398e-01
1.403715403862142976e+18 -1.827939837815210078e+00 9.988223772146218593e-01 1.467155339656838642e+00 -7.485083527291430672e-01 3.699311408001553225e-01 -2.323068947178077992e-01 4.989185340589878948e-01
1.403715404162142976e+18 -1.698662524448626421e+00 1.239376414962352957e+00 1.486506058779207606e+00 -7.191960964054787686e-01 3.988535634569073673e-01 -3.024914946342844857e-01 4.818419922617421802e-01
1.403715405662142976e+18 -1.369452526640039025e+00 2.074634212294770297e+00 1.388712048762440254e+00 -5.693456669695194927e-01 6.049938051319964094e-01 -4.102085623776126067e-01 3.762405382292473011e-01
1.403715406062142976e+18 -1.232955868745917005e+00 2.204786921354300766e+00 1.340443433198823531e+00 -4.804717942110409701e-01 6.654816958809004479e-01 -4.647202533968938787e-01 3.321386058527830976e-01
1.403715406462142976e+18 -1.091283410611087135e+00 2.306444202914649466e+00 1.261449927676727256e+00 -3.958226335445659827e-01 7.268074643785443767e-01 -4.843845080179619011e-01 2.836318051447548338e-01
1.403715406862142976e+18 -9.548116574440391746e-01 2.332995492604806209e+00 1.181745432218292979e+00 -3.202502638842271709e-01 7.605201192021652234e-01 -5.183012778268999421e-01 2.245277314137609503e-01
1.403715407662142976e+18 -6.244011265151117041e-01 2.183079182078678127e+00 1.119024791445433209e+00 -2.856070312751476936e-01 7.750839720769192587e-01 -5.389391076633417432e-01 1.649790839673419829e-01
1.403715407962142976e+18 -5.086051337148800311e-01 2.117453354281276123e+00 1.138414208981712861e+00 -2.835201184829459486e-01 7.737042860315964665e-01 -5.394662162540829753e-01 1.731306492573093658e-01
1.403715408162142976e+18 -3.842790710807690857e-01 2.052069001041556540e+00 1.201923514204767729e+00 -2.811888436575561978e-01 7.719731809555350210e-01 -5.404987176095736867e-01 1.812494920001871679e-01
1.403715408362142976e+18 -2.581594168139771384e-01 1.984982687926623024e+00 1.255677899412984910e+00 -2.819238077786145324e-01 7.665210305505966160e-01 -5.450124017596063020e-01 1.895414420634269625e-01
1.403715408562142976e+18 -1.354162349052454584e-01 1.923949157964361945e+00 1.257413287294832260e+00 -2.993616372960413163e-01 7.472381438562041289e-01 -5.550243894431247105e-01 2.096799790276955566e-01
1.403715409062142976e+18 1.296061429433630341e-01 1.852750831689281563e+00 1.255476277221275971e+00 -4.124122367946945200e-01 6.907066973693374301e-01 -5.111897742396682709e-01 3.025316840662080620e-01
1.403715409462142976e+18 2.753644393411425195e-01 1.802974585684713249e+00 1.431255180461345811e+00 -4.284409569750143865e-01 7.103766999207001831e-01 -4.846532590327337631e-01 2.773346518289038221e-01
1.403715410362142976e+18 5.684700190118008312e-01 1.779960342295781706e+00 1.395555887065933698e+00 -4.303767248229234399e-01 6.919505726103580834e-01 -4.939676737102994264e-01 3.032758103181425469e-01
1.403715412062142976e+18 5.073486218339089415e-01 1.914083237975274132e+00 1.161795397416347519e+00 -4.356467663788893829e-01 6.888341204143723084e-01 -4.886949977078182128e-01 3.112822653347453450e-01
1.403715413962142976e+18 4.616447112863549807e-01 1.924201988477613812e+00 1.066948185015169415e+00 -4.438309409333684452e-01 6.888560202784858033e-01 -4.895307574491316038e-01 2.980790443952178737e-01
1.403715415662142976e+18 5.261303197184514779e-01 1.966211252224042916e+00 9.177522615322043498e-01 -4.269056185608896548e-01 6.948078382144595722e-01 -5.064678600428101918e-01 2.801499019106555299e-01
