1.403715273262143135e+09 -0.000000000000000000e+00 -0.000000000000000000e+00 -0.000000000000000000e+00 -0.000000000000000000e+00 -0.000000000000000000e+00 -0.000000000000000000e+00 1.000000000000000000e+00
1.403715278662142992e+09 -9.005143074318766594e-04 -9.724704548716545105e-03 4.141279961913824081e-03 1.932189241051673889e-02 4.736565519124269485e-03 4.818909801542758942e-03 9.997904896736145020e-01
1.403715278862143040e+09 -3.519819118082523346e-03 -3.045070171356201172e-02 7.332507055252790451e-03 3.243429958820343018e-02 2.565712202340364456e-03 1.141537167131900787e-02 9.994053840637207031e-01
1.403715280562143087e+09 -8.633434772491455078e-03 -1.015591397881507874e-01 2.962396480143070221e-02 1.040479820221662521e-02 2.044817060232162476e-02 6.388383335433900356e-04 9.997366070747375488e-01
1.403715280762143135e+09 -1.314799580723047256e-02 -1.162606999278068542e-01 3.901809081435203552e-02 1.542599406093358994e-02 5.593211576342582703e-02 2.488686516880989075e-02 9.980051517486572266e-01
1.403715280962142944e+09 -1.704315468668937683e-02 -1.285528540611267090e-01 5.021790042519569397e-02 1.633751206099987030e-02 9.938375651836395264e-02 4.357981309294700623e-02 9.939601421356201172e-01
1.403715281262143135e+09 -2.300716191530227661e-02 -1.439397186040878296e-01 6.695271283388137817e-02 1.616436429321765900e-02 1.360152214765548706e-01 5.698761343955993652e-02 9.889343380928039551e-01
1.403715281462142944e+09 -2.638118714094161987e-02 -1.520414501428604126e-01 7.923739403486251831e-02 1.189728640019893646e-02 1.643263250589370728e-01 6.709671020507812500e-02 9.840494990348815918e-01
1.403715281662142992e+09 -2.822320535778999329e-02 -1.582567989826202393e-01 9.346558153629302979e-02 9.095067158341407776e-03 2.097650617361068726e-01 8.215220272541046143e-02 9.742520451545715332e-01
1.403715281762143135e+09 -2.889098040759563446e-02 -1.606129109859466553e-01 1.014930456876754761e-01 7.171914912760257721e-03 2.371513247489929199e-01 9.211140871047973633e-02 9.670694470405578613e-01
1.403715281862143040e+09 -2.868712879717350006e-02 -1.619750410318374634e-01 1.095710471272468567e-01 6.237396970391273499e-03 2.652557194232940674e-01 1.031869798898696899e-01 9.586204290390014648e-01
1.403715281962142944e+09 -2.872324921190738678e-02 -1.626542359590530396e-01 1.185695677995681763e-01 5.121875554323196411e-03 2.931974232196807861e-01 1.137344539165496826e-01 9.492489099502563477e-01
1.403715282062143087e+09 -2.857770770788192749e-02 -1.637783497571945190e-01 1.279253959655761719e-01 3.954884130507707596e-03 3.196060359477996826e-01 1.249634101986885071e-01 9.392659664154052734e-01
1.403715282262143135e+09 -2.828640863299369812e-02 -1.643236875534057617e-01 1.481328308582305908e-01 2.025881782174110413e-03 3.688213527202606201e-01 1.416247636079788208e-01 9.186452627182006836e-01
1.403715282462142944e+09 -2.450385689735412598e-02 -1.655710786581039429e-01 1.931798160076141357e-01 9.366445592604577541e-04 4.585238397121429443e-01 1.720650196075439453e-01 8.718650937080383301e-01
1.403715282862143040e+09 -1.952181756496429443e-02 -1.666822880506515503e-01 2.463657259941101074e-01 1.143819745630025864e-02 5.360245704650878906e-01 2.047730237245559692e-01 8.189108371734619141e-01
1.403715283262143135e+09 -1.618108153343200684e-02 -1.662144958972930908e-01 3.107717037200927734e-01 6.068137008696794510e-03 6.265460252761840820e-01 2.485403418540954590e-01 7.386683821678161621e-01
1.403715284362143040e+09 3.366175293922424316e-02 -1.637303382158279419e-01 3.947040736675262451e-01 2.571069635450839996e-02 6.728151440620422363e-01 2.490441054105758667e-01 6.961578726768493652e-01
1.403715285362143040e+09 5.418598651885986328e-02 -2.321066558361053467e-01 3.474669754505157471e-01 -4.802206531167030334e-03 7.075471282005310059e-01 2.822711765766143799e-01 6.478248834609985352e-01
1.403715286462142944e+09 1.051264703273773193e-01 -2.592968046665191650e-01 2.892399430274963379e-01 2.669208217412233353e-03 7.247024774551391602e-01 2.735169827938079834e-01 6.324458122253417969e-01
1.403715286962142944e+09 1.965811550617218018e-01 -2.824949920177459717e-01 2.485337257385253906e-01 1.579204015433788300e-02 7.591596245765686035e-01 2.974184155464172363e-01 5.787655711174011230e-01
1.403715287862143040e+09 2.296170890331268311e-01 -2.955562770366668701e-01 2.215906381607055664e-01 1.388343423604965210e-02 8.131442070007324219e-01 3.050484657287597656e-01 4.955292642116546631e-01
1.403715288262143135e+09 2.469101250171661377e-01 -2.693187594413757324e-01 1.677926033735275269e-01 -9.064221754670143127e-03 8.493914604187011719e-01 3.202874064445495605e-01 4.193662405014038086e-01
1.403715289362143040e+09 2.530390322208404541e-01 -1.984880417585372925e-01 1.661920845508575439e-01 -1.837719418108463287e-02 8.763558268547058105e-01 3.430969715118408203e-01 3.375608026981353760e-01
1.403715290362143040e+09 3.277733922004699707e-01 -1.866068691015243530e-01 1.314907371997833252e-01 -7.984337396919727325e-03 8.644580245018005371e-01 3.485189676284790039e-01 3.621920645236968994e-01
1.403715290962142944e+09 4.154876470565795898e-01 -1.726851165294647217e-01 8.583769202232360840e-02 3.083421103656291962e-02 8.777177929878234863e-01 3.459277451038360596e-01 3.301433920860290527e-01
1.403715291662142992e+09 4.634833931922912598e-01 -8.734107017517089844e-02 -2.080544829368591309e-02 -1.643962040543556213e-02 8.794570565223693848e-01 3.524314165115356445e-01 3.194950222969055176e-01
1.403715292562143087e+09 4.987871944904327393e-01 -5.587418377399444580e-02 -7.038146257400512695e-02 -1.414921320974826813e-02 8.491924405097961426e-01 3.050924539566040039e-01 4.308022856712341309e-01
1.403715292862143040e+09 5.292648077011108398e-01 -5.811405181884765625e-02 -1.030668020248413086e-01 -4.036617930978536606e-03 8.041759729385375977e-01 2.965306639671325684e-01 5.151255130767822266e-01
1.403715293162142992e+09 5.683203935623168945e-01 -8.668324351310729980e-02 -1.428707838058471680e-01 1.887548528611660004e-02 7.521633505821228027e-01 2.732699215412139893e-01 5.993477106094360352e-01
1.403715293662142992e+09 6.005459427833557129e-01 -1.228700876235961914e-01 -2.014603018760681152e-01 9.346985258162021637e-03 6.729112863540649414e-01 2.598872184753417969e-01 6.925039291381835938e-01
1.403715294262143135e+09 6.131897568702697754e-01 -7.648231089115142822e-02 -2.314278930425643921e-01 1.311252638697624207e-02 5.763451457023620605e-01 2.189187854528427124e-01 7.872286438941955566e-01
1.403715294862143040e+09 6.128038167953491211e-01 -3.433555364608764648e-02 -2.455279529094696045e-01 5.189264658838510513e-03 5.062990784645080566e-01 1.865472495555877686e-01 8.419231176376342773e-01
1.403715295262143135e+09 6.054990887641906738e-01 -1.316701248288154602e-02 -2.718724608421325684e-01 1.624962314963340759e-02 3.909687697887420654e-01 1.401644349098205566e-01 9.095236659049987793e-01
1.403715295862143040e+09 5.834853649139404297e-01 4.601170122623443604e-02 -2.905922830104827881e-01 2.007126435637474060e-02 3.090105652809143066e-01 1.384649276733398438e-01 9.407109022140502930e-01
1.403715296462142944e+09 6.136034131050109863e-01 8.736235648393630981e-02 -3.494830131530761719e-01 2.574870828539133072e-03 2.120322138071060181e-01 9.411907196044921875e-02 9.727164506912231445e-01
1.403715297362143040e+09 6.490446925163269043e-01 1.026808172464370728e-01 -3.561486303806304932e-01 -8.471732959151268005e-03 1.141272783279418945e-01 6.280722469091415405e-02 9.914426803588867188e-01
1.403715297862143040e+09 7.295408844947814941e-01 1.037049219012260437e-01 -3.300697803497314453e-01 4.506267607212066650e-02 1.874642260372638702e-02 3.478875011205673218e-02 9.982022047042846680e-01
1.403715298262143135e+09 8.159949779510498047e-01 1.058868840336799622e-01 -3.206240236759185791e-01 3.446098417043685913e-02 -3.996591642498970032e-02 -7.060538977384567261e-02 9.961074590682983398e-01
1.403715299062143087e+09 7.864833474159240723e-01 8.464034646749496460e-02 -3.349288105964660645e-01 -6.255825515836477280e-03 -1.419163644313812256e-01 -4.183803871273994446e-02 9.889742732048034668e-01
1.403715299562143087e+09 7.631502747535705566e-01 6.761342287063598633e-02 -3.153163194656372070e-01 8.143897168338298798e-03 -2.183509767055511475e-01 -6.793164461851119995e-02 9.734689593315124512e-01
1.403715299862143040e+09 7.387037277221679688e-01 4.616622626781463623e-02 -2.731753289699554443e-01 3.227106854319572449e-02 -3.162168562412261963e-01 -1.087174117565155029e-01 9.418842792510986328e-01
1.403715300362143040e+09 7.479183673858642578e-01 1.394837349653244019e-02 -2.054001688957214355e-01 7.555638998746871948e-02 -3.123311996459960938e-01 -1.283319145441055298e-01 9.382278323173522949e-01
1.403715301662142992e+09 7.892556786537170410e-01 6.281453371047973633e-02 -2.608414292335510254e-01 3.912683948874473572e-02 -3.030825555324554443e-01 -1.253386586904525757e-01 9.438751935958862305e-01
1.403715302362143040e+09 7.986246347427368164e-01 1.036202982068061829e-01 -3.495293557643890381e-01 1.168044842779636383e-02 -2.861664593219757080e-01 -1.058880910277366638e-01 9.522395133972167969e-01
1.403715303062143087e+09 7.791935801506042480e-01 1.300393939018249512e-01 -3.929869532585144043e-01 -2.166810678318142891e-03 -3.392934203147888184e-01 -1.332612037658691406e-01 9.311910867691040039e-01
1.403715303362143040e+09 7.566994428634643555e-01 1.390098929405212402e-01 -4.062170982360839844e-01 2.805111929774284363e-02 -4.150013923645019531e-01 -1.717102676630020142e-01 8.930299878120422363e-01
1.403715303662142992e+09 7.291916012763977051e-01 1.467622667551040649e-01 -4.231714010238647461e-01 3.221727535128593445e-02 -4.969548285007476807e-01 -1.779541671276092529e-01 8.487227559089660645e-01
1.403715303962142944e+09 6.928473114967346191e-01 1.897785514593124390e-01 -4.491771757602691650e-01 3.330180421471595764e-02 -5.242569446563720703e-01 -1.887478828430175781e-01 8.297108411788940430e-01
1.403715305462142944e+09 7.001943588256835938e-01 1.315530985593795776e-01 -5.213511586189270020e-01 1.296259928494691849e-02 -5.368822216987609863e-01 -1.981186866760253906e-01 8.199624419212341309e-01
1.403715306462142944e+09 7.091668844223022461e-01 8.224699646234512329e-02 -5.183836221694946289e-01 3.323940187692642212e-02 -4.990237951278686523e-01 -1.338771581649780273e-01 8.555391430854797363e-01
1.403715306762143135e+09 7.429828643798828125e-01 5.205415934324264526e-02 -4.993566274642944336e-01 7.494354993104934692e-02 -4.181442856788635254e-01 -1.343169212341308594e-01 8.952640891075134277e-01
1.403715307062143087e+09 7.934181690216064453e-01 5.024160444736480713e-02 -4.886925816535949707e-01 6.710033863782882690e-02 -3.211480379104614258e-01 -1.568023413419723511e-01 9.315441846847534180e-01
1.403715307362143040e+09 8.352184891700744629e-01 7.732609659433364868e-02 -4.932247996330261230e-01 2.347457222640514374e-02 -2.583626508712768555e-01 -1.166152954101562500e-01 9.586963653564453125e-01
1.403715307762143135e+09 8.651486039161682129e-01 1.061500608921051025e-01 -4.994498193264007568e-01 7.401266135275363922e-03 -1.912011057138442993e-01 -8.367472887039184570e-02 9.779498577117919922e-01
1.403715307962142944e+09 8.863178491592407227e-01 1.334598660469055176e-01 -4.974170923233032227e-01 6.984931882470846176e-03 -1.160832196474075317e-01 -6.386620551347732544e-02 9.911594986915588379e-01
1.403715308362143040e+09 9.476028084754943848e-01 9.890125691890716553e-02 -4.062699973583221436e-01 3.023499436676502228e-02 -1.188589408993721008e-01 -1.034614350646734238e-02 9.923967719078063965e-01
1.403715310262143135e+09 9.986604452133178711e-01 9.028007835149765015e-02 -3.921844363212585449e-01 5.500134080648422241e-02 -6.324578821659088135e-02 -2.045900560915470123e-02 9.962711930274963379e-01
1.403715310562143087e+09 1.072831749916076660e+00 8.755074441432952881e-02 -4.060070514678955078e-01 1.264274306595325470e-02 -1.421540230512619019e-02 -7.238757680170238018e-04 9.998187422752380371e-01
1.403715311462142944e+09 1.157441020011901855e+00 7.680224627256393433e-02 -3.930062949657440186e-01 7.156246807426214218e-03 -8.892668993212282658e-04 3.180420957505702972e-03 9.999689459800720215e-01
1.403715312062143087e+09 1.235806107521057129e+00 4.829851910471916199e-02 -3.455170989036560059e-01 1.181216537952423096e-02 1.926397345960140228e-02 5.884499289095401764e-03 9.997274279594421387e-01
1.403715312662142992e+09 1.304480671882629395e+00 2.599558979272842407e-02 -2.843281626701354980e-01 4.984249919652938843e-02 1.859046332538127899e-02 -1.369987986981868744e-02 9.984900951385498047e-01
1.403715313862143040e+09 1.329713940620422363e+00 -4.305796697735786438e-02 -3.056940734386444092e-01 1.783797517418861389e-02 6.844381242990493774e-02 2.736506983637809753e-03 9.974917173385620117e-01
1.403715314462142944e+09 1.216368675231933594e+00 -5.662009119987487793e-02 -2.943764925003051758e-01 2.108532004058361053e-02 1.816298365592956543e-01 6.916262954473495483e-02 9.807051420211791992e-01
1.403715315962142944e+09 1.181274056434631348e+00 -5.356936901807785034e-02 -2.959657311439514160e-01 1.756703481078147888e-02 2.761419117450714111e-01 1.125634834170341492e-01 9.543409347534179688e-01
1.403715316262143135e+09 1.162569522857666016e+00 -3.565142303705215454e-02 -2.911797463893890381e-01 -2.150216884911060333e-02 3.585133254528045654e-01 1.221209838986396790e-01 9.252525568008422852e-01
1.403715316962142944e+09 1.134801745414733887e+00 -1.727014780044555664e-02 -2.361591011285781860e-01 1.103823632001876831e-02 4.462268650531768799e-01 1.606471985578536987e-01 8.803137540817260742e-01
1.403715317362143040e+09 1.113978862762451172e+00 -1.035234332084655762e-02 -1.924888193607330322e-01 7.436437066644430161e-03 5.390016436576843262e-01 2.044118046760559082e-01 8.170910477638244629e-01
1.403715317762143135e+09 1.096300125122070312e+00 -8.688509464263916016e-03 -1.539694666862487793e-01 2.366267517209053040e-02 6.122658848762512207e-01 2.542175352573394775e-01 7.482940554618835449e-01
1.403715318162142992e+09 1.078281164169311523e+00 1.826244592666625977e-02 -1.467006206512451172e-01 -1.173039339482784271e-02 6.816660761833190918e-01 2.734673619270324707e-01 6.785347461700439453e-01
1.403715318862143040e+09 1.120366811752319336e+00 4.879894852638244629e-02 -1.659040451049804688e-01 -2.300792559981346130e-02 7.527329921722412109e-01 2.852359116077423096e-01 5.928779244422912598e-01
1.403715319462142944e+09 1.182371377944946289e+00 5.820769071578979492e-02 -1.699047088623046875e-01 -1.555615570396184921e-02 7.990931868553161621e-01 2.932345867156982422e-01 5.246157050132751465e-01
1.403715319962142944e+09 1.276280283927917480e+00 1.912105083465576172e-02 -1.702555418014526367e-01 -1.435087434947490692e-02 8.193786144256591797e-01 3.003655374050140381e-01 4.880505502223968506e-01
1.403715320362143040e+09 1.354963421821594238e+00 -1.612508296966552734e-02 -1.596295833587646484e-01 1.734941080212593079e-02 8.697645068168640137e-01 3.124862611293792725e-01 3.815247118473052979e-01
1.403715320762143135e+09 1.398524045944213867e+00 -7.169872522354125977e-02 -1.396025419235229492e-01 3.392058238387107849e-02 8.940091729164123535e-01 3.528028726577758789e-01 2.740935087203979492e-01
1.403715321862143040e+09 1.347331643104553223e+00 -7.399570941925048828e-02 -1.680088043212890625e-01 4.882502555847167969e-02 9.053307771682739258e-01 3.412108123302459717e-01 2.481279522180557251e-01
1.403715322162142992e+09 1.305320143699645996e+00 -7.174280285835266113e-02 -1.847486495971679688e-01 1.636211387813091278e-02 9.077826142311096191e-01 3.494308590888977051e-01 2.314328402280807495e-01
1.403715322362143040e+09 1.261775135993957520e+00 -6.504151225090026855e-02 -2.031058669090270996e-01 -9.443027898669242859e-03 9.115823507308959961e-01 3.589708805084228516e-01 2.001710981130599976e-01
1.403715322562143087e+09 1.220130920410156250e+00 -4.574179649353027344e-02 -2.195884585380554199e-01 -1.788531057536602020e-02 9.126977324485778809e-01 3.692670166492462158e-01 1.740826517343521118e-01
1.403715322862143040e+09 1.158303380012512207e+00 -1.006704568862915039e-02 -2.677085995674133301e-01 -2.629878371953964233e-02 9.162063598632812500e-01 3.651094436645507812e-01 1.630011796951293945e-01
1.403715323362143040e+09 1.130390882492065430e+00 3.119707107543945312e-02 -3.763357996940612793e-01 -2.595598809421062469e-02 9.229703545570373535e-01 3.466853797435760498e-01 1.651100963354110718e-01
1.403715323762143135e+09 1.143590092658996582e+00 3.619071841239929199e-02 -4.342786073684692383e-01 -1.151413563638925552e-02 9.441835880279541016e-01 2.858018577098846436e-01 1.634076535701751709e-01
1.403715324362143040e+09 1.107368469238281250e+00 -2.609032392501831055e-02 -4.121835231781005859e-01 1.769821532070636749e-02 9.163731932640075684e-01 3.599771857261657715e-01 1.742509454488754272e-01
1.403715326262143135e+09 1.027576208114624023e+00 -6.339073181152343750e-03 -3.997721672058105469e-01 1.638226793147623539e-03 9.308781027793884277e-01 3.290953636169433594e-01 1.586178839206695557e-01
1.403715327162142992e+09 9.557599425315856934e-01 -3.825604915618896484e-03 -3.641893267631530762e-01 2.541224658489227295e-02 9.189918637275695801e-01 3.642643094062805176e-01 1.487274318933486938e-01
1.403715327862143040e+09 8.192213773727416992e-01 2.039372920989990234e-02 -3.733826875686645508e-01 -8.323184214532375336e-03 9.110126495361328125e-01 3.276690542697906494e-01 2.502393722534179688e-01
1.403715328562143087e+09 7.258355021476745605e-01 2.403092384338378906e-02 -3.553538322448730469e-01 -6.815077271312475204e-03 8.854010105133056641e-01 3.329440355300903320e-01 3.242943286895751953e-01
1.403715329162142992e+09 7.055569887161254883e-01 2.546426653861999512e-02 -3.294074535369873047e-01 1.672702142968773842e-03 8.414087295532226562e-01 3.253146708011627197e-01 4.315077662467956543e-01
1.403715330162142992e+09 6.870285272598266602e-01 3.724277019500732422e-02 -3.053923845291137695e-01 3.469990193843841553e-02 7.881279587745666504e-01 3.147603869438171387e-01 5.278031826019287109e-01
1.403715331362143040e+09 6.598299741744995117e-01 -7.215410470962524414e-03 -3.643199801445007324e-01 4.625211469829082489e-03 7.625203132629394531e-01 2.851149141788482666e-01 5.807330012321472168e-01
1.403715332162142992e+09 6.501035690307617188e-01 7.325559854507446289e-03 -4.959566593170166016e-01 2.191299945116043091e-02 7.520713806152343750e-01 2.855734229087829590e-01 5.935961008071899414e-01
1.403715333162142992e+09 6.444396972656250000e-01 4.278895258903503418e-02 -5.870933532714843750e-01 2.727599628269672394e-02 7.423235177993774414e-01 2.595942914485931396e-01 6.171083450317382812e-01
1.403715333862143040e+09 5.874384641647338867e-01 9.838776290416717529e-02 -7.004468441009521484e-01 9.312387555837631226e-03 6.969524621963500977e-01 2.785000503063201904e-01 6.607633829116821289e-01
1.403715334862143040e+09 5.867296457290649414e-01 1.472223997116088867e-01 -8.180631399154663086e-01 -1.009394181892275810e-04 6.966996788978576660e-01 2.660370469093322754e-01 6.662086248397827148e-01
1.403715335862143040e+09 6.357961297035217285e-01 2.021767348051071167e-01 -9.331326484680175781e-01 2.074906043708324432e-02 6.472700834274291992e-01 2.357125282287597656e-01 7.246037125587463379e-01
1.403715336662142992e+09 6.768370866775512695e-01 2.326020598411560059e-01 -1.003268480300903320e+00 7.647932507097721100e-03 6.435722112655639648e-01 2.384024560451507568e-01 7.272693514823913574e-01
1.403715337462142944e+09 7.426370978355407715e-01 2.349442243576049805e-01 -1.066233634948730469e+00 1.571079343557357788e-02 5.888643860816955566e-01 2.339761108160018921e-01 7.734643816947937012e-01
1.403715337962142944e+09 7.914217710494995117e-01 2.400506734848022461e-01 -1.100527048110961914e+00 1.782889850437641144e-02 5.972347259521484375e-01 2.290616780519485474e-01 7.684553265571594238e-01
1.403715338562143087e+09 8.613680005073547363e-01 2.476160079240798950e-01 -1.154511213302612305e+00 2.168958634138107300e-02 5.403438210487365723e-01 2.095542401075363159e-01 8.146441578865051270e-01
1.403715339162142992e+09 9.483299851417541504e-01 2.722824215888977051e-01 -1.221248269081115723e+00 1.186381746083498001e-02 5.065470933914184570e-01 1.890065521001815796e-01 8.411574363708496094e-01
1.403715339762143135e+09 1.012425661087036133e+00 3.025049269199371338e-01 -1.247846841812133789e+00 -8.529082871973514557e-03 5.261709094047546387e-01 1.644255369901657104e-01 8.342875838279724121e-01
1.403715340262143135e+09 1.048482179641723633e+00 2.919850349426269531e-01 -1.232763886451721191e+00 5.938580725342035294e-03 4.313807785511016846e-01 1.499249488115310669e-01 8.896055221557617188e-01
1.403715340562143087e+09 1.088060140609741211e+00 2.524116635322570801e-01 -1.191920042037963867e+00 8.596792817115783691e-03 3.734056055545806885e-01 1.662230044603347778e-01 9.126139879226684570e-01
1.403715341262143135e+09 1.137893438339233398e+00 2.299996018409729004e-01 -1.167518854141235352e+00 2.401072718203067780e-02 4.055241346359252930e-01 1.463829725980758667e-01 9.019676446914672852e-01
1.403715341662142992e+09 1.196470856666564941e+00 1.934918761253356934e-01 -1.118785262107849121e+00 5.522835999727249146e-03 4.048699140548706055e-01 1.610321402549743652e-01 9.000658392906188965e-01
1.403715342462142944e+09 1.229495048522949219e+00 1.703621745109558105e-01 -1.060981988906860352e+00 -2.305830130353569984e-04 3.333890140056610107e-01 1.076323390007019043e-01 9.366253614425659180e-01
1.403715343062143087e+09 1.258324027061462402e+00 1.471397578716278076e-01 -9.912028908729553223e-01 9.271088056266307831e-03 3.042243719100952148e-01 1.119588166475296021e-01 9.459528326988220215e-01
1.403715343662142992e+09 1.296470046043395996e+00 1.204560995101928711e-01 -8.926563262939453125e-01 1.155421324074268341e-02 3.158522546291351318e-01 1.003749892115592957e-01 9.434133768081665039e-01
1.403715344162142992e+09 1.306084513664245605e+00 1.001664176583290100e-01 -8.381928205490112305e-01 2.171684801578521729e-02 2.837076485157012939e-01 8.211816847324371338e-02 9.551413655281066895e-01
1.403715344462142944e+09 1.296136260032653809e+00 7.914905995130538940e-02 -7.674043774604797363e-01 2.792814932763576508e-02 2.555994391441345215e-01 4.182148724794387817e-02 9.654739499092102051e-01
1.403715344862143040e+09 1.243414521217346191e+00 6.179001927375793457e-02 -6.969981193542480469e-01 2.275324985384941101e-02 2.392412573099136353e-01 5.543391406536102295e-02 9.691094160079956055e-01
1.403715345262143135e+09 1.164727568626403809e+00 4.377683624625205994e-02 -6.290042400360107422e-01 2.667974680662155151e-02 2.328333705663681030e-01 7.247519493103027344e-02 9.694452881813049316e-01
1.403715345662142992e+09 1.076134681701660156e+00 3.249830752611160278e-02 -5.727435946464538574e-01 2.676485292613506317e-02 2.283489555120468140e-01 7.751096040010452271e-02 9.701198339462280273e-01
1.403715346062143087e+09 9.693970680236816406e-01 1.636715605854988098e-02 -5.073109865188598633e-01 7.318952120840549469e-03 2.278773039579391479e-01 8.772631734609603882e-02 9.697022438049316406e-01
1.403715346662142992e+09 8.502803444862365723e-01 -2.136512659490108490e-02 -4.248310029506683350e-01 1.765439286828041077e-02 2.479025274515151978e-01 1.151387915015220642e-01 9.617565870285034180e-01
1.403715347362143040e+09 7.990052103996276855e-01 -4.233802482485771179e-02 -3.927083611488342285e-01 1.811820268630981445e-02 2.140885591506958008e-01 6.519148498773574829e-02 9.744679927825927734e-01
1.403715347662142992e+09 7.401598095893859863e-01 -6.680707633495330811e-02 -3.618833720684051514e-01 3.068543784320354462e-02 1.593760699033737183e-01 5.278627574443817139e-02 9.853280186653137207e-01
1.403715347962142944e+09 6.930393576622009277e-01 -8.320866525173187256e-02 -3.436851203441619873e-01 3.275727480649948120e-02 8.721432089805603027e-02 6.213662028312683105e-02 9.937100410461425781e-01
1.403715348262143135e+09 6.563704609870910645e-01 -8.796966075897216797e-02 -3.237570822238922119e-01 1.383456867188215256e-02 3.582116449251770973e-03 2.485085092484951019e-02 9.995890855789184570e-01
1.403715348862143040e+09 7.103867530822753906e-01 -1.759161986410617828e-02 -2.333758324384689331e-01 4.061070457100868225e-02 -5.710233375430107117e-02 -1.922087371349334717e-02 9.973568916320800781e-01
1.403715349962142944e+09 7.786244153976440430e-01 2.301305904984474182e-02 -2.271537631750106812e-01 1.015083584934473038e-02 -1.398960798978805542e-01 -5.917627364397048950e-02 9.883441925048828125e-01
1.403715350462142944e+09 7.360928058624267578e-01 2.195752225816249847e-02 -1.113211140036582947e-01 3.911739960312843323e-02 -1.414869874715805054e-01 -7.719606906175613403e-02 9.861501455307006836e-01
1.403715351962142944e+09 6.817250251770019531e-01 7.170768454670906067e-03 -9.832254052162170410e-02 2.489492110908031464e-02 -1.930334419012069702e-01 -7.115632295608520508e-02 9.782919883728027344e-01
1.403715352162142992e+09 6.284666061401367188e-01 -1.021547615528106689e-02 -8.797984570264816284e-02 1.682847738265991211e-02 -2.292923778295516968e-01 -7.422643154859542847e-02 9.703773856163024902e-01
1.403715352562143087e+09 5.212275385856628418e-01 -6.217924505472183228e-02 -3.420769423246383667e-02 3.415030986070632935e-02 -2.456554323434829712e-01 -8.375509828329086304e-02 9.651281237602233887e-01
1.403715353962142944e+09 4.459740817546844482e-01 -7.816131412982940674e-02 1.208810135722160339e-02 1.834997907280921936e-02 -2.872370481491088867e-01 -1.024588495492935181e-01 9.521871805191040039e-01
1.403715355462142944e+09 4.396816790103912354e-01 -1.110357791185379028e-01 2.127827703952789307e-02 2.350099012255668640e-02 -3.664051592350006104e-01 -1.357993185520172119e-01 9.201921224594116211e-01
1.403715355962142944e+09 3.645491302013397217e-01 -1.673631072044372559e-01 6.121326982975006104e-02 4.272035788744688034e-03 -4.165005087852478027e-01 -1.547651439905166626e-01 8.958553671836853027e-01
1.403715357062143087e+09 3.180168867111206055e-01 -1.931845694780349731e-01 8.044905215501785278e-02 2.235031500458717346e-02 -4.885539114475250244e-01 -1.891772896051406860e-01 8.514855504035949707e-01
1.403715357762143135e+09 1.904545277357101440e-01 -2.287785261869430542e-01 1.195380464196205139e-01 2.463393472135066986e-02 -4.947351813316345215e-01 -2.152657657861709595e-01 8.416002392768859863e-01
1.403715358562143087e+09 7.994902133941650391e-02 -2.206389605998992920e-01 1.107961311936378479e-01 3.962665423750877380e-02 -5.341827273368835449e-01 -2.107317745685577393e-01 8.177228569984436035e-01
1.403715358962142944e+09 -2.526477724313735962e-02 -2.008232623338699341e-01 9.206534177064895630e-02 4.067042097449302673e-02 -5.670604705810546875e-01 -1.999374479055404663e-01 7.980058789253234863e-01
1.403715359762143135e+09 -1.244912818074226379e-01 -1.711671948432922363e-01 3.169637173414230347e-02 3.131944313645362854e-02 -5.579593181610107422e-01 -2.053821235895156860e-01 8.034417033195495605e-01
1.403715360762143135e+09 -1.701447069644927979e-01 -1.629306375980377197e-01 -2.827263250946998596e-02 1.294920034706592560e-02 -5.019642710685729980e-01 -1.640266478061676025e-01 8.490933179855346680e-01
1.403715360862143040e+09 -1.802186816930770874e-01 -1.713579148054122925e-01 -3.315344825387001038e-02 2.472325973212718964e-02 -3.954710066318511963e-01 -1.507457643747329712e-01 9.056860804557800293e-01
1.403715361262143135e+09 -1.954467743635177612e-01 -1.791644245386123657e-01 -3.729330375790596008e-02 2.456500940024852753e-02 -2.802114188671112061e-01 -1.224187165498733521e-01 9.517835378646850586e-01
1.403715361962142944e+09 -2.337331026792526245e-01 -1.693520545959472656e-01 -3.510330617427825928e-02 1.210877113044261932e-02 -1.873456686735153198e-01 -8.476116508245468140e-02 9.785553812980651855e-01
1.403715362362143040e+09 -2.800036966800689697e-01 -1.606141477823257446e-01 -1.743610389530658722e-02 1.380536332726478577e-02 -6.899245083332061768e-02 -4.584836959838867188e-02 9.964674711227416992e-01
1.403715362762143135e+09 -3.442287743091583252e-01 -1.633399575948715210e-01 3.998183645308017731e-03 2.417469583451747894e-02 2.412223257124423981e-02 4.442994296550750732e-02 9.984286427497863770e-01
1.403715363162142992e+09 -3.789021968841552734e-01 -1.826145350933074951e-01 2.051334083080291748e-02 2.801637165248394012e-02 1.411795616149902344e-01 1.032904088497161865e-01 9.841821193695068359e-01
1.403715363662142992e+09 -3.501695990562438965e-01 -1.923855096101760864e-01 1.406230311840772629e-02 3.012807294726371765e-02 2.465586662292480469e-01 1.071057170629501343e-01 9.627198576927185059e-01
1.403715364062143087e+09 -3.182565271854400635e-01 -1.983223855495452881e-01 -1.906987279653549194e-03 3.025161288678646088e-02 3.265101909637451172e-01 1.417567729949951172e-01 9.340134263038635254e-01
1.403715364762143135e+09 -2.687823772430419922e-01 -2.101601660251617432e-01 -5.236859619617462158e-02 1.477797422558069229e-02 3.658727109432220459e-01 1.355130225419998169e-01 9.206275343894958496e-01
1.403715365162142992e+09 -2.258949577808380127e-01 -2.200095206499099731e-01 -9.901057928800582886e-02 2.212380245327949524e-02 4.439907968044281006e-01 1.577822715044021606e-01 8.817525506019592285e-01
1.403715365762143135e+09 -2.097449451684951782e-01 -2.205612808465957642e-01 -1.376901119947433472e-01 3.759321197867393494e-02 5.198861360549926758e-01 2.186671197414398193e-01 8.249181509017944336e-01
1.403715366362143040e+09 -1.993701457977294922e-01 -1.922449022531509399e-01 -2.203648388385772705e-01 1.607743278145790100e-02 5.375127792358398438e-01 2.117847055196762085e-01 8.160691857337951660e-01
1.403715367062143087e+09 -1.347185373306274414e-01 -1.489051580429077148e-01 -3.656775355339050293e-01 7.532250601798295975e-04 5.072467923164367676e-01 2.229594439268112183e-01 8.324598073959350586e-01
1.403715367962142944e+09 -2.934548258781433105e-02 -1.295676529407501221e-01 -4.434226155281066895e-01 2.468232624232769012e-02 5.124534368515014648e-01 2.073541730642318726e-01 8.329384922981262207e-01
1.403715368662142992e+09 9.501287341117858887e-02 -7.695501297712326050e-02 -5.565679073333740234e-01 1.969553530216217041e-02 5.217826366424560547e-01 1.991040557622909546e-01 8.292843103408813477e-01
1.403715369362143040e+09 1.847318559885025024e-01 -3.009292110800743103e-02 -6.559274792671203613e-01 2.515921369194984436e-03 4.195615053176879883e-01 1.654822081327438354e-01 8.925119042396545410e-01
1.403715369762143135e+09 3.392102122306823730e-01 1.265910454094409943e-02 -7.343652248382568359e-01 1.774114929139614105e-02 3.539535701274871826e-01 1.390329301357269287e-01 9.247010350227355957e-01
1.403715370862143040e+09 4.558553099632263184e-01 2.881867066025733948e-02 -7.567394971847534180e-01 -1.466685719788074493e-02 3.648273944854736328e-01 1.497107446193695068e-01 9.188430905342102051e-01
1.403715371562143087e+09 6.099635362625122070e-01 3.192816674709320068e-02 -7.324050664901733398e-01 2.303316444158554077e-02 3.563028573989868164e-01 1.604520976543426514e-01 9.202026724815368652e-01
1.403715372262143135e+09 8.158060312271118164e-01 2.165367640554904938e-02 -7.073927521705627441e-01 2.164958789944648743e-02 3.150222897529602051e-01 1.188191995024681091e-01 9.413682818412780762e-01
1.403715373162142992e+09 1.007952570915222168e+00 -4.850655794143676758e-03 -6.878327727317810059e-01 2.548101544380187988e-02 3.075092732906341553e-01 1.198468655347824097e-01 9.436236619949340820e-01
1.403715373862143040e+09 1.122220516204833984e+00 -1.486500259488821030e-02 -6.694263219833374023e-01 2.335678786039352417e-02 2.194363772869110107e-01 6.988649815320968628e-02 9.728401899337768555e-01
1.403715374262143135e+09 1.170190691947937012e+00 -2.375911176204681396e-02 -6.526068449020385742e-01 1.747095771133899689e-02 1.158720552921295166e-01 3.594051301479339600e-02 9.924599528312683105e-01
1.403715375162142992e+09 1.242056369781494141e+00 -7.666675001382827759e-02 -5.210046172142028809e-01 1.712829805910587311e-02 1.192108467221260071e-01 3.669666498899459839e-02 9.920427799224853516e-01
1.403715375962142944e+09 1.235892415046691895e+00 -1.089045628905296326e-01 -3.999919593334197998e-01 3.186012804508209229e-02 1.259051114320755005e-01 4.643851518630981445e-02 9.904425144195556641e-01
1.403715376762143135e+09 1.198156595230102539e+00 -1.192664131522178650e-01 -3.103896975517272949e-01 5.143907293677330017e-02 1.178669407963752747e-01 2.268005162477493286e-02 9.914368391036987305e-01
1.403715377162142992e+09 1.118896842002868652e+00 -1.130858361721038818e-01 -2.812275588512420654e-01 4.249836504459381104e-02 9.758601337671279907e-02 2.036529034376144409e-02 9.941107630729675293e-01
1.403715377762143135e+09 1.045678853988647461e+00 -1.015780866146087646e-01 -2.802136242389678955e-01 3.486110270023345947e-02 9.410808980464935303e-02 2.286904864013195038e-02 9.946886301040649414e-01
1.403715378162142992e+09 9.656177759170532227e-01 -8.575987815856933594e-02 -2.892324328422546387e-01 3.184268251061439514e-02 8.072899281978607178e-02 4.800739884376525879e-02 9.950699806213378906e-01
1.403715378662142992e+09 8.726961612701416016e-01 -6.773985177278518677e-02 -3.104653060436248779e-01 -7.729846984148025513e-04 8.394540846347808838e-02 3.873992338776588440e-02 9.957167506217956543e-01
1.403715379462142944e+09 7.516472339630126953e-01 -1.013846173882484436e-01 -2.851197123527526855e-01 8.541802875697612762e-03 9.726762771606445312e-02 7.469363510608673096e-03 9.951936006546020508e-01
1.403715380062143087e+09 6.710064411163330078e-01 -1.288526207208633423e-01 -2.523724734783172607e-01 2.886082231998443604e-02 9.293181449174880981e-02 2.341778203845024109e-02 9.949786067008972168e-01
1.403715380462142944e+09 5.835825800895690918e-01 -1.494007557630538940e-01 -2.222914397716522217e-01 2.453562431037425995e-02 9.333955496549606323e-02 2.346083708107471466e-02 9.950554966926574707e-01
1.403715380862143040e+09 4.929918050765991211e-01 -1.701269596815109253e-01 -1.975821554660797119e-01 2.938775345683097839e-02 9.265194088220596313e-02 1.913598179817199707e-02 9.950808286666870117e-01
1.403715381262143135e+09 3.756772279739379883e-01 -1.850465238094329834e-01 -1.774331629276275635e-01 3.922314569354057312e-02 1.005004495382308960e-01 3.603856638073921204e-02 9.935101270675659180e-01
1.403715381862143040e+09 1.967792659997940063e-01 -1.894988864660263062e-01 -1.504695415496826172e-01 2.811901969835162163e-03 1.804232895374298096e-01 6.309993565082550049e-02 9.815589785575866699e-01
1.403715382762143135e+09 1.129400059580802917e-01 -2.032861709594726562e-01 -1.124789342284202576e-01 2.652867231518030167e-03 2.506520152091979980e-01 9.853743761777877808e-02 9.630456566810607910e-01
1.403715383562143087e+09 -9.855054318904876709e-03 -2.401892393827438354e-01 7.656030356884002686e-03 8.697482757270336151e-03 3.177080452442169189e-01 1.432265937328338623e-01 9.372684359550476074e-01
1.403715383862143040e+09 -3.677236288785934448e-02 -2.588650584220886230e-01 8.818538486957550049e-02 1.819536276161670685e-02 4.126874506473541260e-01 1.716746091842651367e-01 8.943634033203125000e-01
1.403715384262143135e+09 -4.273614287376403809e-02 -2.746529579162597656e-01 1.386745572090148926e-01 2.078157663345336914e-02 5.061177015304565430e-01 2.141479104757308960e-01 8.351968526840209961e-01
1.403715384662142992e+09 -2.490548789501190186e-02 -2.898711860179901123e-01 1.782598793506622314e-01 1.166742760688066483e-02 6.054645776748657227e-01 2.584986090660095215e-01 7.526321411132812500e-01
1.403715385262143135e+09 8.335438370704650879e-02 -3.192724287509918213e-01 1.689363718032836914e-01 2.783921360969543457e-02 6.405069231986999512e-01 2.414841502904891968e-01 7.284650802612304688e-01
1.403715386762143135e+09 1.186974942684173584e-01 -2.787015736103057861e-01 7.390344142913818359e-02 3.442688286304473877e-02 6.287323832511901855e-01 2.737651765346527100e-01 7.270234227180480957e-01
1.403715387462142944e+09 1.239659041166305542e-01 -2.173138260841369629e-01 -4.745906963944435120e-02 4.715644288808107376e-03 6.228471398353576660e-01 2.638843953609466553e-01 7.364810705184936523e-01
1.403715388162142992e+09 1.732741743326187134e-01 -1.409584134817123413e-01 -2.050710320472717285e-01 1.097037363797426224e-02 6.183034181594848633e-01 2.455077320337295532e-01 7.465296387672424316e-01
1.403715388762143135e+09 2.361621856689453125e-01 -4.927786439657211304e-02 -3.274170160293579102e-01 1.358428969979286194e-02 6.180611848831176758e-01 2.358668297529220581e-01 7.497885227203369141e-01
1.403715389362143040e+09 3.450400829315185547e-01 1.991803012788295746e-02 -5.359508991241455078e-01 -4.017952363938093185e-03 5.469976067543029785e-01 2.197324484586715698e-01 8.077718019485473633e-01
1.403715390462142944e+09 4.141323566436767578e-01 5.677103251218795776e-02 -5.897874236106872559e-01 -1.388398651033639908e-02 4.693600833415985107e-01 1.618386059999465942e-01 8.679381608963012695e-01
1.403715390862143040e+09 5.188477039337158203e-01 7.633032649755477905e-02 -5.988501906394958496e-01 2.265505027025938034e-03 3.875623941421508789e-01 1.708891391754150391e-01 9.058626890182495117e-01
1.403715391662142992e+09 7.012494206428527832e-01 6.594549119472503662e-02 -5.929647088050842285e-01 9.306187741458415985e-03 3.457127213478088379e-01 1.448586881160736084e-01 9.270448088645935059e-01
1.403715392262143135e+09 8.602709770202636719e-01 2.063699439167976379e-02 -5.896956920623779297e-01 2.697352692484855652e-02 3.019226193428039551e-01 1.154665574431419373e-01 9.459295272827148438e-01
1.403715392662142992e+09 9.789584279060363770e-01 -2.222499810159206390e-03 -5.817231535911560059e-01 3.221166878938674927e-02 2.234737128019332886e-01 7.476889342069625854e-02 9.713040590286254883e-01
1.403715393062143087e+09 1.073235988616943359e+00 -1.468190923333168030e-02 -5.736809372901916504e-01 1.984222605824470520e-02 1.271291077136993408e-01 2.483981475234031677e-02 9.913765192031860352e-01
1.403715393462142944e+09 1.137016057968139648e+00 -2.171663567423820496e-02 -5.589562058448791504e-01 3.731543198227882385e-02 1.419229339808225632e-02 -3.243239969015121460e-02 9.986763596534729004e-01
1.403715393762143135e+09 1.161405682563781738e+00 -2.321152016520500183e-02 -5.495184659957885742e-01 2.571692131459712982e-02 -1.126810982823371887e-01 -4.940444603562355042e-02 9.920689463615417480e-01
1.403715394162142992e+09 1.172095656394958496e+00 -2.190737798810005188e-02 -5.440825223922729492e-01 3.965513408184051514e-02 -2.329419553279876709e-01 -9.926923364400863647e-02 9.665977358818054199e-01
1.403715394562143087e+09 1.173307895660400391e+00 -1.634728908538818359e-02 -5.516052246093750000e-01 3.575519844889640808e-02 -3.591971099376678467e-01 -1.448617726564407349e-01 9.212567806243896484e-01
1.403715394962142944e+09 1.169255495071411133e+00 -7.960647344589233398e-03 -5.669187903404235840e-01 2.902711369097232819e-02 -4.584352970123291016e-01 -1.868732273578643799e-01 8.683737516403198242e-01
1.403715395262143135e+09 1.153674006462097168e+00 1.076510548591613770e-02 -5.893271565437316895e-01 2.306327782571315765e-02 -5.543819069862365723e-01 -2.247259914875030518e-01 8.010162711143493652e-01
1.403715395762143135e+09 1.059403181076049805e+00 7.022881507873535156e-02 -6.174183487892150879e-01 3.765033558011054993e-02 -6.203381419181823730e-01 -2.429489493370056152e-01 7.448080182075500488e-01
1.403715396962142944e+09 9.368933439254760742e-01 1.228401958942413330e-01 -6.126110553741455078e-01 -1.338137313723564148e-02 -6.553324460983276367e-01 -2.407188415527343750e-01 7.158315181732177734e-01
1.403715397862143040e+09 8.036986589431762695e-01 1.101458817720413208e-01 -5.501875877380371094e-01 4.383031278848648071e-02 -6.500720977783203125e-01 -2.305887937545776367e-01 7.227129936218261719e-01
1.403715398762143135e+09 7.891736030578613281e-01 1.589740514755249023e-01 -6.370974183082580566e-01 3.388161584734916687e-02 -5.766139030456542969e-01 -2.622934877872467041e-01 7.730268836021423340e-01
1.403715400562143087e+09 7.596367597579956055e-01 1.827588379383087158e-01 -7.154014706611633301e-01 1.181562989950180054e-02 -4.958685338497161865e-01 -2.165316492319107056e-01 8.408857583999633789e-01
1.403715400962142944e+09 6.690468788146972656e-01 2.216810435056686401e-01 -8.162962198257446289e-01 -8.956065401434898376e-03 -4.088806509971618652e-01 -1.765009611845016479e-01 8.953120708465576172e-01
1.403715401562143087e+09 5.771934986114501953e-01 2.217084318399429321e-01 -8.557910919189453125e-01 1.166013255715370178e-02 -4.118079245090484619e-01 -1.394808888435363770e-01 9.004573225975036621e-01
1.403715402062143087e+09 4.702849388122558594e-01 2.123066186904907227e-01 -8.743799924850463867e-01 5.029345303773880005e-02 -3.919616639614105225e-01 -1.378603130578994751e-01 9.082021713256835938e-01
1.403715402562143087e+09 3.531706333160400391e-01 2.247336804866790771e-01 -9.171267747879028320e-01 3.481287509202957153e-02 -3.290331363677978516e-01 -1.205944791436195374e-01 9.359392523765563965e-01
1.403715403162142992e+09 2.623782157897949219e-01 2.302401959896087646e-01 -9.559383988380432129e-01 3.069590544328093529e-03 -3.051043748855590820e-01 -1.168828085064888000e-01 9.451139569282531738e-01
1.403715403862143040e+09 1.826744675636291504e-01 2.104154527187347412e-01 -9.302636384963989258e-01 -6.444811355322599411e-03 -2.079629153013229370e-01 -7.162873446941375732e-02 9.754893183708190918e-01
1.403715404162142992e+09 1.169675737619400024e-01 1.820598542690277100e-01 -8.799044489860534668e-01 2.123438566923141479e-02 -1.306691318750381470e-01 -7.384407520294189453e-02 9.884441494941711426e-01
1.403715404762143135e+09 -1.037955284118652344e-02 1.578574627637863159e-01 -8.055588603019714355e-01 3.470088914036750793e-02 -1.000153496861457825e-01 -2.650619111955165863e-02 9.940273165702819824e-01
1.403715405262143135e+09 -7.807817310094833374e-02 1.507938355207443237e-01 -7.614825963973999023e-01 2.195434644818305969e-02 8.303080685436725616e-03 2.979236468672752380e-02 9.992805123329162598e-01
1.403715405662142992e+09 -1.201885491609573364e-01 1.465468853712081909e-01 -7.192180752754211426e-01 7.210636977106332779e-04 1.353237330913543701e-01 5.472451075911521912e-02 9.892888069152832031e-01
1.403715406062143087e+09 -1.511843204498291016e-01 1.405993103981018066e-01 -6.655899286270141602e-01 1.734756678342819214e-02 2.507557272911071777e-01 1.012006774544715881e-01 9.625898003578186035e-01
1.403715406462142944e+09 -1.730253696441650391e-01 1.439560353755950928e-01 -6.085329055786132812e-01 1.098035648465156555e-02 3.446257710456848145e-01 1.595301926136016846e-01 9.250203371047973633e-01
1.403715406862143040e+09 -1.718349456787109375e-01 1.504006534814834595e-01 -5.577309131622314453e-01 1.078779995441436768e-02 4.381919801235198975e-01 1.853182315826416016e-01 8.795047402381896973e-01
1.403715407262143135e+09 -1.418240666389465332e-01 1.483798027038574219e-01 -5.012549757957458496e-01 -1.319525297731161118e-02 4.906823933124542236e-01 2.111852616071701050e-01 8.452557921409606934e-01
1.403715407662142992e+09 -1.018143892288208008e-01 1.340154856443405151e-01 -4.645646810531616211e-01 -7.524497807025909424e-03 5.007897615432739258e-01 1.830400228500366211e-01 8.459606170654296875e-01
1.403715407962142944e+09 -7.307250797748565674e-02 1.164610162377357483e-01 -4.378434121608734131e-01 -5.548548069782555103e-04 4.970545172691345215e-01 1.858356297016143799e-01 8.475857973098754883e-01
1.403715408162142992e+09 -4.366628825664520264e-02 8.486552536487579346e-02 -4.140744209289550781e-01 6.882596760988235474e-03 4.935995042324066162e-01 1.882989853620529175e-01 8.490322828292846680e-01
1.403715408362143040e+09 -1.363159716129302979e-02 5.598533898591995239e-02 -3.886996805667877197e-01 1.620792411267757416e-02 4.896507561206817627e-01 1.853104978799819946e-01 8.518448472023010254e-01
1.403715408562143087e+09 1.412007212638854980e-02 4.267290607094764709e-02 -3.575118184089660645e-01 3.372325003147125244e-02 4.713739454746246338e-01 1.664340049028396606e-01 8.654300570487976074e-01
1.403715408762143135e+09 4.263737797737121582e-02 3.099362552165985107e-02 -3.136040270328521729e-01 4.270840808749198914e-02 4.084709584712982178e-01 1.380118578672409058e-01 9.012659192085266113e-01
1.403715409062143087e+09 5.514530837535858154e-02 1.378477457910776138e-02 -2.855652272701263428e-01 4.259953275322914124e-02 3.309842944145202637e-01 1.224506273865699768e-01 9.346873760223388672e-01
1.403715409462142944e+09 8.155047893524169922e-02 -5.395828187465667725e-02 -2.684202492237091064e-01 -1.320046721957623959e-03 3.295884430408477783e-01 1.296468377113342285e-01 9.351798295974731445e-01
1.403715410362143040e+09 1.094564497470855713e-01 -7.768268883228302002e-02 -1.811295300722122192e-01 2.600480616092681885e-02 3.136368095874786377e-01 1.216650679707527161e-01 9.413572549819946289e-01
1.403715412062143087e+09 6.261196732521057129e-02 -5.460927728563547134e-03 -1.613380759954452515e-01 2.731636539101600647e-02 3.028783202171325684e-01 1.219767928123474121e-01 9.447963833808898926e-01
1.403715413962142944e+09 5.592299997806549072e-02 2.766711823642253876e-02 -1.621841192245483398e-01 1.560108456760644913e-02 3.073997497558593750e-01 1.127947047352790833e-01 9.447429776191711426e-01
1.403715414762143135e+09 3.972718119621276855e-02 2.842384576797485352e-02 -1.416002064943313599e-01 2.764592133462429047e-02 3.040653169155120850e-01 1.388019770383834839e-01 9.420796632766723633e-01
1.403715415262143135e+09 4.563532024621963501e-02 5.305721983313560486e-02 -1.254865378141403198e-01 2.350503019988536835e-02 3.256266415119171143e-01 1.229052171111106873e-01 9.371815323829650879e-01
1.403715415662142992e+09 4.696829989552497864e-02 6.273233890533447266e-02 -1.225675344467163086e-01 1.788270473480224609e-02 3.361819088459014893e-01 1.118625476956367493e-01 9.349591732025146484e-01
