1.403637133438319104e+18 4.471998553469290094e+00 -1.754774898209672251e+00 5.927083599216780296e-01 -6.598920674434759492e-01 -4.419175493688223266e-01 3.628475023824702661e-01 4.874351535330960772e-01
1.403637133738319104e+18 4.478752261036357929e+00 -1.746439852327108300e+00 6.180883048212689745e-01 -6.746409957220441678e-01 -4.415358983886832345e-01 3.481840232044012828e-01 4.781981423118084606e-01
1.403637133938319104e+18 4.482002148110133533e+00 -1.739513773224616866e+00 6.935317627533220675e-01 -6.851880477431326888e-01 -4.336192447640521697e-01 3.354434119998794817e-01 4.795512560155447135e-01
1.403637134038319104e+18 4.481765736517318466e+00 -1.738009831129260441e+00 7.551959557238410170e-01 -6.876031529345533189e-01 -4.314345169139007785e-01 3.292827756823571428e-01 4.823266686890254618e-01
1.403637134238319104e+18 4.478921137892936777e+00 -1.735962207743557695e+00 8.816799181936192387e-01 -6.830358471673194654e-01 -4.276351779398016584e-01 3.107635124776347291e-01 5.040002235965568289e-01
1.403637134538319104e+18 4.473231173226933421e+00 -1.733944817728527266e+00 9.726621132852363294e-01 -6.712446417074230398e-01 -4.054356252384562764e-01 3.259831206957258809e-01 5.280033994095596483e-01
1.403637134738319104e+18 4.471442796299587741e+00 -1.722996324176628180e+00 8.809115824242552684e-01 -6.834397858882584886e-01 -4.163536873200870403e-01 3.124500362277605192e-01 5.117955069959578829e-01
1.403637134938319104e+18 4.475849853954367852e+00 -1.720905446799822824e+00 7.354925953806904504e-01 -7.078416179409603437e-01 -4.319575349347009596e-01 3.014536611070013361e-01 4.706364011942184566e-01
1.403637135038319104e+18 4.479753256572524656e+00 -1.723270960507418792e+00 6.802487484415798979e-01 -7.140903867682771855e-01 -4.323162239198685142e-01 3.030386778039722562e-01 4.597229185233409066e-01
1.403637135938319104e+18 4.458700470846546082e+00 -1.708429149735600561e+00 7.873788661812017864e-01 -7.113583169930386418e-01 -4.261598092869931520e-01 2.859747883504923927e-01 4.801828633147960934e-01
1.403637136438319104e+18 4.464360116416146163e+00 -1.712996632259182750e+00 7.170112425074547380e-01 -7.235895235095692879e-01 -4.329385731394418402e-01 2.797275392546706985e-01 4.590587077245188441e-01
1.403637136538319104e+18 4.470816310269690064e+00 -1.717363616456995867e+00 6.723325196278401306e-01 -7.333018451288633166e-01 -4.349596623278229046e-01 2.801846325190093245e-01 4.411066399165381458e-01
1.403637136938319104e+18 4.473344193143853786e+00 -1.713208180982999318e+00 8.609195710893539077e-01 -7.200526519618640764e-01 -4.305856129716905678e-01 2.867389370094156620e-01 4.624943138106566987e-01
1.403637137038319104e+18 4.468928991943674767e+00 -1.705059002506087884e+00 1.031596235018316099e+00 -7.047428355534892663e-01 -4.015343713926179392e-01 3.000950929358917607e-01 5.020464316397053040e-01
1.403637137938319104e+18 4.477275495942269146e+00 -1.718106925884298253e+00 6.616034404792442425e-01 -7.312595908076534590e-01 -4.372892692948696647e-01 2.726377672484426862e-01 4.468849445675766030e-01
1.403637138438319104e+18 4.470092727680446743e+00 -1.695993523319959895e+00 1.034184224759394422e+00 -6.855963106138827090e-01 -4.081468127342675611e-01 2.897012813993034008e-01 5.286275112809514232e-01
1.403637138938319104e+18 4.452632771808783474e+00 -1.686683311204171920e+00 8.031272570617944417e-01 -7.053339855156255389e-01 -4.120877582596871869e-01 2.972268576065750789e-01 4.943114842753200677e-01
1.403637150238319104e+18 4.462855863872333018e+00 -1.643680143330662036e+00 6.081367640843193811e-01 -7.027716950046184463e-01 -4.593495420293878806e-01 2.893231094844016527e-01 4.597848206019901629e-01
1.403637150438319104e+18 4.434501556937076039e+00 -1.594664117253046021e+00 6.644118785845880559e-01 -6.965882382781199977e-01 -4.449520784318141686e-01 2.965667891891802799e-01 4.783624292749316109e-01
1.403637150538319104e+18 4.395504978467323021e+00 -1.541692485859015971e+00 7.181458000160985122e-01 -6.949368924928981395e-01 -4.366778486387947189e-01 2.976213221458421376e-01 4.876440510912328219e-01
1.403637150738319104e+18 4.352866570926569700e+00 -1.487964754317181004e+00 7.636212285260053356e-01 -6.942869351405648315e-01 -4.345269793980340856e-01 2.952588591893424708e-01 4.919086926844754570e-01
1.403637150938319104e+18 4.287763654288556658e+00 -1.414687455816551864e+00 8.153978197100981706e-01 -6.817394089257363676e-01 -4.288857519859445855e-01 3.040924153071327130e-01 5.087398087566106231e-01
1.403637151438319104e+18 4.203058836516567531e+00 -1.287491681212111105e+00 9.796106320147179858e-01 -6.903162205972133147e-01 -4.383109397709454846e-01 3.031843674227907015e-01 4.893120425739920787e-01
1.403637152538319104e+18 4.068232502009180962e+00 -1.037574625935512973e+00 1.062772271014612135e+00 -6.876156505938679775e-01 -4.351158663323175801e-01 3.113889192235111958e-01 4.908114107364071055e-01
1.403637153538319104e+18 3.855441349844863641e+00 -5.743231119548595220e-01 1.085364894270197889e+00 -6.956294099267873454e-01 -4.365280995552738297e-01 3.005525042601175367e-01 4.849857054868135231e-01
1.403637155438319104e+18 3.480468888277457040e+00 -4.490054073162097481e-02 1.100663488346239838e+00 -7.476842488118643493e-01 -3.198153686422660069e-01 2.473780039644119799e-01 5.267736869030505975e-01
1.403637156038319104e+18 3.406311938528191252e+00 1.666241358663513861e-01 1.034572251614502392e+00 -7.780894391526502751e-01 -2.388916279196920955e-01 2.019033770368749980e-01 5.447408935724386003e-01
1.403637156738319104e+18 3.750615088113279594e+00 1.174408022085686287e+00 7.029756045354456084e-01 -8.189427417304862011e-01 -1.003325056445361491e-01 1.082195445373071441e-01 5.545761482954177923e-01
1.403637158038319104e+18 4.135942735301910034e+00 1.689128274302464705e+00 7.335049724029042428e-01 -8.034018153482594959e-01 -1.111932625007528985e-01 8.569027713240458255e-02 5.786525363934139632e-01
1.403637158538319104e+18 4.457209158346275402e+00 2.010946611447150367e+00 7.496445195995704580e-01 -8.093484650801602287e-01 -3.576013964582461235e-02 5.838027275401765775e-02 5.833249679535978949e-01
1.403637160038319104e+18 6.058843776082905030e+00 3.088874012550054005e+00 6.123069116852005722e-01 -8.121115401946821244e-01 4.423559185807299926e-02 -2.528743387435539516e-02 5.812732613699319595e-01
1.403637160538319104e+18 6.528798443078766667e+00 3.374364768212926968e+00 5.133992670929494739e-01 -8.032214774069158514e-01 1.444022394943080823e-01 -1.113729498241299021e-01 5.670796394764596737e-01
1.403637160738319104e+18 6.958826090017204535e+00 3.657740028400720877e+00 4.487745917791239325e-01 -8.034333752471809476e-01 1.955888030353241380e-01 -1.396839684946836468e-01 5.447276572854623522e-01
1.403637161238319104e+18 7.512443728718734448e+00 4.039156959168959560e+00 5.897970374669030402e-01 -7.901827921167486890e-01 2.214040712717203208e-01 -1.219933512337851439e-01 5.583090672034949353e-01
1.403637161738319104e+18 7.914364304334284839e+00 4.231747985435156956e+00 6.812204234506372691e-01 -7.698388782098586347e-01 2.341042934101141004e-01 -1.587801294532760754e-01 5.721294887473796775e-01
1.403637161938319104e+18 8.527253539679472638e+00 4.409870029672842584e+00 7.288632960784895420e-01 -7.450735279550579904e-01 2.520070090163403775e-01 -1.664258558046650127e-01 5.946934839620546809e-01
1.403637162538319104e+18 9.084647590229582903e+00 4.339787629015665615e+00 7.168157051065388030e-01 -7.383454151184349890e-01 2.626839364358692919e-01 -1.748109315891521465e-01 5.960573258580711409e-01
1.403637162938319104e+18 9.419376691036596583e+00 4.181531192687080178e+00 6.909107827812530633e-01 -7.150307663934439839e-01 3.145109051361132946e-01 -2.402881113011092473e-01 5.762599389412842443e-01
1.403637163238319104e+18 9.614516026641361179e+00 4.030098348186220925e+00 6.498239267038243838e-01 -6.897781999131380459e-01 3.643773604949835376e-01 -2.865835291217637137e-01 5.561520070263300530e-01
1.403637163438319104e+18 9.838782242536389333e+00 3.755230901492935036e+00 5.809178993693262516e-01 -6.659380932476703929e-01 4.411185530914901731e-01 -2.986947277348492857e-01 5.222282429202117493e-01
1.403637164238319104e+18 1.038399410311347459e+01 2.673364281115703456e+00 7.130933750427712603e-01 -6.673969913607076254e-01 4.547220962105573694e-01 -3.014654004545723187e-01 5.068803443312008827e-01
1.403637164738319104e+18 1.061158840644739598e+01 2.151467952715766963e+00 7.581845148373604903e-01 -6.737496743769266772e-01 4.517946700983375696e-01 -2.874670121307719706e-01 5.092206489178596751e-01
1.403637164938319104e+18 1.077778044052111639e+01 1.782698304432033032e+00 7.574492333653294329e-01 -6.715399132824878548e-01 4.425138281754096292e-01 -3.160062971924243458e-01 5.033444912550708583e-01
1.403637165038319104e+18 1.094137689294095850e+01 1.405537769675431869e+00 7.409961024788770390e-01 -6.540096215259419976e-01 4.580881720056841910e-01 -3.396402830683692975e-01 4.970624907767866585e-01
1.403637165238319104e+18 1.108781695374910470e+01 1.026819258696516357e+00 7.214757702983175536e-01 -6.350675357397851384e-01 4.884442232281978047e-01 -3.642305657090062487e-01 4.748131852083477544e-01
1.403637165438319104e+18 1.121455185517828212e+01 6.591812297840218271e-01 7.312817894480252434e-01 -6.273034319872023978e-01 5.171956088968275855e-01 -3.733049739107171527e-01 4.468137227172370163e-01
1.403637166438319104e+18 1.169395009129573992e+01 -6.003087421977550964e-01 6.813807095348127785e-01 -6.376745389673462716e-01 4.577508858706481609e-01 -4.212644250448495109e-01 4.542814029090903039e-01
1.403637166738319104e+18 1.137637149234505785e+01 -5.517791183715756720e-01 5.539035141529311534e-01 -6.705604121202218826e-01 4.556621987935743912e-01 -3.774046847892678080e-01 4.475336838572901432e-01
1.403637168238319104e+18 1.078276973184700083e+01 3.880267524723082229e-01 3.694572001286393625e-01 -6.895692706250743376e-01 4.239165944614827208e-01 -3.409123194736579099e-01 4.780875781495188548e-01
1.403637169438319104e+18 9.981865592436058421e+00 1.843349419750837770e+00 3.203920949582605981e-02 -7.241833779546894556e-01 3.495642217553735498e-01 -3.118239093662590888e-01 5.060920267206728829e-01
1.403637170038319104e+18 9.307354227060347540e+00 2.747079860458330192e+00 -8.362581541610514257e-04 -7.747811411326139819e-01 1.880608035753708329e-01 -2.261779644107768938e-01 5.596345646212604885e-01
1.403637170238319104e+18 9.004602161883397571e+00 3.043838052161378815e+00 -5.224340991271886336e-02 -7.818609071026026980e-01 1.417497488680048157e-01 -1.968461112799673451e-01 5.743275538527709001e-01
1.403637170438319104e+18 8.666161569363815431e+00 3.326499878019183676e+00 -1.257736029704172032e-01 -7.749574366418543470e-01 1.078980239357574117e-01 -1.329271565627627716e-01 6.083825760756007561e-01
1.403637171038319104e+18 7.556728963851645275e+00 3.851240852740896337e+00 -3.433683968609396175e-01 -7.808259471082136249e-01 -4.683821424405661127e-02 2.086767002470415674e-02 6.226407972151591919e-01
1.403637171238319104e+18 7.214277361128411670e+00 3.911079984121889730e+00 -3.494795857542289941e-01 -7.768487143894852176e-01 -8.034306222632520145e-02 4.930972638363322058e-02 6.225910521260904495e-01
1.403637171438319104e+18 6.897517454360217570e+00 3.925278640098802452e+00 -3.345817585086189316e-01 -7.724994514085454789e-01 -1.050500653069352808e-01 4.449138545706683018e-02 6.246835982900589279e-01
1.403637171738319104e+18 6.581205379748799267e+00 3.892934235087144756e+00 -3.201626746245296307e-01 -7.708702118605555986e-01 -1.113046849316104703e-01 3.528797847292002021e-02 6.261989637117200136e-01
1.403637171938319104e+18 6.262551391802382739e+00 3.812710497391322839e+00 -3.258993432917627331e-01 -7.680098551126179895e-01 -1.080929981079456481e-01 2.468016125288248833e-02 6.307675133125220102e-01
1.403637172238319104e+18 5.612804674562530849e+00 3.488774614589976508e+00 -3.538126652071826861e-01 -7.874612575466047870e-01 -7.388060025650293461e-02 4.993220951469595770e-02 6.098796596229776323e-01
1.403637172438319104e+18 5.307803255073242354e+00 3.271155745451631347e+00 -3.338856977720358610e-01 -7.993620616128478407e-01 -5.115969150025263118e-02 7.195731442624644925e-02 5.943274563068907668e-01
1.403637172738319104e+18 4.841464531730668597e+00 2.820775498786447066e+00 -2.313663865868157976e-01 -8.293018660715101298e-01 -2.083204400165826475e-02 6.923514066520818078e-02 5.541037232956415037e-01
1.403637173038319104e+18 4.614024502600617694e+00 2.548388063077381194e+00 -2.353810241834366490e-01 -8.522131059734208147e-01 2.320125648565202203e-02 4.616287709471427608e-02 5.206376018719358623e-01
1.403637173438319104e+18 4.486312996326470959e+00 2.365449329097289333e+00 -3.188376987587590028e-01 -8.297639100529347056e-01 1.180947915845010771e-01 -3.447322881417404401e-03 5.454663965261560277e-01
1.403637173738319104e+18 4.543873612169178067e+00 2.298118482691132058e+00 -4.217149340520957024e-01 -8.358294510153215784e-01 1.847099112339448956e-01 -2.275926686505588825e-02 5.164817453493778521e-01
1.403637174038319104e+18 4.761779251967901416e+00 2.314211832251768186e+00 -4.358177815273071021e-01 -8.023765035370605814e-01 1.627436402224394230e-01 -9.600760910710859353e-02 5.661174729085187707e-01
1.403637175038319104e+18 5.706264174744001494e+00 2.192816533708851878e+00 -2.306858904796483256e-01 -7.537240780633750470e-01 2.809783477865707146e-01 -1.732266807176398304e-01 5.682813557650763236e-01
1.403637175238319104e+18 5.940701502183629579e+00 2.094955803721973098e+00 -2.177938677136557755e-01 -7.260857998962192417e-01 2.986926455943232916e-01 -1.922822133415373891e-01 5.887356495825704084e-01
1.403637175538319104e+18 6.385625301614077820e+00 1.763112822336227792e+00 -2.364028532293591389e-01 -7.374176469027492464e-01 3.199498912623007230e-01 -1.744604361067382259e-01 5.686922167140158191e-01
1.403637175938319104e+18 6.863353559721707242e+00 1.287347253628807753e+00 -1.709792374244309687e-01 -7.348776078001109102e-01 2.916357594038310741e-01 -2.009797023529765470e-01 5.783689519960817371e-01
1.403637177538319104e+18 8.475758670092938374e+00 -9.777400897499317622e-01 -3.016579547371049941e-01 -7.814495091568536278e-01 3.392769233168291820e-01 -2.435180904153566861e-01 4.636019559747748819e-01
1.403637178538319104e+18 1.008492303981122440e+01 -1.008986154336284802e+00 -4.033682886481351204e-01 -6.962849099657678620e-01 3.940706417855793786e-01 -3.424346862488588661e-01 4.925790688714959953e-01
1.403637179238319104e+18 1.038658979946097105e+01 -3.248513923851292784e-01 -4.220140922022220797e-01 -7.041482460585228864e-01 3.957783348366707421e-01 -3.286713551031958946e-01 4.893974842408232440e-01
1.403637180038319104e+18 1.039598304688136921e+01 3.714808843429202589e-01 -6.756946855156408249e-01 -7.013293269205284064e-01 3.952880242849337034e-01 -3.326608110506718563e-01 4.911428894417811941e-01
1.403637180438319104e+18 1.027336154299370108e+01 9.033982420746751174e-01 -7.882289138454583455e-01 -7.183850672248800473e-01 4.103975294525591955e-01 -3.099942483402998716e-01 4.684018883431971259e-01
1.403637181238319104e+18 1.005021819104684688e+01 1.811892908685476922e+00 -6.978231644154578861e-01 -6.988172192943952199e-01 4.032197943667004125e-01 -3.443062278040061597e-01 4.801265592985881625e-01
1.403637181438319104e+18 9.927136186404762697e+00 2.153331152432758966e+00 -6.064894708997388140e-01 -6.864616566690182609e-01 4.082209710458404306e-01 -3.439653041640945430e-01 4.937751535394628855e-01
1.403637182038319104e+18 9.444637412392207665e+00 3.162024987243570173e+00 -2.828595683403953287e-01 -6.807466606058868441e-01 4.262223195146461197e-01 -3.361337019069312038e-01 4.918664990257319847e-01
1.403637182238319104e+18 9.260885125956541231e+00 3.483442429380486871e+00 -2.012447319437928317e-01 -6.697129493971304415e-01 4.246000951102727461e-01 -3.323329050663320072e-01 5.106409353472521895e-01
1.403637182438319104e+18 8.834604349613996988e+00 4.033696153133082163e+00 -5.674510587831971264e-02 -6.593524529091672193e-01 4.091388024056459294e-01 -3.374579440686923948e-01 5.328995394947059205e-01
1.403637183938319104e+18 6.378759570322202421e+00 4.263430768703052820e+00 -4.749230064655363126e-02 -6.507767762560856539e-01 4.690380536473100492e-01 -2.602208760984182079e-01 5.373806726698041603e-01
1.403637184438319104e+18 5.978838137078271942e+00 3.842252805489122292e+00 -1.207974855729538333e-01 -6.822933330482461312e-01 4.505688429187784116e-01 -2.903618059720783351e-01 4.971453983508056229e-01
1.403637184938319104e+18 5.541410115610014842e+00 3.256774156062402170e+00 -2.300096227932038051e-01 -7.056639520974369306e-01 4.542998875576144679e-01 -2.807958870719025612e-01 4.656218086375119025e-01
1.403637185538319104e+18 5.264695102987499098e+00 2.273462721211484183e+00 -6.920850093173824824e-02 -7.064450577551264487e-01 4.453911500858100947e-01 -3.000937764654596496e-01 4.609835453953800566e-01
1.403637185938319104e+18 5.372448221578080663e+00 1.843360893472187456e+00 6.774400615008197013e-02 -6.919846902382268405e-01 4.324930553707896363e-01 -3.204431974982999698e-01 4.810645514990789517e-01
1.403637189238319104e+18 7.617127494368888918e+00 -7.858770797259386764e-01 -9.122210194464430710e-02 -6.226661038670946446e-01 5.251690458110966908e-01 -3.597750798952731865e-01 4.550233931384018438e-01
1.403637190438319104e+18 8.863830179738732440e+00 -2.012557211051409833e+00 5.977395163717302840e-02 -6.418699838063788299e-01 4.841393297584067335e-01 -3.602622844325752416e-01 4.730994818057848161e-01
1.403637191538319104e+18 9.148740566896506721e+00 -2.527716638128688409e+00 2.276257251548763350e-02 -6.569226985143690190e-01 4.758161984187917470e-01 -3.633144535646176676e-01 4.583166169035670645e-01
1.403637191938319104e+18 9.442580682352673449e+00 -2.747881151073376493e+00 3.711686522775230479e-01 -6.708583474647280553e-01 4.951810856527205651e-01 -3.496588789014025145e-01 4.271808030027823277e-01
1.403637193938319104e+18 1.045271150606176747e+01 -2.233628562016318320e+00 7.165772742507452442e-01 -6.602369490057247159e-01 4.809239307022352139e-01 -3.665285963052539731e-01 4.454841547530327128e-01
1.403637194738319104e+18 1.111205518242726598e+01 -1.673068082452696670e+00 8.323377289157640746e-01 -6.601275859461326334e-01 4.900348323042668097e-01 -3.607755192026138591e-01 4.403844435780459032e-01
1.403637195238319104e+18 1.152220863090034264e+01 -1.244983197226452010e+00 8.287448721895291914e-01 -6.526094461571089189e-01 4.769889639611990528e-01 -3.664511295937633584e-01 4.607559100708183419e-01
1.403637195738319104e+18 1.187260230992941779e+01 -6.975551428757249539e-01 9.066716297654964229e-01 -6.721843337775551541e-01 4.286081762891827407e-01 -3.974981923090961100e-01 4.543769797790002674e-01
1.403637197538319104e+18 1.090337803542098882e+01 1.542405129082212945e+00 7.202979551899065802e-01 -7.345448145710621324e-01 3.313635239721041681e-01 -2.812458113495010514e-01 5.210978065257168002e-01
1.403637197738319104e+18 1.061426304731730141e+01 1.846563864522614340e+00 7.658793410140580793e-01 -7.629558476821524104e-01 2.544664182154288135e-01 -2.443442926140919624e-01 5.417020243225401099e-01
1.403637197938319104e+18 1.031080781895929732e+01 2.142835546897967625e+00 8.370927849180239688e-01 -7.805554208725591359e-01 1.878400131303643306e-01 -2.117321018884916750e-01 5.573319311178287494e-01
1.403637198538319104e+18 8.992443725547779820e+00 3.107372414325706877e+00 1.143437656700360572e+00 -7.896604785703011942e-01 5.368299887877860804e-02 -1.543381723951632867e-01 5.913832875193759664e-01
1.403637198938319104e+18 8.284801377378382625e+00 3.447560399475622539e+00 1.106760550846769053e+00 -7.710328122616141311e-01 6.661109196143052968e-02 -1.272367004621516862e-01 6.203887385334756477e-01
1.403637199538319104e+18 6.680166888636372313e+00 3.814476269091022331e+00 1.108177881348450633e+00 -7.779622252089154477e-01 -2.173360009600406803e-02 -2.983858921390053140e-02 6.272257052836592850e-01
1.403637199738319104e+18 6.138122297333472588e+00 3.840104569539969148e+00 1.087575504579171737e+00 -7.696475249906655769e-01 -5.610135933484349663e-02 3.446930575300991006e-02 6.350647145901208157e-01
1.403637199938319104e+18 5.618876495161878815e+00 3.816258217230117822e+00 9.969751262512267509e-01 -7.464495588617537924e-01 -9.330479536359428949e-02 1.180215226884537005e-01 6.482115329269836357e-01
1.403637200538319104e+18 4.467268978425980031e+00 3.390611538144389314e+00 6.585614600885298930e-01 -7.615353972502014734e-01 -2.372217105511888191e-01 1.752854341761646562e-01 5.771175923014465470e-01
1.403637201538319104e+18 3.475968234231506138e+00 2.006595106442516041e+00 6.017617690772463224e-01 -8.218866776658363404e-01 -1.157714649963227788e-01 1.585725048083777289e-01 5.347466855313979250e-01
1.403637202438319104e+18 4.028721046516297477e+00 1.948730072984522943e+00 6.750017339055514043e-01 -8.005460973182544349e-01 -1.678133322809718386e-01 9.727002232668734150e-02 5.670124992747810344e-01
1.403637206038319104e+18 4.859533548294569627e+00 9.136343401490911731e-01 7.173297033984903370e-01 -7.966210565869112914e-01 -1.913725602677664728e-01 1.082518770206057496e-01 5.630745656664213339e-01
1.403637209538319104e+18 4.663090285134673607e+00 8.508116328161297037e-01 7.784318613152796384e-01 -8.368564612736030250e-01 -2.303778734084863944e-01 1.132760764622806476e-01 4.834933600058197167e-01
1.403637211038319104e+18 3.569631395757117520e+00 2.040680439091046239e+00 4.167245981472630367e-01 -8.038875941563022876e-01 -2.025205499945801069e-01 1.530904187359690971e-01 5.378786912331909864e-01
1.403637211438319104e+18 3.049710808676846963e+00 2.816962378332548145e+00 1.673087562340371814e-01 -8.019953956548451224e-01 -1.981550271458744072e-01 1.474362481019746707e-01 5.438754667300770285e-01
1.403637212038319104e+18 2.607112181926938277e+00 3.630751689250965253e+00 8.319134272657735529e-02 -7.900142109659041845e-01 -1.972129174423617459e-01 1.441069261584958516e-01 5.623324688286653883e-01
1.403637212438319104e+18 2.237864758225755146e+00 4.413390170281808800e+00 1.427174010588094788e-01 -7.989163685628636324e-01 -1.985242654055605627e-01 1.314801354835535285e-01 5.522985841560121845e-01
1.403637213038319104e+18 1.893515092442016545e+00 5.154500748663061849e+00 2.507425297040575263e-01 -8.004214723881306615e-01 -2.057206990350958775e-01 1.305724271733778863e-01 5.476817522892120094e-01
1.403637213438319104e+18 1.604752193951349160e+00 5.745403662556343605e+00 2.637792039793223076e-01 -7.907106140397199834e-01 -2.137439233032694397e-01 1.218141564320860820e-01 5.605814582989652184e-01
1.403637213938319104e+18 1.191244028579088621e+00 6.411901746853909678e+00 1.948238783880100744e-01 -7.816720992164537529e-01 -2.287944981919205478e-01 1.240326171690159518e-01 5.667960098499756905e-01
1.403637214738319104e+18 3.844379424909254439e-01 7.048432124694198109e+00 3.401711551697998992e-01 -7.060690143803899366e-01 -3.565747928139468836e-01 1.772407258396141716e-01 5.855823504558881343e-01
1.403637215238319104e+18 -1.691931848701981878e-01 6.956582900534269420e+00 4.062509519536408042e-01 -6.925120512821335561e-01 -3.493376414978959232e-01 2.211806907572193281e-01 5.911593466214146719e-01
1.403637215538319104e+18 -4.434484091945334328e-01 6.704949371342936004e+00 4.426514164194248480e-01 -6.702873775910415111e-01 -3.889912023172409361e-01 2.727941407016437059e-01 5.700737081823398222e-01
1.403637216538319104e+18 -8.410159668773919961e-01 5.338384420428829102e+00 6.745315510867078146e-01 -6.301586329082075055e-01 -4.457232762285114336e-01 3.732351874947425485e-01 5.147099699978091580e-01
1.403637217738319104e+18 9.527695612767894673e-02 4.131117860372174100e+00 6.826013877732168833e-01 -5.991797397546615445e-01 -4.936226758629463363e-01 3.824714208738253518e-01 5.010348346733967118e-01
1.403637218538319104e+18 1.472545412878647930e+00 3.301748249754364206e+00 6.487572642087213737e-01 -5.847946502926520962e-01 -5.358887363770090673e-01 3.932950711576463920e-01 4.649273773574208457e-01
1.403637218938319104e+18 2.260829779686457375e+00 2.849951264596846556e+00 5.462319929628809412e-01 -5.822529332195786056e-01 -5.452876547373539662e-01 3.714642052891793944e-01 4.750339351426503542e-01
1.403637219538319104e+18 3.436576660848377429e+00 2.034426151686768769e+00 4.497433783685714781e-01 -6.127552310746540165e-01 -5.517765334909651154e-01 3.566264892560698230e-01 4.391938422157481980e-01
1.403637219938319104e+18 4.250245078503090745e+00 1.316092524292208132e+00 5.617090037486480725e-01 -6.201493392926846759e-01 -5.521197171459183428e-01 3.545688333320338170e-01 4.299529710830226059e-01
1.403637220438319104e+18 4.872149443146323478e+00 6.560128185310012405e-01 7.794588645170926755e-01 -6.260218949884568396e-01 -5.308884987381491394e-01 3.795593960829913849e-01 4.268356284891543506e-01
1.403637220938319104e+18 5.300010940860644837e+00 2.222627355642159408e-01 8.546665467907634817e-01 -6.379153617853160485e-01 -5.282161979799676610e-01 3.646286764815501180e-01 4.255555988084407382e-01
1.403637221938319104e+18 5.965484734916424614e+00 -4.917102598578733108e-01 6.859771135421821597e-01 -7.038181216820313946e-01 -4.500322745069951225e-01 3.043828216522997954e-01 4.576702976783856847e-01
1.403637223038319104e+18 6.156490404954038986e+00 -1.061711583813417015e+00 6.932466142380094842e-01 -7.111225930399668327e-01 -4.186387889257214279e-01 2.655125031220802456e-01 4.985472221974225349e-01
1.403637229538319104e+18 5.953046034814623688e+00 -1.522219872653111983e+00 5.682543971436789798e-01 -7.672051028102694348e-01 -3.217769634080343555e-01 2.467103426848015202e-01 4.969808073297555251e-01
1.403637230938319104e+18 5.982014295423303984e+00 -1.440272354276407318e+00 5.644637277366457706e-01 -8.295633857348637674e-01 -5.869885568935307579e-02 5.412681800531198018e-02 5.526746972329112939e-01
1.403637231238319104e+18 6.031675144441227765e+00 -1.375710720505689766e+00 4.966548300852100528e-01 -8.274688547732793609e-01 5.789274386308183168e-02 -1.262869762108590442e-02 5.583764326908829956e-01
1.403637231538319104e+18 6.138422233204138934e+00 -1.292101301447006190e+00 2.963477036601823711e-01 -8.134600778560772127e-01 1.806896561206656482e-01 -8.577813643387270648e-02 5.461465565352511264e-01
1.403637232438319104e+18 6.923420597034443347e+00 -1.077871603690995439e+00 5.701992523150167802e-02 -7.034146608327001005e-01 4.362913467045840821e-01 -2.375428596388482472e-01 5.083611566110419755e-01
1.403637233538319104e+18 8.286897249453055281e+00 -1.283074628779385273e+00 1.592892919419059972e-01 -7.341603839858363845e-01 4.327307189082384986e-01 -3.134856015509399629e-01 4.189026535117363892e-01
1.403637233738319104e+18 9.069989927173995881e+00 -1.165317865791096530e+00 8.413139109794909309e-03 -7.292750811184756099e-01 3.598636523674085264e-01 -3.958219787146190494e-01 4.265922748138712972e-01
1.403637234238319104e+18 9.710282749485932285e+00 -5.258949150188916288e-01 -2.398982782014663639e-01 -7.086186043548141633e-01 3.563471441193358236e-01 -3.885450586139846951e-01 4.689446916928306508e-01
1.403637234938319104e+18 9.917193265541989433e+00 4.193841638905886349e-01 -5.380385941225420687e-01 -7.179613364918000507e-01 3.294247330273572527e-01 -2.833348101753894177e-01 5.438126974571658723e-01
1.403637235438319104e+18 9.804678876094619966e+00 1.445823576035257130e+00 -7.275806385884696637e-01 -7.800147319850578853e-01 2.612291073911693351e-01 -2.128486222712375475e-01 5.272872417716242266e-01
1.403637235738319104e+18 9.685185767072727714e+00 1.948958594727234317e+00 -7.224842710589065575e-01 -7.792246085726455274e-01 1.892699057256303774e-01 -2.223472259581927846e-01 5.545697641326242655e-01
1.403637236038319104e+18 9.543122729292015549e+00 2.288236437398235790e+00 -6.867915020838812890e-01 -7.874213884987795176e-01 1.420204151965583361e-01 -2.153615532674493793e-01 5.598367261767334124e-01
1.403637236238319104e+18 9.330631474173790352e+00 2.632765410408725693e+00 -6.170489020266214375e-01 -7.951392661243660287e-01 1.039936975527380458e-01 -1.920003086944790105e-01 5.657514823645968249e-01
1.403637236438319104e+18 9.049662598054727169e+00 2.979005191477031467e+00 -5.162838362012698301e-01 -7.979751379353402507e-01 8.155980822583987211e-02 -1.558317085758927911e-01 5.764548165481463426e-01
1.403637237038319104e+18 7.919349791177568321e+00 3.876402705821632377e+00 -2.171195157659913944e-01 -7.432013953445887333e-01 3.274713185046340680e-02 -8.317475395966009155e-02 6.630695827868857695e-01
1.403637237238319104e+18 7.468309795371165904e+00 4.028147678466725168e+00 -7.929737735411981903e-02 -7.396032633962694725e-01 1.540612390178543178e-02 -4.711211217013296787e-02 6.712153998581827929e-01
1.403637237438319104e+18 7.006327533908519811e+00 4.076881383238267986e+00 8.390897848500167289e-02 -7.440012460473824918e-01 2.836776623367710370e-03 -2.267193241317219318e-02 6.677874527564768847e-01
1.403637237938319104e+18 6.135165491755480538e+00 3.886284764695742133e+00 4.439680709834375461e-01 -7.573030319153996048e-01 2.311923607519058774e-02 1.697997280480665824e-02 6.524333677078378857e-01
1.403637238538319104e+18 5.102993373567051627e+00 2.840118898904256284e+00 8.879096736337479534e-01 -7.807159680172691685e-01 2.868193309108747480e-01 -1.585427418457468346e-02 5.549467458133043873e-01
1.403637239038319104e+18 5.376887615878519711e+00 2.037507904762176913e+00 1.063767046850496945e+00 -8.186098006981551434e-01 3.128869585353785121e-01 -7.812424806257416143e-02 4.752645024026777021e-01
1.403637239538319104e+18 6.124609824219427345e+00 1.558202617843608140e+00 1.130862691691647326e+00 -7.765327503284449318e-01 3.600845888667926764e-01 -1.574135333174165874e-01 4.925007168081080300e-01
1.403637239738319104e+18 6.583497850809436613e+00 1.343426905947646466e+00 1.063977161295836416e+00 -7.395545001316340405e-01 3.877803292308337757e-01 -2.181983944902552985e-01 5.050495205804574894e-01
1.403637239938319104e+18 7.056225026161202507e+00 1.126619224242493722e+00 9.533864089240777773e-01 -6.999884641829520193e-01 4.149886984717449656e-01 -2.800200198010580621e-01 5.093027770021817391e-01
1.403637240538319104e+18 8.643099869005698821e+00 3.805456832855760307e-01 5.427176027103686184e-01 -6.697704472529321107e-01 5.040989296559023058e-01 -3.448284621222528212e-01 4.223566606752906516e-01
1.403637240938319104e+18 9.759584572416375892e+00 2.236102076611046208e-02 4.038981449053252737e-01 -6.640586388702494069e-01 4.760398187515111346e-01 -3.668429457253120640e-01 4.447903644149635571e-01
1.403637241538319104e+18 1.073013173116016361e+01 -1.414882914277715287e-01 2.205493068607302654e-01 -6.698349853744667293e-01 4.378438291705739061e-01 -3.980827586623532088e-01 4.484907924154163950e-01
1.403637241938319104e+18 1.146934444994510827e+01 -3.042639452436080028e-02 1.970558916407423311e-01 -6.535828052450042280e-01 4.333497148022678602e-01 -4.062370237717534138e-01 4.690511932464639933e-01
1.403637242738319104e+18 1.155139855219056955e+01 4.338274073729153635e-01 2.400267596466636455e-01 -6.681656620925057188e-01 3.888949306460678934e-01 -3.759631239758006171e-01 5.108494008302544298e-01
1.403637243238319104e+18 1.124512539135417910e+01 7.895511258760772311e-01 2.556645649109605678e-01 -6.876857091109832565e-01 3.952710021160986686e-01 -3.509955028205083982e-01 4.976458151842914068e-01
1.403637244738319104e+18 9.761852015505400715e+00 2.010737844776954830e+00 8.617144081442307257e-01 -7.335851593454818520e-01 3.909571926539667230e-01 -2.851963112180740390e-01 4.771460484671301572e-01
1.403637245738319104e+18 9.419355244389816306e+00 2.952074511024676884e+00 1.036906929771265640e+00 -7.592209351176855137e-01 3.100635630469082971e-01 -2.364485530692440884e-01 5.210913934245545720e-01
1.403637246038319104e+18 9.347510609885457455e+00 3.296074628961973563e+00 9.934684613516775453e-01 -7.824142218264711346e-01 2.083014210932333521e-01 -1.742617387986478972e-01 5.604206900580038786e-01
1.403637246538319104e+18 9.210459485684943104e+00 3.700658201513023826e+00 8.675930526977047030e-01 -7.962793434337160914e-01 3.572476677881104845e-02 -8.432800956758189359e-02 5.979562986220139376e-01
1.403637246738319104e+18 9.027665579294287923e+00 3.933808082259093730e+00 7.752941066227605482e-01 -7.900671762649922325e-01 -6.393479498441005660e-02 -1.691943277725553238e-02 6.094423120964437279e-01
1.403637247038319104e+18 8.700099988008403784e+00 4.134870198732817137e+00 6.871863799265084394e-01 -8.067795133695234711e-01 -1.019357654424837140e-01 3.363771858258605973e-02 5.810201549167193225e-01
1.403637247438319104e+18 8.100688277448735874e+00 4.263371185351925163e+00 5.177258741887635907e-01 -7.725695167945894060e-01 -1.472261568837728019e-01 4.844486212825930421e-02 6.157222553898660244e-01
1.403637248038319104e+18 7.746759097996312349e+00 4.169186379415499744e+00 4.795821218615649029e-01 -7.836967590099999104e-01 -1.807564825674730091e-01 8.947065644711021948e-02 5.874874343864555648e-01
1.403637248738319104e+18 6.771266462676779341e+00 3.725613904119211561e+00 4.036209245848387805e-01 -7.933576353713635010e-01 -1.841109390756150710e-01 9.741569144651893164e-02 5.720113701410576290e-01
1.403637249238319104e+18 6.251027955148092730e+00 3.444205447253221752e+00 4.964552923426029940e-01 -7.932133180912475101e-01 -1.760076959905290117e-01 9.364323237584244730e-02 5.753823667657737007e-01
1.403637250038319104e+18 5.323516923898774067e+00 2.866089615801508117e+00 4.306330920689236952e-01 -7.856578741006260413e-01 -1.961788772451273366e-01 1.335474600603510087e-01 5.713323278950310780e-01
1.403637250238319104e+18 4.952453971349210171e+00 2.586704059660542843e+00 4.261857270320433266e-01 -7.852656404379860788e-01 -2.108604133380040380e-01 1.691203404489256823e-01 5.570404567721134459e-01
1.403637252738319104e+18 4.030843888872042591e+00 1.133781016578171652e+00 8.695196523890413864e-01 -7.415633845174316452e-01 -3.420789281496641743e-01 2.253790807787069139e-01 5.312909029960647400e-01
1.403637256738319104e+18 4.565408948765678154e+00 -2.779285112556670878e-01 9.400425996955122931e-01 -6.708242927282515033e-01 -4.623788581052708513e-01 3.294941152167263909e-01 4.771102471132363521e-01
1.403637257238319104e+18 4.666503685913945709e+00 -5.926967639420073208e-01 9.776244311869719539e-01 -6.503549456852043553e-01 -4.926361436274954153e-01 3.319314524939190325e-01 4.734655060930016979e-01
1.403637257738319104e+18 4.721506958575568902e+00 -8.474550229143524849e-01 9.661928968871186241e-01 -6.537322968730466810e-01 -5.090181850566271038e-01 3.379000416460994916e-01 4.464953898556089928e-01
1.403637258438319104e+18 4.682830363192901579e+00 -1.259367811191421715e+00 9.056916595611215204e-01 -5.996817047518068211e-01 -5.545162319461244271e-01 3.978633327096283701e-01 4.178496978333552936e-01
1.403637259438319104e+18 4.645561596280044725e+00 -1.668219840403283971e+00 8.396428882988129505e-01 -5.936418383968354862e-01 -5.530756134914120992e-01 3.929554931222613012e-01 4.327617287734256135e-01
1.403637261438319104e+18 4.681195077013007300e+00 -1.806140568000934143e+00 6.107314995727639584e-01 -6.040987763611364025e-01 -5.622499045449371735e-01 3.839039078591701681e-01 4.141950057263416585e-01
1.403637261938319104e+18 4.627514043917328124e+00 -1.855221991358877887e+00 6.205799216651436412e-01 -5.950158793564479520e-01 -5.515186718043685321e-01 3.954958420851797940e-01 4.305418642340754221e-01
1.403637262238319104e+18 4.601817086998245543e+00 -1.878089366940731697e+00 5.872809805652157156e-01 -5.974274973656952259e-01 -5.447872953748064129e-01 4.022066955339226868e-01 4.295543763684042671e-01
