1.403637130538319111e+09 -0.000000000000000000e+00 -0.000000000000000000e+00 -0.000000000000000000e+00 -0.000000000000000000e+00 -0.000000000000000000e+00 -0.000000000000000000e+00 1.000000000000000000e+00
1.403637133438319206e+09 5.985247902572154999e-03 -3.157070651650428772e-02 -1.771711185574531555e-02 -4.550792276859283447e-03 1.111759245395660400e-02 -4.604401998221874237e-03 9.999172687530517578e-01
1.403637133738319159e+09 2.207129634916782379e-02 -7.748540490865707397e-02 -3.680894523859024048e-02 -2.408981695771217346e-02 2.234965004026889801e-02 -1.462129293940961361e-03 9.994589090347290039e-01
1.403637133838319302e+09 2.703654207289218903e-02 -1.287358403205871582e-01 -5.315396934747695923e-02 -2.531129121780395508e-02 3.038534149527549744e-02 -1.069480553269386292e-03 9.992172122001647949e-01
1.403637133938319206e+09 2.750958688557147980e-02 -2.161881774663925171e-01 -7.448165118694305420e-02 -3.098056092858314514e-02 3.908065706491470337e-02 1.725717098452150822e-03 9.987542629241943359e-01
1.403637134038319111e+09 2.272303774952888489e-02 -3.296501040458679199e-01 -1.026189774274826050e-01 -3.223818540573120117e-02 4.630935937166213989e-02 2.072760398732498288e-04 9.984068274497985840e-01
1.403637134138319254e+09 1.669034175574779510e-02 -4.476463794708251953e-01 -1.317006647586822510e-01 -3.074951097369194031e-02 5.621770396828651428e-02 -7.586925290524959564e-03 9.979160428047180176e-01
1.403637134238319159e+09 9.583205915987491608e-03 -5.630807280540466309e-01 -1.568153798580169678e-01 -2.259315177798271179e-02 6.817203015089035034e-02 -1.639799959957599640e-02 9.972829222679138184e-01
1.403637134338319302e+09 1.898683607578277588e-03 -6.620293855667114258e-01 -1.794712245464324951e-01 -6.284690462052822113e-03 7.103954255580902100e-02 -1.906416937708854675e-02 9.972714781761169434e-01
1.403637134538319111e+09 -1.160687766969203949e-03 -7.326434850692749023e-01 -1.891338825225830078e-01 1.389663945883512497e-02 7.514353096485137939e-02 -8.685991168022155762e-03 9.970381259918212891e-01
1.403637134738319159e+09 2.820717357099056244e-02 -5.682105422019958496e-01 -1.359594762325286865e-01 -1.270747184753417969e-02 7.612597197294235229e-02 -1.092550437897443771e-02 9.969574213027954102e-01
1.403637134838319302e+09 4.280488565564155579e-02 -4.328352510929107666e-01 -1.007418110966682434e-01 -3.863405063748359680e-02 7.080875337123870850e-02 -8.134400472044944763e-03 9.967082738876342773e-01
1.403637134938319206e+09 5.196845531463623047e-02 -3.005451858043670654e-01 -7.307712733745574951e-02 -6.220749393105506897e-02 6.670487672090530396e-02 -2.650421811267733574e-04 9.958316683769226074e-01
1.403637135038319111e+09 5.673164874315261841e-02 -1.970992237329483032e-01 -5.489089712500572205e-02 -7.181858271360397339e-02 6.300134211778640747e-02 7.118527311831712723e-03 9.954005479812622070e-01
1.403637135138319254e+09 5.595090240240097046e-02 -4.425469934940338135e-01 -1.165163591504096985e-01 -6.049308180809020996e-02 7.413791120052337646e-02 -1.070807687938213348e-02 9.953539967536926270e-01
1.403637135638319254e+09 4.010579735040664673e-02 -7.417081594467163086e-01 -1.739440560340881348e-01 -1.734436862170696259e-02 8.532146364450454712e-02 -1.433033589273691177e-02 9.960994720458984375e-01
1.403637135938319206e+09 5.744575336575508118e-02 -4.060049653053283691e-01 -6.075699999928474426e-02 -6.233045831322669983e-02 8.520020544528961182e-02 -5.970590747892856598e-03 9.943944215774536133e-01
1.403637136438319206e+09 6.116131693124771118e-02 -2.735419273376464844e-01 -3.968414291739463806e-02 -8.740063756704330444e-02 8.124607056379318237e-02 -1.146509021054953337e-04 9.928545951843261719e-01
1.403637136538319111e+09 6.267763674259185791e-02 -1.878630071878433228e-01 -3.213845193386077881e-02 -1.044237315654754639e-01 7.565917074680328369e-02 9.801627136766910553e-03 9.916024208068847656e-01
1.403637136838319302e+09 5.422007292509078979e-02 -3.600088953971862793e-01 -8.611670136451721191e-02 -1.023128852248191833e-01 7.343511283397674561e-02 5.948426201939582825e-03 9.920201897621154785e-01
1.403637136938319206e+09 4.926643148064613342e-02 -5.333999395370483398e-01 -1.241137981414794922e-01 -7.945270836353302002e-02 7.798404991626739502e-02 1.968430820852518082e-03 9.937816262245178223e-01
1.403637137038319111e+09 4.080729931592941284e-02 -8.500590324401855469e-01 -1.931454688310623169e-01 -2.932581305503845215e-02 9.505692869424819946e-02 5.891937296837568283e-03 9.950223565101623535e-01
1.403637137338319302e+09 6.718871742486953735e-02 -3.821368813514709473e-01 -5.860057845711708069e-02 -6.936717778444290161e-02 9.324714541435241699e-02 -4.566694609820842743e-03 9.932131767272949219e-01
1.403637137838319302e+09 6.639381498098373413e-02 -2.489627450704574585e-01 -3.991657495498657227e-02 -8.790735155344009399e-02 8.669802546501159668e-02 6.973958807066082954e-04 9.923483729362487793e-01
1.403637137938319206e+09 6.664007157087326050e-02 -1.653388440608978271e-01 -3.870960325002670288e-02 -1.038598343729972839e-01 8.127284795045852661e-02 1.555636059492826462e-03 9.912645816802978516e-01
1.403637138138319254e+09 7.702389359474182129e-02 -4.009109139442443848e-01 -9.818102419376373291e-02 -1.032487004995346069e-01 7.725876569747924805e-02 -1.270715333521366119e-02 9.915691614151000977e-01
1.403637138338319302e+09 7.543741911649703979e-02 -5.802969932556152344e-01 -1.333304047584533691e-01 -7.008484750986099243e-02 8.468279987573623657e-02 -2.139399014413356781e-02 9.937098622322082520e-01
1.403637138438319206e+09 5.743221938610076904e-02 -8.567266464233398438e-01 -1.911995708942413330e-01 -9.711535647511482239e-03 1.032685562968254089e-01 -2.189864031970500946e-02 9.943650364875793457e-01
1.403637138938319206e+09 9.068228304386138916e-02 -4.431409239768981934e-01 -4.519373551011085510e-02 -3.990380465984344482e-02 8.862929046154022217e-02 7.429183460772037506e-04 9.952648282051086426e-01
1.403637139138319254e+09 8.693107217550277710e-02 -1.881574541330337524e-01 2.276576310396194458e-02 -5.586984753608703613e-02 7.170306891202926636e-02 1.206552516669034958e-02 9.957870244979858398e-01
1.403637139338319302e+09 8.474477380514144897e-02 -8.102317899465560913e-02 6.039826199412345886e-02 -5.876899138092994690e-02 6.070180237293243408e-02 5.261792801320552826e-03 9.964104890823364258e-01
1.403637139638319254e+09 8.800647407770156860e-02 -2.384845167398452759e-02 7.996279746294021606e-02 -1.868920587003231049e-02 5.202602222561836243e-02 1.070849038660526276e-02 9.984134435653686523e-01
1.403637140338319302e+09 1.345599144697189331e-01 -2.494294568896293640e-02 4.799132794141769409e-02 -6.757495552301406860e-02 4.118256643414497375e-02 -6.809119600802659988e-03 9.968406558036804199e-01
1.403637150138319254e+09 1.643670350313186646e-01 -4.954258725047111511e-02 4.590609297156333923e-02 -8.214441686868667603e-02 4.795905947685241699e-02 -1.717297546565532684e-02 9.953177571296691895e-01
1.403637150238319159e+09 1.971016675233840942e-01 -9.312523156404495239e-02 5.470356345176696777e-02 -8.249403536319732666e-02 5.470401793718338013e-02 -2.227379009127616882e-02 9.948397278785705566e-01
1.403637150338319302e+09 2.293876409530639648e-01 -1.526368409395217896e-01 7.541406154632568359e-02 -7.411395013332366943e-02 5.984079092741012573e-02 -2.270723134279251099e-02 9.951937198638916016e-01
1.403637150438319206e+09 2.604223489761352539e-01 -2.209655642509460449e-01 1.054635047912597656e-01 -5.872587114572525024e-02 6.282811611890792847e-02 -1.902242377400398254e-02 9.961135387420654297e-01
1.403637150538319111e+09 3.245001435279846191e-01 -3.496033549308776855e-01 1.782637387514114380e-01 -4.827701300382614136e-02 6.962979584932327271e-02 -1.729350350797176361e-02 9.962540268898010254e-01
1.403637150738319159e+09 3.886468410491943359e-01 -4.648194015026092529e-01 2.617873847484588623e-01 -4.540691152215003967e-02 7.386351376771926880e-02 -1.891074143350124359e-02 9.960545897483825684e-01
1.403637150938319206e+09 4.730303287506103516e-01 -6.060637235641479492e-01 3.927068710327148438e-01 -2.227947488427162170e-02 7.355308532714843750e-02 -2.279383502900600433e-02 9.967818856239318848e-01
1.403637151438319206e+09 6.282677054405212402e-01 -9.757135510444641113e-01 5.351545810699462891e-01 -4.309707880020141602e-02 6.420068442821502686e-02 -1.834237948060035706e-02 9.968372583389282227e-01
1.403637152538319111e+09 9.813948869705200195e-01 -1.250212669372558594e+00 8.741723895072937012e-01 -3.597980365157127380e-02 6.001995503902435303e-02 -1.403482537716627121e-02 9.974498152732849121e-01
1.403637153538319111e+09 1.674679040908813477e+00 -1.502668499946594238e+00 1.500605940818786621e+00 -4.900148883461952209e-02 6.686317920684814453e-02 -1.447535306215286255e-02 9.964531064033508301e-01
1.403637154838319302e+09 2.041988849639892578e+00 -1.603652596473693848e+00 1.943413138389587402e+00 -4.929212480783462524e-02 1.304258555173873901e-01 -1.267738174647092819e-03 9.902312159538269043e-01
1.403637155438319206e+09 2.386297464370727539e+00 -1.826423287391662598e+00 2.451310873031616211e+00 -2.662656828761100769e-02 1.961783170700073242e-01 4.371148347854614258e-02 9.792315363883972168e-01
1.403637156038319111e+09 2.726242542266845703e+00 -1.792207956314086914e+00 2.733681678771972656e+00 -1.938631013035774231e-02 2.844808995723724365e-01 8.149600774049758911e-02 9.550147652626037598e-01
1.403637156338319302e+09 3.187936067581176758e+00 -1.718402624130249023e+00 2.895761966705322266e+00 -1.052130851894617081e-02 3.871714472770690918e-01 1.131141781806945801e-01 9.149823784828186035e-01
1.403637156738319159e+09 4.781636238098144531e+00 -1.310014486312866211e+00 2.870663166046142578e+00 -2.229114063084125519e-02 4.325878024101257324e-01 1.414122730493545532e-01 8.901536464691162109e-01
1.403637158038319111e+09 5.937914848327636719e+00 -1.343274831771850586e+00 2.480049610137939453e+00 -1.302531640976667404e-02 4.469416439533233643e-01 1.074987649917602539e-01 8.879851102828979492e-01
1.403637158538319111e+09 6.711165428161621094e+00 -1.325433731079101562e+00 2.097143650054931641e+00 3.316121175885200500e-03 5.056368112564086914e-01 1.446239203214645386e-01 8.505318760871887207e-01
1.403637158838319302e+09 7.837120056152343750e+00 -1.128018379211425781e+00 1.332545757293701172e+00 -7.253336254507303238e-03 5.424002408981323242e-01 1.614405363798141479e-01 8.244308829307556152e-01
1.403637159638319254e+09 9.023965835571289062e+00 -8.252182006835937500e-01 4.458861351013183594e-01 -2.447647228837013245e-02 5.485108494758605957e-01 1.426463723182678223e-01 8.235221505165100098e-01
1.403637160038319111e+09 9.650700569152832031e+00 -6.976579427719116211e-01 -1.042222976684570312e-02 -6.446886807680130005e-03 5.993204712867736816e-01 1.585822403430938721e-01 7.846177816390991211e-01
1.403637160338319302e+09 1.006447792053222656e+01 -5.635943412780761719e-01 -3.136377334594726562e-01 -3.172706579789519310e-03 6.458013653755187988e-01 1.723282337188720703e-01 7.437967061996459961e-01
1.403637160538319111e+09 1.046512603759765625e+01 -3.979053497314453125e-01 -6.185684204101562500e-01 -1.205039396882057190e-02 6.946111321449279785e-01 1.839835047721862793e-01 6.953561902046203613e-01
1.403637160738319159e+09 1.124686813354492188e+01 -1.769104003906250000e-01 -1.174669265747070312e+00 -2.017334662377834320e-02 7.281233072280883789e-01 2.123077511787414551e-01 6.514253020286560059e-01
1.403637161238319159e+09 1.225631523132324219e+01 -3.075671195983886719e-01 -1.988007545471191406e+00 1.263724546879529953e-02 7.300649285316467285e-01 2.268418818712234497e-01 6.445062756538391113e-01
1.403637161738319159e+09 1.283971405029296875e+01 -3.599538803100585938e-01 -2.621706008911132812e+00 2.001373283565044403e-02 7.588277459144592285e-01 2.031915187835693359e-01 6.184603571891784668e-01
1.403637161938319206e+09 1.353362751007080078e+01 -2.410292625427246094e-01 -3.610665321350097656e+00 5.010783299803733826e-02 7.732167243957519531e-01 1.918202191591262817e-01 6.023539304733276367e-01
1.403637162538319111e+09 1.375634288787841797e+01 3.021717071533203125e-02 -4.617023468017578125e+00 5.454336479306221008e-02 7.819643020629882812e-01 1.912748217582702637e-01 5.907374620437622070e-01
1.403637162938319206e+09 1.368459892272949219e+01 2.581667900085449219e-01 -5.279216766357421875e+00 4.326737672090530396e-02 8.324753642082214355e-01 1.906678676605224609e-01 5.184192657470703125e-01
1.403637163238319159e+09 1.354006099700927734e+01 4.543762207031250000e-01 -5.686868667602539062e+00 4.048138856887817383e-02 8.685988187789916992e-01 1.973144710063934326e-01 4.527297914028167725e-01
1.403637163438319206e+09 1.319624328613281250e+01 7.463831901550292969e-01 -6.202964782714843750e+00 5.314654484391212463e-02 8.897266983985900879e-01 2.439174652099609375e-01 3.821859657764434814e-01
1.403637163838319302e+09 1.251521682739257812e+01 9.489526748657226562e-01 -6.924881935119628906e+00 7.301624119281768799e-02 8.882938623428344727e-01 2.754455804824829102e-01 3.601838350296020508e-01
1.403637164238319159e+09 1.158519554138183594e+01 1.017133235931396484e+00 -7.838288307189941406e+00 4.624528810381889343e-02 8.918779492378234863e-01 2.578878700733184814e-01 3.686585128307342529e-01
1.403637164738319159e+09 1.078821659088134766e+01 1.167297363281250000e+00 -8.556516647338867188e+00 4.980589449405670166e-02 8.846982717514038086e-01 2.646767199039459229e-01 3.804925382137298584e-01
1.403637164938319206e+09 1.023229122161865234e+01 1.335340499877929688e+00 -9.057835578918457031e+00 3.091586381196975708e-02 8.954908251762390137e-01 2.460063397884368896e-01 3.696232438087463379e-01
1.403637165038319111e+09 9.661616325378417969e+00 1.533332824707031250e+00 -9.551954269409179688e+00 3.064919076859951019e-02 9.091768264770507812e-01 2.393756806850433350e-01 3.393485546112060547e-01
1.403637165238319159e+09 9.077853202819824219e+00 1.730261325836181641e+00 -1.001559257507324219e+01 2.570822089910507202e-02 9.230455160140991211e-01 2.473269701004028320e-01 2.935224771499633789e-01
1.403637165438319206e+09 8.498163223266601562e+00 1.862371921539306641e+00 -1.045249462127685547e+01 1.785595528781414032e-02 9.276054501533508301e-01 2.688334286212921143e-01 2.587624490261077881e-01
1.403637165638319254e+09 7.935855865478515625e+00 1.940804481506347656e+00 -1.087340354919433594e+01 -6.107232533395290375e-03 9.330419898033142090e-01 2.699890136718750000e-01 2.376998513936996460e-01
1.403637165838319302e+09 7.199464321136474609e+00 2.109716415405273438e+00 -1.144751167297363281e+01 -4.478411003947257996e-02 9.338576197624206543e-01 2.600389719009399414e-01 2.414210736751556396e-01
1.403637166438319206e+09 6.550244808197021484e+00 2.486630916595458984e+00 -1.198828983306884766e+01 -2.574978396296501160e-02 9.374766945838928223e-01 2.084511965513229370e-01 2.775292992591857910e-01
1.403637166738319159e+09 6.454693317413330078e+00 2.575906753540039062e+00 -1.134588909149169922e+01 -2.745361812412738800e-02 9.170370101928710938e-01 2.453838139772415161e-01 3.131712675094604492e-01
1.403637167838319302e+09 7.067602634429931641e+00 2.445039272308349609e+00 -1.048292446136474609e+01 -2.346723526716232300e-02 8.977269530296325684e-01 2.667080163955688477e-01 3.498608171939849854e-01
1.403637168238319159e+09 7.787862777709960938e+00 2.418631553649902344e+00 -9.682896614074707031e+00 -1.235257461667060852e-02 8.983934521675109863e-01 2.392001301050186157e-01 3.681302666664123535e-01
1.403637168638319254e+09 8.529538154602050781e+00 2.509152889251708984e+00 -8.845589637756347656e+00 -8.691259659826755524e-03 8.956185579299926758e-01 2.466015666723251343e-01 3.701076805591583252e-01
1.403637169138319254e+09 9.507071495056152344e+00 2.455588340759277344e+00 -7.766049385070800781e+00 -2.665138244628906250e-02 8.886247277259826660e-01 2.268664687871932983e-01 3.977027237415313721e-01
1.403637169438319206e+09 9.932043075561523438e+00 2.318910121917724609e+00 -7.289263725280761719e+00 -2.570247836410999298e-02 8.687047362327575684e-01 2.093620598316192627e-01 4.481730461120605469e-01
1.403637169638319254e+09 1.035604286193847656e+01 2.147686004638671875e+00 -6.778086662292480469e+00 -2.822711318731307983e-02 8.393494486808776855e-01 1.838947832584381104e-01 5.107626318931579590e-01
1.403637169838319302e+09 1.075111389160156250e+01 1.989124894142150879e+00 -6.216275215148925781e+00 -3.270052745938301086e-02 8.070426583290100098e-01 1.648794859647750854e-01 5.660632848739624023e-01
1.403637170038319111e+09 1.113238620758056641e+01 1.860082149505615234e+00 -5.578232765197753906e+00 -3.763942420482635498e-02 7.770586609840393066e-01 1.472621709108352661e-01 6.108003258705139160e-01
1.403637170238319159e+09 1.148084068298339844e+01 1.750201225280761719e+00 -4.855325698852539062e+00 -3.578840196132659912e-02 7.445761561393737793e-01 1.287232637405395508e-01 6.540305018424987793e-01
1.403637170438319206e+09 1.178452873229980469e+01 1.669830441474914551e+00 -4.067742347717285156e+00 5.495544523000717163e-03 6.987800598144531250e-01 1.216482222080230713e-01 7.048957347869873047e-01
1.403637170638319254e+09 1.200394535064697266e+01 1.607573032379150391e+00 -3.251607894897460938e+00 3.949078544974327087e-02 6.497481465339660645e-01 1.005912572145462036e-01 7.524288892745971680e-01
1.403637170838319302e+09 1.209169387817382812e+01 1.574564933776855469e+00 -2.460292816162109375e+00 3.482332080602645874e-02 5.915052294731140137e-01 9.321489185094833374e-02 8.001375198364257812e-01
1.403637171038319111e+09 1.205876541137695312e+01 1.470161676406860352e+00 -1.728085517883300781e+00 2.214075811207294464e-02 5.315935611724853516e-01 9.186720103025436401e-02 8.417116403579711914e-01
1.403637171238319159e+09 1.195354461669921875e+01 1.323810577392578125e+00 -1.093710422515869141e+00 2.407661080360412598e-02 4.952251613140106201e-01 8.191968500614166260e-02 8.645586371421813965e-01
1.403637171438319206e+09 1.178019905090332031e+01 1.161722660064697266e+00 -5.403776168823242188e-01 1.616957969963550568e-02 4.857283234596252441e-01 6.068159639835357666e-02 8.718510866165161133e-01
1.403637171738319159e+09 1.152396965026855469e+01 1.013059616088867188e+00 -1.434278488159179688e-02 1.153601985424757004e-02 4.887968599796295166e-01 5.083971470594406128e-02 8.708385229110717773e-01
1.403637171938319206e+09 1.118307304382324219e+01 9.130696058273315430e-01 4.978761672973632812e-01 1.242248900234699249e-02 4.982565939426422119e-01 4.483662173151969910e-02 8.657804131507873535e-01
1.403637172138319254e+09 1.074391269683837891e+01 8.489898443222045898e-01 9.917249679565429688e-01 1.603692211210727692e-02 5.049426555633544922e-01 4.751145094633102417e-02 8.616949915885925293e-01
1.403637172238319159e+09 1.020318508148193359e+01 7.814869880676269531e-01 1.457896232604980469e+00 1.330339163541793823e-02 4.962908923625946045e-01 9.591425210237503052e-02 8.627391457557678223e-01
1.403637172438319206e+09 9.622068405151367188e+00 6.766249537467956543e-01 1.855117321014404297e+00 1.560474000871181488e-02 4.904156923294067383e-01 1.325569003820419312e-01 8.612070679664611816e-01
1.403637172738319159e+09 8.514642715454101562e+00 4.155496358871459961e-01 2.360484123229980469e+00 -1.510195340961217880e-02 5.002796649932861328e-01 1.794351041316986084e-01 8.469328880310058594e-01
1.403637173038319111e+09 7.886674404144287109e+00 4.011771678924560547e-01 2.602422714233398438e+00 -4.185334220528602600e-02 5.304759740829467773e-01 2.198123186826705933e-01 8.176345229148864746e-01
1.403637173438319206e+09 7.490090370178222656e+00 5.498296022415161133e-01 2.759776115417480469e+00 -1.142816734500229359e-03 6.114965081214904785e-01 2.387919127941131592e-01 7.543534636497497559e-01
1.403637173738319159e+09 7.417722702026367188e+00 7.799875736236572266e-01 2.669798851013183594e+00 -6.686675827950239182e-03 6.458292603492736816e-01 2.866595387458801270e-01 7.075918912887573242e-01
1.403637174038319111e+09 7.583667755126953125e+00 8.916829824447631836e-01 2.305849075317382812e+00 1.395651837810873985e-03 6.926689147949218750e-01 2.034287154674530029e-01 6.919715404510498047e-01
1.403637174338319302e+09 7.779743194580078125e+00 8.542686700820922852e-01 1.821636676788330078e+00 4.588058218359947205e-02 6.933009624481201172e-01 2.093555778264999390e-01 6.880399584770202637e-01
1.403637174638319254e+09 7.869714736938476562e+00 8.290464878082275391e-01 1.405961036682128906e+00 4.402641206979751587e-02 7.203124761581420898e-01 2.016276717185974121e-01 6.622369885444641113e-01
1.403637174838319302e+09 7.921045303344726562e+00 8.674585819244384766e-01 9.559192657470703125e-01 3.317271173000335693e-02 7.557144165039062500e-01 2.123099267482757568e-01 6.186435818672180176e-01
1.403637175038319111e+09 7.929521083831787109e+00 9.388173818588256836e-01 4.915065765380859375e-01 3.644327446818351746e-02 7.832407355308532715e-01 2.212418317794799805e-01 5.798774957656860352e-01
1.403637175238319159e+09 7.898789882659912109e+00 1.038166522979736328e+00 2.037429809570312500e-02 6.142352521419525146e-02 8.030095696449279785e-01 2.037450671195983887e-01 5.566782355308532715e-01
1.403637175538319111e+09 7.584328651428222656e+00 1.344439506530761719e+00 -9.371767044067382812e-01 5.864715948700904846e-02 7.969811558723449707e-01 2.388242185115814209e-01 5.516743063926696777e-01
1.403637175938319206e+09 7.022948265075683594e+00 1.548568248748779297e+00 -2.074710369110107422e+00 4.388155043125152588e-02 8.040009737014770508e-01 2.026832103729248047e-01 5.572938323020935059e-01
1.403637176338319302e+09 6.254479885101318359e+00 1.783928990364074707e+00 -3.205215454101562500e+00 3.546604514122009277e-02 8.127112984657287598e-01 1.992058306932449341e-01 5.464061498641967773e-01
1.403637176638319254e+09 5.318181514739990234e+00 2.139632225036621094e+00 -4.245040416717529297e+00 1.956653408706188202e-02 8.243424296379089355e-01 2.384652197360992432e-01 5.130409598350524902e-01
1.403637177138319254e+09 4.433807849884033203e+00 2.628737688064575195e+00 -5.271800518035888672e+00 -1.797564513981342316e-02 8.117156028747558594e-01 2.944472730159759521e-01 5.040788650512695312e-01
1.403637177538319111e+09 3.991152286529541016e+00 3.056570291519165039e+00 -6.125260353088378906e+00 -5.488477274775505066e-02 8.215793371200561523e-01 2.769200801849365234e-01 4.952881634235382080e-01
1.403637177838319302e+09 3.804467678070068359e+00 3.478694915771484375e+00 -7.300362110137939453e+00 -5.963861197233200073e-02 8.515270948410034180e-01 2.549429833889007568e-01 4.542563557624816895e-01
1.403637178138319254e+09 3.935534954071044922e+00 3.778372049331665039e+00 -8.068256378173828125e+00 -8.779726177453994751e-02 8.818455338478088379e-01 2.287477254867553711e-01 4.028829932212829590e-01
1.403637178538319111e+09 4.947957515716552734e+00 3.916812181472778320e+00 -8.900323867797851562e+00 -1.794920302927494049e-02 8.938801884651184082e-01 2.164426594972610474e-01 3.921845257282257080e-01
1.403637179238319159e+09 6.360969066619873047e+00 3.894032001495361328e+00 -9.024263381958007812e+00 -1.710833609104156494e-02 8.872187733650207520e-01 2.288927584886550903e-01 4.001978635787963867e-01
1.403637180038319111e+09 7.641985893249511719e+00 4.177683830261230469e+00 -8.519495010375976562e+00 -1.654953137040138245e-02 8.893141746520996094e-01 2.247399538755416870e-01 3.979174792766571045e-01
1.403637180438319206e+09 8.530170440673828125e+00 4.191830158233642578e+00 -7.946361541748046875e+00 -2.402119897305965424e-02 8.780841827392578125e-01 2.616759538650512695e-01 3.998961150646209717e-01
1.403637180838319302e+09 9.485510826110839844e+00 3.937741756439208984e+00 -7.410010337829589844e+00 -4.991639405488967896e-02 8.945309519767761230e-01 2.191719114780426025e-01 3.863758444786071777e-01
1.403637181238319159e+09 1.000504302978515625e+01 3.692597866058349609e+00 -7.078371047973632812e+00 -2.474131993949413300e-02 8.949701786041259766e-01 2.273187041282653809e-01 3.830698132514953613e-01
1.403637181438319206e+09 1.052813911437988281e+01 3.383676290512084961e+00 -6.711135864257812500e+00 -7.791849318891763687e-03 8.985812664031982422e-01 2.201836556196212769e-01 3.794867098331451416e-01
1.403637181638319254e+09 1.151855659484863281e+01 2.657263517379760742e+00 -5.888257980346679688e+00 -2.561281435191631317e-03 8.984503746032714844e-01 2.356012612581253052e-01 3.705027997493743896e-01
1.403637182038319111e+09 1.199318027496337891e+01 2.323298215866088867e+00 -5.444621086120605469e+00 3.928015474230051041e-03 8.991714715957641602e-01 2.339598387479782104e-01 3.697810471057891846e-01
1.403637182238319159e+09 1.244390964508056641e+01 2.012403249740600586e+00 -4.978474617004394531e+00 2.265007235109806061e-02 9.000733494758605957e-01 2.228221893310546875e-01 3.737715184688568115e-01
1.403637182438319206e+09 1.314551544189453125e+01 1.425204515457153320e+00 -3.987970352172851562e+00 3.419856727123260498e-02 9.019259214401245117e-01 1.972864121198654175e-01 3.826724886894226074e-01
1.403637182838319302e+09 1.350092506408691406e+01 8.109350204467773438e-01 -2.873279571533203125e+00 6.286331266164779663e-02 8.970732688903808594e-01 2.096006125211715698e-01 3.838950991630554199e-01
1.403637183338319302e+09 1.320035266876220703e+01 4.779257774353027344e-01 -7.562580108642578125e-01 9.683082252740859985e-02 8.888658285140991211e-01 2.315093874931335449e-01 3.833335638046264648e-01
1.403637183938319206e+09 1.202812194824218750e+01 3.313949108123779297e-01 4.214658737182617188e-01 9.789829701185226440e-02 8.790404796600341797e-01 2.684524953365325928e-01 3.816244006156921387e-01
1.403637184438319206e+09 1.103510475158691406e+01 4.121344089508056641e-01 9.116811752319335938e-01 3.601535037159919739e-02 8.838573098182678223e-01 2.707751095294952393e-01 3.797104954719543457e-01
1.403637184638319254e+09 1.036578655242919922e+01 5.130438804626464844e-01 1.191250801086425781e+00 1.938596554100513458e-02 8.773904442787170410e-01 2.908150851726531982e-01 3.810996115207672119e-01
1.403637184938319206e+09 9.729266166687011719e+00 5.867803096771240234e-01 1.390004158020019531e+00 9.671731851994991302e-03 8.741883635520935059e-01 2.999961972236633301e-01 3.817113637924194336e-01
1.403637185138319254e+09 8.609548568725585938e+00 5.883412361145019531e-01 1.498950958251953125e+00 -2.563642570748925209e-03 8.704115748405456543e-01 3.126738369464874268e-01 3.802792727947235107e-01
1.403637185538319111e+09 7.779953956604003906e+00 4.389295578002929688e-01 1.230712890625000000e+00 -5.624078214168548584e-03 8.807697296142578125e-01 2.869011759757995605e-01 3.766971826553344727e-01
1.403637185938319206e+09 7.061666488647460938e+00 3.468562364578247070e-01 7.303624153137207031e-01 7.015282171778380871e-04 8.913449645042419434e-01 2.546807825565338135e-01 3.750219941139221191e-01
1.403637186638319254e+09 5.956386089324951172e+00 -2.050268650054931641e-02 -1.656880378723144531e-01 5.763913318514823914e-02 8.837878108024597168e-01 2.769432067871093750e-01 3.726919293403625488e-01
1.403637187338319302e+09 5.375661373138427734e+00 1.721231937408447266e-01 -6.933112144470214844e-01 8.446414023637771606e-03 8.893512487411499023e-01 2.924904227256774902e-01 3.513294756412506104e-01
1.403637187838319302e+09 4.686887264251708984e+00 6.274265050888061523e-01 -1.776688098907470703e+00 -3.085000906139612198e-03 8.929964303970336914e-01 2.926408648490905762e-01 3.419199883937835693e-01
1.403637188338319302e+09 4.396881580352783203e+00 1.155242204666137695e+00 -2.820134639739990234e+00 1.219301298260688782e-02 9.099218845367431641e-01 2.536944448947906494e-01 3.279218077659606934e-01
1.403637188838319302e+09 4.169349670410156250e+00 1.646217584609985352e+00 -3.593875885009765625e+00 3.840767592191696167e-02 9.202229976654052734e-01 2.760944962501525879e-01 2.747479379177093506e-01
1.403637189238319159e+09 3.775289535522460938e+00 2.264938831329345703e+00 -4.618337631225585938e+00 3.445578739047050476e-02 9.244900941848754883e-01 2.754806280136108398e-01 2.612306773662567139e-01
1.403637189838319302e+09 3.231994390487670898e+00 2.728999853134155273e+00 -5.932787895202636719e+00 1.782150380313396454e-02 9.289056062698364258e-01 2.588594555854797363e-01 2.642131447792053223e-01
1.403637190438319206e+09 2.339271545410156250e+00 2.829841136932373047e+00 -7.568923473358154297e+00 2.143817394971847534e-02 9.201495051383972168e-01 2.500769793987274170e-01 3.005443513393402100e-01
1.403637191538319111e+09 1.599734783172607422e+00 3.152330398559570312e+00 -8.344049453735351562e+00 -3.664540372483315878e-06 9.172165393829345703e-01 2.553408145904541016e-01 3.058021962642669678e-01
1.403637191938319206e+09 1.347389698028564453e+00 2.694097995758056641e+00 -9.149072647094726562e+00 -1.386469695717096329e-02 9.090692400932312012e-01 2.924691736698150635e-01 2.964164018630981445e-01
1.403637193138319254e+09 1.968085289001464844e+00 2.443264722824096680e+00 -9.868460655212402344e+00 -1.381577341817319393e-03 9.117841124534606934e-01 2.819261252880096436e-01 2.986060082912445068e-01
1.403637193938319206e+09 2.853914737701416016e+00 2.342568159103393555e+00 -1.077951431274414062e+01 -9.530595503747463226e-03 9.173560738563537598e-01 2.634060084819793701e-01 2.983024120330810547e-01
1.403637194738319159e+09 4.252409458160400391e+00 2.254338264465332031e+00 -1.166219615936279297e+01 -6.863578222692012787e-03 9.156940579414367676e-01 2.740236818790435791e-01 2.938848137855529785e-01
1.403637195238319159e+09 5.273277759552001953e+00 2.316868543624877930e+00 -1.212960147857666016e+01 2.733166096732020378e-03 9.193051457405090332e-01 2.517697513103485107e-01 3.024610280990600586e-01
1.403637195738319159e+09 6.460681915283203125e+00 2.173641443252563477e+00 -1.246312046051025391e+01 -4.277556762099266052e-02 9.207585453987121582e-01 2.160817086696624756e-01 3.219980299472808838e-01
1.403637196338319302e+09 7.605538368225097656e+00 2.075812578201293945e+00 -1.214042186737060547e+01 -4.449139907956123352e-02 9.304295778274536133e-01 1.795408725738525391e-01 3.163643479347229004e-01
1.403637196838319302e+09 8.600051879882812500e+00 2.004776000976562500e+00 -1.127390384674072266e+01 -1.373600494116544724e-02 9.284855723381042480e-01 1.920813471078872681e-01 3.175384998321533203e-01
1.403637197138319254e+09 9.071054458618164062e+00 1.910114049911499023e+00 -1.069507026672363281e+01 8.891459438018500805e-04 9.151586890220642090e-01 2.064874172210693359e-01 3.461889624595642090e-01
1.403637197338319302e+09 9.493438720703125000e+00 1.745558977127075195e+00 -1.006006145477294922e+01 4.678457044064998627e-03 8.883847594261169434e-01 2.181027829647064209e-01 4.039576947689056396e-01
1.403637197538319111e+09 9.885164260864257812e+00 1.519177913665771484e+00 -9.397179603576660156e+00 -1.415772270411252975e-02 8.503724932670593262e-01 2.111912071704864502e-01 4.817307591438293457e-01
1.403637197738319159e+09 1.024380302429199219e+01 1.235295772552490234e+00 -8.740059852600097656e+00 -2.685283869504928589e-02 8.087322115898132324e-01 1.834900081157684326e-01 5.581779479980468750e-01
1.403637197938319206e+09 1.057637786865234375e+01 9.006205797195434570e-01 -8.074696540832519531e+00 -3.563152998685836792e-02 7.686235904693603516e-01 1.575244069099426270e-01 6.189783811569213867e-01
1.403637198138319254e+09 1.087526226043701172e+01 4.930562973022460938e-01 -7.354703426361083984e+00 -3.792399913072586060e-02 7.302418351173400879e-01 1.428132504224777222e-01 6.670181155204772949e-01
1.403637198338319302e+09 1.113167858123779297e+01 4.948329925537109375e-02 -6.596418380737304688e+00 -4.088796302676200867e-02 6.991876959800720215e-01 1.146680191159248352e-01 7.044969797134399414e-01
1.403637198538319111e+09 1.144477653503417969e+01 -4.621113538742065430e-01 -5.367956161499023438e+00 -4.253841936588287354e-02 6.845684647560119629e-01 8.861722797155380249e-02 7.222905158996582031e-01
1.403637198938319206e+09 1.161736965179443359e+01 -7.779915332794189453e-01 -3.921181201934814453e+00 2.326257061213254929e-03 6.789187192916870117e-01 9.110050648450851440e-02 7.285360097885131836e-01
1.403637199138319254e+09 1.160317802429199219e+01 -1.009735226631164551e+00 -2.905777454376220703e+00 9.615437127649784088e-03 6.552802920341491699e-01 1.073021441698074341e-01 7.476640343666076660e-01
1.403637199338319302e+09 1.148165225982666016e+01 -1.278714299201965332e+00 -1.898132801055908203e+00 8.674577809870243073e-03 6.220483779907226562e-01 9.421109408140182495e-02 7.772418260574340820e-01
1.403637199538319111e+09 1.127547073364257812e+01 -1.541789889335632324e+00 -9.132866859436035156e-01 1.348850689828395844e-02 5.779407024383544922e-01 8.080974221229553223e-02 8.119559288024902344e-01
1.403637199738319159e+09 1.098669624328613281e+01 -1.735066771507263184e+00 5.633783340454101562e-02 3.824642300605773926e-02 5.195080637931823730e-01 8.277544379234313965e-02 8.495862483978271484e-01
1.403637199938319206e+09 1.063195800781250000e+01 -1.777539968490600586e+00 9.911708831787109375e-01 8.114101737737655640e-02 4.438634216785430908e-01 8.361791819334030151e-02 8.884872198104858398e-01
1.403637200138319254e+09 1.021571826934814453e+01 -1.723366737365722656e+00 1.780217647552490234e+00 8.754200488328933716e-02 3.713832199573516846e-01 5.956068262457847595e-02 9.224225878715515137e-01
1.403637200338319302e+09 9.726068496704101562e+00 -1.599581956863403320e+00 2.407569646835327148e+00 2.582689188420772552e-02 3.329477608203887939e-01 3.483573347330093384e-02 9.419475793838500977e-01
1.403637200538319111e+09 9.195055961608886719e+00 -1.520880460739135742e+00 2.915860891342163086e+00 -1.306566176936030388e-03 3.108723759651184082e-01 5.026357620954513550e-02 9.491208195686340332e-01
1.403637200838319302e+09 7.397024631500244141e+00 -1.574888229370117188e+00 4.020122528076171875e+00 6.531264167279005051e-03 3.473826646804809570e-01 1.035442277789115906e-01 9.319664239883422852e-01
1.403637201538319111e+09 6.110820770263671875e+00 -1.459247708320617676e+00 3.876004457473754883e+00 -2.020979486405849457e-02 3.844313025474548340e-01 1.643790006637573242e-01 9.081760048866271973e-01
1.403637202438319206e+09 6.342359066009521484e+00 -1.349407315254211426e+00 2.844077110290527344e+00 -3.534888848662376404e-02 4.057349562644958496e-01 7.907412946224212646e-02 9.098774790763854980e-01
1.403637203638319254e+09 6.708070755004882812e+00 -8.523271083831787109e-01 1.726738929748535156e+00 -2.170565351843833923e-02 4.175892472267150879e-01 8.248110115528106689e-02 9.046242237091064453e-01
1.403637206038319111e+09 5.003202438354492188e+00 -8.083499670028686523e-01 7.805343866348266602e-01 -3.999179601669311523e-02 3.839241862297058105e-01 6.867853552103042603e-02 9.199381470680236816e-01
1.403637209538319111e+09 4.761466026306152344e+00 -9.848549962043762207e-01 1.057792782783508301e+00 -1.240134760737419128e-01 3.415999412536621094e-01 9.314120560884475708e-02 9.269600510597229004e-01
1.403637210638319254e+09 5.479179382324218750e+00 -1.037729740142822266e+00 2.585375308990478516e+00 -9.310030937194824219e-02 3.374637067317962646e-01 9.585082530975341797e-02 9.318064451217651367e-01
1.403637211038319111e+09 6.251996040344238281e+00 -1.090582847595214844e+00 3.820549488067626953e+00 -4.435427486896514893e-02 3.407022953033447266e-01 9.571302682161331177e-02 9.342343211174011230e-01
1.403637211438319206e+09 7.346324443817138672e+00 -1.054925680160522461e+00 5.292098999023437500e+00 -4.037529975175857544e-02 3.484671711921691895e-01 9.275683015584945679e-02 9.318459033966064453e-01
1.403637212038319111e+09 8.536149024963378906e+00 -1.300063252449035645e+00 6.571542263031005859e+00 -2.359870821237564087e-02 3.547891080379486084e-01 7.955024391412734985e-02 9.312569499015808105e-01
1.403637212438319206e+09 9.698816299438476562e+00 -1.769730806350708008e+00 7.636676788330078125e+00 -4.056384414434432983e-02 3.613249957561492920e-01 8.027844876050949097e-02 9.280917048454284668e-01
1.403637213038319111e+09 1.079694938659667969e+01 -2.306915998458862305e+00 8.611404418945312500e+00 -4.741509631276130676e-02 3.569584488868713379e-01 7.751592248678207397e-02 9.296901822090148926e-01
1.403637213438319206e+09 1.167236709594726562e+01 -2.607197761535644531e+00 9.448207855224609375e+00 -4.114000871777534485e-02 3.608924746513366699e-01 5.889045819640159607e-02 9.298365116119384766e-01
1.403637213938319206e+09 1.261512565612792969e+01 -2.828954696655273438e+00 1.058505916595458984e+01 -3.734582662582397461e-02 3.515228629112243652e-01 4.376899823546409607e-02 9.344095587730407715e-01
1.403637214338319302e+09 1.310578155517578125e+01 -3.159324884414672852e+00 1.149318313598632812e+01 -1.810132712125778198e-02 2.819228470325469971e-01 -1.756896614097058773e-03 9.592647552490234375e-01
1.403637214738319159e+09 1.323427867889404297e+01 -3.598023891448974609e+00 1.228819370269775391e+01 -1.274295616894960403e-02 2.348251938819885254e-01 -5.475998297333717346e-02 9.704102873802185059e-01
1.403637215238319159e+09 1.271795082092285156e+01 -3.923685073852539062e+00 1.316916561126708984e+01 1.963042840361595154e-02 2.069112956523895264e-01 -3.684492036700248718e-02 9.774686098098754883e-01
1.403637215538319111e+09 1.209317684173583984e+01 -4.036972522735595703e+00 1.348537540435791016e+01 2.455686219036579132e-02 1.362336874008178711e-01 -3.981348872184753418e-02 9.895718097686767578e-01
1.403637215838319302e+09 1.132851505279541016e+01 -4.172912597656250000e+00 1.357280731201171875e+01 -1.000148430466651917e-02 5.827730521559715271e-02 -4.082796350121498108e-02 9.974150657653808594e-01
1.403637216138319254e+09 1.054303741455078125e+01 -4.299007415771484375e+00 1.353868103027343750e+01 -1.109241880476474762e-02 9.172658436000347137e-03 -3.550005331635475159e-02 9.992660880088806152e-01
1.403637216538319111e+09 9.375020980834960938e+00 -4.263225078582763672e+00 1.328265666961669922e+01 3.088937886059284210e-02 3.405597526580095291e-03 -2.544607967138290405e-02 9.991931319236755371e-01
1.403637217138319254e+09 8.284720420837402344e+00 -4.046789169311523438e+00 1.224040889739990234e+01 9.465702809393405914e-03 8.548269979655742645e-03 1.929724961519241333e-02 9.997324347496032715e-01
1.403637217738319159e+09 7.797686100006103516e+00 -3.570046186447143555e+00 1.095261096954345703e+01 2.306578122079372406e-02 -4.347581043839454651e-02 -6.097274646162986755e-02 9.969253540039062500e-01
1.403637218138319254e+09 7.468350887298583984e+00 -3.194356441497802734e+00 9.598473548889160156e+00 4.082703031599521637e-03 -9.209951013326644897e-02 -7.631082087755203247e-02 9.928130507469177246e-01
1.403637218538319111e+09 7.175204753875732422e+00 -2.718055248260498047e+00 8.090858459472656250e+00 -4.681427963078022003e-03 -9.238838404417037964e-02 -7.629461586475372314e-02 9.927848577499389648e-01
1.403637218938319206e+09 6.869744777679443359e+00 -2.084163188934326172e+00 6.505746364593505859e+00 -1.000725943595170975e-02 -7.910133153200149536e-02 -9.792779386043548584e-02 9.919945001602172852e-01
1.403637219338319302e+09 6.663542747497558594e+00 -1.742076635360717773e+00 5.700243949890136719e+00 -1.326161343604326248e-02 -7.876900583505630493e-02 -9.284983575344085693e-02 9.924709200859069824e-01
1.403637219538319111e+09 6.154155254364013672e+00 -1.204446673393249512e+00 4.033190250396728516e+00 -5.725900828838348389e-02 -7.695569097995758057e-02 -8.244122564792633057e-02 9.919691085815429688e-01
1.403637219938319206e+09 5.362425804138183594e+00 -8.821904659271240234e-01 2.148345470428466797e+00 -6.793411821126937866e-02 -7.709437608718872070e-02 -7.692917436361312866e-02 9.917275309562683105e-01
1.403637220438319206e+09 4.543041706085205078e+00 -8.485186696052551270e-01 5.808631181716918945e-01 -5.380888283252716064e-02 -8.238775283098220825e-02 -4.715235531330108643e-02 9.940289855003356934e-01
1.403637220938319206e+09 4.024613857269287109e+00 -6.941007375717163086e-01 -4.502496123313903809e-01 -6.601028144359588623e-02 -6.741950660943984985e-02 -4.688060656189918518e-02 9.944342970848083496e-01
1.403637221338319302e+09 3.523013114929199219e+00 -3.614179790019989014e-01 -1.388049244880676270e+00 -7.040910422801971436e-02 -9.403207339346408844e-03 -3.081221319735050201e-02 9.969978928565979004e-01
1.403637221938319206e+09 3.181888103485107422e+00 7.983909547328948975e-02 -1.940334796905517578e+00 -7.423257827758789062e-02 4.879427701234817505e-02 -7.624245714396238327e-03 9.960173368453979492e-01
1.403637222338319302e+09 3.024212598800659180e+00 4.990384280681610107e-01 -2.185307025909423828e+00 -3.585550561547279358e-02 1.207662895321846008e-01 8.246175944805145264e-03 9.919989705085754395e-01
1.403637223038319111e+09 2.280642271041870117e+00 2.969330251216888428e-01 -2.604371547698974609e+00 -5.641725286841392517e-02 1.102944687008857727e-01 -1.791972294449806213e-02 9.921346902847290039e-01
1.403637227138319254e+09 1.732126712799072266e+00 3.816639482975006104e-01 -2.304446697235107422e+00 -2.325461618602275848e-02 1.144667342305183411e-01 -5.022915545850992203e-03 9.931422472000122070e-01
1.403637229538319111e+09 1.345615983009338379e+00 5.640774965286254883e-01 -2.454665660858154297e+00 -5.663379654288291931e-02 1.897891610860824585e-01 6.189726665616035461e-02 9.782338738441467285e-01
1.403637229838319302e+09 1.387737274169921875e+00 7.082160115242004395e-01 -2.445883274078369141e+00 -3.703436255455017090e-02 2.942146360874176025e-01 4.943295940756797791e-02 9.537413716316223145e-01
1.403637230138319254e+09 1.470554351806640625e+00 6.780372262001037598e-01 -2.411484003067016602e+00 -1.016192231327295303e-02 3.986760079860687256e-01 7.938317209482192993e-02 9.135932326316833496e-01
1.403637230938319206e+09 1.510599374771118164e+00 5.612373352050781250e-01 -2.456274271011352539e+00 -3.703016787767410278e-02 4.913299083709716797e-01 1.479500383138656616e-01 8.575165271759033203e-01
1.403637231238319159e+09 1.664972305297851562e+00 6.888515949249267578e-01 -2.473414897918701172e+00 -1.817233860492706299e-02 5.932442545890808105e-01 1.890307217836380005e-01 7.823033332824707031e-01
1.403637231538319111e+09 1.904645681381225586e+00 1.077747464179992676e+00 -2.515939950942993164e+00 -5.813243798911571503e-03 6.899552941322326660e-01 2.325266599655151367e-01 6.854628920555114746e-01
1.403637231838319302e+09 2.218149662017822266e+00 1.408833503723144531e+00 -2.690472126007080078e+00 8.245613425970077515e-03 7.581223249435424805e-01 2.540760040283203125e-01 6.005230545997619629e-01
1.403637232138319254e+09 2.536307334899902344e+00 1.619285941123962402e+00 -3.014333248138427734e+00 3.669385239481925964e-02 8.128090500831604004e-01 2.464490830898284912e-01 5.265527963638305664e-01
1.403637232438319206e+09 2.804241895675659180e+00 1.783983469009399414e+00 -3.647342920303344727e+00 5.118241906166076660e-02 8.551927208900451660e-01 2.921182811260223389e-01 4.250796735286712646e-01
1.403637232838319302e+09 2.966847181320190430e+00 1.891226291656494141e+00 -4.872190475463867188e+00 7.435499690473079681e-03 8.669505119323730469e-01 3.392895162105560303e-01 3.649986684322357178e-01
1.403637233538319111e+09 3.273004293441772461e+00 2.215127944946289062e+00 -6.191303730010986328e+00 -5.728976428508758545e-02 8.751758337020874023e-01 3.001441657543182373e-01 3.750981986522674561e-01
1.403637233738319159e+09 3.988411903381347656e+00 2.784163475036621094e+00 -7.417012691497802734e+00 -1.136097609996795654e-01 8.954774737358093262e-01 2.074941992759704590e-01 3.770398497581481934e-01
1.403637234238319159e+09 5.559333801269531250e+00 3.334061145782470703e+00 -8.047499656677246094e+00 -7.394455373287200928e-02 9.000169634819030762e-01 1.837094873189926147e-01 3.882687687873840332e-01
1.403637234638319254e+09 6.695253849029541016e+00 3.587457895278930664e+00 -7.921998023986816406e+00 -1.660111546516418457e-02 8.781228661537170410e-01 1.887142211198806763e-01 4.393309950828552246e-01
1.403637234938319206e+09 7.413562774658203125e+00 3.714736223220825195e+00 -7.722846031188964844e+00 7.107420824468135834e-03 8.546488285064697266e-01 1.930647045373916626e-01 4.819240272045135498e-01
1.403637235138319254e+09 8.360749244689941406e+00 3.783638000488281250e+00 -7.322064399719238281e+00 -4.551425110548734665e-03 8.223620653152465820e-01 1.863420605659484863e-01 5.375654697418212891e-01
1.403637235438319206e+09 9.201377868652343750e+00 3.742781639099121094e+00 -6.846429824829101562e+00 -2.808446250855922699e-02 7.913618087768554688e-01 2.161092907190322876e-01 5.711870789527893066e-01
1.403637235738319159e+09 1.002606582641601562e+01 3.550375938415527344e+00 -6.351399898529052734e+00 -4.096159711480140686e-02 7.745540738105773926e-01 1.537712812423706055e-01 6.121622323989868164e-01
1.403637236038319111e+09 1.054010963439941406e+01 3.336107254028320312e+00 -5.925771713256835938e+00 -5.607290565967559814e-02 7.525143027305603027e-01 1.278293132781982422e-01 6.436130404472351074e-01
1.403637236238319159e+09 1.101570320129394531e+01 3.028934955596923828e+00 -5.390574455261230469e+00 -5.982672050595283508e-02 7.243079543113708496e-01 1.154022142291069031e-01 6.771124005317687988e-01
1.403637236438319206e+09 1.144808959960937500e+01 2.636151790618896484e+00 -4.749798774719238281e+00 -4.657229036092758179e-02 6.955404281616210938e-01 1.154407411813735962e-01 7.076213955879211426e-01
1.403637236638319254e+09 1.183136177062988281e+01 2.251301765441894531e+00 -4.029213905334472656e+00 -2.855573035776615143e-02 6.816221475601196289e-01 1.052068248391151428e-01 7.235381007194519043e-01
1.403637236838319302e+09 1.213866806030273438e+01 1.839930534362792969e+00 -3.231340408325195312e+00 4.684781655669212341e-03 6.612614393234252930e-01 8.649884909391403198e-02 7.451371550559997559e-01
1.403637237038319111e+09 1.231422901153564453e+01 1.382193446159362793e+00 -2.406086921691894531e+00 5.059720203280448914e-02 6.421176195144653320e-01 6.191782653331756592e-02 7.624245285987854004e-01
1.403637237238319159e+09 1.228870773315429688e+01 9.028376340866088867e-01 -1.598227977752685547e+00 6.714765727519989014e-02 6.123426556587219238e-01 6.335388869047164917e-02 7.851840853691101074e-01
1.403637237438319206e+09 1.206918334960937500e+01 3.998153209686279297e-01 -8.425936698913574219e-01 6.888381391763687134e-02 5.903673171997070312e-01 7.016772031784057617e-02 8.011229038238525391e-01
1.403637237638319254e+09 1.167319679260253906e+01 -1.151317358016967773e-01 -1.797609329223632812e-01 7.844407856464385986e-02 5.750550031661987305e-01 8.427773416042327881e-02 8.099725246429443359e-01
1.403637237938319206e+09 1.114391708374023438e+01 -5.695105791091918945e-01 3.950300216674804688e-01 7.752607017755508423e-02 5.723681449890136719e-01 1.142856851220130920e-01 8.082841634750366211e-01
1.403637238138319254e+09 1.053430938720703125e+01 -9.317402839660644531e-01 8.700971603393554688e-01 6.947853416204452515e-02 5.877585411071777344e-01 1.658116728067398071e-01 7.888087034225463867e-01
1.403637238338319302e+09 9.566089630126953125e+00 -1.338952541351318359e+00 1.325835227966308594e+00 8.868113160133361816e-02 6.383293271064758301e-01 2.482238411903381348e-01 7.232263684272766113e-01
1.403637238538319111e+09 8.578825950622558594e+00 -1.531847953796386719e+00 1.381723403930664062e+00 8.648336678743362427e-02 6.870941519737243652e-01 3.181497752666473389e-01 6.474588513374328613e-01
1.403637238838319302e+09 7.957780838012695312e+00 -1.566136360168457031e+00 1.168805122375488281e+00 4.764833301305770874e-02 6.869361996650695801e-01 3.785689175128936768e-01 6.184932589530944824e-01
1.403637239038319111e+09 7.293183803558349609e+00 -1.527523994445800781e+00 3.590850830078125000e-01 -1.892854226753115654e-03 7.194511294364929199e-01 3.517191410064697266e-01 5.988991856575012207e-01
1.403637239338319302e+09 7.042895793914794922e+00 -1.439428567886352539e+00 -4.081397056579589844e-01 3.273270791396498680e-03 7.514673471450805664e-01 3.262387216091156006e-01 5.734584331512451172e-01
1.403637239538319111e+09 6.893158912658691406e+00 -1.213837623596191406e+00 -1.252022266387939453e+00 1.234199013561010361e-02 7.861444950103759766e-01 3.192244172096252441e-01 5.290749073028564453e-01
1.403637239738319159e+09 6.802432060241699219e+00 -8.444445133209228516e-01 -2.143620967864990234e+00 2.192536555230617523e-02 8.311051130294799805e-01 2.869083881378173828e-01 4.758856892585754395e-01
1.403637239938319206e+09 6.721871852874755859e+00 -3.887221813201904297e-01 -3.039669036865234375e+00 2.668066136538982391e-02 8.718690276145935059e-01 2.557317614555358887e-01 4.168138802051544189e-01
1.403637240138319254e+09 6.629671573638916016e+00 9.540176391601562500e-02 -3.919368743896484375e+00 2.840089052915573120e-02 8.977349996566772461e-01 2.586019337177276611e-01 3.555143177509307861e-01
1.403637240338319302e+09 6.524683952331542969e+00 5.867908000946044922e-01 -4.763354301452636719e+00 7.892009802162647247e-03 9.043424129486083984e-01 2.912085950374603271e-01 3.119295239448547363e-01
1.403637240538319111e+09 6.423439979553222656e+00 1.218163013458251953e+00 -6.039265632629394531e+00 -1.102424319833517075e-02 9.076743721961975098e-01 3.019776046276092529e-01 2.912305891513824463e-01
1.403637240938319206e+09 6.493746280670166016e+00 2.029435157775878906e+00 -8.125498771667480469e+00 -1.380223780870437622e-02 9.163230061531066895e-01 2.620030939579010010e-01 3.025164008140563965e-01
1.403637241538319111e+09 6.826067924499511719e+00 2.810297250747680664e+00 -9.824372291564941406e+00 -4.229884222149848938e-02 9.221252202987670898e-01 2.230179607868194580e-01 3.133032619953155518e-01
1.403637241938319206e+09 7.487081527709960938e+00 3.129603624343872070e+00 -1.103818416595458984e+01 -2.624779753386974335e-02 9.283122420310974121e-01 2.012349814176559448e-01 3.115315139293670654e-01
1.403637242738319159e+09 8.363071441650390625e+00 2.961509943008422852e+00 -1.093496608734130859e+01 -9.144189767539501190e-03 9.109165668487548828e-01 1.775413751602172852e-01 3.723258972167968750e-01
1.403637243238319159e+09 8.806797981262207031e+00 2.711688518524169922e+00 -1.020401668548583984e+01 -1.380660850554704666e-02 8.990965485572814941e-01 2.073846608400344849e-01 3.852615356445312500e-01
1.403637243638319254e+09 9.211736679077148438e+00 2.378291368484497070e+00 -9.214787483215332031e+00 1.094912737607955933e-02 8.872411847114562988e-01 2.535352110862731934e-01 3.852311372756958008e-01
1.403637244138319254e+09 9.714529037475585938e+00 1.281050205230712891e+00 -7.809426307678222656e+00 9.109432809054851532e-03 8.811826705932617188e-01 2.726025879383087158e-01 3.861631155014038086e-01
1.403637244738319159e+09 9.995921134948730469e+00 6.635327339172363281e-01 -7.205229759216308594e+00 -2.194518782198429108e-02 8.619819283485412598e-01 2.643818855285644531e-01 4.319812059402465820e-01
1.403637245138319254e+09 1.072639846801757812e+01 1.071648597717285156e-01 -6.508241653442382812e+00 -2.415016107261180878e-02 8.503552675247192383e-01 2.703391015529632568e-01 4.508096873760223389e-01
1.403637245738319159e+09 1.144522285461425781e+01 -4.911613464355468750e-02 -6.150713920593261719e+00 -1.424775179475545883e-02 8.199334144592285156e-01 2.298243790864944458e-01 5.241059064865112305e-01
1.403637246038319111e+09 1.202077674865722656e+01 -9.063076972961425781e-02 -5.807054519653320312e+00 -1.026007719337940216e-02 7.560198903083801270e-01 1.887342780828475952e-01 6.266642808914184570e-01
1.403637246338319302e+09 1.236987304687500000e+01 -7.525372505187988281e-02 -5.553918838500976562e+00 -1.841219700872898102e-02 6.955594420433044434e-01 1.553020924329757690e-01 7.012413740158081055e-01
1.403637246538319111e+09 1.267390441894531250e+01 -2.419066429138183594e-02 -5.275569438934326172e+00 -1.716781966388225555e-02 6.353673338890075684e-01 1.111839264631271362e-01 7.639709711074829102e-01
1.403637246738319159e+09 1.298807907104492188e+01 7.354676723480224609e-03 -4.778859615325927734e+00 -1.410955470055341721e-02 5.457141995429992676e-01 7.140830904245376587e-02 8.348040580749511719e-01
1.403637247038319111e+09 1.315436363220214844e+01 -2.013832330703735352e-02 -4.050174236297607422e+00 -3.268015012145042419e-02 4.878598451614379883e-01 8.899295330047607422e-02 8.677586913108825684e-01
1.403637247438319206e+09 1.303154373168945312e+01 8.228570222854614258e-03 -2.850408554077148438e+00 -3.780826227739453316e-03 4.587908089160919189e-01 3.832907602190971375e-02 8.877092003822326660e-01
1.403637248038319111e+09 1.264760208129882812e+01 -4.327678680419921875e-02 -2.269250631332397461e+00 -2.207127958536148071e-02 4.073401689529418945e-01 5.169119685888290405e-02 9.115453958511352539e-01
1.403637248338319302e+09 1.218149566650390625e+01 -4.385277628898620605e-02 -1.687679767608642578e+00 -1.768323406577110291e-02 3.877757787704467773e-01 5.327936261892318726e-02 9.200427532196044922e-01
1.403637248738319159e+09 1.125696659088134766e+01 -1.898028105497360229e-01 -7.871124744415283203e-01 -3.463114798069000244e-02 3.972755372524261475e-01 6.340625137090682983e-02 9.148510694503784180e-01
1.403637249238319159e+09 1.041929531097412109e+01 -5.003133416175842285e-01 -8.605217933654785156e-02 -3.098703362047672272e-02 4.051073193550109863e-01 6.556772440671920776e-02 9.113883972167968750e-01
1.403637249638319254e+09 9.553124427795410156e+00 -5.435885190963745117e-01 6.923780441284179688e-01 -1.454034354537725449e-02 4.014053940773010254e-01 5.935468897223472595e-02 9.138596057891845703e-01
1.403637250038319111e+09 8.816729545593261719e+00 -6.098288297653198242e-01 1.230278491973876953e+00 -1.987713947892189026e-02 3.645647764205932617e-01 6.982157379388809204e-02 9.283438920974731445e-01
1.403637250238319159e+09 8.086994171142578125e+00 -6.809580326080322266e-01 1.718812704086303711e+00 -1.880938373506069183e-02 3.276667594909667969e-01 8.258412778377532959e-02 9.409891366958618164e-01
1.403637250638319254e+09 7.264249324798583984e+00 -7.383405566215515137e-01 2.258646965026855469e+00 -2.931541576981544495e-02 3.074173927307128906e-01 8.588688820600509644e-02 9.472374320030212402e-01
1.403637251138319254e+09 6.412928581237792969e+00 -1.164356470108032227e+00 2.744226694107055664e+00 -2.717480249702930450e-02 2.726991176605224609e-01 7.690883427858352661e-02 9.586353302001953125e-01
1.403637251638319254e+09 5.878981113433837891e+00 -1.593175768852233887e+00 3.027188777923583984e+00 -6.214750930666923523e-03 2.272074073553085327e-01 2.419985085725784302e-02 9.735258221626281738e-01
1.403637252738319159e+09 4.863450050354003906e+00 -1.488406658172607422e+00 2.279289007186889648e+00 -3.877626731991767883e-02 1.995374858379364014e-01 1.407121308147907257e-02 9.790215492248535156e-01
1.403637255138319254e+09 4.073205947875976562e+00 -1.335431814193725586e+00 1.606846094131469727e+00 -2.456995286047458649e-02 1.242663413286209106e-01 -6.755567155778408051e-03 9.919216036796569824e-01
1.403637255838319302e+09 3.406619548797607422e+00 -1.285366177558898926e+00 1.030600070953369141e+00 -3.086218610405921936e-02 2.992346324026584625e-02 -4.433266818523406982e-02 9.980915784835815430e-01
1.403637256738319159e+09 2.663357734680175781e+00 -1.021504521369934082e+00 5.023958683013916016e-01 -3.903263434767723083e-02 2.260848693549633026e-02 -2.545162662863731384e-02 9.986578822135925293e-01
1.403637257238319159e+09 2.158953666687011719e+00 -9.649265408515930176e-01 1.273294687271118164e-01 -4.176865890622138977e-02 -2.905496163293719292e-03 -5.180501192808151245e-02 9.977791309356689453e-01
1.403637257738319159e+09 1.739011287689208984e+00 -8.535643219947814941e-01 -1.095117032527923584e-01 -6.457664817571640015e-02 -2.541722916066646576e-02 -4.806500673294067383e-02 9.964304566383361816e-01
1.403637258138319254e+09 1.412011027336120605e+00 -7.590453028678894043e-01 -2.011834830045700073e-01 -5.503362789750099182e-02 -7.660286128520965576e-02 -6.361401081085205078e-02 9.935072660446166992e-01
1.403637258438319206e+09 9.856613874435424805e-01 -6.493163108825683594e-01 -2.499204128980636597e-01 -4.770141467452049255e-02 -1.196588948369026184e-01 -6.208149716258049011e-02 9.897233843803405762e-01
1.403637258838319302e+09 5.502254962921142578e-01 -4.988442957401275635e-01 -2.596238255500793457e-01 -3.770900890231132507e-02 -1.212819442152976990e-01 -5.719006061553955078e-02 9.902515411376953125e-01
1.403637259438319206e+09 2.393186986446380615e-01 -4.351361691951751709e-01 -3.883787095546722412e-01 -3.663549572229385376e-02 -1.114053875207901001e-01 -7.176799327135086060e-02 9.905030131340026855e-01
1.403637260638319254e+09 2.151599377393722534e-01 -1.725510209798812866e-01 -4.154064059257507324e-01 -3.867821767926216125e-02 -1.132366135716438293e-01 -7.524887472391128540e-02 9.899591207504272461e-01
1.403637261138319254e+09 1.548452973365783691e-01 -3.787701949477195740e-02 -4.231421947479248047e-01 -5.675186589360237122e-02 -1.130438670516014099e-01 -7.668314874172210693e-02 9.889995455741882324e-01
1.403637261438319206e+09 4.208178818225860596e-02 3.558800369501113892e-02 -4.205709695816040039e-01 -6.130868941545486450e-02 -1.142122820019721985e-01 -7.058221846818923950e-02 9.890475273132324219e-01
1.403637261838319302e+09 -1.787818223237991333e-02 1.744877174496650696e-02 -4.002268612384796143e-01 -5.411135777831077576e-02 -1.126199513673782349e-01 -7.355607300996780396e-02 9.894333481788635254e-01
1.403637261938319206e+09 -8.022424578666687012e-02 8.378686383366584778e-03 -3.598783910274505615e-01 -3.704834356904029846e-02 -1.127856969833374023e-01 -6.807886809110641479e-02 9.905918240547180176e-01
1.403637262238319159e+09 -1.331316232681274414e-01 6.482482701539993286e-02 -3.123319745063781738e-01 -3.337195143103599548e-02 -1.134628728032112122e-01 -5.898170545697212219e-02 9.912284016609191895e-01
1.403637262338319302e+09 -1.127722859382629395e-01 8.622244000434875488e-02 -3.220443725585937500e-01 3.308797022327780724e-03 -8.543661981821060181e-02 -2.498875372111797333e-02 9.960247278213500977e-01
