1.403637133438319104e+18 4.611291264800000178e+00 -1.845310500599999903e+00 5.752269165000000184e-01 4.926208825999999763e-01 6.644323522999999732e-01 4.360973767999999917e-01 -3.545044332580000179e-01
1.403637133738319104e+18 4.618718923400000342e+00 -1.837273657899999968e+00 5.974728885000000211e-01 4.832160463999999878e-01 6.792628232999999849e-01 4.352790746999999905e-01 -3.400535199360000260e-01
1.403637133938319104e+18 4.623076042100000116e+00 -1.830500381400000043e+00 6.704093499000000067e-01 4.843362191999999733e-01 6.897953046999999449e-01 4.270701975000000261e-01 -3.274322995080000132e-01
1.403637134038319104e+18 4.623542983200000123e+00 -1.828939857800000013e+00 7.316844567000000410e-01 4.869462489999999977e-01 6.922509103999999747e-01 4.245044427999999925e-01 -3.216644300570000170e-01
1.403637134238319104e+18 4.622071574599999622e+00 -1.826217551700000108e+00 8.606190965000000137e-01 5.082183526000000340e-01 6.876112335999999825e-01 4.203230586999999741e-01 -3.036995617659999924e-01
1.403637134538319104e+18 4.616445959400000021e+00 -1.824419034699999997e+00 9.583489602000000440e-01 5.319367194999999882e-01 6.758966730000000034e-01 3.978156915000000127e-01 -3.192956144269999963e-01
1.403637134738319104e+18 4.613057113300000012e+00 -1.814154069800000046e+00 8.669701838000000160e-01 5.157957128000000280e-01 6.879888506000000348e-01 4.090013534999999978e-01 -3.055225309890000074e-01
1.403637134938319104e+18 4.616067250599999561e+00 -1.814533219300000111e+00 7.207002793000000240e-01 4.751887394000000042e-01 7.119405437000000392e-01 4.250167673999999951e-01 -2.944436645069999914e-01
1.403637135038319104e+18 4.618844259500000327e+00 -1.818049873799999938e+00 6.654506847000000169e-01 4.644191282999999837e-01 7.180702580000000168e-01 4.253944183999999740e-01 -2.961917733059999946e-01
1.403637135938319104e+18 4.609821587199999904e+00 -1.797344217300000047e+00 1.030084754800000058e+00 5.250537671999999656e-01 6.875873124000000391e-01 3.956559988000000194e-01 -3.082183640419999815e-01
1.403637136438319104e+18 4.605295284500000363e+00 -1.805797238000000027e+00 7.035188679999999639e-01 4.639667077999999889e-01 7.271623332000000106e-01 4.257866531999999760e-01 -2.732682951500000068e-01
1.403637136538319104e+18 4.611235948400000062e+00 -1.807516983099999974e+00 6.543679639999999686e-01 4.463616467000000032e-01 7.365994214000000095e-01 4.281766322000000180e-01 -2.735824267829999878e-01
1.403637136938319104e+18 4.613599183599999876e+00 -1.803152323199999962e+00 8.400393682000000251e-01 4.673753062000000069e-01 7.235332415999999878e-01 4.235478636000000185e-01 -2.804766989019999990e-01
1.403637137038319104e+18 4.611072324400000255e+00 -1.796797324899999992e+00 9.358381206000000452e-01 4.896771372000000011e-01 7.152581837999999470e-01 4.101656375000000132e-01 -2.835245697200000081e-01
1.403637137938319104e+18 4.618016521000000374e+00 -1.807988872199999930e+00 6.439120308000000348e-01 4.522769489999999837e-01 7.342942247999999505e-01 4.303427737000000142e-01 -2.665757864739999872e-01
1.403637138438319104e+18 4.613422137699999759e+00 -1.785466162100000087e+00 9.554996658000000087e-01 5.139815854000000517e-01 6.974434020999999984e-01 4.148872455000000015e-01 -2.779643939859999802e-01
1.403637138938319104e+18 4.599026715399999965e+00 -1.776159272599999950e+00 8.785729793000000010e-01 5.158378189000000225e-01 7.020789533000000304e-01 4.007334881999999876e-01 -2.835650884779999936e-01
1.403637150238319104e+18 4.603110065900000158e+00 -1.737271931500000033e+00 5.856839014000000398e-01 4.627699283000000219e-01 7.065524734999999446e-01 4.541048484999999912e-01 -2.835778239080000152e-01
1.403637150438319104e+18 4.573944017399999673e+00 -1.689025281699999992e+00 6.428511195999999650e-01 4.811452767000000130e-01 7.004075664000000145e-01 4.395173156000000136e-01 -2.911236729000000190e-01
1.403637150538319104e+18 4.554725395300000201e+00 -1.662850353799999903e+00 6.715308378000000022e-01 4.876423120999999750e-01 6.986794749000000415e-01 4.341148403999999794e-01 -2.925684058910000274e-01
1.403637150738319104e+18 4.512912563000000432e+00 -1.609494887499999916e+00 7.229531397999999776e-01 4.919263506000000064e-01 6.989764966999999496e-01 4.299404016999999745e-01 -2.908463059799999972e-01
1.403637150938319104e+18 4.466138451499999995e+00 -1.556377387900000020e+00 7.676941500999999723e-01 5.005813974999999694e-01 6.942639401000000321e-01 4.265835694999999816e-01 -2.923051559229999929e-01
1.403637151438319104e+18 4.374179486000000061e+00 -1.458974982199999992e+00 8.593595994999999599e-01 4.908221933999999953e-01 6.972769108999999910e-01 4.236978879000000142e-01 -3.055790959410000229e-01
1.403637152538319104e+18 4.252496657400000046e+00 -1.236496167499999910e+00 1.062778355999999924e+00 4.857505006999999764e-01 6.970137346000000456e-01 4.345696058999999889e-01 -2.989440789530000142e-01
1.403637153538319104e+18 4.122221066199999839e+00 -9.632548804999999659e-01 1.096445094499999939e+00 4.915441975000000019e-01 6.928520363000000293e-01 4.381000044999999732e-01 -2.939536420089999824e-01
1.403637155438319104e+18 3.713114119200000118e+00 -3.148547758999999946e-01 1.109457820899999891e+00 5.203605006999999505e-01 7.258018907000000075e-01 3.701336727999999798e-01 -2.558077969929999917e-01
1.403637156038319104e+18 3.516655966800000144e+00 -3.863987769999999849e-02 1.076188661700000049e+00 5.334148665000000289e-01 7.680679036999999987e-01 2.794531865000000059e-01 -2.178214683720000044e-01
1.403637156738319104e+18 3.505247793600000161e+00 3.898774103000000046e-01 9.485303819999999497e-01 5.691324185999999674e-01 8.047862379000000344e-01 1.214544414000000017e-01 -1.168598307280000054e-01
1.403637158038319104e+18 3.990357356000000078e+00 1.373507363799999936e+00 7.219109603000000153e-01 5.720581757999999573e-01 8.078823255000000536e-01 1.057232778999999956e-01 -9.433016504919999878e-02
1.403637158538319104e+18 4.332303628600000067e+00 1.807006856099999892e+00 7.664154209000000328e-01 5.799195146000000189e-01 8.079260399000000037e-01 7.457299409999999795e-02 -7.340122051429999461e-02
1.403637160038319104e+18 5.859371334399999576e+00 2.939529881399999933e+00 6.321322016999999516e-01 5.702467047000000511e-01 8.214490008999999482e-01 -5.832909199999999905e-03 2.492369824860000103e-03
1.403637160538319104e+18 6.424153218999999915e+00 3.324791305300000221e+00 5.452235381000000158e-01 5.695890854999999808e-01 8.077063450999999450e-01 -1.248983857999999975e-01 8.705818177499999311e-02
1.403637160738319104e+18 6.650629580400000407e+00 3.465575278299999784e+00 4.865698767000000147e-01 5.547455519999999751e-01 8.047816076999999568e-01 -1.694749809999999968e-01 1.259450964799999906e-01
1.403637161238319104e+18 7.190577647899999647e+00 3.867231575899999996e+00 4.730344161000000214e-01 5.516202869999999869e-01 7.960050412000000408e-01 -2.200033798999999901e-01 1.170023342899999957e-01
1.403637161738319104e+18 7.806478689000000415e+00 4.249653132499999764e+00 6.301082046999999520e-01 5.568141293999999686e-01 7.830626339999999797e-01 -2.380596886000000134e-01 1.417692536609999887e-01
1.403637161938319104e+18 8.078954445400000850e+00 4.381551728199999829e+00 6.786961206999999607e-01 5.814625758000000477e-01 7.585227501000000316e-01 -2.396172967000000098e-01 1.706694513900000043e-01
1.403637162538319104e+18 8.780654716300000828e+00 4.542298396799999693e+00 6.842916167999999466e-01 5.715957014000000447e-01 7.626675976000000245e-01 -2.625980827000000128e-01 1.505281920790000061e-01
1.403637162938319104e+18 9.212827907899999502e+00 4.419559006400000101e+00 6.830132594000000168e-01 5.906830900999999745e-01 7.328865647000000205e-01 -2.798498858999999839e-01 1.888248177059999866e-01
1.403637163238319104e+18 9.546148563799999209e+00 4.242872975100000055e+00 6.401401249999999488e-01 5.620292855999999837e-01 7.060333174999999795e-01 -3.425129948000000257e-01 2.613902927630000206e-01
1.403637163438319104e+18 9.726538664399999590e+00 4.084670016299999595e+00 5.973022194999999535e-01 5.431909212000000098e-01 6.800913348999999553e-01 -3.951989235999999739e-01 2.936617274389999865e-01
1.403637164238319104e+18 1.031486502459999954e+01 3.169752189200000014e+00 6.072159243000000428e-01 5.119328204999999965e-01 6.591802003000000187e-01 -4.707136241000000054e-01 2.860680599670000213e-01
1.403637164738319104e+18 1.072051813869999926e+01 2.350714873599999866e+00 7.115302395000000502e-01 5.058852913000000395e-01 6.779885179000000317e-01 -4.534182669999999860e-01 2.807552614230000021e-01
1.403637164938319104e+18 1.089855861740000087e+01 1.988314046700000004e+00 7.091976800999999497e-01 5.008219017999999689e-01 6.756704451999999694e-01 -4.437898700999999835e-01 3.093500014960000044e-01
1.403637165038319104e+18 1.098690684079999969e+01 1.804112009400000050e+00 7.005984041999999690e-01 4.962487456999999935e-01 6.701293964000000214e-01 -4.499470338000000069e-01 3.197052411679999762e-01
1.403637165238319104e+18 1.116088558629999916e+01 1.434731634900000108e+00 6.771224086999999559e-01 4.873410079000000117e-01 6.472583830000000482e-01 -4.721983703000000032e-01 3.472521083330000202e-01
1.403637165438319104e+18 1.131107779519999923e+01 1.064994293500000078e+00 6.676548875000000161e-01 4.558467902000000183e-01 6.363507840000000026e-01 -5.070392701000000502e-01 3.607943487879999855e-01
1.403637166438319104e+18 1.195727529730000072e+01 -3.448387774000000183e-01 6.142965912000000195e-01 4.552027028999999780e-01 6.426845546999999659e-01 -4.578385186000000218e-01 4.124693361499999766e-01
1.403637166738319104e+18 1.202394623970000076e+01 -5.517540009000000412e-01 5.490372637999999528e-01 4.418464656000000157e-01 6.687597857999999507e-01 -4.530179295999999800e-01 3.902650446970000186e-01
1.403637168238319104e+18 1.120805624139999956e+01 2.980291577999999997e-01 3.552069760000000076e-01 4.594369758999999886e-01 7.033091750000000086e-01 -4.378646755000000224e-01 3.202317838650000081e-01
1.403637169438319104e+18 1.022708902409999965e+01 1.830172134999999978e+00 -7.291307399999999612e-03 4.925580086999999940e-01 7.191292743999999626e-01 -3.731893789999999878e-01 3.177567972399999996e-01
1.403637170038319104e+18 9.558250787000000415e+00 2.712742126599999803e+00 -2.491103169999999908e-02 5.521809548999999651e-01 7.713604662999999917e-01 -2.104485809999999957e-01 2.362427115279999990e-01
1.403637170238319104e+18 9.269920488400000380e+00 3.002757725699999991e+00 -6.986013889999999338e-02 5.650151864000000357e-01 7.810839056999999697e-01 -1.651213371999999957e-01 2.083283834959999969e-01
1.403637170438319104e+18 8.937452416499999330e+00 3.286517775600000135e+00 -1.301556295000000085e-01 5.875624787000000016e-01 7.825023296999999989e-01 -1.255364421999999869e-01 1.634045265769999977e-01
1.403637171038319104e+18 7.816101642799999638e+00 3.876136336200000088e+00 -3.491052192999999915e-01 6.271907821000000105e-01 7.785809793000000312e-01 2.104909040000000134e-02 5.632874896220000510e-04
1.403637171238319104e+18 7.458629956700000285e+00 3.951673846799999890e+00 -3.805576735000000266e-01 6.175564561999999924e-01 7.827547873000000322e-01 6.445527439999999830e-02 -4.200576150540000220e-02
1.403637171438319104e+18 7.130482592899999972e+00 3.986240792499999852e+00 -3.778833169999999964e-01 6.229185321000000330e-01 7.749689521999999497e-01 9.485140999999999711e-02 -4.897790780530000138e-02
1.403637171738319104e+18 6.657761162199999916e+00 3.942643843599999975e+00 -3.460399619999999787e-01 6.239560920000000177e-01 7.727458352999999613e-01 1.102584612000000047e-01 -3.722554214800000150e-02
1.403637171938319104e+18 6.344081408400000122e+00 3.853171796899999890e+00 -3.459681853000000085e-01 6.284586298000000015e-01 7.699818627000000193e-01 1.070232636999999959e-01 -2.671521407450000093e-02
1.403637172238319104e+18 5.871976584000000443e+00 3.623119893999999785e+00 -3.768848562000000069e-01 6.213251571000000251e-01 7.779308332000000048e-01 8.651326930000000082e-02 -3.597390915740000111e-02
1.403637172438319104e+18 5.557887059299999599e+00 3.414547556900000114e+00 -3.745924569999999898e-01 5.981780530000000429e-01 7.965330802000000210e-01 6.058887579999999717e-02 -6.361648470580000270e-02
1.403637172738319104e+18 5.156260768900000180e+00 3.065170126299999964e+00 -3.137191898999999728e-01 5.848849125999999732e-01 8.062702569999999902e-01 3.812382549999999981e-02 -7.990297635430000656e-02
1.403637173038319104e+18 4.870282454399999850e+00 2.724651360400000222e+00 -2.437042341000000001e-01 5.316744956000000188e-01 8.445087753000000141e-01 1.010938989999999975e-02 -6.344256677180000470e-02
1.403637173438319104e+18 4.648790657600000209e+00 2.436193720099999904e+00 -2.920745160000000062e-01 5.355652407000000004e-01 8.415218682999999755e-01 -6.845510230000000085e-02 -1.801991083849999870e-02
1.403637173738319104e+18 4.609801610199999899e+00 2.327744342199999927e+00 -3.651038152000000148e-01 5.389038366999999718e-01 8.296735053999999554e-01 -1.455710977000000128e-01 5.795232406389999764e-03
1.403637174038319104e+18 4.716819074600000050e+00 2.282566424300000119e+00 -4.621431863000000084e-01 5.142370005999999938e-01 8.372631036000000027e-01 -1.785824880000000114e-01 5.156643920500000172e-02
1.403637175038319104e+18 5.681017832600000261e+00 2.255591059699999956e+00 -2.691938347000000231e-01 5.639925409999999584e-01 7.654675737999999674e-01 -2.666999171000000168e-01 1.576165011139999961e-01
1.403637175238319104e+18 5.915623697100000022e+00 2.183028506299999894e+00 -2.494431608000000078e-01 5.760373109999999963e-01 7.413427270000000346e-01 -2.944716064999999827e-01 1.785453738949999980e-01
1.403637175538319104e+18 6.257567729599999851e+00 2.006098367699999940e+00 -2.519598929999999903e-01 5.849773265000000055e-01 7.249623934000000158e-01 -3.128850558999999865e-01 1.852943536920000078e-01
1.403637175938319104e+18 6.717622092500000086e+00 1.618219201300000076e+00 -2.550215084999999937e-01 5.605901475000000245e-01 7.463568648999999722e-01 -3.066823595000000013e-01 1.861076224040000004e-01
1.403637177538319104e+18 8.492246598699999538e+00 -7.055424544999999714e-01 -2.959733951999999890e-01 4.655744337000000121e-01 7.833466314999999458e-01 -3.478996663000000211e-01 2.203958342710000129e-01
1.403637178538319104e+18 9.856216978200000867e+00 -1.126743398699999954e+00 -4.474717107000000249e-01 4.375644469000000147e-01 7.332708140000000485e-01 -3.657398103000000233e-01 3.702508059180000255e-01
1.403637179238319104e+18 1.038334138189999933e+01 -5.262226439999999617e-01 -5.021165860999999841e-01 4.937474633000000224e-01 7.010292137000000423e-01 -4.005296247999999837e-01 3.230286420960000182e-01
1.403637180038319104e+18 1.053292442629999925e+01 3.014951416000000162e-01 -6.076796812000000436e-01 4.799057239000000252e-01 7.077507978999999505e-01 -3.792728203999999881e-01 3.534564074020000168e-01
1.403637180438319104e+18 1.041916634160000044e+01 8.111933274999999499e-01 -7.760366191999999996e-01 4.832854276999999921e-01 7.106360062000000033e-01 -4.089635127999999842e-01 3.068884281370000133e-01
1.403637181238319104e+18 1.010437883320000019e+01 1.958013024900000065e+00 -7.370192701000000124e-01 4.783582305999999895e-01 7.013956662000000453e-01 -4.041824026999999986e-01 3.403734831329999766e-01
1.403637181438319104e+18 9.977058779700000102e+00 2.293110513399999828e+00 -6.521521877000000522e-01 4.920981336999999955e-01 6.889107577999999954e-01 -4.092950324999999889e-01 3.401749123849999723e-01
1.403637182038319104e+18 9.467573697500000662e+00 3.271660805099999791e+00 -3.238681076000000103e-01 4.890879196999999845e-01 6.830170423000000435e-01 -4.283698604000000243e-01 3.328362801609999755e-01
1.403637182238319104e+18 9.277524687699999717e+00 3.589136471299999798e+00 -2.367141862000000097e-01 5.072518491999999934e-01 6.721613934000000290e-01 -4.272729894000000250e-01 3.291388995930000227e-01
1.403637182438319104e+18 9.070852952199999208e+00 3.881052384400000221e+00 -1.652120565000000096e-01 5.268016573999999563e-01 6.616495914000000145e-01 -4.265470572999999765e-01 3.205580131749999895e-01
1.403637183938319104e+18 6.856204773199999991e+00 4.622448906099999810e+00 -6.163680600000000231e-02 5.457637207000000101e-01 6.454788286999999514e-01 -4.666544092000000088e-01 2.602550773010000040e-01
1.403637184438319104e+18 6.156713573300000242e+00 4.050395665399999956e+00 -9.563212029999999808e-02 5.058935164000000206e-01 6.745243208000000212e-01 -4.546598705000000074e-01 2.870071301580000012e-01
1.403637184938319104e+18 5.596548806400000409e+00 3.302112184299999864e+00 -2.268188441000000000e-01 4.612628309999999843e-01 7.080906046999999592e-01 -4.558541664999999909e-01 2.793586852680000066e-01
1.403637185538319104e+18 5.325402297900000192e+00 2.518014674599999836e+00 -1.480188195000000095e-01 4.335732299000000234e-01 7.248740108000000237e-01 -4.541340158000000127e-01 2.834329171170000272e-01
1.403637185938319104e+18 5.387448225600000029e+00 2.128726423399999845e+00 -6.380517999999999953e-03 4.663641984999999934e-01 7.017581160000000429e-01 -4.380088091000000072e-01 3.133500664450000195e-01
1.403637189238319104e+18 7.443354453699999596e+00 -4.290666322000000199e-01 2.615299600000000127e-02 4.322597935999999974e-01 6.410137876999999484e-01 -5.319648141999999691e-01 3.453494335669999860e-01
1.403637190438319104e+18 8.613520251800000693e+00 -1.380082758799999976e+00 -7.516760679999999473e-02 4.547092489999999820e-01 6.252685838999999524e-01 -5.132891613000000186e-01 3.725760777820000258e-01
1.403637191538319104e+18 9.252584135399999354e+00 -2.170590172299999843e+00 -1.384140969999999964e-02 4.731280300999999855e-01 6.508870076999999643e-01 -4.726171800999999784e-01 3.593451981090000080e-01
1.403637191938319104e+18 9.367706492900000015e+00 -2.432176516100000185e+00 1.977042310000000011e-02 4.385656988000000145e-01 6.691363044000000482e-01 -4.727446652000000249e-01 3.693632566860000077e-01
1.403637193938319104e+18 1.033101048730000038e+01 -2.156627045800000086e+00 6.258615964000000531e-01 4.334157213000000008e-01 6.708147026999999873e-01 -4.839891579000000221e-01 3.576491888180000078e-01
1.403637194738319104e+18 1.096131411290000024e+01 -1.672792898299999997e+00 7.064036726000000321e-01 4.320696732000000040e-01 6.694157962000000239e-01 -4.902508145999999734e-01 3.533446308550000081e-01
1.403637195238319104e+18 1.136609163169999981e+01 -1.265649723099999902e+00 7.644323652000000191e-01 4.503652298999999970e-01 6.542773765999999602e-01 -4.857656476000000167e-01 3.648616310219999770e-01
1.403637195738319104e+18 1.171405513520000063e+01 -8.260675696999999484e-01 7.690214353000000003e-01 4.645866936999999974e-01 6.622318442000000305e-01 -4.679292261999999925e-01 3.558797940649999769e-01
1.403637197538319104e+18 1.105986698939999968e+01 1.562423768699999993e+00 6.567214300000000504e-01 5.113833558999999473e-01 7.161058217000000337e-01 -3.698508164000000042e-01 2.981440741220000024e-01
1.403637197738319104e+18 1.077089446399999950e+01 1.867354821499999984e+00 6.855884142000000514e-01 5.274080526000000102e-01 7.536882958999999715e-01 -2.975996075999999824e-01 2.554000240529999965e-01
1.403637197938319104e+18 1.046581870380000012e+01 2.160278775200000112e+00 7.401926178000000078e-01 5.471157381000000264e-01 7.751726629999999840e-01 -2.220111810000000019e-01 2.246836599719999883e-01
1.403637198538319104e+18 9.359042444800000027e+00 2.985975352800000149e+00 1.061439758999999983e+00 5.838787029999999989e-01 7.939464826000000031e-01 -7.237510349999999593e-02 1.532856394110000131e-01
1.403637198938319104e+18 8.429173857000000325e+00 3.449532900899999976e+00 1.094860946500000098e+00 6.071523303000000427e-01 7.791376905000000352e-01 -6.443374600000000008e-02 1.419816865999999900e-01
1.403637199538319104e+18 6.884455963799999800e+00 3.886393940200000063e+00 1.087753880199999967e+00 6.215865817000000293e-01 7.817077075999999680e-01 -2.623504899999999900e-03 5.055985096170000082e-02
1.403637199738319104e+18 6.335359413099999948e+00 3.927543553200000037e+00 1.087677970299999908e+00 6.292462934000000452e-01 7.763884839000000371e-01 3.555281870000000233e-02 2.453852168210000038e-03
1.403637199938319104e+18 5.791932531899999681e+00 3.923579574200000142e+00 1.028263195999999935e+00 6.385364690000000509e-01 7.627542575000000324e-01 6.843021150000000441e-02 -7.612113128069999957e-02
1.403637200538319104e+18 4.531053203499999960e+00 3.559080209099999781e+00 6.828083763000000195e-01 5.873930859999999532e-01 7.576328041000000013e-01 2.332735971000000075e-01 -1.629273629649999888e-01
1.403637201538319104e+18 3.372774759599999950e+00 2.533490455199999936e+00 5.935291769999999634e-01 5.506531625999999680e-01 8.049259377999999909e-01 1.256076660000000067e-01 -1.819286766179999959e-01
1.403637202438319104e+18 3.505027447299999821e+00 1.998740240500000098e+00 5.899427047999999951e-01 5.314844353000000021e-01 8.261890946000000069e-01 1.424314573000000084e-01 -1.210336934960000027e-01
1.403637206038319104e+18 4.693193840700000230e+00 1.765096959100000085e+00 5.204501139999999637e-01 5.707094783999999699e-01 7.953702848999999464e-01 1.758645047000000072e-01 -1.036748621010000065e-01
1.403637209538319104e+18 4.774738754500000404e+00 9.261785384999999815e-01 6.838172201000000117e-01 5.414163520000000451e-01 8.063906208000000131e-01 2.076020640000000028e-01 -1.162062107830000024e-01
1.403637211038319104e+18 3.728786796900000144e+00 1.777481091000000069e+00 4.783253793999999726e-01 5.216785183000000048e-01 8.144641537000000264e-01 2.029209227000000060e-01 -1.527179266179999884e-01
1.403637211438319104e+18 3.260954596599999977e+00 2.378160881199999910e+00 3.010737904999999937e-01 5.581142320999999962e-01 7.927623811999999770e-01 1.987811150000000082e-01 -1.432563406569999920e-01
1.403637212038319104e+18 2.668265265500000094e+00 3.300629239800000114e+00 8.497008629999999729e-02 5.363911136000000246e-01 8.082401797999999582e-01 1.946588639999999870e-01 -1.453970830440000084e-01
1.403637212438319104e+18 2.340042014399999815e+00 3.944421946099999854e+00 9.074628369999999944e-02 5.713124401000000407e-01 7.852871935999999886e-01 1.929787601000000075e-01 -1.403043747209999914e-01
1.403637213038319104e+18 1.914921365799999942e+00 4.834034962199999619e+00 2.166225481000000064e-01 5.505129652000000373e-01 8.003455766999999499e-01 2.037283786000000096e-01 -1.219720491930000039e-01
1.403637213438319104e+18 1.621330456799999986e+00 5.415374998299999909e+00 2.796218407000000128e-01 5.520383709999999722e-01 7.979482988999999638e-01 2.027873426000000034e-01 -1.319448478049999873e-01
1.403637213938319104e+18 1.240079718300000078e+00 6.108181002100000256e+00 2.384295395000000095e-01 5.592658445999999506e-01 7.911813157000000540e-01 2.238242752999999863e-01 -1.056244980280000023e-01
1.403637214738319104e+18 4.510779555000000163e-01 6.909970899900000241e+00 2.902210942999999821e-01 5.859978661000000422e-01 7.171056611999999664e-01 3.375873006999999815e-01 -1.685253276700000025e-01
1.403637215238319104e+18 -9.757684950000000690e-02 6.989461503100000250e+00 4.162453513000000105e-01 5.926082366999999573e-01 7.008551653000000270e-01 3.490265093000000096e-01 -1.892036229419999938e-01
1.403637215538319104e+18 -4.261059590999999869e-01 6.837615171700000438e+00 4.414253103999999928e-01 5.919355106999999450e-01 6.841194312999999694e-01 3.513871038999999974e-01 -2.410810197059999882e-01
1.403637216538319104e+18 -9.885624292000000368e-01 5.642900625900000300e+00 6.847094398999999942e-01 5.029415337000000541e-01 6.395173216999999743e-01 4.607802663000000187e-01 -3.546109912659999863e-01
1.403637217738319104e+18 -3.439411881000000171e-01 4.242805927400000066e+00 7.374172302999999484e-01 5.059597254000000044e-01 6.358829878999999741e-01 4.475602787999999888e-01 -3.732926181790000020e-01
1.403637218538319104e+18 9.517660570999999514e-01 3.484016465799999906e+00 6.875668101999999893e-01 4.708565106000000000e-01 5.805503298999999950e-01 5.344160846000000076e-01 -3.945312527490000276e-01
1.403637218938319104e+18 1.728352139799999909e+00 3.032384527600000101e+00 6.641762991999999866e-01 4.705206443000000127e-01 5.870115469000000141e-01 5.417095787000000273e-01 -3.749379942889999873e-01
1.403637219538319104e+18 2.940834999899999858e+00 2.268326090399999995e+00 4.950594938999999806e-01 4.575014009999999742e-01 6.010260589000000486e-01 5.474296900999999771e-01 -3.602511331159999886e-01
1.403637219938319104e+18 3.698935171300000047e+00 1.694092164700000014e+00 5.051883699000000449e-01 4.347591749999999977e-01 6.194957279999999677e-01 5.535246286999999654e-01 -3.475916974520000258e-01
1.403637220438319104e+18 4.458111219700000127e+00 9.828461987000000066e-01 6.901326384999999508e-01 4.277373388999999859e-01 6.264264163999999635e-01 5.388194439000000280e-01 -3.664755387309999723e-01
1.403637220938319104e+18 5.046993558899999677e+00 3.631106892000000030e-01 8.653818732000000402e-01 4.266625965999999992e-01 6.296911175999999610e-01 5.330233173999999741e-01 -3.705863843130000057e-01
1.403637221938319104e+18 5.862479155700000000e+00 -4.615535266999999942e-01 7.984245510999999906e-01 4.458543752999999943e-01 6.863263827000000150e-01 4.773616777999999949e-01 -3.198371477279999819e-01
1.403637223038319104e+18 6.186348128499999710e+00 -7.837806561000000283e-01 5.182565802999999915e-01 4.863230868000000262e-01 7.331861500999999892e-01 3.968169638999999860e-01 -2.616566867830000254e-01
1.403637229538319104e+18 5.945051402899999893e+00 -1.568047436000000072e+00 6.497427140999999517e-01 5.037688885000000116e-01 7.334112643000000320e-01 3.738000757000000118e-01 -2.619128248420000138e-01
1.403637230938319104e+18 5.984621881599999860e+00 -1.540300784700000092e+00 5.853718771000000487e-01 5.610931096000000284e-01 8.141335571000000160e-01 1.183775336000000011e-01 -9.136647688940000012e-02
1.403637231238319104e+18 6.014609499099999645e+00 -1.509125910100000079e+00 5.998739402999999637e-01 5.529671595999999800e-01 8.322647555000000086e-01 2.243168159999999953e-02 -3.255022009950000322e-02
1.403637231538319104e+18 6.081822997999999814e+00 -1.436973932399999931e+00 4.845065054000000093e-01 5.554654582000000396e-01 8.245477642999999857e-01 -1.018577154000000068e-01 3.470036012859999824e-02
1.403637232438319104e+18 6.624500996800000152e+00 -1.164566632999999962e+00 1.203813635999999992e-01 5.416161060999999943e-01 7.305481374000000194e-01 -3.515205703000000015e-01 2.222266887469999952e-01
1.403637233538319104e+18 8.040939834099999572e+00 -1.337517588699999926e+00 2.462759760000000075e-01 4.154598703999999865e-01 7.312284385999999747e-01 -4.647342895000000085e-01 2.769839469650000052e-01
1.403637233738319104e+18 8.449633346600000650e+00 -1.349744142300000060e+00 1.991757912000000075e-01 4.228435982000000037e-01 7.335147643999999634e-01 -4.027132044999999771e-01 3.478238877000000007e-01
1.403637234238319104e+18 9.318877421299999853e+00 -1.050304587100000075e+00 -9.362011999999999634e-04 4.268235496000000184e-01 7.247380559999999639e-01 -3.438674361999999873e-01 4.175303510119999784e-01
1.403637234938319104e+18 9.824255301099999116e+00 1.547887843000000097e-01 -3.908843867999999833e-01 5.323052714999999546e-01 7.125065570999999931e-01 -3.442941509999999927e-01 3.007441462109999852e-01
1.403637235438319104e+18 9.787628061299999516e+00 1.032831946099999954e+00 -6.024593671000000317e-01 5.377141576999999728e-01 7.598328093999999755e-01 -2.777042220000000006e-01 2.374825286610000030e-01
1.403637235738319104e+18 9.684708431900000747e+00 1.523562850700000082e+00 -6.508253916999999777e-01 5.316287272999999924e-01 7.825304912999999640e-01 -2.466825987000000053e-01 2.101538054279999956e-01
1.403637236038319104e+18 9.536597437299999314e+00 2.025558818099999936e+00 -6.322292574000000220e-01 5.551685530000000091e-01 7.835215550999999889e-01 -1.651655529000000122e-01 2.249493068260000062e-01
1.403637236238319104e+18 9.366615640499999174e+00 2.364851669300000125e+00 -5.859173380000000098e-01 5.592206396000000135e-01 7.924803099999999656e-01 -1.225740911000000044e-01 2.102922414070000079e-01
1.403637236438319104e+18 9.124291306499999976e+00 2.705351604500000118e+00 -5.075424997999999910e-01 5.683602743000000235e-01 7.981590186999999448e-01 -9.154488580000000320e-02 1.775621391749999944e-01
1.403637237038319104e+18 8.083473836099999588e+00 3.650496708499999965e+00 -2.316317877000000081e-01 6.417223761000000470e-01 7.589424869999999990e-01 -4.143745480000000231e-02 1.023798355910000013e-01
1.403637237238319104e+18 7.652339725100000045e+00 3.855597726900000133e+00 -1.067268299999999948e-01 6.689765398000000474e-01 7.396888458000000499e-01 -2.735676449999999843e-02 6.769348534260000161e-02
1.403637237438319104e+18 7.200084451300000410e+00 3.954810896100000139e+00 3.997224290000000319e-02 6.664781887999999821e-01 7.445441931999999818e-01 -1.010452860000000085e-02 3.686009702200000043e-02
1.403637237938319104e+18 6.118950301199999942e+00 3.790208755100000104e+00 4.762081423999999785e-01 6.490090715999999871e-01 7.602780800999999755e-01 -2.474490060000000130e-02 -1.233514489169999957e-02
1.403637238538319104e+18 5.218417619900000304e+00 3.098964257300000025e+00 8.335929466999999482e-01 5.889949736999999796e-01 7.762939085000000183e-01 -2.245032177999999878e-01 7.140997609650000244e-03
1.403637239038319104e+18 5.112352660800000059e+00 2.281729825499999809e+00 1.009085309800000108e+00 4.663680104999999854e-01 8.200745848999999588e-01 -3.305120601000000047e-01 2.720904654069999928e-02
1.403637239538319104e+18 5.847217422299999967e+00 1.630837284500000095e+00 1.168617642500000109e+00 4.895084927000000197e-01 7.894598860000000551e-01 -3.424033341000000119e-01 1.410477957919999970e-01
1.403637239738319104e+18 6.270906467199999668e+00 1.416129735599999995e+00 1.146549263999999901e+00 4.932170697000000104e-01 7.609049865000000468e-01 -3.780118238999999880e-01 1.867286392399999939e-01
1.403637239938319104e+18 6.730976763200000157e+00 1.208846544900000097e+00 1.071018603099999966e+00 5.069900915999999702e-01 7.194192540999999608e-01 -4.016252518999999799e-01 2.531682066270000142e-01
1.403637240538319104e+18 8.067804376899999852e+00 5.646144801000000379e-01 7.072161322000000139e-01 4.263959909999999742e-01 6.714816610999999602e-01 -5.027559792000000360e-01 3.384305881849999920e-01
1.403637240938319104e+18 8.959027553000000310e+00 2.147679352000000097e-01 5.668732010000000487e-01 4.378318956000000206e-01 6.595573069000000288e-01 -4.854737023999999845e-01 3.709483445899999787e-01
1.403637241538319104e+18 1.020408710260000085e+01 -1.108967804000000057e-01 3.598972341000000186e-01 4.368087598000000016e-01 6.733656742000000417e-01 -4.532238311999999825e-01 3.877691774090000210e-01
1.403637241938319104e+18 1.086394136630000062e+01 -1.302566655999999878e-01 2.709471646000000122e-01 4.736993239999999772e-01 6.526936920000000475e-01 -4.387020511999999983e-01 3.964093908099999841e-01
1.403637242738319104e+18 1.144370594069999925e+01 1.661485453000000057e-01 2.660297757999999790e-01 4.776962423000000180e-01 6.606025736999999731e-01 -4.106043528000000165e-01 4.084294373089999985e-01
1.403637243238319104e+18 1.126540660769999924e+01 5.714328816000000533e-01 3.294927203999999943e-01 4.988347169999999831e-01 6.822407575000000168e-01 -3.870900493000000164e-01 3.686092342699999747e-01
1.403637244738319104e+18 9.786526443799999697e+00 1.805766045099999939e+00 8.147381828999999964e-01 4.710508138000000233e-01 7.219952584000000062e-01 -4.098185792999999855e-01 2.981320340320000040e-01
1.403637245738319104e+18 9.326137912500000127e+00 2.646928958699999779e+00 1.093984216299999979e+00 4.807878775000000160e-01 7.569751394999999494e-01 -3.588985831000000015e-01 2.588888991550000185e-01
1.403637246038319104e+18 9.279470804400000716e+00 2.974034820600000018e+00 1.082960153699999983e+00 5.313438656000000204e-01 7.670412696999999724e-01 -2.816307788999999895e-01 2.236190766360000026e-01
1.403637246538319104e+18 9.140236402599999366e+00 3.501863887999999925e+00 9.613973286000000451e-01 5.831125192999999651e-01 8.012900326999999878e-01 -7.848244470000000084e-02 1.084185373889999943e-01
1.403637246738319104e+18 9.051487541700000250e+00 3.686358921400000099e+00 8.862581994999999546e-01 6.046164164999999757e-01 7.938374016000000477e-01 -1.088127699999999953e-03 6.526855833309999633e-02
1.403637247038319104e+18 8.857057683300000761e+00 3.890585808199999995e+00 8.047826984999999489e-01 5.947327614999999845e-01 7.995060563000000453e-01 8.415061190000000524e-02 1.297203623060000106e-03
1.403637247438319104e+18 8.522954558500000388e+00 4.085162151999999658e+00 7.174031660999999893e-01 6.001012150000000211e-01 7.929180751000000082e-01 9.965257909999999941e-02 -3.505455033700000111e-02
1.403637248038319104e+18 7.914709415799999981e+00 4.156836759599999986e+00 5.398508914999999853e-01 6.112568796999999776e-01 7.734105434000000390e-01 1.542579018999999940e-01 -6.637513181800000495e-02
1.403637248738319104e+18 7.080748561400000085e+00 3.841211051700000212e+00 4.208882466000000155e-01 5.817912942999999837e-01 7.837159517999999769e-01 1.917506578000000017e-01 -1.026639273850000061e-01
1.403637249238319104e+18 6.442205010600000392e+00 3.498042367700000099e+00 4.740488861000000109e-01 5.723792497999999895e-01 7.948978063999999621e-01 1.787709003000000074e-01 -9.252262983650000328e-02
1.403637250038319104e+18 5.404973894700000336e+00 2.889920731300000156e+00 4.550907747999999864e-01 5.800144748000000128e-01 7.834781531000000188e-01 1.890806641999999982e-01 -1.182949499970000068e-01
1.403637250238319104e+18 5.147809748200000257e+00 2.702853787400000041e+00 4.604690900000000253e-01 5.655086464999999896e-01 7.865477051999999469e-01 2.026823728999999907e-01 -1.430473136950000113e-01
1.403637252738319104e+18 3.689784440399999976e+00 1.487836815699999926e+00 7.732497318000000064e-01 5.272792621999999874e-01 7.609392370999999988e-01 3.017258590999999934e-01 -2.278367026760000080e-01
1.403637256738319104e+18 4.418085019100000288e+00 -1.312816468000000125e-01 9.906800664999999562e-01 4.824564062000000209e-01 6.722977825999999490e-01 4.637102453999999985e-01 -3.165822418700000029e-01
1.403637257238319104e+18 4.525209565900000008e+00 -4.581416562999999775e-01 9.536747496999999907e-01 4.792744796999999779e-01 6.589398465000000371e-01 4.775309830999999727e-01 -3.287223934649999846e-01
1.403637257738319104e+18 4.619253483399999638e+00 -7.753453661000000441e-01 9.938035920000000134e-01 4.628094172000000173e-01 6.552095130999999739e-01 4.993975420000000276e-01 -3.272766907670000003e-01
1.403637258438319104e+18 4.623825428500000001e+00 -1.214382570099999947e+00 9.429177216999999889e-01 4.334589322999999883e-01 6.008197357000000238e-01 5.536021507999999702e-01 -3.803336138860000104e-01
1.403637259438319104e+18 4.528501816500000388e+00 -1.666970817099999946e+00 8.885012204000000136e-01 4.223853584999999744e-01 6.020970477999999515e-01 5.436481578999999842e-01 -4.043716536579999854e-01
1.403637261438319104e+18 4.604319439300000205e+00 -1.857318102400000059e+00 6.178435327000000310e-01 4.256841131999999917e-01 5.980931737000000359e-01 5.602319807000000207e-01 -3.836896129190000004e-01
1.403637261938319104e+18 4.557488336799999651e+00 -1.925638434999999982e+00 6.182516942000000348e-01 4.301163747000000259e-01 5.964401894999999953e-01 5.570000268000000476e-01 -3.860181015210000233e-01
1.403637262238319104e+18 4.515654184199999754e+00 -1.961856236000000031e+00 5.846148746999999535e-01 4.322945066000000169e-01 5.976887707000000383e-01 5.460791108000000449e-01 -3.970984735649999986e-01
