1.403715894384058112e+18 8.110848328932869222e-01 2.072513108520910752e+00 1.102185694744254763e+00 -5.593934498020369794e-01 5.966073199399999361e-01 -4.511661559069511385e-01 3.571943082927427904e-01
1.403715894784058112e+18 8.233836415604656178e-01 2.215005986110772707e+00 1.199269392964976255e+00 -5.549433786516428935e-01 6.117747089821373718e-01 -4.344142652233091151e-01 3.592405852781852538e-01
1.403715894984058112e+18 8.444514061988410702e-01 2.310388996952480678e+00 1.251533814829521196e+00 -5.467226922309217363e-01 6.094704032414940409e-01 -4.376723222060001084e-01 3.715952956473360103e-01
1.403715895284058112e+18 8.757413163567736580e-01 2.463036927592437308e+00 1.334078585545362960e+00 -5.426099892966768090e-01 6.110419715517363404e-01 -4.365585770768681262e-01 3.763226239521714755e-01
1.403715895884058112e+18 9.301890726669301834e-01 2.769120349305969953e+00 1.477170493768001691e+00 -5.413045649987592300e-01 6.137860426910831668e-01 -4.349359895586598079e-01 3.756151577023394972e-01
1.403715896184058112e+18 9.570534710278603141e-01 2.920309020541870026e+00 1.545326115320718063e+00 -5.344608818287216456e-01 6.210043638842031033e-01 -4.244056319365955843e-01 3.854672559532656417e-01
1.403715896384058112e+18 9.730038698009270126e-01 3.000610997394449697e+00 1.590096421374134650e+00 -5.150489191262177524e-01 6.320277661141349146e-01 -4.073954561994351242e-01 4.114540752450331906e-01
1.403715896684058112e+18 9.733252605105494615e-01 3.038307255465783285e+00 1.653985994478738730e+00 -4.969949853856215349e-01 6.349482135469438626e-01 -3.999753522207046275e-01 4.357252210178032548e-01
1.403715897184058112e+18 8.827219592125954417e-01 2.792161862099582503e+00 1.757600526427631760e+00 -4.863608183829332132e-01 6.553489917648198659e-01 -3.639289348887505549e-01 4.489171234041497982e-01
1.403715897284058112e+18 8.558588336263159846e-01 2.680884499363526796e+00 1.773489568547577777e+00 -4.966595015348774789e-01 6.500969361032646887e-01 -3.745906014048565047e-01 4.363315190808732535e-01
1.403715897384058112e+18 8.295395603079287472e-01 2.552054737003461860e+00 1.791104779719243423e+00 -5.156605612700806418e-01 6.390554950014889490e-01 -3.943854127005408938e-01 4.125074618816620964e-01
1.403715897484058112e+18 7.530402974292427221e-01 2.127439982579233391e+00 1.842748239629107054e+00 -5.288064696328285130e-01 6.308755405574157926e-01 -4.101856202243381877e-01 3.925653155361895630e-01
1.403715897884058112e+18 7.095614807977792537e-01 1.825667669455922404e+00 1.870768580596978259e+00 -5.158288706709863725e-01 6.349936229789862052e-01 -4.054483568314846686e-01 4.078177349024495468e-01
1.403715897984058112e+18 6.648458240973058597e-01 1.497759005110565589e+00 1.897628016870297474e+00 -5.165865354237590967e-01 6.210379473498573999e-01 -4.272155190059063745e-01 4.061245125461737659e-01
1.403715898184058112e+18 6.099172764987857986e-01 1.150943331559927341e+00 1.923307031067839956e+00 -5.078916075995778545e-01 6.153066395249970899e-01 -4.546272092992333924e-01 3.959267038874270672e-01
1.403715898384058112e+18 5.358718479079722652e-01 8.232411539000972223e-01 1.934622885348174171e+00 -4.950798594796003704e-01 6.391126866084336777e-01 -4.624193150249785722e-01 3.641418455020495881e-01
1.403715898784058112e+18 3.600143684361605256e-01 1.776214916174547742e-01 1.877413096078260013e+00 -4.487963772278308894e-01 6.847753337741844248e-01 -4.831549644974501012e-01 3.102028921900897851e-01
1.403715898984058112e+18 2.790547205574281930e-01 -1.214571013068141969e-01 1.785216347426673345e+00 -4.372919152148979083e-01 6.964361292887495392e-01 -4.857727508487940105e-01 2.962723970298049014e-01
1.403715899184058112e+18 2.084933276108776878e-01 -4.094174438813384942e-01 1.679761666818451848e+00 -4.445665143570219358e-01 7.079379468619786397e-01 -4.752014848021250404e-01 2.745323779577734657e-01
1.403715899384058112e+18 1.769483093335855184e-01 -6.808750748730389990e-01 1.622135217856306655e+00 -4.581670129681068016e-01 7.122218576899445042e-01 -4.668728917001222500e-01 2.546619654603580196e-01
1.403715899684058112e+18 2.545125345520270477e-01 -1.189050643382779215e+00 1.572820103505131684e+00 -4.675125000662391783e-01 6.949173812495325064e-01 -4.821300950809986885e-01 2.570456514634975598e-01
1.403715899984058112e+18 4.168105742034583505e-01 -1.498079685668524785e+00 1.541922749378351165e+00 -4.818902979228489314e-01 6.735420372823606172e-01 -5.047366537588489077e-01 2.436468245918154696e-01
1.403715900384058112e+18 7.595202290279742252e-01 -1.720004537663744060e+00 1.522333066897105569e+00 -4.652665675587933647e-01 6.790317910139669344e-01 -4.992741956866573738e-01 2.704960728473970177e-01
1.403715900684058112e+18 1.057448471637417731e+00 -1.787007838106450697e+00 1.532409185038730914e+00 -4.268257256524417009e-01 6.615460800395495111e-01 -5.256764582904421834e-01 3.222434562637218614e-01
1.403715900984058112e+18 1.320880180518678948e+00 -1.741465704537651815e+00 1.588600438709882434e+00 -4.069692659137189028e-01 6.420443693939618113e-01 -5.548232522031089076e-01 3.381215804203030473e-01
1.403715901484058112e+18 1.201936439169077442e+00 -1.505764161808545332e+00 1.663317080279630655e+00 -4.269744955970313227e-01 6.764419213484695881e-01 -5.148483191988755259e-01 3.083023116522877749e-01
1.403715902184058112e+18 9.479419657770130625e-01 -1.169591104505340873e+00 1.713307106231757748e+00 -4.440637870065934911e-01 6.772841657022189432e-01 -5.112763702010915123e-01 2.875586639842528935e-01
1.403715902884058112e+18 6.452653834696500112e-01 -6.813407715501733630e-01 1.713114741561544196e+00 -4.897708168931759198e-01 6.812844218972797794e-01 -4.457048498548412674e-01 3.119667774230986956e-01
1.403715903384058112e+18 5.787866685524516441e-01 -2.351120878878472098e-01 1.661461292453866312e+00 -5.721862431700086571e-01 6.261175388223052529e-01 -3.955424053433404530e-01 3.523151093570855430e-01
1.403715903684058112e+18 6.441874188488325714e-01 -9.509425246469715987e-02 1.730880668754693597e+00 -5.976587166325799672e-01 5.920690065557295823e-01 -3.792971698897329991e-01 3.852168309184421102e-01
1.403715903884058112e+18 7.436801192644773018e-01 4.282188780037121667e-02 1.846146755258271321e+00 -6.224731038890999324e-01 5.423771155925937171e-01 -3.603333884134465870e-01 4.341821606314709148e-01
1.403715904284058112e+18 9.572734371870981196e-01 2.631653606680992574e-01 2.061215929342120834e+00 -6.980609503708667951e-01 4.143781600415268329e-01 -3.057291074866306801e-01 4.975252384385629445e-01
1.403715904484058112e+18 1.081248501648929272e+00 4.134238136909658134e-01 2.135224773040339308e+00 -7.353272510457440347e-01 3.180862989363613669e-01 -2.811960670645161087e-01 5.282458822990723224e-01
1.403715904784058112e+18 1.146409700909372997e+00 5.592069080627659616e-01 2.105951130739535770e+00 -7.598847076862527139e-01 2.377754409141352165e-01 -1.933076136181858806e-01 5.732976864072529821e-01
1.403715905384058112e+18 1.101383654730195394e+00 6.707136218507747660e-01 1.831563602154865134e+00 -8.028302119759358479e-01 5.040195133821029350e-02 -7.843810077642546230e-02 5.888724466185879525e-01
1.403715905684058112e+18 1.032836943182726452e+00 6.670578742117583282e-01 1.756222061546979907e+00 -8.127084202145209435e-01 1.132286339142587854e-02 -6.420193079860889857e-03 5.825251905264304808e-01
1.403715905884058112e+18 9.628173223283535975e-01 6.612559298729066004e-01 1.682663673874325028e+00 -8.258163957003434863e-01 -5.934789852672352900e-02 5.338672745502041905e-02 5.582606603232925790e-01
1.403715906284058112e+18 8.280858214089015235e-01 6.950077870989874729e-01 1.555532027488315094e+00 -7.839065382054466458e-01 -2.498546388680123187e-01 1.315307173667518981e-01 5.529582888282584818e-01
1.403715906484058112e+18 7.315186096344997724e-01 7.147172747379149094e-01 1.511411765231546855e+00 -7.498065083306648670e-01 -3.240093520540284211e-01 1.858309492342556379e-01 5.461455832955169898e-01
1.403715906684058112e+18 6.195220181082274902e-01 7.166769211811483409e-01 1.511783747767560637e+00 -7.185094018300386409e-01 -3.793268089840086676e-01 2.576833865966507986e-01 5.229289471237276166e-01
1.403715906884058112e+18 5.135005534608240163e-01 7.110352122262812991e-01 1.518745379699261155e+00 -6.749616567505352105e-01 -4.414486664649904246e-01 3.196563864081208850e-01 4.973626759431754585e-01
1.403715907284058112e+18 3.450364349127310604e-01 6.735768467938871851e-01 1.499490715487540315e+00 -5.507983345561673350e-01 -5.902667109210213425e-01 3.991258186895283444e-01 4.346320115730611389e-01
1.403715907484058112e+18 2.854246759521588128e-01 6.231243713931917672e-01 1.548963667092497332e+00 -4.836766167351346235e-01 -6.480226762241364513e-01 4.325071576622136482e-01 3.988246483028785594e-01
1.403715907684058112e+18 2.306763827733832040e-01 5.057328299361414370e-01 1.626913523428640040e+00 -4.024752675862925955e-01 -6.920616430628158122e-01 4.944523396016523020e-01 3.384984860305733645e-01
1.403715907984058112e+18 2.323741188745334085e-01 3.775820852027294006e-01 1.679917207209117080e+00 -3.164779170238368744e-01 -7.301630178566625995e-01 5.480794892864739865e-01 2.575122692498011401e-01
1.403715908284058112e+18 2.670872812825516585e-01 3.169045714410807513e-01 1.706979793602870554e+00 -2.440480716030496433e-01 -7.601395361915193050e-01 5.686722950251679176e-01 1.980915069764046799e-01
1.403715908484058112e+18 3.214829151703283427e-01 2.724882544680078400e-01 1.725447810351185662e+00 -1.635075017123631125e-01 -7.827019295798894882e-01 5.843166883824282287e-01 1.386253728344533920e-01
1.403715908684058112e+18 3.823300720443041367e-01 2.563145797095045531e-01 1.741825653552099062e+00 -7.592013502231295674e-02 -7.925268861378844676e-01 5.993756667727856424e-01 8.298239528635431572e-02
1.403715908884058112e+18 4.960965312366925062e-01 2.815947509564362683e-01 1.742901314834808035e+00 4.088251172989171289e-02 -8.065706355559909557e-01 5.897125186759715199e-01 3.402265466144128742e-03
1.403715909184058112e+18 6.258527721749618244e-01 3.426912472915408792e-01 1.733735333141188439e+00 -1.417208166324409324e-01 8.039816016391870823e-01 -5.741856936140721235e-01 6.196437369689324071e-02
1.403715909484058112e+18 7.956842909502668260e-01 4.309087735061345459e-01 1.690671909951184215e+00 -2.443547136503926576e-01 7.777966321072893319e-01 -5.672963925123535311e-01 1.161807903306865120e-01
1.403715909784058112e+18 9.489076522730442997e-01 5.277948997311832091e-01 1.654142927311219369e+00 -3.128985448956387305e-01 7.501926433819967599e-01 -5.530925481027239021e-01 1.827406130310392507e-01
1.403715909984058112e+18 1.092628604396786773e+00 6.462234320852242586e-01 1.611055829155002117e+00 -3.869324850852009501e-01 7.004343537028078215e-01 -5.357241312088122376e-01 2.695823128086928810e-01
1.403715910184058112e+18 1.211345115152748564e+00 7.770810060899968619e-01 1.554910143695384717e+00 -4.702692139511748803e-01 6.503440548855362602e-01 -4.959231630083036912e-01 3.316017084947274207e-01
1.403715910384058112e+18 1.305880415113899407e+00 9.113147781798567326e-01 1.507450865693569231e+00 -5.280319929412137236e-01 5.945730517941458793e-01 -4.688506294722326606e-01 3.845051205825701923e-01
1.403715910784058112e+18 1.377320004931575914e+00 1.209171746599702502e+00 1.438760607781415235e+00 -6.107109166192300487e-01 5.012928191919530096e-01 -4.038393269699721566e-01 4.611415007794505971e-01
1.403715910984058112e+18 1.350506607020705241e+00 1.365936882745779180e+00 1.421826554540815968e+00 -6.436743755636991082e-01 4.574095518074083877e-01 -3.634792079371023110e-01 4.943102927872778385e-01
1.403715911184058112e+18 1.280483097284550897e+00 1.507350360706529058e+00 1.395443395474653459e+00 -6.697734142230271637e-01 4.036527060139050715e-01 -3.268915613834838529e-01 5.306693637510546679e-01
1.403715911384058112e+18 1.172728959918949654e+00 1.623557719895825535e+00 1.374847059178338382e+00 -7.029538352349145036e-01 3.572413229439931892e-01 -2.770173600092110111e-01 5.490864458018220873e-01
1.403715911784058112e+18 9.034860101301336321e-01 1.785216746589799452e+00 1.355272169180987696e+00 -7.677207815304192273e-01 2.563222114193282053e-01 -2.025273115175509064e-01 5.512589351918933955e-01
1.403715911984058112e+18 7.529915597170291353e-01 1.855701704503556426e+00 1.414307111116017479e+00 -7.799727795023629895e-01 2.166965045013258262e-01 -1.707670177508829323e-01 5.617149756066102118e-01
1.403715912184058112e+18 6.016063172317088759e-01 1.919035814663875739e+00 1.486485782734483285e+00 -7.858650252830934324e-01 1.883245628779867120e-01 -1.382384688399645456e-01 5.725732676141982447e-01
1.403715912384058112e+18 4.498350661794912053e-01 1.976521479894432387e+00 1.546795361629722088e+00 -7.926793319899920753e-01 1.544861685631383486e-01 -1.107229150483697300e-01 5.792529123291250137e-01
1.403715912784058112e+18 1.561069944768451734e-01 2.058688411874085578e+00 1.643652498073447710e+00 -8.045650786701116219e-01 4.613089757597979568e-02 -2.931917080779724086e-02 5.913436908402207592e-01
1.403715912984058112e+18 1.241285912980005790e-02 2.085809038882382449e+00 1.648261115952638356e+00 -8.044386860638544912e-01 -2.838401350822364333e-02 2.297024363565774996e-02 5.929124016651557971e-01
1.403715913184058112e+18 -1.216188952531834788e-01 2.105261126935269900e+00 1.624124449603027820e+00 -7.916778923954046476e-01 -1.015770777746508591e-01 6.843896377398886455e-02 5.985351453345705286e-01
1.403715913384058112e+18 -3.683903289739869358e-01 2.083529604249428679e+00 1.582077978822694408e+00 -7.505888036297143628e-01 -2.024124008156326093e-01 6.395306057542800293e-02 6.257440961805404989e-01
1.403715913884058112e+18 -7.155175493319264612e-01 1.868683944009414288e+00 1.569079936174411216e+00 -7.746994800000255310e-01 -1.941240288403000558e-01 7.017737504547118255e-02 5.976886423098801693e-01
1.403715914284058112e+18 -1.170258870915813709e+00 1.546358464970546187e+00 1.588180730926270989e+00 -8.206691900543047202e-01 -1.293478359371258990e-01 6.941610664484804127e-02 5.522251551425965133e-01
1.403715914684058112e+18 -1.642825460705365170e+00 1.334452602669822685e+00 1.632108821781610652e+00 -8.578078014509625815e-01 -1.067948709701982239e-02 8.024341686114962180e-02 5.075556308185913412e-01
1.403715915184058112e+18 -1.970433032560116482e+00 1.455376513062195620e+00 1.668504246378169631e+00 -8.371794621211258169e-01 4.211038737231794990e-03 4.926419195276550422e-02 5.446887686987657018e-01
1.403715916384058112e+18 -2.206480904344974014e+00 2.388687716376813430e+00 1.383539746441363016e+00 -8.147342181496924907e-01 3.495989605947143891e-02 -1.604644475790059643e-02 5.785572323064951394e-01
1.403715917284058112e+18 -2.027991831971561520e+00 3.284637354022433620e+00 1.247131438328837882e+00 -7.626352093430724954e-01 2.109392183041151891e-01 -1.451776957203164686e-01 5.939828451368236450e-01
1.403715917984058112e+18 -1.869441204992841943e+00 3.245650950941776358e+00 1.145973765302810810e+00 -7.457056193225681806e-01 2.439448478064202286e-01 -1.677233029045317736e-01 5.968944079167116668e-01
1.403715918484058112e+18 -1.848532577929279830e+00 3.073090027033943628e+00 1.022510154184301356e+00 -7.497778583893991433e-01 3.069107051810663900e-01 -1.646175797556446441e-01 5.626189070318028396e-01
1.403715918784058112e+18 -1.813433699264616727e+00 2.930867819327527712e+00 9.592154436775294224e-01 -7.663022396719132434e-01 3.016541930500121205e-01 -1.962568325246887291e-01 5.322301015317829620e-01
1.403715918984058112e+18 -1.736195440741962859e+00 2.754166078449783228e+00 9.679447670052708785e-01 -7.944559253724664538e-01 2.875695812227518355e-01 -2.142716586157640268e-01 4.901338336719864852e-01
1.403715919384058112e+18 -1.591666208094128176e+00 2.918718710768267943e+00 8.146098631702700654e-01 -7.761945897183497589e-01 2.791386512950318477e-01 -1.948065112118889941e-01 5.307108397560821311e-01
1.403715920484058112e+18 -1.583140812679447951e+00 3.080537880525009875e+00 8.819235921960073554e-01 -7.537324850867496151e-01 2.725363776875275867e-01 -1.829195741594110691e-01 5.693432120885025816e-01
1.403715920784058112e+18 -1.588722127363164649e+00 3.192110907691874111e+00 1.002718227851896238e+00 -7.598246715795164974e-01 2.490902400718768839e-01 -1.603526061435457117e-01 5.787119857606088935e-01
1.403715921184058112e+18 -1.584338780176368200e+00 3.255310023684951926e+00 1.236278521430160371e+00 -7.912865544351124214e-01 2.040357202792017766e-01 -1.365251703264125371e-01 5.599963316734307694e-01
1.403715921984058112e+18 -1.507871877545009287e+00 3.444844332608042237e+00 1.781133843234782521e+00 -7.841682153734518268e-01 2.065968081564911740e-01 -1.370558754113732347e-01 5.688705088794702158e-01
1.403715922284058112e+18 -1.478719202008861533e+00 3.490373122238435322e+00 1.946120887680193645e+00 -7.761001981822928109e-01 2.032243835976876578e-01 -1.443693725289449947e-01 5.792459033677704872e-01
1.403715922784058112e+18 -1.475017766266280006e+00 3.502565376222201543e+00 2.478468268332439273e+00 -7.908661297229955256e-01 1.988553064056111097e-01 -1.403088791114072142e-01 5.615164738578920511e-01
1.403715924484058112e+18 -1.420784563601974027e+00 3.181156837889991706e+00 2.113686677739162967e+00 -7.882265394473928488e-01 2.042917629328820095e-01 -1.338860822546109330e-01 5.648347679517204956e-01
1.403715924784058112e+18 -1.353419541213173538e+00 3.021936649158289967e+00 1.947223778016411222e+00 -7.765969358037640990e-01 2.498094452626750672e-01 -1.343542671824694001e-01 5.625312180204938839e-01
1.403715924984058112e+18 -1.272931403902244130e+00 2.905319917456192336e+00 1.846627952042784848e+00 -7.487559406195947176e-01 2.863338993769073415e-01 -1.793433930374028484e-01 5.702748344687081916e-01
1.403715925184058112e+18 -1.189817324095993945e+00 2.760812623651223596e+00 1.791219063930655331e+00 -7.227270911741505710e-01 3.277970735825878057e-01 -2.250827998479593695e-01 5.652896279308918803e-01
1.403715925384058112e+18 -1.116739448565581272e+00 2.586087307830432280e+00 1.777669566666031820e+00 -7.084594422138941194e-01 3.891675695350200748e-01 -2.403310033790979350e-01 5.374707716471467389e-01
1.403715925784058112e+18 -9.564348106231527202e-01 2.166487803877607199e+00 1.756091989216708171e+00 -6.556576499996529250e-01 4.867802772007008838e-01 -3.033029789651420782e-01 4.910858485806861018e-01
1.403715925984058112e+18 -8.662961588851395556e-01 1.925900130398621846e+00 1.735704772047417466e+00 -6.143036437551960827e-01 5.264386112725552014e-01 -3.484264966493152427e-01 4.733839860654326381e-01
1.403715926184058112e+18 -7.844995974417763307e-01 1.666987374393668508e+00 1.676276878334061138e+00 -5.580949032924248376e-01 5.688387877295583150e-01 -3.926166032170040898e-01 4.591347464217087615e-01
1.403715926384058112e+18 -7.330547249830016154e-01 1.390011279001922340e+00 1.582004302616507596e+00 -5.072776132637779600e-01 5.995884203440546845e-01 -4.469777179978675075e-01 4.282219855216968796e-01
1.403715926784058112e+18 -7.634296763563458432e-01 8.402364700204572046e-01 1.392024662774041577e+00 -4.448386325946943609e-01 6.769572858777866964e-01 -4.928970423591030325e-01 3.176474927996625341e-01
1.403715926984058112e+18 -8.125212559625124564e-01 5.891190963707690909e-01 1.357008976236645292e+00 -4.159084773355300468e-01 7.006423463471624924e-01 -5.080609500819061042e-01 2.792749755840194248e-01
1.403715927184058112e+18 -8.585806926085850499e-01 3.613385875811736536e-01 1.332363029189885584e+00 -3.918215428695387414e-01 6.997850845847171097e-01 -5.476304293095590747e-01 2.384903076234392294e-01
1.403715927384058112e+18 -9.007488027213710335e-01 1.829205915129472615e-01 1.317124637337978799e+00 -3.560735424504103963e-01 6.931024103035801076e-01 -5.879027770167208899e-01 2.172349096582109618e-01
1.403715927884058112e+18 -1.097443280453886727e+00 2.507283114455383100e-02 1.272209869625360312e+00 -2.121469201569637364e-01 7.401990243894943644e-01 -6.235088986239221143e-01 1.354095339979399792e-01
1.403715928284058112e+18 -1.336728967943363156e+00 1.489923532520804894e-01 1.122973904900264941e+00 -4.627542156034680082e-02 7.766402365686677634e-01 -6.275527738753029494e-01 2.942863067471834099e-02
1.403715928484058112e+18 -1.455238190693743272e+00 2.824220379155473193e-01 1.017540460207941866e+00 -2.956935041497888925e-02 -7.848303843640415112e-01 6.189325731322092849e-01 9.454692537052994741e-03
1.403715928684058112e+18 -1.575549510303193568e+00 4.619840530992760375e-01 9.369694824130184729e-01 -6.037269244380405464e-02 -8.119488815625340861e-01 5.794000870705661166e-01 3.727855736286563026e-02
1.403715928884058112e+18 -1.690926786779606283e+00 6.453261835970787175e-01 9.416413148030863267e-01 -4.625655049936518159e-02 -8.536011672899110891e-01 5.180005163777895438e-01 3.001405953123739007e-02
1.403715929184058112e+18 -1.927751471804963090e+00 7.867398130497995634e-01 1.136483498378436208e+00 4.842863461705680661e-02 -8.652811641762310213e-01 4.974941598616279270e-01 3.798335391361677693e-02
1.403715929484058112e+18 -2.002738344425680772e+00 7.448580650419125426e-01 1.202632588596705965e+00 1.129541208913005801e-01 -8.192297087225368646e-01 5.532160412481553768e-01 1.002799213490951635e-01
1.403715929784058112e+18 -1.838771864375657650e+00 6.338291100285013968e-01 1.324728110127373348e+00 2.454758344291971262e-02 -8.106583992394751359e-01 5.849634133066359265e-01 6.941252210848432649e-03
1.403715931484058112e+18 -1.855014214958191410e+00 2.327837444547276036e-02 1.487735642960041460e+00 -4.718482219423978524e-03 -8.491986814379436366e-01 5.278482320275889039e-01 1.468261948533488952e-02
1.403715931784058112e+18 -1.920279856229098581e+00 -3.479301265745962102e-01 1.516478640996996141e+00 1.130604686351318819e-02 -8.348104054346767722e-01 5.501609535703368969e-01 1.693178811846680898e-02
1.403715931984058112e+18 -1.944779269243161135e+00 -6.155731709048735123e-01 1.532211159540097345e+00 1.594922388592515117e-02 -8.090405518267835827e-01 5.874152372407621669e-01 1.193091843190602352e-02
1.403715932184058112e+18 -1.958454938879590213e+00 -8.624644544510475797e-01 1.570792466582844105e+00 2.081222063033861744e-02 -7.623166464189078395e-01 6.467297110880643185e-01 1.344852635096826718e-02
1.403715932384058112e+18 -1.947553469417208083e+00 -1.068673391533144335e+00 1.639343587355847287e+00 1.808159440869292617e-02 -7.056160581677201060e-01 7.083147605773197908e-01 8.320717984771065084e-03
1.403715932684058112e+18 -1.888855861628134125e+00 -6.940068320766186183e-01 1.786050831960347196e+00 8.397342789561812113e-03 -7.727346065728749602e-01 6.344598886891833489e-01 1.647307145762175878e-02
1.403715933184058112e+18 -1.848640909618491479e+00 -3.798009066302785453e-01 1.835957322929233637e+00 2.305296161848426669e-03 -8.398745391681443628e-01 5.424034275144926642e-01 2.009890263753961320e-02
1.403715933384058112e+18 -1.808778562512206145e+00 -1.051612474415597465e-01 1.890263239776010185e+00 -1.747346059648809125e-02 -8.934218779676904587e-01 4.488719188656642989e-01 2.454912895571055315e-03
1.403715934184058112e+18 -1.801615503009724506e+00 -3.972780994239517582e-01 2.247298351125232685e+00 -1.719012102150797860e-02 -8.041660653770633660e-01 5.933591392047103952e-01 3.076314284145698769e-02
1.403715934284058112e+18 -1.807513930437915306e+00 -6.551399172256449077e-01 2.306345297960548990e+00 -1.588983778196103452e-02 -7.229566554434476711e-01 6.898428235177573864e-01 3.461309356782787255e-02
1.403715934484058112e+18 -1.749751080261864100e+00 -3.352272001843235039e-01 2.384386314012529873e+00 -1.348899040158203257e-02 -7.708361002963906028e-01 6.368141917497810445e-01 9.871109556271746854e-03
1.403715935184058112e+18 -1.731076471706718856e+00 3.794305698854083531e-02 2.368424494403766012e+00 -1.642268089876969261e-02 -8.432648147850381193e-01 5.370932643460735179e-01 1.286752080747048839e-02
1.403715935384058112e+18 -1.716070461908360656e+00 3.716832285006175240e-01 2.310510289065334621e+00 -1.467251159017855973e-02 -8.798936591941343144e-01 4.746012914872840827e-01 1.804106516240741934e-02
1.403715935884058112e+18 -1.669175737944077476e+00 4.935011188108531233e-01 2.091913615295343476e+00 -1.223548304994800072e-02 -8.129458894597412222e-01 5.809452602172976432e-01 3.836506739341483813e-02
1.403715936384058112e+18 -1.613005470661445617e+00 2.518926110199022350e-01 2.052036820123111838e+00 -3.515068256702735122e-02 -7.434078592674986385e-01 6.675149762942313991e-01 2.308550881611421898e-02
1.403715936884058112e+18 -1.537874549051067685e+00 3.744701038054836228e-01 1.970857917704827322e+00 -1.518142249680264413e-02 -7.990785574444841943e-01 6.008277316385255418e-01 1.578037824386274365e-02
1.403715937284058112e+18 -1.487711624332348492e+00 5.454073421756659990e-01 1.880825154820465528e+00 -4.537704384643582306e-02 8.130806793935763110e-01 -5.798766630296724456e-01 2.416171273339466630e-02
1.403715937884058112e+18 -1.367128341501527178e+00 7.481175953934859901e-01 1.574456802656589716e+00 -1.563792741447731505e-01 8.500058304330588843e-01 -4.951761438532140680e-01 8.852229892191483540e-02
1.403715938184058112e+18 -1.192948231645558854e+00 5.805911517202262395e-01 1.535330224355814233e+00 -2.550320375568322917e-01 7.958909168919420241e-01 -5.313418251356125666e-01 1.385358187981389211e-01
1.403715938984058112e+18 -6.741432869528141136e-01 6.607353987546527030e-02 1.536949235077461839e+00 -3.153387911550941669e-01 8.009426045085503709e-01 -4.779239199479602962e-01 1.750460448495752552e-01
1.403715939284058112e+18 -4.540718822252838294e-01 -1.529312678322880537e-01 1.541892928543421082e+00 -3.004681263505096789e-01 7.509678184162033032e-01 -5.511536831933261382e-01 2.049289102421937847e-01
1.403715939484058112e+18 -2.406583827477933868e-01 -3.491387044722000788e-01 1.543139770680999501e+00 -2.825628924142209453e-01 7.060533755165198100e-01 -6.093533582851796693e-01 2.243553598620065814e-01
1.403715939684058112e+18 -1.445295948844047551e-01 -1.982540597194017984e-01 1.785666185148624630e+00 -2.974367588452703215e-01 7.823484679674157505e-01 -5.176054785089015953e-01 1.776142386584736166e-01
1.403715940484058112e+18 -1.971823569366244477e-01 -4.201298907735284693e-02 1.861626282756966955e+00 -3.094199812560076701e-01 8.366824570606066214e-01 -4.251089361752292684e-01 1.533105789908953687e-01
1.403715940684058112e+18 8.404341491589595314e-02 -1.641197516486816443e-01 2.089014677137221998e+00 -3.015052157118129350e-01 8.170065003100260848e-01 -4.654133302421744611e-01 1.580677556702344277e-01
1.403715941184058112e+18 2.139758729504797063e-01 -2.711896774364184193e-01 2.154699689820616104e+00 -2.808212527438657125e-01 7.662606403568335001e-01 -5.473866193683865067e-01 1.853427742960351565e-01
1.403715941284058112e+18 4.469120593016101539e-01 -4.631139631751335362e-01 2.266128228733484740e+00 -2.449401190416499730e-01 6.913186892177787257e-01 -6.408227080307991042e-01 2.267797717922569456e-01
1.403715941484058112e+18 6.595127978230126420e-01 -6.142983380465938392e-01 2.312185434657018313e+00 -2.160010934970218455e-01 6.427478805516202431e-01 -6.862168801184191924e-01 2.632965687110901398e-01
1.403715941784058112e+18 4.133799325422466975e-01 -3.125805554825009658e-01 2.198254359384873347e+00 -2.516374308965415585e-01 7.113969513481309681e-01 -6.156710254094143187e-01 2.270290057585020449e-01
1.403715942284058112e+18 1.639538954145099980e-01 -6.258817934255223037e-02 2.044340858501915825e+00 -2.838967066473585543e-01 7.910037317304969839e-01 -5.085156797607547352e-01 1.874234771331199922e-01
1.403715942484058112e+18 -5.521010713800778014e-02 1.676075505462373272e-01 1.844946051888209260e+00 -2.968605059040295702e-01 8.332109084298496837e-01 -4.356317017816837001e-01 1.669084854364873971e-01
1.403715942684058112e+18 -2.102543078074654570e-01 3.094021003091069755e-01 1.650455361402564325e+00 -3.135320250948828713e-01 8.499902161802675993e-01 -3.967726334259161769e-01 1.476000643698633652e-01
1.403715943184058112e+18 -1.467234387022574582e-01 1.652865505227110177e-01 1.324332526326817305e+00 -3.184985327177690118e-01 7.935928976858123152e-01 -4.884717308354725729e-01 1.736789151677928245e-01
1.403715943384058112e+18 7.288734405587748988e-03 3.534592562419280881e-03 1.301804074592536775e+00 -2.979860440364227592e-01 7.176251741459832578e-01 -5.863233643401042361e-01 2.290051078477764179e-01
1.403715944284058112e+18 -1.135735036190754776e-01 1.209060874346543635e-01 1.407850135658396784e+00 -3.442089316470081650e-01 7.918884474260179385e-01 -4.538038183015109528e-01 2.202157866788975460e-01
1.403715944484058112e+18 -2.239918879889007952e-01 2.183518177888590373e-01 1.438184106784141436e+00 -4.014733653545468073e-01 8.012583465686724526e-01 -3.868532278603785679e-01 2.171376960800164291e-01
1.403715944684058112e+18 -1.451347455233036321e-01 1.501869498429180272e-01 1.539048381682377009e+00 -4.949848073594608211e-01 7.100705296193016158e-01 -4.151252296537402686e-01 2.801087773605305253e-01
1.403715945284058112e+18 1.662349463556681561e-01 -1.617846314325532830e-02 1.709212949138024573e+00 -4.534500448738650880e-01 5.469739051656625772e-01 -5.826791579427680334e-01 3.945726837615866622e-01
1.403715945684058112e+18 7.883903234175537733e-02 5.314304028595295826e-02 1.797493839413973893e+00 -4.787790117923342303e-01 6.249930556310336893e-01 -4.999252214983199716e-01 3.608727077377770764e-01
1.403715945884058112e+18 -4.334383588013968058e-02 1.317908265457838901e-01 1.840365033764396197e+00 -5.148736964815125994e-01 6.840676912678473887e-01 -4.181841323992736004e-01 3.034443966271378468e-01
1.403715946484058112e+18 1.034256063133289771e-01 2.822097204533953185e-01 2.015709024018264461e+00 -5.650786986933468148e-01 6.231011067326975850e-01 -4.122827150931366313e-01 3.499343337069868443e-01
1.403715946684058112e+18 3.024613494418109116e-01 3.191308885767361048e-01 2.091058963633775747e+00 -5.314450055904320624e-01 5.686320213368833976e-01 -4.693225112399486143e-01 4.170853758965233360e-01
1.403715946884058112e+18 4.973158637843498875e-01 3.828815901374107433e-01 2.179793173951181107e+00 -5.040533819788460823e-01 5.330607790955499414e-01 -5.040992006132379855e-01 4.556976956786455424e-01
1.403715947184058112e+18 1.550559407728622219e-01 5.594075101769555580e-01 2.158362983034678440e+00 -5.385065007189744346e-01 6.200073546900880528e-01 -4.103369686168777397e-01 3.965163313155164460e-01
1.403715947784058112e+18 -4.815635118130789927e-02 6.042661013024805960e-01 2.064632968553238523e+00 -5.750999003637639051e-01 6.509824497447865843e-01 -3.572779713525583989e-01 3.432701646110032367e-01
1.403715947984058112e+18 -1.829121749508715311e-01 6.310077652337400256e-01 1.940247526624189645e+00 -6.059641954679834130e-01 6.637871346628227975e-01 -3.190789507934930214e-01 3.006370849171513537e-01
1.403715948384058112e+18 -1.022333082637438828e-02 6.442015637246996107e-01 1.787858248271923411e+00 -5.812089486695254381e-01 6.264835158659032288e-01 -3.781773112253095648e-01 3.559444951241095279e-01
1.403715948784058112e+18 4.790395226544151841e-01 6.427785007090189850e-01 1.595972123977642987e+00 -5.134984241852738052e-01 5.327496489717962191e-01 -4.859262852266044708e-01 4.651589246757943386e-01
1.403715949284058112e+18 4.189794811555190845e-01 6.590018641339676631e-01 1.541649107758521708e+00 -5.823333391190488317e-01 5.578212344503249431e-01 -4.107573363254704568e-01 4.254430199234425225e-01
1.403715949484058112e+18 3.482173474523849732e-01 6.687254521802212803e-01 1.509101045947901509e+00 -6.427586722469732505e-01 5.718203462677987625e-01 -3.405247383940118167e-01 3.793753858478076113e-01
1.403715949684058112e+18 5.299436042205527553e-01 7.584049845471940721e-01 1.487730691389939519e+00 -7.295626294197790074e-01 4.831228129991267939e-01 -3.054374397595728263e-01 3.755511785456495666e-01
1.403715950184058112e+18 7.515868522411092156e-01 8.643393529151695009e-01 1.512109974668578660e+00 -6.938611260315041829e-01 4.254898841568283685e-01 -3.466449613077202674e-01 4.662106466635776436e-01
1.403715950384058112e+18 9.533817914909428204e-01 9.899629963079107364e-01 1.532351853075943682e+00 -6.405782206515550081e-01 3.952584804057616696e-01 -3.722952853896288605e-01 5.429792789516652007e-01
1.403715951284058112e+18 5.909714076707651698e-01 1.143754957262975491e+00 1.660103788015256265e+00 -7.372060152485635509e-01 4.380951711439111107e-01 -2.645993182215158335e-01 4.411202930022951607e-01
1.403715951484058112e+18 4.275736843564371670e-01 1.149757800229343374e+00 1.690803142168129991e+00 -7.802751330398023377e-01 4.322885102735065654e-01 -2.156176870435815851e-01 3.972485036840379125e-01
1.403715951684058112e+18 3.917708742611438755e-01 1.272457443533271171e+00 1.757504656402458121e+00 -8.086899653432926272e-01 3.956778554429035144e-01 -1.794889793207685713e-01 3.965391291758703640e-01
1.403715951984058112e+18 5.134228007746195477e-01 1.441558635096766405e+00 1.833206444700175686e+00 -7.641502735882171882e-01 3.402827842514903334e-01 -2.043407347208127667e-01 5.084553571857266530e-01
1.403715952184058112e+18 6.635647722173436680e-01 1.608153492961638786e+00 1.898604211668980302e+00 -7.171281660077728493e-01 2.851198940957324623e-01 -2.145737803537927091e-01 5.986584437672692882e-01
1.403715952384058112e+18 8.392216222129720293e-01 1.742994555166104131e+00 2.021262362959839187e+00 -6.738506832168452698e-01 2.219176428025633196e-01 -2.082323397258832032e-01 6.732882809268474489e-01
1.403715952784058112e+18 7.369691961924413892e-01 1.452135006257108785e+00 2.096189583636620668e+00 -7.458160243653947363e-01 2.199873456054337040e-01 -1.724776663977263258e-01 6.046614591383074888e-01
1.403715953184058112e+18 6.172351507123093883e-01 1.211933454573834723e+00 2.071002926705779679e+00 -8.219950021711494026e-01 2.355237368397189168e-01 -1.374312316695434633e-01 4.999654411581854196e-01
1.403715953384058112e+18 5.425604408388720046e-01 1.010741846439919822e+00 2.020788230009494590e+00 -8.597889749729226150e-01 2.327522936455219404e-01 -1.096423232798687530e-01 4.410984575619741888e-01
1.403715954184058112e+18 7.818820585474313134e-01 1.417446579034653986e+00 1.917402012058153193e+00 -7.876924854727016534e-01 6.356634175370066975e-02 -1.624181214216640357e-01 5.908639626510884257e-01
1.403715954384058112e+18 7.894911634339045747e-01 1.656321933242373090e+00 1.907474197030105678e+00 -7.285382281943306726e-01 8.990197894188255157e-02 -1.276738980726992712e-01 6.669700592925598137e-01
1.403715955184058112e+18 3.476190684182670632e-01 1.492866323454937527e+00 1.833474374515123184e+00 -8.328713780750967022e-01 1.337830042673054387e-01 -8.067121729268865449e-02 5.309609496498018943e-01
1.403715955384058112e+18 2.152572396932211918e-01 1.362362004932166970e+00 1.831702727689983323e+00 -8.685514417126887210e-01 1.481740327334067631e-01 -6.540328492402687488e-02 4.683858019234525827e-01
1.403715955984058112e+18 1.278822050217974793e-01 1.580181832044303514e+00 1.945910973733711913e+00 -7.943274187894300287e-01 2.805084466531548859e-02 -3.496227852731358110e-02 6.058339219233782602e-01
1.403715956184058112e+18 1.159367219284614947e-01 1.752817584440698795e+00 2.029462158529724114e+00 -7.404956688214655580e-01 -7.234559382156108276e-02 4.663839720254124924e-03 6.681396022616231667e-01
1.403715956484058112e+18 8.176328236115426584e-02 1.694709007688921520e+00 2.106736133863674088e+00 -6.852253882797527673e-01 -1.322776542797206301e-01 7.477947761577913299e-02 7.123038811930112457e-01
1.403715956784058112e+18 7.817792353247221548e-02 1.364743493789382978e+00 2.169710070003193270e+00 -7.659304339960318897e-01 -1.444515826610764109e-01 9.633166851809016329e-02 6.190351526253424774e-01
1.403715957284058112e+18 7.685476207461583442e-02 8.419650547520889372e-01 2.130658412150105097e+00 -8.755187522851354265e-01 -1.391364053524702660e-01 8.139875438167140653e-02 4.555021601351469385e-01
1.403715957484058112e+18 4.487785005944733285e-02 7.017101419549431895e-01 2.054062513064045081e+00 -9.046974494085557872e-01 -1.390367225985037480e-01 7.058444512693830275e-02 3.964960919212729973e-01
1.403715957884058112e+18 -8.585792051459661955e-02 8.018171544245933369e-01 1.951978915985532970e+00 -8.708333682128356346e-01 -1.457377494895476522e-01 7.457922520724319382e-02 4.635166581130575891e-01
1.403715957984058112e+18 -2.178378691678275469e-01 1.012600507168473607e+00 1.916737150838978332e+00 -7.900315902961942971e-01 -1.600703307210039616e-01 1.039452370277694077e-01 5.826001744388472625e-01
1.403715958184058112e+18 -3.510434177017953683e-01 1.198498393852795996e+00 1.881801623089603304e+00 -7.193134762657674708e-01 -1.812920344367944248e-01 1.405104544617189477e-01 6.557271790151650848e-01
1.403715958384058112e+18 -4.832658415248936024e-01 1.283210350695829449e+00 1.817288546046378350e+00 -6.525746659429525476e-01 -2.131234742649679159e-01 2.000288673817035012e-01 6.990802116357366369e-01
1.403715958684058112e+18 -4.488404062653695847e-01 1.090179742914708427e+00 1.728162962908773803e+00 -7.051218518768505028e-01 -2.583699233523931160e-01 2.656264079598849026e-01 6.045583248181833902e-01
1.403715958984058112e+18 -3.408266657572485148e-01 8.928625382955188705e-01 1.665054239149749371e+00 -7.532352034644930194e-01 -3.038678240219449544e-01 2.816202933882602788e-01 5.108728649457533466e-01
1.403715959184058112e+18 -1.991131757255165668e-01 7.356821631589556265e-01 1.601258535637286151e+00 -7.636870068230439124e-01 -3.779636817919586056e-01 2.501369838592820138e-01 4.597359026242225921e-01
1.403715959384058112e+18 -9.431906632636577470e-02 6.331630857216805630e-01 1.545110771374889502e+00 -7.818760186947592006e-01 -4.324293609926306292e-01 2.175042148210690474e-01 3.928952222623842694e-01
1.403715959984058112e+18 -4.404219304068069940e-01 7.336496476826510627e-01 1.644876847623415239e+00 -6.321872412807491015e-01 -4.238770069470099711e-01 3.501662144031726376e-01 5.459406535824489204e-01
1.403715960184058112e+18 -5.793145317973730224e-01 7.736465712512430315e-01 1.710978178122143145e+00 -5.676697872837664915e-01 -3.958945950885662812e-01 3.884685989833243092e-01 6.083671833595206691e-01
1.403715960684058112e+18 -3.483084150929623979e-01 6.044654819372765608e-01 1.760643140871684942e+00 -6.476880612842399465e-01 -4.453902841664664769e-01 3.208325802620013434e-01 5.283882336714201822e-01
1.403715960884058112e+18 -1.467577124021843815e-01 4.709928689931535128e-01 1.779163204384622166e+00 -7.161920778616287508e-01 -4.847713035876033416e-01 2.495482103975210086e-01 4.356505268143409104e-01
1.403715961384058112e+18 -1.439015997500223687e-01 2.707859463638995212e-01 1.922061880104056097e+00 -7.468403279587210175e-01 -4.682718427917739179e-01 2.638894889648078501e-01 3.915524784710202599e-01
1.403715961784058112e+18 -5.370504012308399133e-01 3.227302218920253818e-01 2.106844255607298599e+00 -5.935629570090730223e-01 -4.722010676316124589e-01 3.910439122268165035e-01 5.213384951301375247e-01
1.403715961984058112e+18 -6.754062001582386010e-01 3.332440159170946270e-01 2.125752225693000597e+00 -4.952588747772373456e-01 -4.534928814865940572e-01 4.752728567825336703e-01 5.684879638137819713e-01
1.403715962284058112e+18 -3.708416140852126563e-01 2.549487535542351857e-01 2.035424431689633273e+00 -5.390280784102715605e-01 -5.163768322418466061e-01 5.044011168362323438e-01 4.340313481115932182e-01
1.403715962684058112e+18 -7.321416902216126843e-02 2.630180538138473523e-01 1.942864834257977069e+00 -5.755673320461538456e-01 -5.622490269474614832e-01 4.851852954799113493e-01 3.423353721542317096e-01
1.403715962884058112e+18 2.266736678880622025e-01 3.326480710056645140e-01 1.793113804259918176e+00 -5.696636195058346619e-01 -6.324390664180519206e-01 4.272670185634760420e-01 3.048722400082574668e-01
1.403715963284058112e+18 5.454111466342361769e-01 4.826166557519495637e-01 1.493493757115292864e+00 -5.394923291978918067e-01 -7.349543650926404492e-01 3.311841239523882208e-01 2.431196907076755842e-01
1.403715963384058112e+18 5.877778980780909990e-01 5.379889053211739380e-01 1.283038385884461619e+00 -4.820518178055723246e-01 -7.413360320856382524e-01 3.887705160459527520e-01 2.586588841219818469e-01
1.403715963884058112e+18 4.855563780138517083e-01 5.641111582797737611e-01 9.051817213130542994e-01 -3.624365351038094651e-01 -7.264909983152312289e-01 5.127981943234214413e-01 2.790852903460204759e-01
1.403715964184058112e+18 4.440446766540130930e-01 4.165573975980256805e-01 1.133974805388773932e+00 -3.735966496071486675e-01 -7.131647553635614978e-01 5.412598902521629229e-01 2.426093697979569697e-01
1.403715964984058112e+18 4.153044315718038559e-01 4.023420745607571014e-01 1.267361963573276462e+00 -3.725981351391647878e-01 -7.872288893752278360e-01 4.373614551427018049e-01 2.239559398170111459e-01
1.403715965784058112e+18 2.963102298979027882e-01 3.300237286322169616e-01 1.350749647720014046e+00 -3.590154170272226719e-01 -7.612575744222809249e-01 4.765984635708379047e-01 2.538675643783422919e-01
1.403715965884058112e+18 1.839765053771027503e-01 2.360964125252238421e-01 1.423869248356658623e+00 -3.251648039712303762e-01 -6.920793087404246702e-01 5.725933667891666135e-01 2.956871944822335729e-01
1.403715966684058112e+18 2.801038276776615099e-01 7.838683614327845994e-02 1.785566508676549091e+00 -3.539242773388783792e-01 -7.084204238570582790e-01 5.298277321649083049e-01 3.035797806200672411e-01
1.403715967284058112e+18 2.569675349750475402e-01 -1.398779917524661798e-02 1.861494062289844376e+00 -3.207185526316931878e-01 -6.382447521322106576e-01 6.104732252878863896e-01 3.422070828900689032e-01
1.403715967884058112e+18 6.822123687672725367e-01 4.911940115387603001e-02 2.012046947136720387e+00 -3.617635681840764561e-01 -7.648907557656561274e-01 5.065196739487353161e-01 1.658525621804948225e-01
1.403715968784058112e+18 1.009049425061395722e+00 4.792491202323279076e-01 1.643012614641110591e+00 -2.873182603666653567e-01 -7.677309029913202965e-01 5.321152975868611579e-01 2.118744626566692602e-01
1.403715969284058112e+18 1.134608964595019698e+00 6.503130428372774219e-01 1.554188548863552288e+00 -3.145814530653314178e-01 -8.327057322446609344e-01 4.202649617713625774e-01 1.761165375014607792e-01
1.403715969484058112e+18 1.079940932132995801e+00 4.940895564011407171e-01 1.436289732457190604e+00 -2.494566211430276903e-01 -7.822815836695621305e-01 5.119733976847308243e-01 2.523690909808455896e-01
1.403715970284058112e+18 1.217167554388800532e+00 8.542183528805979975e-02 1.446840301860850664e+00 -2.582056506281403818e-01 -6.819242676373139522e-01 6.523804938620451077e-01 2.066611391126215724e-01
1.403715970684058112e+18 1.372044613767738230e+00 1.428702323278872033e-01 1.453161375050389115e+00 -3.040525776397040580e-01 -7.609128940977275546e-01 5.536196196775823308e-01 1.485560982744263125e-01
1.403715970884058112e+18 1.481863264995268326e+00 2.350057864691172949e-01 1.472575811787503630e+00 -3.434934694139364364e-01 -8.229242360339380502e-01 4.414579884746097083e-01 9.961316494263261490e-02
1.403715971484058112e+18 1.176686389011829093e+00 3.891213102019497327e-02 1.694883963419287376e+00 -1.236498690378890902e-01 -8.041131605359248535e-01 5.451276467775514334e-01 2.023575638779232522e-01
1.403715971684058112e+18 1.087353359114614060e+00 -1.422307516291481111e-01 1.786760488715745776e+00 -6.958729138068113496e-02 -7.711525051644960715e-01 6.109677917243533374e-01 1.649235584514510133e-01
1.403715971884058112e+18 1.093445133495130728e+00 -3.364833094043513384e-01 1.902460476858216287e+00 -3.697394296423626991e-02 -7.633182257511176294e-01 6.411016691711285409e-01 7.047597862985784112e-02
1.403715972184058112e+18 1.260122884934135268e+00 -3.232824430034630936e-02 2.063510094709428255e+00 -3.143615780155756267e-02 -8.120581893758733738e-01 5.823332165958085005e-01 2.147766047392588029e-02
1.403715972884058112e+18 1.340583688235034820e+00 4.644251404798771521e-01 2.039005551723470866e+00 -6.509058647053460323e-02 -8.100492302686415069e-01 5.825610096212490152e-01 1.435723382740432437e-02
1.403715973484058112e+18 1.298375364631658702e+00 8.352519712805794860e-01 2.022422507073283526e+00 -7.704786660706156032e-02 -8.467819516955908954e-01 5.262623335485344667e-01 8.479906954545360018e-03
1.403715973984058112e+18 8.160407313779152183e-01 1.058414990509402465e+00 2.013085023287370046e+00 -4.563810099287555350e-02 -8.372937592033655729e-01 5.440940057893083326e-01 2.860135313240894789e-02
1.403715974784058112e+18 2.731470259058664807e-01 9.173972089431514654e-01 1.901825931028252592e+00 -2.720307712043693732e-02 -8.221291557192216271e-01 5.676961976269129240e-01 3.293434546980705813e-02
1.403715975484058112e+18 -1.775341993512238314e-01 7.011061029697112090e-01 1.920791283922236969e+00 -1.024715474690277191e-02 -8.215229325796851167e-01 5.690551697219771166e-01 3.422398103609657072e-02
1.403715976384058112e+18 -2.494738349040193093e-01 3.313280241894291933e-01 1.984652372369131168e+00 5.347716974757164843e-02 -8.175337813873269077e-01 5.733922315262506286e-01 2.396490658455126179e-04
1.403715977284058112e+18 -9.561039835610696258e-02 2.042562666510712166e-01 1.967702219838763478e+00 -1.437455513857759104e-01 8.068199191114843183e-01 -5.698127680114233318e-01 6.076383787168408712e-02
1.403715977884058112e+18 2.596714542559556138e-01 8.768506979730328332e-02 1.946105344030468309e+00 -3.545241258480363866e-01 7.295004108330956916e-01 -5.506642009277169514e-01 1.972580355845342248e-01
1.403715978184058112e+18 4.027534457101701326e-01 1.063336247627053588e-01 1.934299913383747738e+00 -4.319173188670241137e-01 6.820484071785710700e-01 -5.427585770559224532e-01 2.316690030196672523e-01
1.403715978384058112e+18 5.612498651040583875e-01 1.816041027743733327e-01 1.919803913158721898e+00 -4.792625339954816877e-01 6.480442441755059901e-01 -5.158339082430489775e-01 2.902782461810202719e-01
1.403715978784058112e+18 8.460477769000210868e-01 4.403960747714776858e-01 1.882173878505687403e+00 -5.742164182609627021e-01 5.681018639868037345e-01 -4.346193536275553271e-01 3.982986248867002033e-01
1.403715978984058112e+18 9.573418315773964959e-01 5.913105747658733424e-01 1.873129767182141636e+00 -6.322970466916481014e-01 5.079457467285640737e-01 -3.948381444482422786e-01 4.316183531941734652e-01
1.403715979184058112e+18 1.046786709236956936e+00 7.574617390944566875e-01 1.890030006713594890e+00 -6.635071230711395707e-01 4.314394088373063596e-01 -3.582899894005333596e-01 4.952238055983789189e-01
1.403715979384058112e+18 1.086648940829393339e+00 9.201352751014075793e-01 1.895303031547218797e+00 -7.036880754510651537e-01 3.436502495423087722e-01 -3.317935101032519207e-01 5.259664106298495012e-01
1.403715979784058112e+18 9.958980158121457649e-01 1.262515783606113606e+00 1.949546919122510769e+00 -7.577739915670488324e-01 2.075483789688265246e-01 -2.371753790774346338e-01 5.713581080648366672e-01
1.403715979984058112e+18 8.646037367541157259e-01 1.416598311057822412e+00 1.976655508289808072e+00 -7.646212667810040609e-01 1.298221218278625966e-01 -1.815546346205773043e-01 6.045977586115522939e-01
1.403715980184058112e+18 6.676591030588892028e-01 1.535500128280112619e+00 1.994580501959242635e+00 -7.728490968894761171e-01 5.964169901374184041e-02 -1.158437394036768570e-01 6.210695365390646039e-01
1.403715980384058112e+18 4.320666515741964364e-01 1.613243174723302698e+00 2.013143316625264134e+00 -7.757583035757977807e-01 -1.047523744375514210e-02 -4.177687661952764198e-02 6.295585885472567700e-01
1.403715980784058112e+18 -6.849361535642684018e-02 1.611053895247238632e+00 2.024958029221634703e+00 -7.606205390495669461e-01 -1.588616852251173717e-01 1.169948155158763853e-01 6.184913691279677606e-01
1.403715980984058112e+18 -3.065102769318346354e-01 1.531987191530530090e+00 2.029384855417500244e+00 -7.375077717562952273e-01 -2.362033443121710485e-01 1.920664602563030843e-01 6.028272900088583741e-01
1.403715981184058112e+18 -5.002909581902308389e-01 1.403945257655784928e+00 2.025397748863648317e+00 -7.010293610784922302e-01 -3.186392000277490921e-01 2.620826299913198154e-01 5.816696572526282027e-01
1.403715981384058112e+18 -6.111193912961012664e-01 1.259976177636682682e+00 2.039022742901767327e+00 -6.526731033506607549e-01 -3.998531538068645919e-01 3.393163249761952382e-01 5.468086568059897790e-01
1.403715981784058112e+18 -6.306510372136335807e-01 9.260357808451755712e-01 2.052903323299799077e+00 -5.351019208537619587e-01 -5.622830842696080467e-01 4.394405003499703422e-01 4.521014422616218553e-01
1.403715981984058112e+18 -5.371519770420078999e-01 7.598206750342924032e-01 2.057649943849014562e+00 -4.797289298185333228e-01 -6.295074008554942813e-01 4.660825560287494840e-01 3.954081905183959855e-01
1.403715982184058112e+18 -4.069619255044729655e-01 6.010084205130028501e-01 2.067708059863227810e+00 -4.194102495217283955e-01 -6.755508736940336600e-01 4.965281936740173485e-01 3.481175268988430660e-01
1.403715982384058112e+18 -2.444935504044414287e-01 4.421607768390041215e-01 2.071760707949840352e+00 -3.571133901164729174e-01 -7.128346945556435221e-01 5.233488531582896064e-01 3.007369327754497168e-01
1.403715982784058112e+18 1.705594975090347631e-01 1.876154661141975488e-01 2.082031164085928587e+00 -2.058394872855997260e-01 -7.721910214671242612e-01 5.708121929496093871e-01 1.884796334345412439e-01
1.403715982984058112e+18 4.110588860369734920e-01 9.362505449736513441e-02 2.088286693815228467e+00 -1.276601475071639513e-01 -7.908387931072926591e-01 5.847037700021141537e-01 1.280562040682342584e-01
1.403715983184058112e+18 6.571235128253929414e-01 3.130658551730625128e-02 2.082405394173597823e+00 -4.764912882157284341e-02 -7.988096556772061874e-01 5.966602718517505233e-01 6.024296235414850625e-02
1.403715983384058112e+18 9.124357520214633199e-01 -2.178813275073299138e-03 2.084559295648859223e+00 -3.989704775324948854e-02 7.946160945369452611e-01 -6.057070819546217511e-01 1.060277102667722508e-02
1.403715983784058112e+18 1.371672954884078699e+00 7.867974965063595505e-02 2.102198716831009229e+00 -1.876411061021834303e-01 7.436444054740211085e-01 -6.193460109418189585e-01 1.679116798748541139e-01
1.403715983984058112e+18 1.535845950484417743e+00 2.068984844696464265e-01 2.109427818718309755e+00 -2.520209260313195920e-01 7.261497376025043415e-01 -5.978148927775146504e-01 2.276167071977345802e-01
1.403715984184058112e+18 1.628951672878723889e+00 3.749398379453021679e-01 2.123298268377201037e+00 -3.122583113126731758e-01 7.122573334086355068e-01 -5.643131356675553656e-01 2.770106910117879906e-01
1.403715984384058112e+18 1.657183583678574434e+00 5.597568611161465313e-01 2.143859954115693522e+00 -3.702769960062983756e-01 6.842203190169767746e-01 -5.409562524708221298e-01 3.195369058271405049e-01
1.403715984784058112e+18 1.547904298505767162e+00 9.626187971517188302e-01 2.183795584757751929e+00 -5.044388253360458929e-01 6.249315783216594644e-01 -4.484382107741926027e-01 3.923074878556750966e-01
1.403715984984058112e+18 1.450099882433508958e+00 1.166284202691497462e+00 2.203214127449452331e+00 -5.526924199056237885e-01 5.771805521844519671e-01 -4.226117589941070785e-01 4.275429806684044598e-01
1.403715985184058112e+18 1.324313599633176075e+00 1.330497518383447542e+00 2.217287752466924999e+00 -5.838226853287737939e-01 5.450625219365993201e-01 -4.205666827126388063e-01 4.303272994683237651e-01
1.403715985684058112e+18 7.725995086055251759e-01 1.987666119425435030e+00 2.181592851915425069e+00 -5.359313415993216534e-01 6.485577384042414684e-01 -3.851655455265817207e-01 3.792070141581474485e-01
1.403715986684058112e+18 5.896935702938159718e-01 2.394810662809683688e+00 1.557968986722890081e+00 -4.808025109678157327e-01 6.521439533488395668e-01 -4.532388109213815741e-01 3.716339460169934550e-01
1.403715987684058112e+18 5.426988225253490672e-01 2.371205916479880216e+00 1.289665167970494242e+00 -4.972722020644742003e-01 6.440971313904134687e-01 -4.502985608954776509e-01 3.675465255502362028e-01
1.403715988884058112e+18 4.911838046874094088e-01 2.227341324934927869e+00 1.246856480204298068e+00 -5.043764792449529910e-01 6.571237872542107228e-01 -4.405097135074843018e-01 3.460402978190580403e-01
1.403715989784058112e+18 4.943889548071183637e-01 2.109190926720075243e+00 1.109538018531422310e+00 -5.165082783791076215e-01 6.391152093733515338e-01 -4.552326043043644632e-01 3.428034764872919249e-01
1.403715990784058112e+18 4.961815704079552969e-01 2.129310052908735873e+00 1.032640180984245371e+00 -5.206441517244855266e-01 6.425107126492499710e-01 -4.496331173500592304e-01 3.375495684904832316e-01
1.403715990884058112e+18 5.143964494898984885e-01 2.167654916769905959e+00 9.636238632992215614e-01 -5.238989701390590614e-01 6.438858168127161719e-01 -4.470822773616899837e-01 3.332541991689518257e-01
1.403715991184058112e+18 5.453833771659977181e-01 2.211730802638541160e+00 9.385257671801788826e-01 -5.171004191258976590e-01 6.382246819351397038e-01 -4.554337696189984519e-01 3.433023352662195604e-01
