1.403715886584058285e+09 -0.000000000000000000e+00 -0.000000000000000000e+00 -0.000000000000000000e+00 -0.000000000000000000e+00 -0.000000000000000000e+00 -0.000000000000000000e+00 1.000000000000000000e+00
1.403715893584058285e+09 -1.855036825872957706e-03 -1.715659163892269135e-02 -9.126725606620311737e-03 3.046713024377822876e-02 -5.900716409087181091e-03 8.124252781271934509e-03 9.994853734970092773e-01
1.403715894384058237e+09 -7.792737334966659546e-02 -1.453808248043060303e-01 -1.101955696940422058e-01 2.031367272138595581e-02 6.331366486847400665e-03 -1.689278893172740936e-02 9.996309280395507812e-01
1.403715894784058094e+09 -2.166094183921813965e-01 -2.390429675579071045e-01 -1.535016745328903198e-01 6.271118763834238052e-03 3.036199836060404778e-03 1.176413497887551785e-03 9.999750852584838867e-01
1.403715894984058142e+09 -3.115165233612060547e-01 -2.948256134986877441e-01 -1.659225076436996460e-01 1.910131424665451050e-02 -5.737418632634216920e-06 9.065430611371994019e-03 9.997764825820922852e-01
1.403715895284058094e+09 -4.631595611572265625e-01 -3.821637630462646484e-01 -1.876140981912612915e-01 2.185645699501037598e-02 -1.198384910821914673e-03 1.489148382097482681e-02 9.996495842933654785e-01
1.403715895584058285e+09 -6.184350848197937012e-01 -4.613286554813385010e-01 -2.096588313579559326e-01 2.000305615365505219e-02 -6.102860788814723492e-04 1.700870506465435028e-02 9.996550679206848145e-01
1.403715895884058237e+09 -7.671906948089599609e-01 -5.333969593048095703e-01 -2.302814573049545288e-01 1.975472271442413330e-02 -1.319501461694017053e-04 1.750161498785018921e-02 9.996516704559326172e-01
1.403715896184058189e+09 -9.174694418907165527e-01 -6.057506799697875977e-01 -2.504342794418334961e-01 1.815685816109180450e-02 -6.541851907968521118e-03 3.372157365083694458e-02 9.992449879646301270e-01
1.403715896384058237e+09 -9.971245527267456055e-01 -6.527491211891174316e-01 -2.628202736377716064e-01 2.446598932147026062e-02 -1.970738731324672699e-02 6.901113688945770264e-02 9.971210956573486328e-01
1.403715896684058189e+09 -1.031837105751037598e+00 -7.117766141891479492e-01 -2.913471460342407227e-01 3.868559002876281738e-02 -2.993524819612503052e-02 9.477610141038894653e-02 9.942961335182189941e-01
1.403715897184058189e+09 -7.724451422691345215e-01 -7.748213410377502441e-01 -3.823067843914031982e-01 1.901498436927795410e-02 -4.632600024342536926e-02 1.312360763549804688e-01 9.900856018066406250e-01
1.403715897284058094e+09 -6.581805348396301270e-01 -7.800142168998718262e-01 -3.988408148288726807e-01 1.708677411079406738e-02 -3.894883766770362854e-02 1.127782836556434631e-01 9.927095174789428711e-01
1.403715897384058237e+09 -5.264968872070312500e-01 -7.871148586273193359e-01 -4.133012890815734863e-01 1.384783815592527390e-02 -2.538132481276988983e-02 7.766450196504592896e-02 9.965602755546569824e-01
1.403715897484058142e+09 -9.397340565919876099e-02 -8.084616661071777344e-01 -4.491429626941680908e-01 1.119450666010379791e-02 -1.289080549031496048e-02 5.083159357309341431e-02 9.985613226890563965e-01
1.403715897884058237e+09 2.117490023374557495e-01 -8.197208642959594727e-01 -4.613542556762695312e-01 1.968763023614883423e-02 -1.784384995698928833e-02 6.932600587606430054e-02 9.972401261329650879e-01
1.403715897984058142e+09 5.434950590133666992e-01 -8.295924663543701172e-01 -4.709520041942596436e-01 3.779903426766395569e-02 -9.942501783370971680e-03 5.255753174424171448e-02 9.978527426719665527e-01
1.403715898184058189e+09 8.951656818389892578e-01 -8.346161842346191406e-01 -4.870828390121459961e-01 5.445786565542221069e-02 1.332143321633338928e-02 4.051357135176658630e-02 9.976049065589904785e-01
1.403715898384058237e+09 1.229550838470458984e+00 -8.189936280250549316e-01 -5.177747607231140137e-01 3.581264242529869080e-02 5.115603283047676086e-02 4.524875432252883911e-02 9.970220923423767090e-01
1.403715898584058285e+09 1.565213441848754883e+00 -7.791975736618041992e-01 -5.552268624305725098e-01 1.894860155880451202e-02 9.427656233310699463e-02 5.734210461378097534e-02 9.937126636505126953e-01
1.403715898784058094e+09 1.888537645339965820e+00 -7.032818794250488281e-01 -5.758328437805175781e-01 1.527896057814359665e-02 1.319781541824340820e-01 6.858311593532562256e-02 9.887591600418090820e-01
1.403715898984058142e+09 2.190953731536865234e+00 -5.890702009201049805e-01 -5.775396227836608887e-01 8.194943889975547791e-03 1.510808169841766357e-01 7.523809373378753662e-02 9.856199622154235840e-01
1.403715899184058189e+09 2.480534791946411133e+00 -4.664601981639862061e-01 -5.661222934722900391e-01 -1.797549985349178314e-02 1.594743877649307251e-01 7.165460288524627686e-02 9.844341278076171875e-01
1.403715899384058237e+09 2.751118183135986328e+00 -4.027928709983825684e-01 -5.389885306358337402e-01 -4.088652878999710083e-02 1.626832783222198486e-01 6.016034632921218872e-02 9.839935302734375000e-01
1.403715899684058189e+09 3.243821620941162109e+00 -3.895438909530639648e-01 -3.848509788513183594e-01 -2.611318230628967285e-02 1.595633924007415771e-01 4.033197462558746338e-02 9.860177636146545410e-01
1.403715899984058142e+09 3.529644489288330078e+00 -4.242470860481262207e-01 -1.851130872964859009e-01 -1.571189053356647491e-02 1.666099131107330322e-01 5.743644665926694870e-03 9.858810305595397949e-01
1.403715900384058237e+09 3.707987546920776367e+00 -5.372213125228881836e-01 1.649081707000732422e-01 -4.647694877348840237e-04 1.562005877494812012e-01 3.247679397463798523e-02 9.871911406517028809e-01
1.403715900684058189e+09 3.739274024963378906e+00 -6.597720980644226074e-01 4.430352449417114258e-01 6.588502228260040283e-02 1.495163142681121826e-01 5.903986096382141113e-02 9.847935438156127930e-01
1.403715900984058142e+09 3.665008306503295898e+00 -8.112698793411254883e-01 6.578859686851501465e-01 1.080866903066635132e-01 1.576471030712127686e-01 5.670923739671707153e-02 9.799228310585021973e-01
1.403715901484058142e+09 3.448603391647338867e+00 -8.339753746986389160e-01 4.907369911670684814e-01 4.500602930784225464e-02 1.572587043046951294e-01 6.516048312187194824e-02 9.843771457672119141e-01
1.403715902184058189e+09 3.147626161575317383e+00 -7.820551395416259766e-01 1.962178647518157959e-01 2.475293725728988647e-02 1.609359085559844971e-01 4.753037914633750916e-02 9.855089187622070312e-01
1.403715902584058285e+09 2.846563577651977539e+00 -7.281051874160766602e-01 -5.191153287887573242e-02 -6.480808369815349579e-03 1.277506649494171143e-01 7.138627767562866211e-02 9.892126917839050293e-01
1.403715902884058237e+09 2.699483394622802734e+00 -6.643518209457397461e-01 -1.433635354042053223e-01 -1.981504820287227631e-02 9.111734479665756226e-02 5.565484240651130676e-02 9.940862655639648438e-01
1.403715903084058285e+09 2.482301712036132812e+00 -5.922059416770935059e-01 -2.212303727865219116e-01 -1.928234845399856567e-02 3.627463430166244507e-02 1.695298962295055389e-02 9.990119934082031250e-01
1.403715903384058237e+09 2.262606859207153320e+00 -5.887206792831420898e-01 -2.414775490760803223e-01 -3.373493626713752747e-02 -1.673889160156250000e-02 9.539752267301082611e-03 9.992451071739196777e-01
1.403715903684058189e+09 2.118857145309448242e+00 -6.769043207168579102e-01 -2.253230661153793335e-01 -1.976868510246276855e-02 -6.907788664102554321e-02 -5.182909779250621796e-03 9.974019527435302734e-01
1.403715903884058237e+09 1.975068092346191406e+00 -8.204423189163208008e-01 -1.948684900999069214e-01 8.465679362416267395e-03 -1.380836516618728638e-01 -2.038346230983734131e-02 9.901745915412902832e-01
1.403715904084058285e+09 1.848006486892700195e+00 -9.708060026168823242e-01 -1.535372734069824219e-01 2.228189632296562195e-02 -2.162998914718627930e-01 -4.438114166259765625e-02 9.750632047653198242e-01
1.403715904284058094e+09 1.740127086639404297e+00 -1.099068999290466309e+00 -1.077019944787025452e-01 3.838850557804107666e-02 -2.855907380580902100e-01 -9.158632904291152954e-02 9.531926512718200684e-01
1.403715904484058142e+09 1.579414725303649902e+00 -1.213621854782104492e+00 -4.081471264362335205e-02 6.856658309698104858e-02 -3.685181438922882080e-01 -1.463201195001602173e-01 9.154690504074096680e-01
1.403715904784058094e+09 1.425776958465576172e+00 -1.210340380668640137e+00 1.153323054313659668e-02 6.561611592769622803e-02 -4.844937026500701904e-01 -1.555532366037368774e-01 8.583493232727050781e-01
1.403715905084058285e+09 1.329834580421447754e+00 -1.089524030685424805e+00 7.000154256820678711e-02 9.421316534280776978e-02 -5.832235813140869141e-01 -1.857152432203292847e-01 7.851649522781372070e-01
1.403715905384058237e+09 1.308880567550659180e+00 -9.386814832687377930e-01 5.934834480285644531e-02 6.904524564743041992e-02 -6.436218619346618652e-01 -2.389449030160903931e-01 7.238018512725830078e-01
1.403715905684058189e+09 1.317493796348571777e+00 -8.430156707763671875e-01 2.525687217712402344e-02 3.461680561304092407e-02 -6.982023715972900391e-01 -2.438589781522750854e-01 6.721963882446289062e-01
1.403715905884058237e+09 1.328487753868103027e+00 -7.484551072120666504e-01 -1.058554649353027344e-02 1.005992200225591660e-02 -7.476435303688049316e-01 -2.804712951183319092e-01 6.018836498260498047e-01
1.403715906084058285e+09 1.323857784271240234e+00 -6.600083112716674805e-01 -4.371953010559082031e-02 2.744453400373458862e-02 -7.945457696914672852e-01 -3.161546885967254639e-01 5.176775455474853516e-01
1.403715906284058094e+09 1.305702090263366699e+00 -5.795708894729614258e-01 -9.066772460937500000e-02 5.596411228179931641e-02 -8.381317853927612305e-01 -3.356980979442596436e-01 4.262745976448059082e-01
1.403715906484058142e+09 1.295815467834472656e+00 -5.020499825477600098e-01 -1.651865243911743164e-01 6.289438158273696899e-02 -8.761643767356872559e-01 -3.398067355155944824e-01 3.360234200954437256e-01
1.403715906684058189e+09 1.307271718978881836e+00 -4.599687457084655762e-01 -2.683618068695068359e-01 4.080844670534133911e-02 -9.084377288818359375e-01 -3.358730673789978027e-01 2.454889863729476929e-01
1.403715906884058237e+09 1.325834155082702637e+00 -4.262941777706146240e-01 -3.675701916217803955e-01 3.075791522860527039e-02 -9.309172034263610840e-01 -3.327747583389282227e-01 1.473366618156433105e-01
1.403715907084058285e+09 1.345465898513793945e+00 -3.636614978313446045e-01 -4.400453865528106689e-01 5.054965242743492126e-02 -9.387028813362121582e-01 -3.382749557495117188e-01 4.303218424320220947e-02
1.403715907284058094e+09 1.382303357124328613e+00 -3.448979854583740234e-01 -5.101882815361022949e-01 5.521023645997047424e-02 -9.367593526840209961e-01 -3.384692966938018799e-01 -6.980245560407638550e-02
1.403715907484058142e+09 1.441576600074768066e+00 -3.684093356132507324e-01 -5.771247148513793945e-01 6.349584460258483887e-02 -9.252951145172119141e-01 -3.330913186073303223e-01 -1.698452234268188477e-01
1.403715907684058189e+09 1.567878246307373047e+00 -4.205153584480285645e-01 -6.418331861495971680e-01 3.970685228705406189e-02 -9.038380384445190430e-01 -3.117413222789764404e-01 -2.903748750686645508e-01
1.403715907984058142e+09 1.697045445442199707e+00 -4.709741473197937012e-01 -6.439852714538574219e-01 8.624719455838203430e-03 -8.608908057212829590e-01 -2.959719896316528320e-01 -4.137550294399261475e-01
1.403715908284058094e+09 1.754235506057739258e+00 -5.095269680023193359e-01 -6.146233081817626953e-01 1.510945381596684456e-03 -8.156073093414306641e-01 -2.865107655525207520e-01 -5.026867389678955078e-01
1.403715908484058142e+09 1.792577981948852539e+00 -5.474828481674194336e-01 -5.660232305526733398e-01 -2.882706001400947571e-03 -7.613993287086486816e-01 -2.697202265262603760e-01 -5.895031094551086426e-01
1.403715908684058189e+09 1.802046060562133789e+00 -5.857797861099243164e-01 -5.142941474914550781e-01 -7.731503807008266449e-03 -7.016326785087585449e-01 -2.400564849376678467e-01 -6.708387732505798340e-01
1.403715908884058237e+09 1.763420104980468750e+00 -6.297093033790588379e-01 -4.134909510612487793e-01 1.425640890374779701e-03 -6.023380160331726074e-01 -2.139551937580108643e-01 -7.690319418907165527e-01
1.403715909184058189e+09 1.686920642852783203e+00 -6.700029373168945312e-01 -2.986966371536254883e-01 9.282815270125865936e-03 -5.093874335289001465e-01 -1.843264698982238770e-01 -8.405129909515380859e-01
1.403715909484058142e+09 1.577288150787353516e+00 -6.939402818679809570e-01 -1.378014683723449707e-01 8.594228886067867279e-03 -4.189023971557617188e-01 -1.325308829545974731e-01 -8.982663750648498535e-01
1.403715909784058094e+09 1.461319804191589355e+00 -7.175841331481933594e-01 4.293560981750488281e-03 -7.297818548977375031e-03 -3.308919370174407959e-01 -1.087412014603614807e-01 -9.373540878295898438e-01
1.403715909984058142e+09 1.324839711189270020e+00 -7.314319014549255371e-01 1.374061107635498047e-01 -4.014329612255096436e-02 -2.184160649776458740e-01 -7.903552055358886719e-02 -9.718211889266967773e-01
1.403715910184058189e+09 1.178463697433471680e+00 -7.236508131027221680e-01 2.509101629257202148e-01 -4.218281805515289307e-02 -1.044927611947059631e-01 -4.079826548695564270e-02 -9.927927255630493164e-01
1.403715910384058237e+09 1.031998038291931152e+00 -7.147313356399536133e-01 3.385244607925415039e-01 -5.849486961960792542e-02 -1.222364977002143860e-02 -6.595598068088293076e-03 -9.981910586357116699e-01
1.403715910584058285e+09 8.744710683822631836e-01 -7.011880278587341309e-01 3.853634297847747803e-01 -7.040387392044067383e-02 6.523053348064422607e-02 2.024579793214797974e-02 -9.951775670051574707e-01
1.403715910784058094e+09 7.250879406929016113e-01 -6.764444112777709961e-01 3.921998143196105957e-01 -7.203768193721771240e-02 1.398948580026626587e-01 4.011361673474311829e-02 -9.867274761199951172e-01
1.403715910984058142e+09 5.720732212066650391e-01 -6.496865749359130859e-01 3.541007041931152344e-01 -7.292420417070388794e-02 2.126109153032302856e-01 5.620006471872329712e-02 -9.727899432182312012e-01
1.403715911184058189e+09 4.390480816364288330e-01 -5.979108214378356934e-01 2.818461656570434570e-01 -8.459638804197311401e-02 2.857510447502136230e-01 7.357946038246154785e-02 -9.517225623130798340e-01
1.403715911384058237e+09 3.357806205749511719e-01 -5.373516082763671875e-01 1.759796142578125000e-01 -7.241164892911911011e-02 3.557445704936981201e-01 9.414815157651901245e-02 -9.270051717758178711e-01
1.403715911584058285e+09 2.620333433151245117e-01 -4.630215764045715332e-01 5.536887422204017639e-02 -4.831857606768608093e-02 4.143634140491485596e-01 1.264903247356414795e-01 -8.999825716018676758e-01
1.403715911784058094e+09 2.067709565162658691e-01 -4.163109064102172852e-01 -8.423998206853866577e-02 -4.818040132522583008e-02 4.625748693943023682e-01 1.627366393804550171e-01 -8.701838254928588867e-01
1.403715911984058142e+09 1.573514491319656372e-01 -4.135357439517974854e-01 -2.535085380077362061e-01 -4.720317199826240540e-02 5.061528682708740234e-01 1.765731126070022583e-01 -8.428542017936706543e-01
1.403715912184058189e+09 1.156905591487884521e-01 -4.226301908493041992e-01 -4.276352822780609131e-01 -4.341990128159523010e-02 5.436578989028930664e-01 1.797723025083541870e-01 -8.186773657798767090e-01
1.403715912384058237e+09 7.937213778495788574e-02 -4.206283688545227051e-01 -5.969082117080688477e-01 -4.238902032375335693e-02 5.781471133232116699e-01 1.901775002479553223e-01 -7.923266887664794922e-01
1.403715912584058285e+09 5.351802706718444824e-02 -4.128805398941040039e-01 -7.576828002929687500e-01 -4.068026691675186157e-02 6.199153065681457520e-01 2.047032266855239868e-01 -7.564038634300231934e-01
1.403715912784058094e+09 3.709107637405395508e-02 -3.985446393489837646e-01 -9.133470058441162109e-01 -4.154413938522338867e-02 6.748743653297424316e-01 2.237951904535293579e-01 -7.019504308700561523e-01
1.403715912984058142e+09 2.755784988403320312e-02 -3.482308983802795410e-01 -1.050395965576171875e+00 -4.241630062460899353e-02 7.316317558288574219e-01 2.460421472787857056e-01 -6.343335509300231934e-01
1.403715913184058189e+09 2.325379848480224609e-02 -2.750182151794433594e-01 -1.166786909103393555e+00 -5.367912352085113525e-02 7.811629772186279297e-01 2.605035603046417236e-01 -5.648370981216430664e-01
1.403715913384058237e+09 7.251191139221191406e-02 -1.427793502807617188e-01 -1.374687910079956055e+00 -1.296055316925048828e-01 8.136947154998779297e-01 2.816368341445922852e-01 -4.917154312133789062e-01
1.403715913884058237e+09 3.265528678894042969e-01 -5.661845207214355469e-04 -1.661155223846435547e+00 -9.793433547019958496e-02 8.073758482933044434e-01 3.015970289707183838e-01 -4.975865781307220459e-01
1.403715914284058094e+09 7.014312744140625000e-01 1.520554721355438232e-01 -2.044849157333374023e+00 -2.875224687159061432e-02 7.756963372230529785e-01 3.133298158645629883e-01 -5.470766425132751465e-01
1.403715914684058189e+09 9.699683189392089844e-01 2.891058325767517090e-01 -2.468237876892089844e+00 6.706921011209487915e-02 7.279480099678039551e-01 2.850347459316253662e-01 -6.199586391448974609e-01
1.403715915184058189e+09 8.907203674316406250e-01 3.802073001861572266e-01 -2.797925949096679688e+00 2.634759433567523956e-02 7.192034721374511719e-01 2.591890096664428711e-01 -6.441065073013305664e-01
1.403715915584058285e+09 2.749049663543701172e-01 6.421425938606262207e-01 -2.966257572174072266e+00 -2.367250807583332062e-02 7.232773900032043457e-01 2.700023055076599121e-01 -6.351442933082580566e-01
1.403715916384058237e+09 -1.896357536315917969e-02 7.388769388198852539e-01 -3.025575637817382812e+00 -2.742533572018146515e-02 6.828168034553527832e-01 2.370229214429855347e-01 -6.905282735824584961e-01
1.403715916584058285e+09 -4.094636440277099609e-01 8.346871733665466309e-01 -3.072967052459716797e+00 5.691294558346271515e-03 6.113406419754028320e-01 1.761688441038131714e-01 -7.714887261390686035e-01
1.403715917084058285e+09 -6.860668659210205078e-01 8.358145952224731445e-01 -3.032160043716430664e+00 -3.247359022498130798e-02 5.833331942558288574e-01 1.427934914827346802e-01 -7.989230155944824219e-01
1.403715917284058094e+09 -9.348083734512329102e-01 8.028483390808105469e-01 -2.923952341079711914e+00 -5.823127552866935730e-02 5.348475575447082520e-01 1.461786329746246338e-01 -8.301680684089660645e-01
1.403715917984058142e+09 -9.193874597549438477e-01 8.361937999725341797e-01 -2.735428094863891602e+00 -6.555013358592987061e-02 5.049694180488586426e-01 1.241487935185432434e-01 -8.516432046890258789e-01
1.403715918484058142e+09 -7.559708356857299805e-01 9.415160417556762695e-01 -2.647907018661499023e+00 -1.599382981657981873e-02 4.649674594402313232e-01 1.050377637147903442e-01 -8.789291381835937500e-01
1.403715918784058094e+09 -6.217843294143676758e-01 9.859583377838134766e-01 -2.573851823806762695e+00 -1.474223472177982330e-02 4.376248121261596680e-01 1.424468457698822021e-01 -8.876802325248718262e-01
1.403715918984058142e+09 -4.553691148757934570e-01 9.475793242454528809e-01 -2.483860254287719727e+00 1.767511363141238689e-03 4.188725054264068604e-01 1.920793056488037109e-01 -8.874953985214233398e-01
1.403715919384058237e+09 -6.423867940902709961e-01 1.035733461380004883e+00 -2.314357757568359375e+00 -1.913744956254959106e-02 4.497920274734497070e-01 1.612337678670883179e-01 -8.782508969306945801e-01
1.403715920484058142e+09 -8.010543584823608398e-01 9.711671471595764160e-01 -2.352371692657470703e+00 -4.431343823671340942e-02 4.728256165981292725e-01 1.303326040506362915e-01 -8.703365325927734375e-01
1.403715920784058094e+09 -9.059209823608398438e-01 8.621482849121093750e-01 -2.417093515396118164e+00 -4.361499473452568054e-02 5.021741390228271484e-01 1.350964307785034180e-01 -8.530344963073730469e-01
1.403715921184058189e+09 -9.591987133026123047e-01 6.447041034698486328e-01 -2.508980751037597656e+00 -2.665592171251773834e-02 5.336267352104187012e-01 1.790958195924758911e-01 -8.261094093322753906e-01
1.403715921584058285e+09 -1.030720472335815430e+00 3.795579969882965088e-01 -2.592579364776611328e+00 -2.696837484836578369e-02 5.351914167404174805e-01 1.875479519367218018e-01 -8.232063055038452148e-01
1.403715921984058142e+09 -1.133164286613464355e+00 1.126088500022888184e-01 -2.667878150939941406e+00 -3.338618949055671692e-02 5.347970128059387207e-01 1.696816980838775635e-01 -8.270947337150573730e-01
1.403715922284058094e+09 -1.174791336059570312e+00 -5.085620284080505371e-02 -2.708985805511474609e+00 -4.799847304821014404e-02 5.348052382469177246e-01 1.647814661264419556e-01 -8.273612856864929199e-01
1.403715922584058285e+09 -1.198928236961364746e+00 -2.142630219459533691e-01 -2.755787611007690430e+00 -5.015742778778076172e-02 5.361521840095520020e-01 1.654587239027023315e-01 -8.262255191802978516e-01
1.403715922784058094e+09 -1.164683580398559570e+00 -5.448718070983886719e-01 -2.907486438751220703e+00 -3.219855576753616333e-02 5.341116786003112793e-01 1.824337542057037354e-01 -8.248672485351562500e-01
1.403715923584058285e+09 -9.642852544784545898e-01 -3.287836909294128418e-01 -2.764393091201782227e+00 -4.992149025201797485e-02 5.420490503311157227e-01 1.616083234548568726e-01 -8.231484889984130859e-01
1.403715924484058142e+09 -8.678689002990722656e-01 -2.297145575284957886e-01 -2.679698705673217773e+00 -2.872740663588047028e-02 5.366621613502502441e-01 1.740580648183822632e-01 -8.251498937606811523e-01
1.403715924784058094e+09 -7.250660657882690430e-01 -1.021106988191604614e-01 -2.535048723220825195e+00 -1.233804505318403244e-02 5.137419700622558594e-01 1.426338106393814087e-01 -8.459153175354003906e-01
1.403715924984058142e+09 -6.232891082763671875e-01 -4.018346220254898071e-02 -2.408542633056640625e+00 -3.849692642688751221e-02 4.683328270912170410e-01 1.178904175758361816e-01 -8.748052716255187988e-01
1.403715925184058189e+09 -4.922386407852172852e-01 -2.123672887682914734e-02 -2.293098926544189453e+00 -5.522998049855232239e-02 4.137190282344818115e-01 9.722803533077239990e-02 -9.035114645957946777e-01
1.403715925384058237e+09 -3.282343447208404541e-01 -3.740944340825080872e-02 -2.198791265487670898e+00 -2.776458673179149628e-02 3.601057231426239014e-01 7.155386358499526978e-02 -9.297488927841186523e-01
1.403715925584058285e+09 -1.397010684013366699e-01 -5.931897461414337158e-02 -2.101107835769653320e+00 -1.329875458031892776e-02 3.015663921833038330e-01 5.002762749791145325e-02 -9.520389437675476074e-01
1.403715925784058094e+09 6.790043413639068604e-02 -8.063980937004089355e-02 -1.990379929542541504e+00 -1.736044511198997498e-02 2.389432340860366821e-01 2.701343223452568054e-02 -9.705024957656860352e-01
1.403715925984058142e+09 2.949053347110748291e-01 -9.733640402555465698e-02 -1.869495511054992676e+00 -3.285210579633712769e-02 1.709471940994262695e-01 3.209403017535805702e-03 -9.847271442413330078e-01
1.403715926184058189e+09 5.394235849380493164e-01 -7.485056668519973755e-02 -1.739251971244812012e+00 -5.383011698722839355e-02 9.823238849639892578e-02 -3.304556012153625488e-02 -9.931569695472717285e-01
1.403715926384058237e+09 8.040043115615844727e-01 -8.728941902518272400e-03 -1.621461391448974609e+00 -7.479807734489440918e-02 1.609429158270359039e-02 -4.869596287608146667e-02 -9.958789944648742676e-01
1.403715926584058285e+09 1.076096773147583008e+00 8.021722733974456787e-02 -1.543784499168395996e+00 -6.441153585910797119e-02 -6.194350495934486389e-02 -6.142423674464225769e-02 -9.941032528877258301e-01
1.403715926784058094e+09 1.344887018203735352e+00 1.753349751234054565e-01 -1.508175849914550781e+00 -3.018112853169441223e-02 -1.317718029022216797e-01 -6.635329872369766235e-02 -9.885963201522827148e-01
1.403715926984058142e+09 1.598353147506713867e+00 2.248418927192687988e-01 -1.508232831954956055e+00 -1.817673631012439728e-02 -1.846418976783752441e-01 -7.543665170669555664e-02 -9.797379374504089355e-01
1.403715927184058189e+09 1.828749656677246094e+00 2.637419402599334717e-01 -1.512366771697998047e+00 -2.858432009816169739e-02 -2.417948842048645020e-01 -5.807705596089363098e-02 -9.681659340858459473e-01
1.403715927384058237e+09 2.010117530822753906e+00 2.927547991275787354e-01 -1.522724747657775879e+00 -5.700878053903579712e-02 -2.903004884719848633e-01 -5.273798853158950806e-02 -9.537790417671203613e-01
1.403715927584058285e+09 2.162515640258789062e+00 3.444855809211730957e-01 -1.582850933074951172e+00 -9.128062427043914795e-02 -3.613155484199523926e-01 -1.054179146885871887e-01 -9.219577312469482422e-01
1.403715927884058237e+09 2.188285827636718750e+00 4.078754186630249023e-01 -1.666339755058288574e+00 -6.424470990896224976e-02 -4.389563202857971191e-01 -1.194221377372741699e-01 -8.882163763046264648e-01
1.403715928084058285e+09 2.159180164337158203e+00 5.032345056533813477e-01 -1.761071443557739258e+00 -4.035892337560653687e-02 -5.132803916931152344e-01 -1.629821658134460449e-01 -8.416361212730407715e-01
1.403715928284058094e+09 2.087615489959716797e+00 6.373479962348937988e-01 -1.845484614372253418e+00 -5.104379355907440186e-02 -5.903789997100830078e-01 -1.944948136806488037e-01 -7.816770672798156738e-01
1.403715928484058142e+09 1.964941501617431641e+00 7.805990576744079590e-01 -1.931475043296813965e+00 -4.758542031049728394e-02 -6.448689699172973633e-01 -2.319335192441940308e-01 -7.266956567764282227e-01
1.403715928684058189e+09 1.797780752182006836e+00 9.017964005470275879e-01 -2.034322023391723633e+00 -7.160300388932228088e-03 -6.627182960510253906e-01 -2.681452333927154541e-01 -6.991789937019348145e-01
1.403715928884058237e+09 1.629906654357910156e+00 9.422556161880493164e-01 -2.165201425552368164e+00 4.932158440351486206e-02 -6.327449679374694824e-01 -3.078328967094421387e-01 -7.088301181793212891e-01
1.403715929184058189e+09 1.526225090026855469e+00 8.524565696716308594e-01 -2.473800659179687500e+00 1.051694154739379883e-01 -5.896826386451721191e-01 -2.602487206459045410e-01 -7.572876214981079102e-01
1.403715929484058142e+09 1.579543590545654297e+00 8.193850517272949219e-01 -2.562210083007812500e+00 1.091357469558715820e-01 -6.148691177368164062e-01 -1.483160406351089478e-01 -7.668297290802001953e-01
1.403715929784058094e+09 1.675274133682250977e+00 6.436313390731811523e-01 -2.443609714508056641e+00 2.236410975456237793e-03 -6.103230714797973633e-01 -2.264268100261688232e-01 -7.590992450714111328e-01
1.403715930084058285e+09 1.715385675430297852e+00 5.628817081451416016e-01 -2.276968002319335938e+00 -7.487567514181137085e-02 -5.982116460800170898e-01 -2.840480506420135498e-01 -7.455556392669677734e-01
1.403715930584058285e+09 1.984064340591430664e+00 5.667726993560791016e-01 -2.365576744079589844e+00 6.577865034341812134e-02 -6.063675284385681152e-01 -2.943627536296844482e-01 -7.357596755027770996e-01
1.403715931484058142e+09 2.289767503738403320e+00 4.952934086322784424e-01 -2.442502021789550781e+00 4.765698313713073730e-02 -6.094532608985900879e-01 -2.829841673374176025e-01 -7.390640377998352051e-01
1.403715931784058094e+09 2.666999578475952148e+00 4.912038445472717285e-01 -2.466182231903076172e+00 3.478823602199554443e-02 -6.112917065620422363e-01 -2.561856508255004883e-01 -7.479847669601440430e-01
1.403715931984058142e+09 2.936077594757080078e+00 4.843320548534393311e-01 -2.460674762725830078e+00 -2.405993291176855564e-04 -6.178651452064514160e-01 -2.277730107307434082e-01 -7.525703310966491699e-01
1.403715932184058189e+09 3.184249877929687500e+00 4.523379802703857422e-01 -2.456462383270263672e+00 -5.405850335955619812e-02 -6.331922411918640137e-01 -1.768316775560379028e-01 -7.515822649002075195e-01
1.403715932384058237e+09 3.390406131744384766e+00 3.835409879684448242e-01 -2.446128129959106445e+00 -1.199786365032196045e-01 -6.454144716262817383e-01 -1.270061731338500977e-01 -7.435823678970336914e-01
1.403715932684058189e+09 3.017991781234741211e+00 2.277596592903137207e-01 -2.494946002960205078e+00 -4.480975121259689331e-02 -6.372339725494384766e-01 -1.933477967977523804e-01 -7.446755766868591309e-01
1.403715933184058189e+09 2.703640937805175781e+00 1.682076454162597656e-01 -2.516633987426757812e+00 4.027260839939117432e-02 -6.145666241645812988e-01 -2.659432888031005859e-01 -7.415930628776550293e-01
1.403715933384058237e+09 2.428766012191772461e+00 1.044825315475463867e-01 -2.535287857055664062e+00 1.036413982510566711e-01 -5.790634155273437500e-01 -3.489818871021270752e-01 -7.294901013374328613e-01
1.403715933584058285e+09 2.583412170410156250e+00 -1.675769090652465820e-01 -2.608612298965454102e+00 6.076791882514953613e-02 -6.190996170043945312e-01 -2.931032776832580566e-01 -7.260258197784423828e-01
1.403715934184058189e+09 2.732853889465332031e+00 -2.304001450538635254e-01 -2.626072168350219727e+00 -7.277921307832002640e-03 -6.452145576477050781e-01 -2.351455837488174438e-01 -7.268781065940856934e-01
1.403715934284058094e+09 2.991849184036254883e+00 -2.843455672264099121e-01 -2.621034383773803711e+00 -9.864362329244613647e-02 -6.719713807106018066e-01 -1.528279185295104980e-01 -7.178910970687866211e-01
1.403715934484058142e+09 2.670937299728393555e+00 -3.765476346015930176e-01 -2.637929201126098633e+00 -5.857488140463829041e-02 -6.432231664657592773e-01 -2.076902687549591064e-01 -7.346411943435668945e-01
1.403715935184058189e+09 2.297870874404907227e+00 -3.666310310363769531e-01 -2.662067651748657227e+00 3.425015509128570557e-02 -6.164167523384094238e-01 -2.843152880668640137e-01 -7.334999442100524902e-01
1.403715935384058237e+09 1.962569952011108398e+00 -3.167324364185333252e-01 -2.668787717819213867e+00 9.178456664085388184e-02 -5.969687104225158691e-01 -3.238212466239929199e-01 -7.282471060752868652e-01
1.403715935584058285e+09 1.718985795974731445e+00 -2.406839430332183838e-01 -2.655107021331787109e+00 1.226788535714149475e-01 -5.851982831954956055e-01 -3.436210155487060547e-01 -7.241668105125427246e-01
1.403715935884058237e+09 1.826833724975585938e+00 -1.314576268196105957e-01 -2.558914422988891602e+00 1.011822652071714401e-02 -6.439386606216430664e-01 -2.381889671087265015e-01 -7.269846200942993164e-01
1.403715936384058237e+09 2.058081626892089844e+00 -1.172586679458618164e-01 -2.461740732192993164e+00 -8.950713276863098145e-02 -6.679936051368713379e-01 -1.889886260032653809e-01 -7.141823172569274902e-01
1.403715936884058237e+09 1.924062728881835938e+00 -6.985241174697875977e-02 -2.377767562866210938e+00 -2.169969305396080017e-02 -6.375315189361572266e-01 -2.348348796367645264e-01 -7.334406971931457520e-01
1.403715937284058094e+09 1.744681954383850098e+00 -4.509180784225463867e-03 -2.319504737854003906e+00 -3.562112338840961456e-03 -5.803432464599609375e-01 -2.301874756813049316e-01 -7.811548113822937012e-01
1.403715937584058285e+09 1.576243877410888672e+00 1.265321373939514160e-01 -2.233005046844482422e+00 4.998693242669105530e-02 -5.152952075004577637e-01 -2.522452175617218018e-01 -8.175233602523803711e-01
1.403715937884058237e+09 1.516167163848876953e+00 2.345721572637557983e-01 -2.119218826293945312e+00 6.783630698919296265e-02 -4.590727388858795166e-01 -2.406979501247406006e-01 -8.524758219718933105e-01
1.403715938184058189e+09 1.659860491752624512e+00 2.038256227970123291e-01 -1.923408746719360352e+00 2.970444411039352417e-02 -3.869756460189819336e-01 -1.585435867309570312e-01 -9.078719615936279297e-01
1.403715938584058285e+09 1.828127145767211914e+00 1.144092828035354614e-01 -1.731442093849182129e+00 2.225974388420581818e-02 -3.370971381664276123e-01 -1.455229520797729492e-01 -9.298887848854064941e-01
1.403715938984058142e+09 2.108290433883666992e+00 2.796676009893417358e-03 -1.382680058479309082e+00 6.572258472442626953e-02 -3.106459379196166992e-01 -1.591656655073165894e-01 -9.347973465919494629e-01
1.403715939284058094e+09 2.299436569213867188e+00 -8.642185479402542114e-02 -1.154815673828125000e+00 -2.262405119836330414e-02 -3.218252658843994141e-01 -1.270092129707336426e-01 -9.379687309265136719e-01
1.403715939484058142e+09 2.468607902526855469e+00 -1.695621758699417114e-01 -9.345590472221374512e-01 -9.482491016387939453e-02 -3.341163396835327148e-01 -1.004202514886856079e-01 -9.323574304580688477e-01
1.403715939684058189e+09 2.317770242691040039e+00 -4.295283555984497070e-01 -9.567303657531738281e-01 2.559658326208591461e-02 -3.323085606098175049e-01 -1.466690599918365479e-01 -9.313453435897827148e-01
1.403715940484058142e+09 2.172314643859863281e+00 -4.789614081382751465e-01 -1.053439021110534668e+00 1.234690621495246887e-01 -3.097324669361114502e-01 -1.923078149557113647e-01 -9.229512214660644531e-01
1.403715940684058189e+09 2.269499063491821289e+00 -7.966361045837402344e-01 -8.654457926750183105e-01 8.483929932117462158e-02 -3.257282078266143799e-01 -1.738039553165435791e-01 -9.254704713821411133e-01
1.403715941184058189e+09 2.362970352172851562e+00 -9.072695970535278320e-01 -7.573519349098205566e-01 -9.813419543206691742e-03 -3.456153869628906250e-01 -1.405365020036697388e-01 -9.277409315109252930e-01
1.403715941284058094e+09 2.530246734619140625e+00 -1.099750757217407227e+00 -5.611883997917175293e-01 -1.352239102125167847e-01 -3.611190319061279297e-01 -1.050364598631858826e-01 -9.166651368141174316e-01
1.403715941484058142e+09 2.656761884689331055e+00 -1.223787784576416016e+00 -3.642473220825195312e-01 -2.146454453468322754e-01 -3.592082262039184570e-01 -9.507340937852859497e-02 -9.032485485076904297e-01
1.403715941784058094e+09 2.382049560546875000e+00 -1.023340821266174316e+00 -5.854925513267517090e-01 -1.089405566453933716e-01 -3.511956930160522461e-01 -1.212495490908622742e-01 -9.220044612884521484e-01
1.403715942284058094e+09 2.157337665557861328e+00 -7.849502563476562500e-01 -7.881582975387573242e-01 2.456135489046573639e-02 -3.301184177398681641e-01 -1.672628968954086304e-01 -9.286774396896362305e-01
1.403715942484058142e+09 1.946711421012878418e+00 -5.160448551177978516e-01 -9.434248208999633789e-01 1.034417897462844849e-01 -3.114371895790100098e-01 -2.001421302556991577e-01 -9.231737852096557617e-01
1.403715942684058189e+09 1.816318154335021973e+00 -2.764858007431030273e-01 -1.030488491058349609e+00 1.512067764997482300e-01 -3.003721237182617188e-01 -2.048974633216857910e-01 -9.192008376121520996e-01
1.403715943184058189e+09 1.937805294990539551e+00 4.246768075972795486e-04 -8.311821222305297852e-01 5.799711868166923523e-02 -3.134011328220367432e-01 -1.487659364938735962e-01 -9.361009001731872559e-01
1.403715943384058237e+09 2.078886985778808594e+00 -3.801135718822479248e-02 -6.608600616455078125e-01 -7.283833622932434082e-02 -3.158994019031524658e-01 -1.076611727476119995e-01 -9.398463368415832520e-01
1.403715943584058285e+09 2.199150800704956055e+00 -8.954855799674987793e-02 -5.089049339294433594e-01 -1.763122975826263428e-01 -3.284317255020141602e-01 -8.611979335546493530e-02 -9.239210486412048340e-01
1.403715944084058285e+09 2.104984283447265625e+00 -9.672507643699645996e-02 -6.510066390037536621e-01 -6.782249361276626587e-02 -3.039245605468750000e-01 -1.349447965621948242e-01 -9.406486749649047852e-01
1.403715944284058094e+09 1.981418132781982422e+00 -8.968834578990936279e-02 -8.265671133995056152e-01 6.166454404592514038e-02 -2.538528442382812500e-01 -1.644173115491867065e-01 -9.511694312095642090e-01
1.403715944484058142e+09 1.899245500564575195e+00 -7.536746561527252197e-02 -9.516695141792297363e-01 1.288807392120361328e-01 -1.970608085393905640e-01 -1.571554094552993774e-01 -9.590927958488464355e-01
1.403715944684058189e+09 1.961726188659667969e+00 -1.989856660366058350e-01 -9.086206555366516113e-01 7.058799266815185547e-02 -1.015783324837684631e-01 -6.580095738172531128e-02 -9.901361465454101562e-01
1.403715945084058285e+09 2.044672727584838867e+00 -3.202713727951049805e-01 -7.767446637153625488e-01 -6.747786700725555420e-02 -8.433496952056884766e-02 -6.885036360472440720e-03 -9.941262006759643555e-01
1.403715945284058094e+09 2.096775293350219727e+00 -4.753783941268920898e-01 -6.658176183700561523e-01 -1.809397637844085693e-01 -8.473097532987594604e-02 1.064937282353639603e-02 -9.797796010971069336e-01
1.403715945684058189e+09 2.042213201522827148e+00 -5.235730409622192383e-01 -7.880358099937438965e-01 -6.884846836328506470e-02 -7.608919590711593628e-02 -3.254420682787895203e-02 -9.941887259483337402e-01
1.403715945884058237e+09 1.980625867843627930e+00 -5.165116786956787109e-01 -9.262718558311462402e-01 5.160304903984069824e-02 -7.116630673408508301e-02 -4.799865931272506714e-02 -9.949716925621032715e-01
1.403715946084058285e+09 1.867652416229248047e+00 -5.988121628761291504e-01 -1.000117540359497070e+00 1.337638646364212036e-01 -1.827033236622810364e-02 -3.002401441335678101e-02 -9.903898239135742188e-01
1.403715946484058142e+09 1.821340680122375488e+00 -7.334814071655273438e-01 -8.766231536865234375e-01 2.097580023109912872e-02 3.944421652704477310e-03 -5.207970272749662399e-03 -9.997587203979492188e-01
1.403715946684058189e+09 1.764136910438537598e+00 -8.783745169639587402e-01 -7.269911766052246094e-01 -8.692140132188796997e-02 1.820440404117107391e-02 -3.815884236246347427e-03 -9.960415363311767578e-01
1.403715946884058237e+09 1.681389331817626953e+00 -1.033911943435668945e+00 -5.896334648132324219e-01 -1.548756957054138184e-01 2.335893362760543823e-02 -4.865407943725585938e-03 -9.876458644866943359e-01
1.403715947184058189e+09 1.546279907226562500e+00 -8.834138512611389160e-01 -9.180513024330139160e-01 -1.469863671809434891e-02 2.327238954603672028e-02 -4.045242071151733398e-02 -9.988023042678833008e-01
1.403715947784058094e+09 1.522081851959228516e+00 -7.194426655769348145e-01 -1.074961304664611816e+00 7.395429909229278564e-02 2.496660687029361725e-02 -3.144053369760513306e-02 -9.964532256126403809e-01
1.403715947984058142e+09 1.506369471549987793e+00 -5.531324744224548340e-01 -1.155211091041564941e+00 1.377203762531280518e-01 2.888296172022819519e-02 -1.502760313451290131e-02 -9.899359345436096191e-01
1.403715948384058237e+09 1.466162919998168945e+00 -4.774166345596313477e-01 -9.410416483879089355e-01 4.572470486164093018e-02 3.241648897528648376e-02 -1.197499223053455353e-02 -9.983562231063842773e-01
1.403715948584058285e+09 1.441589593887329102e+00 -5.020134449005126953e-01 -7.271659374237060547e-01 -5.621432885527610779e-02 1.967681013047695160e-02 -9.486948139965534210e-03 -9.981797337532043457e-01
1.403715948784058094e+09 1.400942683219909668e+00 -4.851220846176147461e-01 -4.196134209632873535e-01 -1.457920968532562256e-01 4.348478838801383972e-02 -9.455320425331592560e-03 -9.883139133453369141e-01
1.403715949284058094e+09 1.389717221260070801e+00 -4.120047688484191895e-01 -4.563454687595367432e-01 -4.217894002795219421e-02 8.178345113992691040e-02 8.909582160413265228e-03 -9.957173466682434082e-01
1.403715949484058142e+09 1.387144207954406738e+00 -3.550257682800292969e-01 -5.102711319923400879e-01 5.420502647757530212e-02 1.137733310461044312e-01 3.280314430594444275e-02 -9.914844632148742676e-01
1.403715949684058189e+09 1.275562763214111328e+00 -4.035359323024749756e-01 -3.468089401721954346e-01 7.076225429773330688e-02 1.999906897544860840e-01 1.247050911188125610e-01 -9.692497849464416504e-01
1.403715950184058189e+09 1.145033478736877441e+00 -5.094075798988342285e-01 -1.659900546073913574e-01 -4.267694801092147827e-02 2.377510517835617065e-01 1.108534857630729675e-01 -9.640356302261352539e-01
1.403715950384058237e+09 9.971699714660644531e-01 -6.038164496421813965e-01 -4.325032234191894531e-03 -1.333302706480026245e-01 2.583670616149902344e-01 7.131350040435791016e-02 -9.541404843330383301e-01
1.403715950584058285e+09 8.451693058013916016e-01 -6.388825774192810059e-01 -1.932550221681594849e-01 -6.952761113643646240e-02 2.708756029605865479e-01 7.223596423864364624e-02 -9.573789238929748535e-01
1.403715951284058094e+09 8.933645486831665039e-01 -5.838899612426757812e-01 -4.045014679431915283e-01 4.251664504408836365e-02 2.823656797409057617e-01 1.118365749716758728e-01 -9.518164992332458496e-01
1.403715951484058142e+09 9.082430005073547363e-01 -5.503866672515869141e-01 -5.667773485183715820e-01 1.099507510662078857e-01 3.034385442733764648e-01 1.428170800209045410e-01 -9.356490969657897949e-01
1.403715951684058189e+09 7.936503887176513672e-01 -5.978313088417053223e-01 -6.402870416641235352e-01 1.269147098064422607e-01 3.484800159931182861e-01 1.681044846773147583e-01 -9.133428931236267090e-01
1.403715951984058142e+09 6.145971417427062988e-01 -7.129592895507812500e-01 -5.785565972328186035e-01 9.414741769433021545e-03 4.038183391094207764e-01 1.326196789741516113e-01 -9.051266312599182129e-01
1.403715952184058189e+09 4.341869652271270752e-01 -8.293551802635192871e-01 -4.864833056926727295e-01 -8.777210116386413574e-02 4.528785943984985352e-01 9.958519041538238525e-02 -8.816347718238830566e-01
1.403715952384058237e+09 2.846605181694030762e-01 -1.008596658706665039e+00 -3.885200619697570801e-01 -1.682083457708358765e-01 5.061437487602233887e-01 7.410792261362075806e-02 -8.426343202590942383e-01
1.403715952784058094e+09 5.885773301124572754e-01 -1.040945291519165039e+00 -4.737084507942199707e-01 -8.305246382951736450e-02 5.156724452972412109e-01 1.359773278236389160e-01 -8.418399095535278320e-01
1.403715953184058189e+09 8.400760889053344727e-01 -9.737175107002258301e-01 -5.436812639236450195e-01 3.084331005811691284e-02 4.982756674289703369e-01 2.063984423875808716e-01 -8.415282368659973145e-01
1.403715953384058237e+09 1.046430587768554688e+00 -9.001589417457580566e-01 -5.678235292434692383e-01 9.309670329093933105e-02 4.949604570865631104e-01 2.464546859264373779e-01 -8.280140757560729980e-01
1.403715953584058285e+09 8.822149038314819336e-01 -8.871111869812011719e-01 -4.028007388114929199e-01 -1.997666805982589722e-02 5.570485591888427734e-01 3.206169903278350830e-01 -7.658346295356750488e-01
1.403715954184058189e+09 6.100133061408996582e-01 -8.926926255226135254e-01 -3.608054220676422119e-01 -1.213709861040115356e-01 5.866790413856506348e-01 2.514417171478271484e-01 -7.601670026779174805e-01
1.403715954384058237e+09 3.717359900474548340e-01 -8.849674463272094727e-01 -3.803537487983703613e-01 -1.524597853422164917e-01 6.179423928260803223e-01 1.553882956504821777e-01 -7.554850578308105469e-01
1.403715954584058285e+09 3.978510797023773193e-01 -7.184509634971618652e-01 -6.231811046600341797e-01 -8.932377398014068604e-02 6.114425063133239746e-01 1.834243834018707275e-01 -7.645356655120849609e-01
1.403715955184058189e+09 5.835298299789428711e-01 -6.501115560531616211e-01 -7.373281717300415039e-01 8.495273999869823456e-03 5.900099277496337891e-01 2.363829910755157471e-01 -7.719709873199462891e-01
1.403715955384058237e+09 7.287225723266601562e-01 -5.991206169128417969e-01 -8.416026234626770020e-01 7.176329940557479858e-02 5.703843832015991211e-01 2.716094851493835449e-01 -7.718419432640075684e-01
1.403715955584058285e+09 6.869943141937255859e-01 -6.128723025321960449e-01 -9.616110920906066895e-01 4.926607757806777954e-02 6.185288429260253906e-01 2.724714577198028564e-01 -7.353599667549133301e-01
1.403715955984058142e+09 5.279620885848999023e-01 -6.704369783401489258e-01 -9.923759698867797852e-01 -6.452284008264541626e-02 6.826586723327636719e-01 2.234273403882980347e-01 -6.927440166473388672e-01
1.403715956184058189e+09 3.617023825645446777e-01 -7.422143220901489258e-01 -1.056659102439880371e+00 -1.374088376760482788e-01 7.557367682456970215e-01 2.056877464056015015e-01 -6.063607931137084961e-01
1.403715956484058142e+09 4.267123937606811523e-01 -8.011345863342285156e-01 -1.109742045402526855e+00 -1.646097749471664429e-01 8.196819424629211426e-01 1.613386124372482300e-01 -5.243996977806091309e-01
1.403715956784058094e+09 7.571195363998413086e-01 -8.600186109542846680e-01 -1.094923019409179688e+00 -7.565276324748992920e-02 8.135792016983032227e-01 2.499421983957290649e-01 -5.195136666297912598e-01
1.403715957084058285e+09 1.035740375518798828e+00 -8.698034882545471191e-01 -1.058967351913452148e+00 -1.508669555187225342e-02 7.840556502342224121e-01 3.256335854530334473e-01 -5.281969308853149414e-01
1.403715957284058094e+09 1.274171948432922363e+00 -8.264799714088439941e-01 -1.015198230743408203e+00 4.806392267346382141e-02 7.501739263534545898e-01 3.896569907665252686e-01 -5.320680737495422363e-01
1.403715957484058142e+09 1.413857221603393555e+00 -7.443137168884277344e-01 -9.979463815689086914e-01 8.489744365215301514e-02 7.204619050025939941e-01 4.366735517978668213e-01 -5.320181846618652344e-01
1.403715957884058237e+09 1.325840353965759277e+00 -5.997305512428283691e-01 -1.092196345329284668e+00 3.489631786942481995e-02 7.516169548034667969e-01 3.894722461700439453e-01 -5.311926007270812988e-01
1.403715957984058142e+09 1.131033062934875488e+00 -5.158808827400207520e-01 -1.226768493652343750e+00 -4.871114343404769897e-02 8.114358186721801758e-01 2.863671779632568359e-01 -5.071418881416320801e-01
1.403715958184058189e+09 9.610697031021118164e-01 -4.319982826709747314e-01 -1.359427452087402344e+00 -1.015641987323760986e-01 8.539103865623474121e-01 2.104518711566925049e-01 -4.650073647499084473e-01
1.403715958384058237e+09 8.900992870330810547e-01 -3.217149674892425537e-01 -1.467231035232543945e+00 -1.268364787101745605e-01 8.964741230010986328e-01 1.474935710430145264e-01 -3.981109559535980225e-01
1.403715958684058189e+09 1.073665499687194824e+00 -2.534129619598388672e-01 -1.377634286880493164e+00 -3.444362059235572815e-02 9.139564037322998047e-01 2.221480309963226318e-01 -3.378572165966033936e-01
1.403715958984058142e+09 1.253796100616455078e+00 -2.370833456516265869e-01 -1.229748964309692383e+00 2.539607323706150055e-02 9.023982286453247070e-01 3.115806281566619873e-01 -2.965637147426605225e-01
1.403715959184058189e+09 1.390057563781738281e+00 -2.326418906450271606e-01 -1.055762290954589844e+00 6.624475121498107910e-03 8.844049572944641113e-01 3.926168084144592285e-01 -2.522621154785156250e-01
1.403715959384058237e+09 1.476836681365966797e+00 -2.209723442792892456e-01 -9.254636168479919434e-01 7.120673544704914093e-03 8.524582386016845703e-01 4.745683968067169189e-01 -2.192012071609497070e-01
1.403715959584058285e+09 1.464439749717712402e+00 -1.997364163398742676e-01 -1.092295646667480469e+00 -2.394096367061138153e-02 9.043141603469848633e-01 3.943010270595550537e-01 -1.617699414491653442e-01
1.403715959984058142e+09 1.422766804695129395e+00 -1.816373467445373535e-01 -1.293386459350585938e+00 -4.696020483970642090e-02 9.531065225601196289e-01 2.649889588356018066e-01 -1.384322494268417358e-01
1.403715960184058189e+09 1.402503132820129395e+00 -1.899768710136413574e-01 -1.450803518295288086e+00 -6.942709535360336304e-02 9.750871658325195312e-01 1.693304777145385742e-01 -1.253476738929748535e-01
1.403715960684058189e+09 1.544823527336120605e+00 -3.244299888610839844e-01 -1.236047983169555664e+00 -5.881885811686515808e-02 9.402844309806823730e-01 3.045279383659362793e-01 -1.402437239885330200e-01
1.403715960884058237e+09 1.653919219970703125e+00 -4.186915457248687744e-01 -1.041128754615783691e+00 -4.308058694005012512e-02 8.870685696601867676e-01 4.337940216064453125e-01 -1.519085466861724854e-01
1.403715961084058285e+09 1.763924360275268555e+00 -4.929349720478057861e-01 -9.317464232444763184e-01 -2.688198164105415344e-02 8.439242839813232422e-01 5.108243227005004883e-01 -1.616406440734863281e-01
1.403715961384058237e+09 1.858245849609375000e+00 -5.532145500183105469e-01 -1.066920042037963867e+00 8.395167998969554901e-03 8.753333687782287598e-01 4.571568369865417480e-01 -1.572534739971160889e-01
1.403715961584058285e+09 1.863722324371337891e+00 -5.733423233032226562e-01 -1.283477902412414551e+00 -9.345817379653453827e-03 9.272251129150390625e-01 3.573796451091766357e-01 -1.115621849894523621e-01
1.403715961784058094e+09 1.861564636230468750e+00 -5.750336050987243652e-01 -1.503865838050842285e+00 -4.269314929842948914e-02 9.615663290023803711e-01 2.643106281757354736e-01 -6.088828667998313904e-02
1.403715961984058142e+09 1.868474364280700684e+00 -5.400741696357727051e-01 -1.639292836189270020e+00 -4.452234506607055664e-02 9.886763095855712891e-01 1.432943046092987061e-01 1.945064053870737553e-03
1.403715962284058094e+09 1.905897736549377441e+00 -5.722816586494445801e-01 -1.315856575965881348e+00 3.715020045638084412e-02 9.638244509696960449e-01 2.526006698608398438e-01 7.651899755001068115e-02
1.403715962684058189e+09 1.858388304710388184e+00 -5.992835760116577148e-01 -1.008890390396118164e+00 7.000916451215744019e-02 9.289601445198059082e-01 3.468698859214782715e-01 1.086882203817367554e-01
1.403715962884058237e+09 1.747112631797790527e+00 -5.738453865051269531e-01 -6.861256957054138184e-01 2.322937175631523132e-02 8.961461186408996582e-01 4.192698001861572266e-01 1.435113847255706787e-01
1.403715963084058285e+09 1.607968688011169434e+00 -4.863086938858032227e-01 -4.080851674079895020e-01 -4.097915813326835632e-02 8.501077294349670410e-01 4.920395910739898682e-01 1.831247359514236450e-01
1.403715963284058094e+09 1.547519922256469727e+00 -4.163651466369628906e-01 -2.998368740081787109e-01 -5.589554831385612488e-02 8.282315731048583984e-01 5.189329981803894043e-01 2.040019184350967407e-01
1.403715963384058237e+09 1.478579998016357422e+00 -2.373049259185791016e-01 -1.887638568878173828e-01 -5.255146324634552002e-02 8.475759625434875488e-01 4.600706100463867188e-01 2.592072486877441406e-01
1.403715963584058285e+09 1.467682242393493652e+00 -5.791729688644409180e-02 -1.750618219375610352e-01 -2.557333745062351227e-02 8.890815377235412598e-01 3.319882154464721680e-01 3.141081035137176514e-01
1.403715963884058237e+09 1.448812365531921387e+00 1.512676477432250977e-01 -1.436804533004760742e-01 -2.431892976164817810e-02 8.727983832359313965e-01 3.254166841506958008e-01 3.629539012908935547e-01
1.403715964184058189e+09 1.609866976737976074e+00 -4.563534259796142578e-02 -2.491898536682128906e-01 2.322506532073020935e-02 8.663967847824096680e-01 3.302982747554779053e-01 3.737916052341461182e-01
1.403715964984058142e+09 1.633075833320617676e+00 -1.582851409912109375e-01 -3.239667415618896484e-01 -6.215892732143402100e-02 8.228844404220581055e-01 4.162146151065826416e-01 3.817891180515289307e-01
1.403715965784058094e+09 1.722577452659606934e+00 -1.908258199691772461e-01 -4.553959369659423828e-01 -4.854480177164077759e-02 8.480492234230041504e-01 3.665155768394470215e-01 3.796344399452209473e-01
1.403715965884058237e+09 1.832280755043029785e+00 -2.165141105651855469e-01 -5.741097927093505859e-01 4.499277099967002869e-03 8.881205320358276367e-01 2.548550665378570557e-01 3.824534714221954346e-01
1.403715966084058285e+09 1.835810780525207520e+00 -4.050981998443603516e-01 -5.512483119964599609e-01 -5.109363794326782227e-02 8.457714915275573730e-01 3.774484097957611084e-01 3.736212849617004395e-01
1.403715966684058189e+09 1.992613673210144043e+00 -5.886047482490539551e-01 -6.020309925079345703e-01 -2.286401204764842987e-02 8.872231245040893555e-01 2.934986352920532227e-01 3.552055060863494873e-01
1.403715967284058094e+09 2.090236663818359375e+00 -6.506622433662414551e-01 -6.401357650756835938e-01 2.321856282651424408e-02 9.166753292083740234e-01 1.885272264480590820e-01 3.516031503677368164e-01
1.403715967584058285e+09 2.074704885482788086e+00 -8.533511757850646973e-01 -4.535145759582519531e-01 3.672768920660018921e-02 8.656310439109802246e-01 3.120597302913665771e-01 3.898110687732696533e-01
1.403715967884058237e+09 1.983223915100097656e+00 -9.506669044494628906e-01 -3.145173788070678711e-01 1.843058504164218903e-02 8.133286833763122559e-01 3.973316848278045654e-01 4.245991110801696777e-01
1.403715968084058285e+09 1.833545207977294922e+00 -8.680694699287414551e-01 -1.655213832855224609e-01 2.627039887011051178e-02 8.512572050094604492e-01 2.516897916793823242e-01 4.596991837024688721e-01
1.403715968784058094e+09 1.501812696456909180e+00 -7.303474545478820801e-01 6.983006000518798828e-02 -1.942591927945613861e-02 8.248962759971618652e-01 3.244067728519439697e-01 4.625247716903686523e-01
1.403715969284058094e+09 1.313347339630126953e+00 -6.946753263473510742e-01 1.968185901641845703e-01 -8.612289279699325562e-02 7.753434777259826660e-01 4.327398836612701416e-01 4.518425166606903076e-01
1.403715969484058142e+09 1.469827055931091309e+00 -5.657848715782165527e-01 2.108132839202880859e-01 -7.418010383844375610e-02 8.273869752883911133e-01 2.991525530815124512e-01 4.695059955120086670e-01
1.403715970084058285e+09 1.680279016494750977e+00 -5.587168931961059570e-01 2.177693843841552734e-01 8.223816752433776855e-03 8.493407964706420898e-01 2.333567291498184204e-01 4.733891785144805908e-01
1.403715970284058094e+09 1.859242916107177734e+00 -6.299450397491455078e-01 3.845674991607666016e-01 8.362192660570144653e-02 8.458170890808105469e-01 2.178750634193420410e-01 4.797200262546539307e-01
1.403715970684058189e+09 1.784018754959106445e+00 -6.941069960594177246e-01 5.170505046844482422e-01 3.806239739060401917e-02 8.028736114501953125e-01 3.503514826297760010e-01 4.808316528797149658e-01
1.403715970884058237e+09 1.680329322814941406e+00 -7.531169056892395020e-01 5.988572835922241211e-01 -1.583111286163330078e-02 7.492374777793884277e-01 4.702606797218322754e-01 4.660982489585876465e-01
1.403715971084058285e+09 1.737787723541259766e+00 -8.082495331764221191e-01 4.161833524703979492e-01 -1.085155531764030457e-01 7.575403451919555664e-01 3.683417141437530518e-01 5.279029011726379395e-01
1.403715971484058142e+09 1.920765399932861328e+00 -8.444545865058898926e-01 2.599554061889648438e-01 -8.019539713859558105e-02 7.690700888633728027e-01 2.439052611589431763e-01 5.853291749954223633e-01
1.403715971684058189e+09 2.115028858184814453e+00 -8.967308402061462402e-01 1.663427352905273438e-01 -2.407408505678176880e-02 7.479724884033203125e-01 1.849058717489242554e-01 6.369988918304443359e-01
1.403715971884058237e+09 2.311905622482299805e+00 -1.007271528244018555e+00 1.530029773712158203e-01 3.892435878515243530e-02 6.901534199714660645e-01 1.903272867202758789e-01 6.971001625061035156e-01
1.403715972184058189e+09 1.997138977050781250e+00 -1.217638254165649414e+00 2.068226337432861328e-01 7.413638290017843246e-03 6.422932147979736328e-01 2.562117874622344971e-01 7.223296165466308594e-01
1.403715972884058237e+09 1.493740558624267578e+00 -1.222480297088623047e+00 2.269454002380371094e-01 2.441549114882946014e-02 6.517882347106933594e-01 2.786852419376373291e-01 7.049188613891601562e-01
1.403715973484058142e+09 1.130248069763183594e+00 -1.188945889472961426e+00 1.474612355232238770e-01 -1.829385012388229370e-02 6.349540352821350098e-01 3.291809558868408203e-01 6.986691951751708984e-01
1.403715973984058142e+09 9.661324024200439453e-01 -9.963153600692749023e-01 -3.199734091758728027e-01 -2.576304227113723755e-02 6.403825283050537109e-01 2.896230518817901611e-01 7.108902931213378906e-01
1.403715974784058094e+09 1.166157484054565430e+00 -6.885852813720703125e-01 -7.584826350212097168e-01 -1.379700750112533569e-02 6.429069042205810547e-01 2.595583498477935791e-01 7.204928398132324219e-01
1.403715975484058142e+09 1.435367107391357422e+00 -5.367461442947387695e-01 -1.151835083961486816e+00 -1.948017254471778870e-02 6.369613409042358398e-01 2.477908283472061157e-01 7.297263741493225098e-01
1.403715976384058237e+09 1.813471674919128418e+00 -5.708014369010925293e-01 -1.195038676261901855e+00 -1.886118948459625244e-02 5.897814631462097168e-01 2.195544242858886719e-01 7.769156694412231445e-01
1.403715977284058094e+09 1.920408368110656738e+00 -6.141378879547119141e-01 -1.031346917152404785e+00 -1.457517780363559723e-02 5.078219175338745117e-01 1.857192367315292358e-01 8.410783410072326660e-01
1.403715977584058285e+09 1.974574565887451172e+00 -6.670080423355102539e-01 -8.704393506050109863e-01 -5.605618003755807877e-03 4.054175317287445068e-01 1.501447558403015137e-01 9.016994237899780273e-01
1.403715977884058237e+09 1.992660999298095703e+00 -7.293899655342102051e-01 -6.823813319206237793e-01 7.947183214128017426e-03 2.953793406486511230e-01 7.876355946063995361e-02 9.520946741104125977e-01
1.403715978184058189e+09 1.956561803817749023e+00 -7.725394368171691895e-01 -5.489850640296936035e-01 1.508084218949079514e-02 2.197030931711196899e-01 2.240135148167610168e-02 9.751929640769958496e-01
1.403715978384058237e+09 1.862341523170471191e+00 -8.187000751495361328e-01 -4.076039195060729980e-01 2.904980443418025970e-02 1.362656801939010620e-01 9.151156060397624969e-03 9.902040362358093262e-01
1.403715978584058285e+09 1.721092104911804199e+00 -8.608863949775695801e-01 -2.789332866668701172e-01 4.351011291146278381e-02 4.246304556727409363e-02 1.208362635225057602e-02 9.980770349502563477e-01
1.403715978784058094e+09 1.570004463195800781e+00 -8.901915550231933594e-01 -1.648547351360321045e-01 4.010545462369918823e-02 -4.465102776885032654e-02 -1.836116611957550049e-02 9.980284571647644043e-01
1.403715978984058142e+09 1.406624078750610352e+00 -9.230728149414062500e-01 -7.843123376369476318e-02 3.944782912731170654e-02 -1.337297558784484863e-01 -5.907996371388435364e-02 9.884684085845947266e-01
1.403715979184058189e+09 1.231844782829284668e+00 -9.716005921363830566e-01 -2.375522255897521973e-02 7.432228326797485352e-02 -2.338607460260391235e-01 -8.063019812107086182e-02 9.660663008689880371e-01
1.403715979384058237e+09 1.065945863723754883e+00 -9.906107783317565918e-01 -9.767975658178329468e-03 9.861849993467330933e-02 -3.161145746707916260e-01 -1.316844522953033447e-01 9.343475103378295898e-01
1.403715979584058285e+09 9.006178379058837891e-01 -1.004654645919799805e+00 -5.674102157354354858e-02 9.613527357578277588e-02 -3.898375928401947021e-01 -1.668840646743774414e-01 9.005190134048461914e-01
1.403715979784058094e+09 7.394837141036987305e-01 -1.004412055015563965e+00 -1.568547934293746948e-01 1.051413565874099731e-01 -4.686613678932189941e-01 -1.876612901687622070e-01 8.567876815795898438e-01
1.403715979984058142e+09 6.034893989562988281e-01 -9.788638949394226074e-01 -3.070790469646453857e-01 1.205717027187347412e-01 -5.508283972740173340e-01 -2.011910676956176758e-01 8.009824156761169434e-01
1.403715980184058189e+09 5.098465681076049805e-01 -9.201630353927612305e-01 -5.096410512924194336e-01 1.167099922895431519e-01 -6.262617111206054688e-01 -2.149423062801361084e-01 7.402532100677490234e-01
1.403715980384058237e+09 4.616757929325103760e-01 -8.476607203483581543e-01 -7.426975965499877930e-01 1.051361709833145142e-01 -6.991706490516662598e-01 -2.258422672748565674e-01 6.701508760452270508e-01
1.403715980584058285e+09 4.652921557426452637e-01 -7.571483850479125977e-01 -9.786075353622436523e-01 9.048113226890563965e-02 -7.703421711921691895e-01 -2.301288545131683350e-01 5.877302885055541992e-01
1.403715980784058094e+09 5.241698026657104492e-01 -6.690426468849182129e-01 -1.206265330314636230e+00 7.077001035213470459e-02 -8.276675939559936523e-01 -2.476017475128173828e-01 4.986496865749359131e-01
1.403715980984058142e+09 6.312304735183715820e-01 -5.834707021713256836e-01 -1.416357040405273438e+00 5.746756866574287415e-02 -8.777473568916320801e-01 -2.566074430942535400e-01 4.005119800567626953e-01
1.403715981184058189e+09 7.812263965606689453e-01 -5.071550011634826660e-01 -1.576478004455566406e+00 5.115051195025444031e-02 -9.177150130271911621e-01 -2.644359469413757324e-01 2.919870913028717041e-01
1.403715981384058237e+09 9.378566741943359375e-01 -4.786484241485595703e-01 -1.665078282356262207e+00 3.646476566791534424e-02 -9.477867484092712402e-01 -2.676086723804473877e-01 1.695766299962997437e-01
1.403715981584058285e+09 1.108201861381530762e+00 -4.748539924621582031e-01 -1.695659875869750977e+00 3.062945231795310974e-02 -9.648697972297668457e-01 -2.570290863513946533e-01 4.499163478612899780e-02
1.403715981784058094e+09 1.272024035453796387e+00 -4.860813021659851074e-01 -1.645913958549499512e+00 3.386874124407768250e-02 -9.532769322395324707e-01 -2.913064360618591309e-01 -7.250250875949859619e-02
1.403715981984058142e+09 1.425924658775329590e+00 -5.268701314926147461e-01 -1.540828585624694824e+00 3.447331488132476807e-02 -9.336712956428527832e-01 -3.097952902317047119e-01 -1.763418912887573242e-01
1.403715982184058189e+09 1.568323373794555664e+00 -5.864259004592895508e-01 -1.405006408691406250e+00 3.067846782505512238e-02 -9.122672080993652344e-01 -3.080141246318817139e-01 -2.682439088821411133e-01
1.403715982384058237e+09 1.706644296646118164e+00 -6.526478528976440430e-01 -1.237295508384704590e+00 2.600034140050411224e-02 -8.848034739494323730e-01 -3.014553189277648926e-01 -3.543606400489807129e-01
1.403715982584058285e+09 1.820089817047119141e+00 -7.317761778831481934e-01 -1.045058250427246094e+00 2.048276551067829132e-02 -8.481605648994445801e-01 -2.873776257038116455e-01 -4.445427656173706055e-01
1.403715982784058094e+09 1.909968972206115723e+00 -8.208482265472412109e-01 -8.279844522476196289e-01 1.364254578948020935e-02 -7.988148331642150879e-01 -2.732005417346954346e-01 -5.357892513275146484e-01
1.403715982984058142e+09 1.974725127220153809e+00 -9.182746410369873047e-01 -5.977063179016113281e-01 7.263821084052324295e-03 -7.426558136940002441e-01 -2.567045688629150391e-01 -6.184758543968200684e-01
1.403715983184058189e+09 2.006883859634399414e+00 -1.006387948989868164e+00 -3.617659807205200195e-01 -5.991302430629730225e-03 -6.762875318527221680e-01 -2.369789779186248779e-01 -6.974527239799499512e-01
1.403715983384058237e+09 2.009679079055786133e+00 -1.105268716812133789e+00 -1.240160465240478516e-01 -2.169082872569561005e-02 -5.988551974296569824e-01 -2.081746011972427368e-01 -7.730235457420349121e-01
1.403715983584058285e+09 1.967511892318725586e+00 -1.205749869346618652e+00 1.022922992706298828e-01 -6.234887987375259399e-02 -5.142088532447814941e-01 -1.761019974946975708e-01 -8.370722532272338867e-01
1.403715983784058094e+09 1.875342488288879395e+00 -1.295029997825622559e+00 2.805731296539306641e-01 -8.714168518781661987e-02 -4.284637868404388428e-01 -1.518044471740722656e-01 -8.864426612854003906e-01
1.403715983984058142e+09 1.728847384452819824e+00 -1.363132476806640625e+00 4.122785329818725586e-01 -9.185764938592910767e-02 -3.459535837173461914e-01 -1.358933150768280029e-01 -9.238026142120361328e-01
1.403715984184058189e+09 1.551626801490783691e+00 -1.410231351852416992e+00 4.712151288986206055e-01 -8.340536803007125854e-02 -2.661319077014923096e-01 -1.243830099701881409e-01 -9.522323012351989746e-01
1.403715984384058237e+09 1.365803480148315430e+00 -1.438855171203613281e+00 4.659686088562011719e-01 -8.419328927993774414e-02 -1.920930743217468262e-01 -9.975113719701766968e-02 -9.726569652557373047e-01
1.403715984584058285e+09 1.173825740814208984e+00 -1.441305756568908691e+00 3.992008566856384277e-01 -5.362867936491966248e-02 -1.142503246665000916e-01 -6.624171882867813110e-02 -9.897893071174621582e-01
1.403715984784058094e+09 9.809541106224060059e-01 -1.432038187980651855e+00 2.995983958244323730e-01 -4.574262723326683044e-02 -1.699739508330821991e-02 -4.866803064942359924e-02 -9.976222515106201172e-01
1.403715984984058142e+09 7.914481163024902344e-01 -1.411761283874511719e+00 1.767216026782989502e-01 -5.289063230156898499e-02 5.680278688669204712e-02 -1.674707047641277313e-02 -9.968428611755371094e-01
1.403715985184058189e+09 6.441921591758728027e-01 -1.376175045967102051e+00 3.517453745007514954e-02 -5.586644634604454041e-02 8.448614925146102905e-02 1.836315914988517761e-02 -9.946878552436828613e-01
1.403715985584058285e+09 4.220079183578491211e-01 -1.319715261459350586e+00 -2.089331150054931641e-01 -3.282273933291435242e-02 6.377088278532028198e-02 1.171820145100355148e-02 -9.973558187484741211e-01
1.403715985684058189e+09 5.674696341156959534e-02 -1.130298852920532227e+00 -5.410078763961791992e-01 2.174186706542968750e-02 1.544185448437929153e-02 -5.955399200320243835e-02 -9.978688359260559082e-01
1.403715986584058285e+09 -1.599296480417251587e-01 -8.402346968650817871e-01 -6.434701085090637207e-01 3.270088927820324898e-03 4.499701608438044786e-04 -3.325951099395751953e-02 -9.994413852691650391e-01
1.403715986684058189e+09 -3.517766892910003662e-01 -4.814507663249969482e-01 -5.257575511932373047e-01 -3.388115018606185913e-02 -5.221416428685188293e-02 -6.777915358543395996e-02 -9.957569241523742676e-01
1.403715987684058189e+09 -3.341590166091918945e-01 -2.154791653156280518e-01 -4.649187922477722168e-01 -2.736701257526874542e-02 -4.313042014837265015e-02 -5.248276516795158386e-02 -9.973145723342895508e-01
1.403715988884058237e+09 -1.871211379766464233e-01 -1.572051197290420532e-01 -4.778570830821990967e-01 -1.212932402268052101e-03 -5.243591591715812683e-02 -4.967732727527618408e-02 -9.973872303962707520e-01
1.403715989784058094e+09 -7.614916563034057617e-02 -3.203268721699714661e-02 -4.082637429237365723e-01 -1.182306557893753052e-02 -5.101353302597999573e-02 -2.552581392228603363e-02 -9.983017444610595703e-01
1.403715990784058094e+09 -9.959091246128082275e-02 3.857668861746788025e-02 -3.802267909049987793e-01 -2.519321860745549202e-03 -5.053843930363655090e-02 -2.463447302579879761e-02 -9.984151124954223633e-01
1.403715990884058237e+09 -1.427384763956069946e-01 9.578075259923934937e-02 -3.423936665058135986e-01 3.198368707671761513e-03 -5.083763971924781799e-02 -2.247598022222518921e-02 -9.984489083290100098e-01
1.403715991084058285e+09 -1.719409376382827759e-01 1.101900935173034668e-01 -3.206292688846588135e-01 -3.747560316696763039e-03 -5.111193656921386719e-02 -2.161854133009910583e-02 -9.984518885612487793e-01
1.403715991184058189e+09 -1.912290006875991821e-01 1.075357794761657715e-01 -3.100938796997070312e-01 -1.239615492522716522e-02 -5.024814233183860779e-02 -2.480730973184108734e-02 -9.983516931533813477e-01
