1.413393212255760431e+09 -0.000000000000000000e+00 -0.000000000000000000e+00 -0.000000000000000000e+00 -0.000000000000000000e+00 -0.000000000000000000e+00 -0.000000000000000000e+00 1.000000000000000000e+00
1.413393218055760384e+09 -1.798531562089920044e-01 -1.900714486837387085e-01 -2.350007295608520508e-01 -1.388319861143827438e-02 1.785424537956714630e-02 -9.695462882518768311e-03 9.996972084045410156e-01
1.413393218355760574e+09 -2.751348316669464111e-01 -2.019514590501785278e-01 -3.201184272766113281e-01 -1.725128665566444397e-02 8.365024812519550323e-03 2.033258415758609772e-02 9.996094703674316406e-01
1.413393218855760574e+09 -3.977033495903015137e-01 -1.340059936046600342e-01 -4.587327837944030762e-01 -2.855213731527328491e-02 1.795204728841781616e-02 -3.347297664731740952e-03 9.994254708290100098e-01
1.413393219055760384e+09 -4.489893913269042969e-01 -1.221602633595466614e-01 -5.160301327705383301e-01 -5.190264061093330383e-02 1.411259826272726059e-02 7.581016514450311661e-03 9.985237121582031250e-01
1.413393219555760384e+09 -5.409153103828430176e-01 -1.516714692115783691e-01 -5.764991044998168945e-01 -4.032086208462715149e-02 8.349658921360969543e-03 8.222785778343677521e-03 9.991181492805480957e-01
1.413393219955760479e+09 -5.769760608673095703e-01 -2.210639417171478271e-01 -5.746040940284729004e-01 -1.997119747102260590e-02 1.028618961572647095e-02 -2.732307650148868561e-03 9.997439980506896973e-01
1.413393221655760527e+09 -6.774647235870361328e-01 -5.517387986183166504e-01 -6.575691699981689453e-01 -3.914730995893478394e-02 2.020776085555553436e-02 -7.528997957706451416e-03 9.990007877349853516e-01
1.413393222055760384e+09 -6.793768405914306641e-01 -6.177974939346313477e-01 -6.257511973381042480e-01 -2.022754959762096405e-02 1.477243658155202866e-02 -6.919027306139469147e-03 9.996623396873474121e-01
1.413393222555760384e+09 -6.963896155357360840e-01 -5.488770604133605957e-01 -5.520506501197814941e-01 -4.238418489694595337e-02 7.486472837626934052e-03 -5.462201777845621109e-03 9.990584254264831543e-01
1.413393223255760431e+09 -7.306391596794128418e-01 -6.976885795593261719e-01 -3.675493597984313965e-01 -4.400544241070747375e-02 -2.271326724439859390e-03 -1.245925854891538620e-02 9.989510774612426758e-01
1.413393223655760527e+09 -7.594887614250183105e-01 -7.089351415634155273e-01 -1.588735431432723999e-01 -2.341239340603351593e-02 5.728843971155583858e-04 -1.607874035835266113e-02 9.995964169502258301e-01
1.413393224255760431e+09 -8.556070327758789062e-01 -7.066234946250915527e-01 1.444356888532638550e-01 -1.864450424909591675e-02 1.856639795005321503e-02 -1.219783909618854523e-02 9.995793700218200684e-01
1.413393224755760431e+09 -9.773523211479187012e-01 -5.729622244834899902e-01 3.908464014530181885e-01 -1.590665429830551147e-02 5.812088400125503540e-02 2.385993860661983490e-02 9.978976249694824219e-01
1.413393224955760479e+09 -1.068972587585449219e+00 -5.477321147918701172e-01 6.787123680114746094e-01 -3.065699525177478790e-02 1.607683300971984863e-01 7.147136330604553223e-02 9.839235544204711914e-01
1.413393225755760431e+09 -1.023835301399230957e+00 -5.808162093162536621e-01 7.617778778076171875e-01 -2.717074006795883179e-02 2.550778090953826904e-01 7.497261464595794678e-02 9.636265635490417480e-01
1.413393226055760384e+09 -9.162456989288330078e-01 -5.588446855545043945e-01 9.988935589790344238e-01 -3.752593323588371277e-02 3.620361685752868652e-01 1.159689724445343018e-01 9.241606593132019043e-01
1.413393227255760431e+09 -7.242789268493652344e-01 -6.181253194808959961e-01 1.373648285865783691e+00 -2.179874666035175323e-02 3.778010010719299316e-01 1.245992183685302734e-01 9.172056913375854492e-01
1.413393227955760479e+09 -6.039663553237915039e-01 -6.445243954658508301e-01 1.487089037895202637e+00 -1.838959567248821259e-02 4.549461901187896729e-01 1.505996584892272949e-01 8.774995207786560059e-01
1.413393228355760574e+09 -3.903652429580688477e-01 -6.721687912940979004e-01 1.600265860557556152e+00 -2.442369796335697174e-02 5.481835007667541504e-01 1.703511476516723633e-01 8.184612393379211426e-01
1.413393229255760431e+09 -5.304861068725585938e-02 -6.514882445335388184e-01 1.790270805358886719e+00 -2.428462170064449310e-02 5.546910762786865234e-01 1.644517928361892700e-01 8.152813911437988281e-01
1.413393229855760574e+09 4.402785301208496094e-01 -6.751124858856201172e-01 2.051785469055175781e+00 -3.217449784278869629e-02 5.431179404258728027e-01 1.638257205486297607e-01 8.228906393051147461e-01
1.413393230655760527e+09 7.150687575340270996e-01 -7.103286981582641602e-01 2.172870159149169922e+00 -1.971189863979816437e-02 5.854314565658569336e-01 1.989844292402267456e-01 7.856759428977966309e-01
1.413393230955760479e+09 1.021703004837036133e+00 -7.701790332794189453e-01 2.257924556732177734e+00 -4.118038713932037354e-02 6.475035548210144043e-01 1.861597299575805664e-01 7.378265261650085449e-01
1.413393231555760384e+09 1.455582857131958008e+00 -7.686016559600830078e-01 2.449218750000000000e+00 1.279706414788961411e-02 6.639694571495056152e-01 2.014691084623336792e-01 7.199937701225280762e-01
1.413393232055760384e+09 1.728687286376953125e+00 -7.411645054817199707e-01 2.477863311767578125e+00 -2.900363644585013390e-03 7.239585518836975098e-01 2.340003550052642822e-01 6.489371657371520996e-01
1.413393232455760479e+09 2.036133289337158203e+00 -5.830345749855041504e-01 2.375200986862182617e+00 -1.225582603365182877e-02 7.670257091522216797e-01 2.483219206333160400e-01 5.914876461029052734e-01
1.413393233255760431e+09 2.314942121505737305e+00 -5.510631799697875977e-01 2.188486099243164062e+00 -1.256699953228235245e-02 7.879949212074279785e-01 2.247306555509567261e-01 5.730637907981872559e-01
1.413393233555760384e+09 2.473731517791748047e+00 -6.176216602325439453e-01 2.059293746948242188e+00 -2.295842953026294708e-02 8.200204968452453613e-01 2.350402325391769409e-01 5.213400125503540039e-01
1.413393233855760574e+09 2.575191259384155273e+00 -6.890978217124938965e-01 1.979034662246704102e+00 -1.244473736733198166e-02 8.409040570259094238e-01 2.299108356237411499e-01 4.897616505622863770e-01
1.413393234055760384e+09 2.702240705490112305e+00 -7.901276350021362305e-01 1.877622127532958984e+00 1.001643482595682144e-02 8.608622550964355469e-01 2.507742345333099365e-01 4.426377415657043457e-01
1.413393234355760574e+09 2.765504360198974609e+00 -8.330764770507812500e-01 1.789497852325439453e+00 7.138568907976150513e-02 8.847503066062927246e-01 2.378380149602890015e-01 3.944036364555358887e-01
1.413393234655760527e+09 2.730901718139648438e+00 -8.596691489219665527e-01 1.723649978637695312e+00 3.845015307888388634e-03 9.073352813720703125e-01 2.294336557388305664e-01 3.522615432739257812e-01
1.413393234855760574e+09 2.642878055572509766e+00 -9.038780331611633301e-01 1.660584211349487305e+00 -7.704043760895729065e-03 9.192488193511962891e-01 2.696256637573242188e-01 2.867477834224700928e-01
1.413393235155760527e+09 2.556133985519409180e+00 -8.297495841979980469e-01 1.640909552574157715e+00 -2.029017917811870575e-02 9.331804513931274414e-01 2.861802279949188232e-01 2.164797633886337280e-01
1.413393235455760479e+09 2.614643096923828125e+00 -7.471065521240234375e-01 1.556977987289428711e+00 -5.540917627513408661e-03 9.544947743415832520e-01 2.830437421798706055e-01 9.378293901681900024e-02
1.413393236555760384e+09 2.684737682342529297e+00 -7.606517076492309570e-01 1.461843967437744141e+00 1.198621094226837158e-02 9.549501538276672363e-01 2.954710423946380615e-01 -2.496969141066074371e-02
1.413393237255760431e+09 2.844809055328369141e+00 -7.232460379600524902e-01 1.097373723983764648e+00 2.499729394912719727e-03 9.526988267898559570e-01 3.031353354454040527e-01 -2.162586338818073273e-02
1.413393238855760574e+09 2.893165111541748047e+00 -6.147711873054504395e-01 5.366179943084716797e-01 1.622221991419792175e-02 9.544895887374877930e-01 2.961626052856445312e-01 -3.121261298656463623e-02
1.413393240155760527e+09 2.912689447402954102e+00 -5.030367374420166016e-01 9.947383403778076172e-02 9.886058047413825989e-03 9.568656086921691895e-01 2.891190052032470703e-01 -2.684564515948295593e-02
1.413393240855760574e+09 2.897654771804809570e+00 -3.321069478988647461e-01 -2.663500308990478516e-01 2.279196679592132568e-02 9.585388302803039551e-01 2.802943885326385498e-01 -4.603238031268119812e-02
1.413393241655760527e+09 2.820193529129028320e+00 -1.457845568656921387e-01 -6.260764598846435547e-01 -7.116461638361215591e-03 9.530871510505676270e-01 3.018828332424163818e-01 2.100199460983276367e-02
1.413393243355760574e+09 2.755357265472412109e+00 -1.092808842658996582e-01 -6.521432399749755859e-01 -1.514860987663269043e-02 9.529929757118225098e-01 2.710298001766204834e-01 1.346024870872497559e-01
1.413393244655760527e+09 2.761651515960693359e+00 -1.270375847816467285e-01 -4.039176702499389648e-01 -1.715147867798805237e-02 9.451501369476318359e-01 2.852470576763153076e-01 1.582128107547760010e-01
1.413393246055760384e+09 2.786257743835449219e+00 -4.432588815689086914e-02 -2.420513629913330078e-01 -9.949750266969203949e-03 9.446029663085937500e-01 2.772531211376190186e-01 1.753767728805541992e-01
1.413393246855760574e+09 2.807841777801513672e+00 2.248233556747436523e-02 -1.102278232574462891e-01 -1.414350606501102448e-02 9.361977577209472656e-01 2.779753804206848145e-01 2.146242856979370117e-01
1.413393247455760479e+09 2.858636617660522461e+00 1.231232285499572754e-01 -3.961205482482910156e-02 1.172169018536806107e-02 9.202300906181335449e-01 3.164272904396057129e-01 2.300283163785934448e-01
1.413393248055760384e+09 2.822559833526611328e+00 2.260776162147521973e-01 -1.647231578826904297e-01 -1.158887753263115883e-03 9.343190193176269531e-01 2.637639939785003662e-01 2.397398054599761963e-01
1.413393248555760384e+09 2.696744441986083984e+00 1.664950847625732422e-01 -2.254931926727294922e-01 -6.495259702205657959e-03 9.395035505294799805e-01 2.613266110420227051e-01 2.213580757379531860e-01
1.413393249055760384e+09 2.566188812255859375e+00 1.592953205108642578e-01 -2.137503623962402344e-01 -1.876376569271087646e-02 9.353043437004089355e-01 2.921598851680755615e-01 1.987370252609252930e-01
1.413393250255760431e+09 2.705202579498291016e+00 3.002111911773681641e-01 -1.619160175323486328e-01 4.592585843056440353e-03 9.438300728797912598e-01 2.651590108871459961e-01 1.971155405044555664e-01
1.413393250855760574e+09 2.807388305664062500e+00 2.928986549377441406e-01 -1.329790353775024414e-01 2.849410288035869598e-03 9.579829573631286621e-01 2.742769718170166016e-01 8.386107534170150757e-02
1.413393251555760384e+09 2.794964790344238281e+00 2.319071143865585327e-01 -1.248994171619415283e-01 4.448827821761369705e-03 9.646884799003601074e-01 2.606166005134582520e-01 -3.788555413484573364e-02
1.413393251955760479e+09 2.778233289718627930e+00 1.454842984676361084e-01 -6.105315685272216797e-02 3.787804162129759789e-04 9.457117319107055664e-01 2.930696904659271240e-01 -1.404971480369567871e-01
1.413393252455760479e+09 2.759511947631835938e+00 9.309470653533935547e-02 1.640558242797851562e-03 4.073935095220804214e-03 9.278522729873657227e-01 2.862670421600341797e-01 -2.390080392360687256e-01
1.413393253055760384e+09 2.715073108673095703e+00 2.864128351211547852e-02 -2.369337081909179688e-01 1.165076158940792084e-02 9.119412302970886230e-01 2.772389948368072510e-01 -3.022682666778564453e-01
1.413393254355760574e+09 2.666711807250976562e+00 -4.258775711059570312e-02 -4.333002567291259766e-01 8.698545861989259720e-04 8.854013085365295410e-01 2.917943000793457031e-01 -3.618284463882446289e-01
1.413393254855760574e+09 2.644997119903564453e+00 -8.778220415115356445e-02 -6.761455535888671875e-01 1.405493821948766708e-02 8.972918987274169922e-01 2.580263316631317139e-01 -3.578997552394866943e-01
1.413393256055760384e+09 2.356866836547851562e+00 -5.324289202690124512e-02 -1.080809593200683594e+00 9.386728517711162567e-03 8.844448328018188477e-01 2.844196557998657227e-01 -3.698308169841766357e-01
1.413393257255760431e+09 1.983658790588378906e+00 1.986485868692398071e-01 -1.501491069793701172e+00 1.188566908240318298e-02 8.876165151596069336e-01 2.745892405509948730e-01 -3.695895969867706299e-01
1.413393258255760431e+09 1.766756296157836914e+00 3.240858912467956543e-01 -1.813578605651855469e+00 1.492505427449941635e-03 9.169764518737792969e-01 2.489613592624664307e-01 -3.117213547229766846e-01
1.413393258655760527e+09 1.736510276794433594e+00 3.587384223937988281e-01 -1.917943000793457031e+00 9.392892941832542419e-03 9.367709159851074219e-01 2.719287574291229248e-01 -2.200607657432556152e-01
1.413393258955760479e+09 1.706906557083129883e+00 3.867836594581604004e-01 -2.035051822662353516e+00 3.399623092263936996e-03 9.526343345642089844e-01 2.908208668231964111e-01 -8.887909352779388428e-02
1.413393259355760574e+09 1.670757532119750977e+00 4.030889868736267090e-01 -2.170911312103271484e+00 -1.008577994070947170e-03 9.549518227577209473e-01 2.931534349918365479e-01 4.612058401107788086e-02
1.413393259755760431e+09 1.633516192436218262e+00 4.095987081527709961e-01 -2.289995908737182617e+00 -5.180485080927610397e-03 9.461768865585327148e-01 2.874398827552795410e-01 1.486638337373733521e-01
1.413393260055760384e+09 1.569104194641113281e+00 4.332041740417480469e-01 -2.503922462463378906e+00 -1.932374574244022369e-02 9.309247136116027832e-01 2.339852601289749146e-01 2.797440886497497559e-01
1.413393260655760527e+09 1.649997353553771973e+00 4.429370164871215820e-01 -2.382911205291748047e+00 -2.857529791072010994e-03 8.904893398284912109e-01 2.822811603546142578e-01 3.568445742130279541e-01
1.413393261755760431e+09 1.744172811508178711e+00 4.271234869956970215e-01 -2.400619029998779297e+00 -7.474048528820276260e-03 8.569200634956359863e-01 2.587024569511413574e-01 4.457637071609497070e-01
1.413393262355760574e+09 2.021743774414062500e+00 5.389808416366577148e-01 -2.620755195617675781e+00 -7.297005504369735718e-03 8.429703116416931152e-01 2.590481638908386230e-01 4.714254438877105713e-01
1.413393263655760527e+09 2.181896448135375977e+00 7.191290259361267090e-01 -2.767822742462158203e+00 -6.789699662476778030e-03 8.437646031379699707e-01 2.149688452482223511e-01 4.917353391647338867e-01
1.413393264155760527e+09 2.298081398010253906e+00 8.994959592819213867e-01 -2.811673164367675781e+00 -2.367605082690715790e-02 8.214318156242370605e-01 2.460984587669372559e-01 5.139305591583251953e-01
1.413393265255760431e+09 2.408003568649291992e+00 9.196120500564575195e-01 -2.792038440704345703e+00 -2.671009488403797150e-02 7.791944146156311035e-01 2.234081327915191650e-01 5.850055813789367676e-01
1.413393266155760527e+09 2.408536195755004883e+00 8.535019755363464355e-01 -2.757922410964965820e+00 -2.718463167548179626e-02 7.084244489669799805e-01 2.036738395690917969e-01 6.752130985260009766e-01
1.413393266455760479e+09 2.401712417602539062e+00 7.972631454467773438e-01 -2.733242988586425781e+00 -2.531080879271030426e-02 6.333392262458801270e-01 1.813766956329345703e-01 7.518931031227111816e-01
1.413393266655760527e+09 2.391984939575195312e+00 7.620460391044616699e-01 -2.714370012283325195e+00 -1.080690138041973114e-02 5.598503947257995605e-01 1.569223105907440186e-01 8.135269880294799805e-01
1.413393266855760574e+09 2.331857442855834961e+00 6.466494202613830566e-01 -2.788294076919555664e+00 -2.039887756109237671e-02 4.998190402984619141e-01 1.511934995651245117e-01 8.525874614715576172e-01
1.413393267755760431e+09 2.285718441009521484e+00 7.793163657188415527e-01 -2.859804153442382812e+00 -2.706393413245677948e-02 5.124813914299011230e-01 1.510152965784072876e-01 8.448815345764160156e-01
1.413393269355760574e+09 2.201158523559570312e+00 8.841663002967834473e-01 -2.800451993942260742e+00 -3.125521168112754822e-02 4.690025150775909424e-01 1.325612664222717285e-01 8.726323246955871582e-01
1.413393270255760431e+09 2.184756278991699219e+00 1.050394773483276367e+00 -2.773905277252197266e+00 -3.965924307703971863e-02 4.878084063529968262e-01 1.447383910417556763e-01 8.599539995193481445e-01
1.413393270855760574e+09 2.268115997314453125e+00 1.006995320320129395e+00 -2.678277730941772461e+00 -2.842997759580612183e-02 5.643948912620544434e-01 1.326603740453720093e-01 8.142797350883483887e-01
1.413393271855760574e+09 2.217451095581054688e+00 8.979355096817016602e-01 -2.456891536712646484e+00 -1.810828223824501038e-02 6.398437023162841797e-01 1.791486591100692749e-01 7.471130490303039551e-01
1.413393272655760527e+09 2.168063879013061523e+00 7.990561723709106445e-01 -2.336172580718994141e+00 -3.491096943616867065e-02 7.125660777091979980e-01 1.866032630205154419e-01 6.754332780838012695e-01
1.413393273055760384e+09 2.124041795730590820e+00 7.061698436737060547e-01 -2.214460134506225586e+00 -3.027537651360034943e-02 7.687787413597106934e-01 2.240612804889678955e-01 5.982134342193603516e-01
1.413393273455760479e+09 2.106489181518554688e+00 6.107258200645446777e-01 -2.104850292205810547e+00 -2.208288945257663727e-02 8.296794295310974121e-01 2.361651510000228882e-01 5.053420066833496094e-01
1.413393273855760574e+09 2.095735788345336914e+00 5.088649988174438477e-01 -2.001495361328125000e+00 -1.069508399814367294e-02 8.700718283653259277e-01 2.589082717895507812e-01 4.193175733089447021e-01
1.413393274255760431e+09 2.051525831222534180e+00 3.849066495895385742e-01 -1.913687229156494141e+00 1.051558414474129677e-03 9.156981110572814941e-01 2.770512998104095459e-01 2.910988032817840576e-01
1.413393274855760574e+09 1.984427928924560547e+00 4.016088247299194336e-01 -1.847099781036376953e+00 -2.886866685003042221e-03 9.513250589370727539e-01 2.635187804698944092e-01 1.597816497087478638e-01
1.413393275455760479e+09 1.912616014480590820e+00 3.787789344787597656e-01 -1.781036376953125000e+00 1.078012306243181229e-02 9.596492648124694824e-01 2.736188769340515137e-01 6.395182758569717407e-02
1.413393275755760431e+09 1.777958869934082031e+00 3.070470094680786133e-01 -1.722186565399169922e+00 1.392844831570982933e-03 9.541429281234741211e-01 2.993383407592773438e-01 -2.422750229015946388e-03
1.413393276355760574e+09 1.505620718002319336e+00 3.469819426536560059e-01 -1.893080115318298340e+00 6.639645434916019440e-03 9.616388082504272461e-01 2.742238938808441162e-01 2.829495584592223167e-03
1.413393277955760479e+09 1.396332263946533203e+00 4.314061105251312256e-01 -1.946454644203186035e+00 1.945728994905948639e-02 9.569647908210754395e-01 2.736381590366363525e-01 -9.466759860515594482e-02
1.413393278355760574e+09 1.172783374786376953e+00 4.406656026840209961e-01 -1.962798833847045898e+00 3.697407618165016174e-02 9.437038302421569824e-01 2.912733554840087891e-01 -1.523674577474594116e-01
1.413393278955760479e+09 8.570625782012939453e-01 4.145858287811279297e-01 -2.006664752960205078e+00 -1.389617752283811569e-02 9.458961486816406250e-01 2.898285984992980957e-01 -1.452131569385528564e-01
1.413393279755760431e+09 4.924899339675903320e-01 5.090162158012390137e-01 -2.213671684265136719e+00 9.245698340237140656e-03 9.556140899658203125e-01 2.724405229091644287e-01 -1.117697805166244507e-01
1.413393280955760479e+09 2.461607456207275391e-01 5.395620465278625488e-01 -2.264944076538085938e+00 5.041937530040740967e-02 9.518573284149169922e-01 2.871022224426269531e-01 -9.485731273889541626e-02
1.413393281155760527e+09 -3.111141920089721680e-02 5.491613149642944336e-01 -2.277765989303588867e+00 -7.546347100287675858e-03 9.514191150665283203e-01 2.915188074111938477e-01 -9.880097955465316772e-02
1.413393281555760384e+09 -2.732824087142944336e-01 5.239828824996948242e-01 -2.335423946380615234e+00 -1.303761173039674759e-02 9.532691836357116699e-01 2.801539599895477295e-01 -1.123458966612815857e-01
1.413393281955760479e+09 -4.897934198379516602e-01 4.533502459526062012e-01 -2.409837245941162109e+00 2.232353575527667999e-02 9.496679902076721191e-01 2.860156297683715820e-01 -1.258069872856140137e-01
1.413393282455760479e+09 -7.062532305717468262e-01 4.010254144668579102e-01 -2.468637704849243164e+00 -1.626403070986270905e-02 9.546570181846618652e-01 2.716757357120513916e-01 -1.206557527184486389e-01
1.413393283055760384e+09 -8.253371119499206543e-01 3.966077566146850586e-01 -2.479955673217773438e+00 -1.561040524393320084e-02 9.547773599624633789e-01 2.960779070854187012e-01 -2.223866432905197144e-02
1.413393283455760479e+09 -8.499444723129272461e-01 4.391784071922302246e-01 -2.516133308410644531e+00 -1.637608185410499573e-02 9.509699940681457520e-01 2.862521708011627197e-01 1.159641817212104797e-01
1.413393283855760574e+09 -8.125705718994140625e-01 5.399079322814941406e-01 -2.538202285766601562e+00 -2.350593172013759613e-02 9.320588111877441406e-01 2.771398723125457764e-01 2.321795970201492310e-01
1.413393284255760431e+09 -7.454104423522949219e-01 5.725131034851074219e-01 -2.557589530944824219e+00 -2.421269193291664124e-02 9.089852571487426758e-01 2.608498632907867432e-01 3.242173492908477783e-01
1.413393284555760384e+09 -6.575419902801513672e-01 5.897575020790100098e-01 -2.558453559875488281e+00 -1.338436268270015717e-02 8.691792488098144531e-01 2.601569890975952148e-01 4.203173816204071045e-01
1.413393284855760574e+09 -5.678312778472900391e-01 5.957365036010742188e-01 -2.561423540115356445e+00 -7.415855303406715393e-03 8.165257573127746582e-01 2.561135590076446533e-01 5.173361301422119141e-01
1.413393285155760527e+09 -4.816794395446777344e-01 6.016905903816223145e-01 -2.596473932266235352e+00 -7.185857743024826050e-03 7.605125904083251953e-01 2.376289367675781250e-01 6.042363047599792480e-01
1.413393285455760479e+09 -3.518886566162109375e-01 6.152743697166442871e-01 -2.717200040817260742e+00 -2.618261799216270447e-02 6.675019264221191406e-01 1.775724440813064575e-01 7.226505279541015625e-01
1.413393286055760384e+09 -1.407053470611572266e-01 7.112349271774291992e-01 -2.972890377044677734e+00 -3.664154559373855591e-02 6.552518010139465332e-01 1.775678396224975586e-01 7.333294749259948730e-01
1.413393287255760431e+09 -5.426549911499023438e-02 6.741322278976440430e-01 -3.004862785339355469e+00 -2.829727157950401306e-02 5.743163824081420898e-01 1.654350608587265015e-01 8.012435436248779297e-01
1.413393287555760384e+09 -5.334496498107910156e-03 6.105699539184570312e-01 -2.972288846969604492e+00 -2.358620241284370422e-02 4.681086242198944092e-01 1.453348696231842041e-01 8.713184595108032227e-01
1.413393287955760479e+09 1.937451362609863281e-01 5.836610198020935059e-01 -2.952617168426513672e+00 -2.206243388354778290e-02 3.885362744331359863e-01 1.120398640632629395e-01 9.143303632736206055e-01
1.413393289555760384e+09 5.752392411231994629e-01 6.751248836517333984e-01 -2.953462839126586914e+00 -2.474816516041755676e-02 3.693982660770416260e-01 9.850519895553588867e-02 9.237040877342224121e-01
1.413393290555760384e+09 8.507313132286071777e-01 9.657764434814453125e-01 -2.821773052215576172e+00 -2.120542526245117188e-02 3.549928963184356689e-01 1.053692698478698730e-01 9.286699295043945312e-01
1.413393292155760527e+09 9.625014066696166992e-01 7.997071743011474609e-01 -2.876631975173950195e+00 -1.817507483065128326e-02 2.953577935695648193e-01 5.784124135971069336e-02 9.534609913825988770e-01
1.413393293255760431e+09 7.126865386962890625e-01 7.352527379989624023e-01 -2.936328411102294922e+00 -2.388089150190353394e-02 2.717255055904388428e-01 7.268925756216049194e-02 9.593285322189331055e-01
1.413393294155760527e+09 2.094548046588897705e-01 7.166707515716552734e-01 -3.001128196716308594e+00 -3.489308431744575500e-02 2.787882089614868164e-01 6.366786360740661621e-02 9.576043486595153809e-01
1.413393295055760384e+09 -2.752161622047424316e-01 6.542438268661499023e-01 -2.976564168930053711e+00 -3.370472788810729980e-02 2.775238752365112305e-01 8.886231482028961182e-02 9.560063481330871582e-01
1.413393295955760479e+09 -7.183049917221069336e-01 6.511905193328857422e-01 -2.812420606613159180e+00 -4.439323022961616516e-02 2.850719094276428223e-01 8.266706019639968872e-02 9.539022445678710938e-01
1.413393297155760527e+09 -9.283815622329711914e-01 7.071681618690490723e-01 -2.341259002685546875e+00 -2.005299925804138184e-02 3.395618200302124023e-01 1.178994700312614441e-01 9.329498410224914551e-01
1.413393298555760384e+09 -6.705038547515869141e-01 6.536908149719238281e-01 -1.868783950805664062e+00 -1.077189203351736069e-02 3.474749922752380371e-01 8.148568868637084961e-02 9.340799450874328613e-01
1.413393300255760431e+09 -7.176284790039062500e-01 5.081800222396850586e-01 -1.660298705101013184e+00 -2.152970433235168457e-02 3.037786781787872314e-01 1.100947856903076172e-01 9.461153149604797363e-01
1.413393300555760384e+09 -7.518202662467956543e-01 4.511593282222747803e-01 -1.606831908226013184e+00 -2.191521227359771729e-02 2.050285637378692627e-01 5.265614017844200134e-02 9.770928025245666504e-01
1.413393301155760527e+09 -8.130913376808166504e-01 5.779723525047302246e-01 -1.561964631080627441e+00 -1.259139925241470337e-02 1.065639331936836243e-01 2.079444751143455505e-02 9.940087199211120605e-01
1.413393301655760527e+09 -9.657813906669616699e-01 6.523029208183288574e-01 -1.593228459358215332e+00 -3.050261735916137695e-02 3.470125421881675720e-02 -1.072269398719072342e-02 9.988746643066406250e-01
1.413393302555760384e+09 -1.293673038482666016e+00 5.692793130874633789e-01 -1.610220313072204590e+00 -3.322518616914749146e-02 5.078664422035217285e-02 2.599252387881278992e-02 9.978182911872863770e-01
1.413393303555760384e+09 -1.498368620872497559e+00 3.451357483863830566e-01 -1.598039627075195312e+00 -2.611458115279674530e-02 6.133570149540901184e-02 1.554824318736791611e-02 9.976543784141540527e-01
1.413393304555760384e+09 -1.676311254501342773e+00 3.187450468540191650e-01 -1.437557935714721680e+00 -3.749348223209381104e-02 4.854320734739303589e-02 -9.857669938355684280e-04 9.981166720390319824e-01
1.413393305555760384e+09 -1.901034116744995117e+00 1.655341684818267822e-01 -1.157382965087890625e+00 -3.771777078509330750e-02 9.376055002212524414e-02 -3.895678790286183357e-03 9.948724508285522461e-01
1.413393306155760527e+09 -2.186039447784423828e+00 6.270357873290777206e-03 -9.262795448303222656e-01 -4.223065450787544250e-02 1.183931082487106323e-01 2.813185937702655792e-02 9.916694760322570801e-01
1.413393306655760527e+09 -2.406622171401977539e+00 -3.314879536628723145e-02 -6.790291070938110352e-01 -2.668499387800693512e-02 2.020074278116226196e-01 9.177014231681823730e-02 9.747098088264465332e-01
1.413393307155760527e+09 -2.475829601287841797e+00 -8.224451541900634766e-02 -4.822145104408264160e-01 -3.544737771153450012e-02 3.141528069972991943e-01 9.804891794919967651e-02 9.436301589012145996e-01
1.413393307555760384e+09 -2.465689897537231445e+00 -1.563920825719833374e-01 -3.380335569381713867e-01 -4.477065801620483398e-02 4.178174734115600586e-01 1.261429190635681152e-01 8.986167311668395996e-01
1.413393307955760479e+09 -2.422175884246826172e+00 -2.784678041934967041e-01 -1.192755699157714844e-01 -3.447603061795234680e-02 5.349755287170410156e-01 1.441732645034790039e-01 8.317612409591674805e-01
1.413393308555760384e+09 -2.396632909774780273e+00 -3.381089270114898682e-01 8.242034912109375000e-02 -2.186328917741775513e-02 6.111162304878234863e-01 2.010178267955780029e-01 7.652782797813415527e-01
1.413393308955760479e+09 -2.350402355194091797e+00 -2.781667709350585938e-01 2.581536769866943359e-01 -7.164534647017717361e-03 6.915788650512695312e-01 2.082636505365371704e-01 6.915878057479858398e-01
1.413393309455760479e+09 -2.298969030380249023e+00 -2.518470287322998047e-01 5.192644596099853516e-01 -2.018962986767292023e-02 7.003508210182189941e-01 2.349650561809539795e-01 6.737154722213745117e-01
1.413393310555760384e+09 -1.782667040824890137e+00 -1.131847500801086426e-01 5.626448392868041992e-01 -3.475288674235343933e-02 7.184128165245056152e-01 2.005415409803390503e-01 6.651754975318908691e-01
1.413393312155760527e+09 -1.331102848052978516e+00 -1.225570589303970337e-01 6.013736128807067871e-01 -1.102120615541934967e-02 6.926916837692260742e-01 1.924449056386947632e-01 6.949977278709411621e-01
1.413393313455760479e+09 -1.145969867706298828e+00 -1.027566194534301758e-01 4.052322804927825928e-01 -5.222002789378166199e-02 6.167034506797790527e-01 1.815094202756881714e-01 7.642017006874084473e-01
1.413393315055760384e+09 -9.130638837814331055e-01 -6.481654196977615356e-02 5.099991559982299805e-01 -3.715705126523971558e-02 5.821562409400939941e-01 1.374792903661727905e-01 8.005078434944152832e-01
1.413393315955760479e+09 -7.722817659378051758e-01 -2.852470874786376953e-01 6.850929260253906250e-01 -2.328256517648696899e-02 5.791248679161071777e-01 1.515716165304183960e-01 8.006862401962280273e-01
1.413393316555760384e+09 -7.027087807655334473e-01 -5.372983217239379883e-01 8.695269823074340820e-01 -3.295898064970970154e-02 5.628245472908020020e-01 1.608278155326843262e-01 8.101090192794799805e-01
1.413393317155760527e+09 -6.463969349861145020e-01 -5.728394985198974609e-01 1.138124585151672363e+00 -1.459842640906572342e-02 5.619459152221679688e-01 1.409718990325927734e-01 8.149420022964477539e-01
1.413393317855760574e+09 -7.295585870742797852e-01 -5.190553069114685059e-01 1.487120509147644043e+00 -2.489177696406841278e-02 5.729869008064270020e-01 1.606070846319198608e-01 8.032881617546081543e-01
1.413393318455760479e+09 -8.756556510925292969e-01 -4.137979149818420410e-01 1.792586088180541992e+00 -7.086487952619791031e-03 5.765013694763183594e-01 1.808391213417053223e-01 7.968018054962158203e-01
1.413393319255760431e+09 -1.031097650527954102e+00 -3.937922418117523193e-01 1.886804819107055664e+00 -2.345789223909378052e-02 5.677045583724975586e-01 1.910042911767959595e-01 8.004240989685058594e-01
1.413393319655760527e+09 -1.088217496871948242e+00 -2.685301899909973145e-01 1.920402050018310547e+00 -3.996227309107780457e-02 5.662772059440612793e-01 1.763776540756225586e-01 8.041293025016784668e-01
1.413393320155760527e+09 -1.063046932220458984e+00 -1.303455084562301636e-01 1.971027970314025879e+00 -2.217146381735801697e-02 5.747771263122558594e-01 1.556254625320434570e-01 8.030693531036376953e-01
1.413393320555760384e+09 -1.058630943298339844e+00 -9.121567010879516602e-02 2.036868810653686523e+00 -3.882128745317459106e-02 5.785250067710876465e-01 1.665697842836380005e-01 7.975314259529113770e-01
1.413393320855760574e+09 -1.058123350143432617e+00 -5.556261539459228516e-02 2.059158086776733398e+00 -2.057418972253799438e-02 5.839836597442626953e-01 1.559342890977859497e-01 7.963820695877075195e-01
1.413393320955760479e+09 -1.066324949264526367e+00 -8.019459992647171021e-02 2.040808677673339844e+00 -3.898752853274345398e-02 5.855871438980102539e-01 1.552636325359344482e-01 7.946451902389526367e-01
1.413393321055760384e+09 -1.078844666481018066e+00 -4.979960992932319641e-02 2.035409450531005859e+00 -1.123836264014244080e-02 5.830708742141723633e-01 1.554592847824096680e-01 7.973296642303466797e-01
1.413393321255760431e+09 -1.080930113792419434e+00 -5.017738416790962219e-02 2.031989097595214844e+00 -1.976678706705570221e-02 5.883104801177978516e-01 1.604418754577636719e-01 7.923121452331542969e-01
