1.413393218055760384e+18 -8.636411019783917231e-01 3.190645406303169729e-01 1.571497816037823236e+00 -5.609473953673129731e-01 -5.735974969913666399e-01 4.211387572028204018e-01 4.230438254572810863e-01
1.413393219055760384e+18 -5.636435263031145393e-01 6.238543003234053863e-02 1.583374532147981073e+00 -5.843133622958552875e-01 -5.817800041747701600e-01 4.082219140023509718e-01 3.917458236065498034e-01
1.413393219555760384e+18 -5.091903523952795441e-01 -2.664273740693778869e-02 1.629054064335637708e+00 -5.776317286247464322e-01 -5.790315507771808257e-01 4.185371498994613360e-01 3.948299677640947358e-01
1.413393219955760384e+18 -5.276256609082589089e-01 -6.246308401014105671e-02 1.696108715180178805e+00 -5.641216495551832910e-01 -5.756225773780657695e-01 4.247752180926850363e-01 4.123001661533549078e-01
1.413393222055760384e+18 -5.775813075162387067e-01 -1.608418162352880931e-01 2.094010104644865589e+00 -5.637859542048675454e-01 -5.761367362403102543e-01 4.203691059011688269e-01 4.165353211907991127e-01
1.413393222555760384e+18 -6.299594329879367738e-01 -1.813952192792974150e-01 2.008538934512900553e+00 -5.702791776431554993e-01 -5.878382865578484218e-01 4.121144103610662190e-01 3.992361721789864371e-01
1.413393223255760384e+18 -8.453115685661301004e-01 -2.231798770289157852e-01 2.104643698772959759e+00 -5.625850915183069345e-01 -5.964274135019071998e-01 4.136253232100186028e-01 3.958363894643480152e-01
1.413393224255760384e+18 -1.336197862570484229e+00 -3.707083291043303253e-01 1.981796255807026119e+00 -5.617547103368381034e-01 -5.767272126892781792e-01 4.169383478170353707e-01 4.218765005041544836e-01
1.413393224755760384e+18 -1.533869763333993053e+00 -5.038243574374838829e-01 1.790455114622165222e+00 -5.977528806309146958e-01 -5.381483342491849564e-01 4.108951053352354887e-01 4.292471041880384641e-01
1.413393224955760384e+18 -1.801083929118101556e+00 -6.082340381292432596e-01 1.692511995711659667e+00 -6.687737381804156334e-01 -4.676563452105025886e-01 3.593660285270562360e-01 4.526536064644128832e-01
1.413393225755760384e+18 -1.891715298889846686e+00 -5.666904482679255839e-01 1.702098224750223210e+00 -6.998813588809050801e-01 -4.133440913423831464e-01 3.016684515707295788e-01 4.983060214068012472e-01
1.413393226055760384e+18 -2.119153514321994169e+00 -4.698224044514202613e-01 1.617419083742887898e+00 -7.531180829788305386e-01 -3.282449489072357118e-01 2.362099415857930595e-01 5.189154749120648003e-01
1.413393227255760384e+18 -2.504067141141199215e+00 -2.944314977126307742e-01 1.573990174160464273e+00 -7.546257570107661738e-01 -3.059779811729284038e-01 2.369642548402047244e-01 5.298729883861734713e-01
1.413393227955760384e+18 -2.625387330415021481e+00 -1.791632080857304965e-01 1.568035060222958244e+00 -7.802455345396550612e-01 -2.353486606917581658e-01 1.894818459492461638e-01 5.476536713993520600e-01
1.413393229255760384e+18 -2.942606546627393627e+00 3.577806806853391919e-01 1.487156942980670138e+00 -8.003842818192187236e-01 -1.533243511437224205e-01 1.091693129965977116e-01 5.691737044724930472e-01
1.413393230955760384e+18 -3.469484831555851745e+00 1.411203259974159963e+00 1.463100511532092973e+00 -8.180821632351671369e-01 -6.603682971848071070e-02 2.294274541487631436e-02 5.708365280446143775e-01
1.413393231555760384e+18 -3.671679956370004660e+00 1.836155639223440383e+00 1.404960253565497252e+00 -8.017640695021178709e-01 -1.663938635828902599e-02 4.306144377017921687e-02 5.958550324847901036e-01
1.413393232055760384e+18 -3.703547674786966226e+00 2.107603234513574009e+00 1.366750451778986353e+00 -8.141230947480643243e-01 5.985181230471389724e-02 -1.699125156745561957e-02 5.773496726697325832e-01
1.413393232455760384e+18 -3.576098760044885250e+00 2.418642022881325904e+00 1.236062583666785120e+00 -8.134935497116356773e-01 1.142863163786816683e-01 -6.562700410193496314e-02 5.664450359909239952e-01
1.413393233255760384e+18 -3.399322594591001057e+00 2.705327167675139144e+00 1.249508747990193180e+00 -7.992873068820802729e-01 1.203307972529451125e-01 -9.538550165156806093e-02 5.810007800032120917e-01
1.413393233555760384e+18 -3.298730297063843686e+00 2.869969181683566184e+00 1.344949643107094861e+00 -7.950770890882158382e-01 1.642284615632729483e-01 -1.376395086723846417e-01 5.673947483648350554e-01
1.413393234055760384e+18 -3.178092307885836298e+00 3.107031451482773043e+00 1.555252503999379865e+00 -7.648890543476307702e-01 2.493810783392905461e-01 -1.697583101365647829e-01 5.691536949235220799e-01
1.413393235455760384e+18 -2.853966777822215306e+00 3.033572174160701351e+00 1.598648294202412279e+00 -6.383402261367077113e-01 4.980573316882555557e-01 -3.715332315815146336e-01 4.543387589430477602e-01
1.413393236555760384e+18 -2.768679573601466437e+00 3.107875494554244611e+00 1.635422106230336903e+00 -5.726599111668294606e-01 5.805370334770703078e-01 -4.092437647228334141e-01 4.093371714607949574e-01
1.413393237255760384e+18 -2.414094674615169911e+00 3.283807396769609976e+00 1.691796764824706090e+00 -5.818276031544706850e-01 5.777292638539744951e-01 -4.087304110793292811e-01 4.008054253040881920e-01
1.413393246055760384e+18 -9.426534060637575818e-01 3.281933921727132386e+00 1.386383155436367254e+00 -6.776111239326454427e-01 4.422998310288883128e-01 -3.348328095315191155e-01 4.828053581473425449e-01
1.413393247455760384e+18 -1.097204508579221027e+00 3.344560010922264404e+00 1.170857028907817954e+00 -7.103247428990306922e-01 4.322806012518148333e-01 -2.684829348541091232e-01 4.863015063712218256e-01
1.413393248055760384e+18 -9.481633400193860695e-01 3.313643255979335400e+00 1.104639110340785324e+00 -6.972987608290445172e-01 3.977871415781286668e-01 -3.012361484928689492e-01 5.145839202526277800e-01
1.413393248555760384e+18 -8.998541987013627397e-01 3.190897753718868302e+00 1.179954158445860157e+00 -6.902652277279152093e-01 4.067055218642876557e-01 -3.163026487342706083e-01 5.080129607387112722e-01
1.413393249055760384e+18 -9.076070377348068874e-01 3.059980690656547431e+00 1.185880304621566905e+00 -6.985701718545045402e-01 4.294571617127915242e-01 -3.181548387320987104e-01 4.757559877081037891e-01
1.413393250255760384e+18 -9.266190609381412813e-01 3.195969682628033937e+00 1.034175174739959013e+00 -6.763439757497105020e-01 4.293497974346893731e-01 -3.215242569945403472e-01 5.048165311021169943e-01
1.413393251555760384e+18 -9.838964785258622614e-01 3.284284008480331085e+00 1.089064220905069602e+00 -5.531152580665841256e-01 5.693375652708879686e-01 -4.391581163570105195e-01 4.207830758278131023e-01
1.413393251955760384e+18 -1.067331816078796125e+00 3.265095139330538299e+00 1.156112881802908943e+00 -5.081509988846428794e-01 6.360343773168752879e-01 -4.629371647535631129e-01 3.506166206750709891e-01
1.413393252455760384e+18 -1.140688833894438092e+00 3.243827983477368448e+00 1.190639913588946719e+00 -4.403523812080500366e-01 6.825946852612914117e-01 -4.974385624451145849e-01 3.044817771394153216e-01
1.413393253055760384e+18 -9.255699484642241348e-01 3.210289385414452745e+00 1.315722935310656760e+00 -3.900247760508832595e-01 7.103736686078878648e-01 -5.161133085535321019e-01 2.772669791896544833e-01
1.413393256055760384e+18 -1.181296606110957548e-01 2.890231089156589217e+00 1.620265427325735308e+00 -3.455163340698714780e-01 7.403818878094999834e-01 -5.291455762319106082e-01 2.290372944495215057e-01
1.413393257255760384e+18 3.689222346717574430e-01 2.535016054478945513e+00 1.492557957308530359e+00 -3.404142638108188512e-01 7.372366839334862920e-01 -5.334620399842592287e-01 2.366821766688978479e-01
1.413393258255760384e+18 7.117080193757696627e-01 2.331657830766391992e+00 1.456182442040106162e+00 -3.751489661458138336e-01 6.977185567154239321e-01 -5.406474197148273264e-01 2.831120562080891578e-01
1.413393258955760384e+18 9.441679447899659072e-01 2.281435773567912051e+00 1.454307527067490113e+00 -5.372214454069570433e-01 6.096055024469398953e-01 -4.431089135329850937e-01 3.787198710510072397e-01
1.413393259755760384e+18 1.199062927078161866e+00 2.219337896758112105e+00 1.499865850066576023e+00 -6.673551466247102937e-01 4.659192469046551377e-01 -3.405807980418333880e-01 4.707027550827574958e-01
1.413393260055760384e+18 1.414230897844841017e+00 2.164385811782488123e+00 1.533832106585962141e+00 -7.085137442231222993e-01 3.490689636392447226e-01 -3.043813175154613804e-01 5.324576475348133942e-01
1.413393261755760384e+18 1.305704668053475181e+00 2.334721096322934564e+00 1.510050962512049288e+00 -7.766700845415879240e-01 2.425927866885994044e-01 -1.728564284058772549e-01 5.550252019355392807e-01
1.413393265255760384e+18 1.784034741798839585e+00 3.013214604671034635e+00 1.126290212005266023e+00 -8.071264337762183994e-01 1.028653322387792779e-01 -9.383585012510213541e-02 5.737250879597199926e-01
1.413393266455760384e+18 1.695656804926515937e+00 3.004829310616402793e+00 1.229172500802906853e+00 -8.102515787603151720e-01 -7.556126317565640960e-02 4.405685296310618559e-02 5.795186522716102573e-01
1.413393267755760384e+18 1.817874757843638722e+00 2.894642081112956955e+00 1.281287416108068289e+00 -7.915514198715427607e-01 -1.964236896203451210e-01 1.384465546868217656e-01 5.618688773643046863e-01
1.413393270255760384e+18 1.810006956256624555e+00 2.788840421681287651e+00 9.987992131582044131e-01 -7.906218531434769936e-01 -2.243353383088824982e-01 1.489788688124383254e-01 5.499054809375694131e-01
1.413393273055760384e+18 1.183145156490540417e+00 2.704789966889591390e+00 1.186244468007354280e+00 -8.116711619007133116e-01 8.978546955628723125e-02 -8.398340530584835761e-02 5.710300185003736040e-01
1.413393273455760384e+18 1.053253659528210484e+00 2.682787333908156047e+00 1.250088470045712441e+00 -7.907870957978658799e-01 1.783741229880166368e-01 -1.491017736749046807e-01 5.662217785062936271e-01
1.413393274255760384e+18 8.122403888798742644e-01 2.620334148414424025e+00 1.419117424066191457e+00 -7.240960263504391259e-01 3.691015808251367214e-01 -2.613912060486390798e-01 5.206953092321144894e-01
1.413393275455760384e+18 6.885092480616564758e-01 2.475700829840691952e+00 1.392630774217429090e+00 -6.119640977302835960e-01 5.192183353482000552e-01 -3.822276461318782070e-01 4.580548983035628852e-01
1.413393275755760384e+18 6.186516086303650575e-01 2.338864159301118129e+00 1.448639271535473005e+00 -5.913835444617628889e-01 5.648007299213755328e-01 -4.032317647760372825e-01 4.106942691293926639e-01
1.413393277955760384e+18 8.833388709957054052e-01 1.967052597638162315e+00 1.392988221778675317e+00 -5.194645810442928280e-01 6.123201768301047565e-01 -4.460748686082281478e-01 3.952692268358088956e-01
1.413393278955760384e+18 9.595348570410348055e-01 1.431061017295702342e+00 1.433326423905457059e+00 -5.097223868611127084e-01 6.306805754634650096e-01 -4.746106085401741170e-01 3.423008476863713123e-01
1.413393279755760384e+18 1.199050591420365963e+00 1.075644913890531740e+00 1.401802037319487271e+00 -5.129790902000347375e-01 6.163138121934393920e-01 -4.592219396769707807e-01 3.822629305026257751e-01
1.413393280955760384e+18 1.266758432763837483e+00 8.317089717118738568e-01 1.389518741759557141e+00 -5.118749782947477067e-01 6.314655298630941216e-01 -4.200897630771859848e-01 4.034351027714698223e-01
1.413393281555760384e+18 1.352354926809299585e+00 3.159748266897367541e-01 1.431025908077726339e+00 -5.252941423417235578e-01 6.100572653483001817e-01 -4.676635341926684286e-01 3.649479631449520922e-01
1.413393281955760384e+18 1.414724779492593676e+00 1.032753076975388984e-01 1.521977777391231967e+00 -5.048709152760685326e-01 6.351358830189051119e-01 -4.490511345839496293e-01 3.742470407885249428e-01
1.413393282455760384e+18 1.466813927778355620e+00 -1.101421192713867292e-01 1.591187271808909065e+00 -5.178275892283499271e-01 6.092515517304520900e-01 -4.774811552035744255e-01 3.642511235033482619e-01
1.413393283055760384e+18 1.481548736267807254e+00 -2.285869683882408299e-01 1.600258437635071251e+00 -5.859298150809371108e-01 5.670169556575598291e-01 -4.234069774972363254e-01 3.948475087963793095e-01
1.413393283455760384e+18 1.528579168646911901e+00 -2.517413901753052796e-01 1.568975615755963560e+00 -6.553827769518920654e-01 4.809263098233710343e-01 -3.645926518180463982e-01 4.541536066517432024e-01
1.413393284255760384e+18 1.598999966136553486e+00 -1.460260814366969861e-01 1.449437722929667105e+00 -7.407241178858349206e-01 3.272862448187973117e-01 -2.641435916284907703e-01 5.238698866476894089e-01
1.413393284555760384e+18 1.600665432434636326e+00 -5.827835407038794990e-02 1.431646060206052784e+00 -7.713211475705428199e-01 2.603792844829545539e-01 -1.936715739068494146e-01 5.475012666497214298e-01
1.413393285455760384e+18 1.747662334861842748e+00 2.540102189205234451e-01 1.443615771205900344e+00 -8.074148922867255829e-01 -4.716721295705510186e-02 1.012889548946193166e-02 5.880083768209788397e-01
1.413393286055760384e+18 2.010487216451595227e+00 4.759320103935110735e-01 1.414321284529186373e+00 -8.122441605503066819e-01 -6.298842700600985889e-02 1.567403120044348619e-02 5.796949253367356114e-01
1.413393287255760384e+18 2.028027894934414821e+00 5.638592230043018017e-01 1.457121078685506443e+00 -8.035488740761593807e-01 -1.383898199061942835e-01 9.022096021268063981e-02 5.718545646014981942e-01
1.413393287555760384e+18 1.977977843975747385e+00 6.115603652299794746e-01 1.509227321889323958e+00 -7.818242776053718757e-01 -2.315604948218153714e-01 1.743123187989462086e-01 5.520378172731005284e-01
1.413393287955760384e+18 1.943668930871484957e+00 8.096810297395089506e-01 1.526971803493020863e+00 -7.507473595006290967e-01 -3.069314594192592560e-01 2.243745037777629403e-01 5.402106658296182973e-01
1.413393289555760384e+18 1.952429237981913035e+00 1.190453005909527961e+00 1.432950184825988016e+00 -7.408583621854358814e-01 -3.289142391258725873e-01 2.319446323017664846e-01 5.377229751708217931e-01
1.413393290555760384e+18 1.889788991784707051e+00 1.458617778795902487e+00 1.113763303610303179e+00 -7.396565602712725784e-01 -3.323760976995577265e-01 2.469866682692522797e-01 5.305015440344523769e-01
1.413393293255760384e+18 1.945860093974929761e+00 1.326753137747640698e+00 1.368298599306410068e+00 -7.022105883307542262e-01 -4.037686505585666996e-01 2.914821976958648087e-01 5.088313029764176543e-01
1.413393295055760384e+18 2.004770724129152359e+00 3.419550092109703843e-01 1.472391298493021861e+00 -7.162468474597772916e-01 -3.948717030688883578e-01 2.879415241522484958e-01 4.981530590975893902e-01
1.413393295955760384e+18 1.864171288511304203e+00 -1.079654246659371708e-01 1.439474061914008285e+00 -7.193489716238994358e-01 -3.986918116299780768e-01 2.741668409879136625e-01 4.984119176600338430e-01
1.413393298555760384e+18 9.527590499719251760e-01 -1.021009082463907869e-01 1.190406446103938309e+00 -7.213663049531446880e-01 -3.471717654637808126e-01 2.495400661987362267e-01 5.448230673388733125e-01
1.413393300255760384e+18 7.156753487193814323e-01 -1.578259903479823922e-01 1.277275615054613844e+00 -7.294374810854015179e-01 -3.611698611943695014e-01 2.848181701096793028e-01 5.063160105388708754e-01
1.413393300555760384e+18 6.506541665928640139e-01 -1.941194581752194170e-01 1.318918937413741332e+00 -6.702492684096166276e-01 -4.518662910961249168e-01 3.290116949807688207e-01 4.881947129304938238e-01
1.413393302555760384e+18 7.073810418028113611e-01 -7.357746429561140555e-01 1.214229103520751529e+00 -6.028852283913176402e-01 -5.476514177371432091e-01 4.059371133953274535e-01 4.145146390735975905e-01
1.413393303555760384e+18 6.456730033387449996e-01 -9.398749460310765746e-01 1.430618041389126072e+00 -5.985580960445106014e-01 -5.457901385024463980e-01 3.997335121794092228e-01 4.290156752541390839e-01
1.413393304555760384e+18 4.914416975262632103e-01 -1.124653130056725292e+00 1.417047843615393043e+00 -5.884641202637270752e-01 -5.655643428911595327e-01 3.936450303428362107e-01 4.229545404635308148e-01
1.413393305555760384e+18 1.906245036158074058e-01 -1.360949494897212286e+00 1.495437868767288236e+00 -6.051413039708325448e-01 -5.465969910089824024e-01 3.658653752051447827e-01 4.485289944634632819e-01
1.413393307555760384e+18 -6.600323158875824880e-01 -1.960067699627812576e+00 1.601487228631956805e+00 -7.725225157115394037e-01 -2.880510723856160027e-01 1.941565481250764058e-01 5.315437679404830806e-01
1.413393307955760384e+18 -9.046908800617938784e-01 -1.925797625774109845e+00 1.661643334410325190e+00 -7.934519373419994803e-01 -1.866505896770950801e-01 1.131235191386378569e-01 5.681537203249760193e-01
1.413393308555760384e+18 -1.115846616612713671e+00 -1.908983230516940965e+00 1.666256561672281311e+00 -8.175599126896674340e-01 -8.005181210664197300e-02 7.241801671147796160e-02 5.656351539613519996e-01
1.413393308955760384e+18 -1.271612383410924307e+00 -1.870847043102958684e+00 1.561876554592673161e+00 -8.104729462206144985e-01 5.951436960947122275e-03 6.665628920026507066e-03 5.857079077779960841e-01
1.413393309455760384e+18 -1.518712192197769317e+00 -1.831162454188306254e+00 1.467622777833579084e+00 -8.251122604375495939e-01 2.877875439910087749e-02 -2.406249338984219228e-03 5.642302286611312612e-01
1.413393310555760384e+18 -1.545913680750365060e+00 -1.317875680547504702e+00 1.314411824221626279e+00 -8.148462463867465200e-01 1.567732601117806726e-02 -3.880735464911732463e-02 5.781641682288054529e-01
1.413393313455760384e+18 -1.417965273882327626e+00 -6.748687397631778495e-01 1.335436312675949644e+00 -8.209664430188980955e-01 -1.013500134047623930e-01 4.343469071126723063e-02 5.602282587147575654e-01
1.413393315055760384e+18 -1.518827276958415906e+00 -4.470016428315417567e-01 1.267877541949441023e+00 -7.943787556474395384e-01 -1.540900919083105503e-01 6.887241718800239665e-02 5.835025503820830961e-01
1.413393315955760384e+18 -1.751110047078770826e+00 -3.132131788757742674e-01 1.432839416386434417e+00 -7.953853751446753328e-01 -1.415139391663427226e-01 8.439957124591232485e-02 5.832774831939724347e-01
1.413393316555760384e+18 -1.997681300084881872e+00 -2.508460554088099426e-01 1.627001990453789793e+00 -8.026754208597093321e-01 -1.528384944030931614e-01 9.592945205898223415e-02 5.684629307210342652e-01
1.413393318455760384e+18 -2.848445574837399352e+00 -4.651002434521387396e-01 1.269935644983730239e+00 -8.020048402334843951e-01 -1.170336807058608153e-01 1.055422202618431365e-01 5.761529255021636819e-01
1.413393319255760384e+18 -2.927599805641799335e+00 -6.246524014965522120e-01 1.228494988449258196e+00 -8.127176396236993616e-01 -1.243933045414659933e-01 1.069172996617625271e-01 5.590930468739292447e-01
1.413393320555760384e+18 -2.992194405097246879e+00 -6.600768590185678297e-01 8.977344843928289908e-01 -8.083894497350379016e-01 -1.385583261831639657e-01 8.072603566615992043e-02 5.663844939332537409e-01
1.413393320955760384e+18 -2.992796013812791589e+00 -6.679839153529953943e-01 8.861888880469691587e-01 -8.035509053619280806e-01 -1.402988951008294349e-01 7.073983479695572507e-02 5.741237134088884586e-01
1.413393321055760384e+18 -2.979132069231990698e+00 -6.803780089447266644e-01 8.584502245540320819e-01 -7.924776158747874888e-01 -1.304723337611733425e-01 8.921059349861376608e-02 5.890650799936718585e-01
1.413393321255760384e+18 -2.975844916013448582e+00 -6.823080162807189097e-01 8.597387560709875975e-01 -7.984144388342451215e-01 -1.264560024558124551e-01 8.130622999971770515e-02 5.830373575227627558e-01
