1.413393218055760384e+18 -9.073339581999999570e-01 2.501550041999999752e-01 1.549481664500000022e+00 4.389435474999999753e-01 5.762204850000000045e-01 5.585988512999999767e-01 -4.040616761940000190e-01
1.413393219055760384e+18 -6.214314823000000043e-01 -2.097013090000000163e-02 1.554672827299999893e+00 4.087865415999999974e-01 5.990972813999999591e-01 5.658005444000000494e-01 -3.922317615729999929e-01
1.413393219555760384e+18 -5.713265576999999595e-01 -1.143033276000000042e-01 1.598054282899999956e+00 4.123485984999999965e-01 5.921001176000000310e-01 5.632759336999999533e-01 -4.026242747670000233e-01
1.413393219955760384e+18 -5.955696826999999915e-01 -1.489695602999999979e-01 1.665444002599999918e+00 4.298131177999999775e-01 5.785246979999999484e-01 5.602423029999999970e-01 -4.082871778100000126e-01
1.413393222055760384e+18 -6.494525853000000515e-01 -2.460332440000000120e-01 2.056796348999999857e+00 4.338792905000000144e-01 5.782145643999999640e-01 5.606286359000000052e-01 -4.038715283930000011e-01
1.413393222555760384e+18 -7.029959225999999894e-01 -2.655133194000000030e-01 1.972679474900000063e+00 4.167192465999999818e-01 5.848816353000000356e-01 5.722921040999999764e-01 -3.959043947429999877e-01
1.413393223255760384e+18 -9.191063167999999894e-01 -2.986591625000000194e-01 2.065574579799999810e+00 4.136468354000000236e-01 5.771752398999999700e-01 5.810367775000000456e-01 -3.976949852739999902e-01
1.413393224255760384e+18 -1.412585848700000035e+00 -4.234828594999999751e-01 1.943035924999999997e+00 4.395272946000000069e-01 5.759415221000000473e-01 5.613454867999999598e-01 -3.999979560260000233e-01
1.413393224755760384e+18 -1.615903088899999895e+00 -5.430708565999999848e-01 1.754393942999999956e+00 4.459182000999999951e-01 6.108747488000000336e-01 5.225641360999999652e-01 -3.935933481300000203e-01
1.413393224955760384e+18 -1.675437321700000037e+00 -5.813062770000000379e-01 1.686094104599999977e+00 4.503330138000000149e-01 6.319833061999999835e-01 5.045777025000000027e-01 -3.784159344099999878e-01
1.413393225755760384e+18 -1.908100031200000046e+00 -6.224090097000000155e-01 1.665140622100000023e+00 4.778220530000000243e-01 6.924597672000000204e-01 4.312719696000000269e-01 -3.258681400189999966e-01
1.413393226055760384e+18 -1.989087759500000052e+00 -5.706253069000000178e-01 1.647911694600000088e+00 5.239916758999999535e-01 7.177725783999999720e-01 3.758198684999999872e-01 -2.626683759880000246e-01
1.413393227255760384e+18 -2.355390603200000044e+00 -3.874793060000000233e-01 1.544952385099999992e+00 5.375057993999999839e-01 7.516824899999999809e-01 3.139755785000000188e-01 -2.178997151519999897e-01
1.413393227955760384e+18 -2.614039041599999891e+00 -2.366048293000000136e-01 1.541961780899999912e+00 5.458251809999999926e-01 7.726592519999999631e-01 2.564464926999999728e-01 -1.982618177369999957e-01
1.413393229255760384e+18 -2.869668498999999873e+00 2.399215332999999895e-01 1.503037406400000053e+00 5.690677377999999731e-01 8.071556753999999945e-01 1.392001989999999967e-01 -7.269752465499999816e-02
1.413393230955760384e+18 -3.365653543300000106e+00 1.205900597999999935e+00 1.409255215700000008e+00 5.684130179999999921e-01 8.181153007000000477e-01 6.759588129999999362e-02 -5.499811443159999952e-02
1.413393231555760384e+18 -3.535747267500000124e+00 1.665891751700000034e+00 1.433808746800000034e+00 5.910848654999999452e-01 8.061227425000000446e-01 2.110272090000000003e-02 -1.842500891819999834e-02
1.413393232055760384e+18 -3.651146407700000207e+00 1.976196469500000052e+00 1.364918923699999898e+00 5.816644225999999529e-01 8.126506260000000426e-01 -3.312519089999999694e-02 -1.296847132300000052e-02
1.413393232455760384e+18 -3.624365710200000201e+00 2.184128212900000143e+00 1.332962951899999915e+00 5.741775463999999607e-01 8.116201025000000513e-01 -9.590734809999999777e-02 4.893602914720000113e-02
1.413393233255760384e+18 -3.392272748799999960e+00 2.599380037900000051e+00 1.204570014199999983e+00 5.634863469999999985e-01 8.107713256999999896e-01 -1.241651899000000003e-01 9.856977120059999542e-02
1.413393233555760384e+18 -3.277474084100000074e+00 2.772637392600000084e+00 1.265860026499999957e+00 5.788894940000000044e-01 7.917508500000000060e-01 -1.513654098999999975e-01 1.229067042419999950e-01
1.413393234055760384e+18 -3.123383758700000179e+00 3.024041297800000194e+00 1.473353551400000017e+00 5.669901815000000234e-01 7.710269410000000212e-01 -2.292871209000000021e-01 1.773894203799999958e-01
1.413393235455760384e+18 -2.841076747899999866e+00 2.930849280999999973e+00 1.635516131599999978e+00 4.566826225999999767e-01 6.989801853999999537e-01 -4.380297871000000121e-01 3.331630054490000159e-01
1.413393236555760384e+18 -2.749050564700000088e+00 3.039281329300000056e+00 1.618412875600000023e+00 4.167504586999999927e-01 6.102008797000000317e-01 -5.476736947000000466e-01 3.924633303489999947e-01
1.413393237255760384e+18 -2.626696613200000030e+00 3.086368255700000063e+00 1.672957490299999961e+00 3.842843888999999957e-01 5.700161791000000200e-01 -5.752170143000000513e-01 4.433198061829999870e-01
1.413393246055760384e+18 -8.129705616000000301e-01 3.215446413000000003e+00 1.419703998599999961e+00 4.567548840999999804e-01 6.555354968000000060e-01 -4.930447089000000171e-01 3.443183170299999873e-01
1.413393247455760384e+18 -1.004478976799999979e+00 3.258210686199999984e+00 1.232355139500000085e+00 4.660510019999999920e-01 7.022253165999999824e-01 -4.457740555999999965e-01 3.015983414699999754e-01
1.413393248055760384e+18 -9.360558739000000017e-01 3.296638253899999871e+00 1.123400370699999984e+00 5.108015578000000279e-01 6.831904167000000250e-01 -4.276249074999999844e-01 2.991146293559999725e-01
1.413393248555760384e+18 -8.254494729000000364e-01 3.213775783200000014e+00 1.123411608799999906e+00 5.107648140999999642e-01 6.791834398999999634e-01 -4.157785893000000010e-01 3.239711783009999735e-01
1.413393249055760384e+18 -8.287799531999999747e-01 3.066705663800000092e+00 1.195629107400000057e+00 4.617901759999999967e-01 6.989231092000000034e-01 -4.443539645999999843e-01 3.174994093430000275e-01
1.413393250255760384e+18 -8.318257700000000199e-01 3.049214165600000026e+00 1.063299312000000052e+00 4.616201050000000028e-01 6.946757815999999863e-01 -4.414926817000000003e-01 3.307818754440000064e-01
1.413393251555760384e+18 -8.758448835000000043e-01 3.231784856200000000e+00 1.044422670599999936e+00 4.392705403000000119e-01 5.953839786000000300e-01 -5.367146790000000278e-01 4.055818830210000114e-01
1.413393251955760384e+18 -9.272791481000000058e-01 3.213423484199999791e+00 1.101201966299999890e+00 3.818807016999999915e-01 5.352064213999999653e-01 -6.059806118999999658e-01 4.477819939659999915e-01
1.413393252455760384e+18 -1.025300984600000076e+00 3.196913362300000117e+00 1.193617009000000007e+00 3.168656047999999781e-01 4.626628113999999847e-01 -6.750929708999999779e-01 4.793629023229999953e-01
1.413393253055760384e+18 -1.079512881999999951e+00 3.170251894799999803e+00 1.186992145200000071e+00 2.711369389000000130e-01 4.192669823999999879e-01 -6.967370811999999969e-01 5.150314529249999662e-01
1.413393256055760384e+18 -2.579834434000000121e-01 2.978902201799999983e+00 1.600124207599999959e+00 2.108503650000000118e-01 3.299332628000000156e-01 -7.508763697000000459e-01 5.318560360159999556e-01
1.413393257255760384e+18 1.332865621000000056e-01 2.662090866199999795e+00 1.561636341000000039e+00 2.284726132999999881e-01 3.349344720999999914e-01 -7.471171178000000079e-01 5.267211565199999557e-01
1.413393258255760384e+18 5.872673953000000502e-01 2.313590692400000037e+00 1.457786367299999997e+00 2.164962981000000120e-01 3.352588107000000206e-01 -7.403463587999999929e-01 5.409419116320000054e-01
1.413393258955760384e+18 8.822600523000000416e-01 2.213022525800000029e+00 1.453340637399999968e+00 3.208932507999999739e-01 4.576064612999999892e-01 -6.731404662000000094e-01 4.842579487149999973e-01
1.413393259755760384e+18 1.149623624499999996e+00 2.145700405899999996e+00 1.489489271000000059e+00 4.309236437999999780e-01 6.274036789000000391e-01 -5.297067240999999704e-01 3.742729262250000244e-01
1.413393260055760384e+18 1.269681456600000091e+00 2.115782085799999823e+00 1.517688657899999960e+00 4.662307239999999853e-01 6.746238302999999492e-01 -4.662585080000000159e-01 3.318352049600000186e-01
1.413393261755760384e+18 1.320679933499999903e+00 2.179838207800000038e+00 1.506154160299999933e+00 5.238103701999999862e-01 7.573939201999999593e-01 -3.328767933999999817e-01 2.029043768069999920e-01
1.413393265255760384e+18 1.866154060099999956e+00 2.868634139900000157e+00 1.131393779199999949e+00 5.745623763999999634e-01 7.802262893000000421e-01 -1.906627402000000138e-01 1.573935597760000027e-01
1.413393266455760384e+18 1.760586692900000028e+00 2.914629808599999983e+00 1.215728056699999948e+00 5.757952460999999911e-01 8.175325364000000095e-01 9.908737799999999332e-03 1.484366376909999940e-03
1.413393267755760384e+18 1.799579051800000107e+00 2.838544108399999821e+00 1.369245019599999891e+00 5.665673046000000435e-01 7.955048523000000094e-01 1.811411243000000115e-01 -1.155915761489999943e-01
1.413393270255760384e+18 1.830456894599999940e+00 2.697564794199999838e+00 1.102019266499999928e+00 5.480542350999999535e-01 7.906156039999999718e-01 2.287879768999999952e-01 -1.490623481520000071e-01
1.413393273055760384e+18 1.300605001899999946e+00 2.643476355299999803e+00 1.177630280800000095e+00 5.768723607000000309e-01 8.113531148999999498e-01 -6.308126370000000094e-02 7.032180757610000110e-02
1.413393273455760384e+18 1.164859718099999997e+00 2.604090419499999864e+00 1.234433871000000016e+00 5.547017649000000050e-01 8.072770594999999494e-01 -1.585051342000000085e-01 1.244420494749999967e-01
1.413393274255760384e+18 9.231402963999999489e-01 2.573162291300000071e+00 1.380113869000000104e+00 5.300518868000000383e-01 7.522253534999999713e-01 -3.219880815000000229e-01 2.225436814339999958e-01
1.413393275455760384e+18 7.630511947000000461e-01 2.437573491200000220e+00 1.404077225900000059e+00 4.573145364999999796e-01 6.306523989000000219e-01 -5.056793917999999888e-01 3.707146061200000120e-01
1.413393275755760384e+18 7.064965849000000020e-01 2.375856798600000097e+00 1.420601412399999930e+00 4.297637898000000178e-01 5.917772860000000135e-01 -5.533500199999999980e-01 3.986307616420000088e-01
1.413393277955760384e+18 8.681456035000000293e-01 1.976003738900000029e+00 1.441525773199999971e+00 4.112109126999999864e-01 5.480086254999999573e-01 -5.857909483000000028e-01 4.329446806939999948e-01
1.413393278955760384e+18 9.354662863999999578e-01 1.561132703399999988e+00 1.425485319899999936e+00 3.287069150999999967e-01 4.854216310999999728e-01 -6.521127177000000108e-01 4.806938811850000048e-01
1.413393279755760384e+18 1.052081654900000052e+00 1.169873346699999983e+00 1.420240505400000020e+00 3.291762604999999842e-01 5.098161439999999711e-01 -6.375986781000000381e-01 4.745507502399999855e-01
1.413393280955760384e+18 1.235677673200000104e+00 8.098581032999999652e-01 1.395002607799999961e+00 3.858571160000000000e-01 4.992736998999999787e-01 -6.487844732999999975e-01 4.253454665799999979e-01
1.413393281555760384e+18 1.276677210199999912e+00 4.175490391000000190e-01 1.411842071899999995e+00 3.463335504999999759e-01 5.209549883999999853e-01 -6.283184634999999796e-01 4.624660855080000021e-01
1.413393281955760384e+18 1.336122405400000046e+00 2.189145583000000062e-01 1.466587759799999890e+00 3.583528069999999954e-01 4.972816943000000212e-01 -6.277887588999999657e-01 4.797660433829999960e-01
1.413393282455760384e+18 1.377163808900000008e+00 1.545729879999999980e-02 1.560623034900000095e+00 3.507029497999999967e-01 4.966793714000000137e-01 -6.419754535999999678e-01 4.671023014049999755e-01
1.413393283055760384e+18 1.416188737699999978e+00 -1.801948542000000042e-01 1.582950470299999912e+00 3.692852148999999917e-01 5.359979389000000261e-01 -6.116192338999999478e-01 4.497294211960000121e-01
1.413393283455760384e+18 1.433533886800000046e+00 -2.336935576999999986e-01 1.600092105799999942e+00 3.990593148000000090e-01 6.069798584000000163e-01 -5.533033202999999567e-01 4.076549404520000142e-01
1.413393284255760384e+18 1.528032291699999989e+00 -1.719753138000000015e-01 1.467823648600000030e+00 4.878400540000000229e-01 7.139625141000000008e-01 -3.990741193999999825e-01 3.049745193599999737e-01
1.413393284555760384e+18 1.548279642300000036e+00 -9.613438920000000332e-02 1.444936087299999894e+00 5.225281859999999501e-01 7.450506936999999885e-01 -3.252859806999999770e-01 2.570073722630000224e-01
1.413393285455760384e+18 1.604478414499999950e+00 1.674886264000000069e-01 1.426741442400000004e+00 5.723638756000000161e-01 8.125427774000000269e-01 -9.652690880000000528e-02 5.344515572360000050e-02
1.413393286055760384e+18 1.748022380299999901e+00 3.197871060999999959e-01 1.455777375899999893e+00 5.802860475000000129e-01 8.128277927999999486e-01 4.385877490000000128e-02 -2.560254426289999830e-02
1.413393287255760384e+18 2.003231770899999820e+00 5.469069497999999863e-01 1.428967201699999912e+00 5.746208017999999695e-01 8.136178196000000140e-01 8.479316239999999671e-02 -2.543811059649999859e-02
1.413393287555760384e+18 1.967028882399999956e+00 5.847856666999999842e-01 1.465595432400000009e+00 5.694951723000000188e-01 8.044841820999999449e-01 1.389529338000000114e-01 -9.577333460869999482e-02
1.413393287955760384e+18 1.921105399900000066e+00 6.368127695999999949e-01 1.510305353099999914e+00 5.532865098999999454e-01 7.793970199999999959e-01 2.339514384999999974e-01 -1.779917063060000026e-01
1.413393289555760384e+18 1.910637206100000096e+00 1.083573573300000037e+00 1.411627794599999985e+00 5.408655137000000224e-01 7.471733369999999930e-01 3.170979213999999824e-01 -2.205570422400000008e-01
1.413393290555760384e+18 1.916701316799999999e+00 1.272256223899999927e+00 1.335689965999999895e+00 5.347767021999999537e-01 7.556071246000000130e-01 3.125440774000000088e-01 -2.130444830369999931e-01
1.413393293255760384e+18 1.877346423699999933e+00 1.475949271900000026e+00 1.355384108700000034e+00 5.263297108000000168e-01 7.085673326000000438e-01 3.820385121000000050e-01 -2.737808356229999851e-01
1.413393295055760384e+18 1.966116075700000021e+00 5.949589842000000406e-01 1.425910020899999964e+00 5.141994709999999635e-01 7.205952989999999669e-01 3.852770542999999770e-01 -2.605818690410000027e-01
1.413393295955760384e+18 1.897285581300000024e+00 1.509884093999999954e-01 1.436862316900000103e+00 5.112817235000000071e-01 7.220151632000000319e-01 3.857247615000000129e-01 -2.617279344869999913e-01
1.413393298555760384e+18 1.187685169899999948e+00 -1.757261616999999942e-01 1.201254212400000076e+00 5.320206521000000466e-01 7.402643235000000432e-01 3.492484623000000066e-01 -2.167677757600000032e-01
1.413393300255760384e+18 7.014750548000000530e-01 -4.938061700000000165e-02 1.257632757599999929e+00 5.363081545000000228e-01 7.396672337999999902e-01 3.334093562000000066e-01 -2.326029832540000009e-01
1.413393300555760384e+18 6.416293919000000123e-01 -9.693228680000000319e-02 1.294971477999999898e+00 5.084265152000000398e-01 7.309609150000000444e-01 3.541438672000000176e-01 -2.859733215799999950e-01
1.413393302555760384e+18 6.292557117999999505e-01 -4.851957771000000030e-01 1.144909984000000103e+00 4.348984115000000261e-01 6.000251302000000342e-01 5.423256473999999994e-01 -3.958738522499999912e-01
1.413393303555760384e+18 5.931269850000000510e-01 -7.513502562999999634e-01 1.312795972500000019e+00 4.490049454999999745e-01 6.026125149000000070e-01 5.420362426000000511e-01 -3.760976303129999754e-01
1.413393304555760384e+18 4.887319766000000065e-01 -9.573287132000000144e-01 1.430603035699999914e+00 4.414374106999999769e-01 6.075410288000000492e-01 5.468729032000000378e-01 -3.700769359650000201e-01
1.413393305555760384e+18 2.129862335000000106e-01 -1.156907521299999964e+00 1.453284672000000111e+00 4.473004991999999791e-01 6.074233032000000421e-01 5.424941249000000409e-01 -3.696746116230000267e-01
1.413393307555760384e+18 -6.247639226000000212e-01 -1.806776116500000029e+00 1.569511337900000081e+00 5.246913523999999773e-01 7.495198283999999767e-01 3.301355926000000274e-01 -2.322272639150000095e-01
1.413393307955760384e+18 -7.810890203999999448e-01 -1.786410965700000020e+00 1.609862727999999965e+00 5.517313133000000258e-01 7.792193938999999459e-01 2.494904266000000093e-01 -1.617535816600000065e-01
1.413393308555760384e+18 -1.074082886300000039e+00 -1.745657636100000021e+00 1.681591084799999969e+00 5.714828540999999928e-01 8.087866500000000514e-01 1.138345384999999987e-01 -7.945564874610000494e-02
1.413393308955760384e+18 -1.257433260700000055e+00 -1.714766165399999931e+00 1.621377513499999923e+00 5.801972386000000537e-01 8.139360102999999569e-01 1.134750770000000041e-02 -2.739652388289999865e-02
1.413393309455760384e+18 -1.403910552099999931e+00 -1.682361648000000098e+00 1.513761509300000085e+00 5.851195699000000250e-01 8.084500359999999830e-01 -4.788576459999999840e-02 4.183995442039999818e-02
1.413393310555760384e+18 -1.612736307500000077e+00 -1.549454463700000062e+00 1.475774799300000106e+00 5.776779605999999845e-01 8.148208373999999976e-01 -3.109796110000000169e-02 3.725712752210000311e-02
1.413393313455760384e+18 -1.624496457200000021e+00 -6.116956749999999943e-01 1.356147609600000026e+00 5.787132354999999784e-01 8.155003347000000513e-01 6.243351000000000282e-03 3.348976700590000112e-03
1.413393315055760384e+18 -1.438594017200000019e+00 -4.775870821000000044e-01 1.343087984300000093e+00 5.581959608000000017e-01 8.199528844000000261e-01 1.110750045999999991e-01 -6.129339288070000114e-02
1.413393315955760384e+18 -1.638488613500000080e+00 -2.012377716000000039e-01 1.353945175100000009e+00 5.853812943999999741e-01 7.987706647000000215e-01 1.152647911999999941e-01 -7.751253710840000366e-02
1.413393316555760384e+18 -1.865880479000000092e+00 -1.012903450000000039e-01 1.566878335900000030e+00 5.837064614000000429e-01 7.984745345000000549e-01 1.249649644000000032e-01 -7.815972323419999312e-02
1.413393318455760384e+18 -2.710938885900000095e+00 -1.802772428999999954e-01 1.399362835800000093e+00 5.780281295000000430e-01 8.050168947000000408e-01 9.994428800000000612e-02 -8.855743995579999639e-02
1.413393319255760384e+18 -2.911113155499999827e+00 -3.592482998000000038e-01 1.264690441199999960e+00 5.797874209000000167e-01 8.033233586000000370e-01 1.020460098999999982e-01 -9.002632897310000604e-02
1.413393320555760384e+18 -2.956572985499999806e+00 -4.468314847000000034e-01 1.003619752699999923e+00 5.689867908000000307e-01 8.106970090999999767e-01 1.187440017000000042e-01 -7.017302484720000511e-02
1.413393320955760384e+18 -2.984754751900000169e+00 -4.499899051999999844e-01 9.513694592000000450e-01 5.749904555999999500e-01 8.075239043999999922e-01 1.195534724999999937e-01 -5.475479041240000067e-02
1.413393321055760384e+18 -2.977516722999999921e+00 -4.572419985000000242e-01 9.473476780999999791e-01 5.630128028999999978e-01 8.151887521999999775e-01 1.278091939000000066e-01 -4.635398536120000079e-02
1.413393321255760384e+18 -2.972041915200000162e+00 -4.641751171999999870e-01 9.410204274000000257e-01 5.960385963000000009e-01 7.924161384000000252e-01 1.161222150999999952e-01 -5.770863434009999848e-02
