1.403636859551666432e+18 4.521233418317076591e+00 -1.789630020092199514e+00 7.128231753408150739e-01 -6.579929980585647042e-01 -4.866426871570224133e-01 3.532860734758240806e-01 4.532251756362705719e-01
1.403636859651666432e+18 4.516245920470699282e+00 -1.782961484486649928e+00 7.567253605557359153e-01 -6.586413391636215531e-01 -4.848806738666728844e-01 3.452063761640256634e-01 4.603421296286637765e-01
1.403636859751666432e+18 4.510511172554582338e+00 -1.778317918870775616e+00 8.019760967739917312e-01 -6.548718103883195418e-01 -4.796108087515650320e-01 3.443554855544215254e-01 4.717368796860952895e-01
1.403636860351666432e+18 4.514790128180687923e+00 -1.763590336376428702e+00 8.092071488072357655e-01 -6.713733583502405899e-01 -4.776189903407435100e-01 3.275607377957185373e-01 4.624304021343459414e-01
1.403636860551666432e+18 4.526930521690449183e+00 -1.766533643072378812e+00 7.012760686180472547e-01 -6.955682647804297680e-01 -4.857891714577936004e-01 3.127085407219347690e-01 4.270913701823660369e-01
1.403636860651666432e+18 4.535720866595108980e+00 -1.762021580970407175e+00 7.941108597310539974e-01 -6.782737255470767668e-01 -4.979927328484861637e-01 3.181171966707496690e-01 4.367487154473711497e-01
1.403636861251666432e+18 4.527591569614029865e+00 -1.752598400965149850e+00 9.138009096397960995e-01 -6.575938112725320250e-01 -4.820137464409982031e-01 3.401400278612544681e-01 4.685487051145517667e-01
1.403636862051666432e+18 4.535803342262019200e+00 -1.766965807252512066e+00 6.765801338367087858e-01 -6.872288528687114928e-01 -4.966517259206889023e-01 3.241738265564470534e-01 4.194817005549897893e-01
1.403636862251666432e+18 4.530318640123212504e+00 -1.757018824408812296e+00 8.056370225124820372e-01 -6.799772450799809187e-01 -5.018600318769868007e-01 3.081447356612976307e-01 4.368229349085256397e-01
1.403636862751666432e+18 4.519405545624779919e+00 -1.750148620738242844e+00 9.405975833516891926e-01 -6.790050195833957636e-01 -4.853148044564579711e-01 3.168368105349365083e-01 4.505953389084167426e-01
1.403636863051666432e+18 4.526345592658916672e+00 -1.752482480200646453e+00 7.806116041081128110e-01 -6.756533959587990301e-01 -4.825526174365570298e-01 3.098162312684775710e-01 4.633026686487655144e-01
1.403636863651666432e+18 4.537595927602716017e+00 -1.759929358249542553e+00 6.706925474404469290e-01 -6.933079328555638021e-01 -4.862582303251481997e-01 3.110604802983456540e-01 4.314144425922274428e-01
1.403636863851666432e+18 4.542989277812603532e+00 -1.755451550109006664e+00 7.754783110870998586e-01 -6.915033703792712316e-01 -4.977332922200025100e-01 3.050367261435393829e-01 4.254847286020702612e-01
1.403636864251666432e+18 4.534163131177331607e+00 -1.752570111589528246e+00 9.122544328649796475e-01 -6.862542733590279997e-01 -4.937436786678994771e-01 3.072696864989721832e-01 4.368725121025418545e-01
1.403636865251666432e+18 4.524444408990987654e+00 -1.759993510941818107e+00 6.807530094495812811e-01 -6.992513752376691150e-01 -4.779722020743138455e-01 3.148643032941820241e-01 4.283112872474054145e-01
1.403636865751666432e+18 4.521037553388420172e+00 -1.765347017419606646e+00 7.779779412800954530e-01 -6.968618233609781276e-01 -4.908539735970254281e-01 3.085953296588994643e-01 4.221550642343862569e-01
1.403636865851666432e+18 4.512663546244994883e+00 -1.765425172797953968e+00 9.114816234502237657e-01 -6.829605169415818855e-01 -4.752612547959427780e-01 3.305196686033005093e-01 4.454754995002954132e-01
1.403636866051666432e+18 4.535433564014189400e+00 -1.758898203152725159e+00 7.998591739667791911e-01 -6.872935812548717216e-01 -4.855484792802578498e-01 3.162699762447941931e-01 4.379994401373129564e-01
1.403636867151666432e+18 4.575586488939132224e+00 -1.777229930306098105e+00 7.739186876553446615e-01 -6.997358007900412735e-01 -5.067328678639153594e-01 3.104633139342957704e-01 3.964897734117058259e-01
1.403636867651666432e+18 4.605482802102996764e+00 -1.787528188407299545e+00 7.725221020282659889e-01 -7.438821722077630927e-01 -5.416256599026788576e-01 2.403867946776559461e-01 3.090228913058875038e-01
1.403636867851666432e+18 4.644077449126057466e+00 -1.849039072982802123e+00 7.971253039440778787e-01 -7.597363507029597507e-01 -5.347890969609669920e-01 2.277622879250124355e-01 2.914200394471646027e-01
1.403636869751666432e+18 4.647684423341221560e+00 -1.777899418877304294e+00 7.904814944179335834e-01 -7.634111062586868002e-01 -5.327736134931353451e-01 2.218283145672322321e-01 2.900826752196968283e-01
1.403636870151666432e+18 4.653542573726667797e+00 -1.642105482083616064e+00 7.891226254308065791e-01 -7.757469718307858919e-01 -5.124864960022006422e-01 2.135516371982289219e-01 2.999498714130550137e-01
1.403636870251666432e+18 4.657199162540887727e+00 -1.590864370715650233e+00 7.894275672732942173e-01 -7.785609930948729218e-01 -5.108168116723494911e-01 2.071743926701318794e-01 2.999795592465976379e-01
1.403636870351666432e+18 4.660594270419803564e+00 -1.540220227273036535e+00 7.902122256240383669e-01 -7.795135291359110985e-01 -5.055150016663529922e-01 2.079473642796031974e-01 3.058939925423683204e-01
1.403636870551666432e+18 4.673738794268462726e+00 -1.418443705513257047e+00 7.795759080461066581e-01 -7.897292340308261771e-01 -4.934806456278319486e-01 1.937538209310568360e-01 3.086487423956856824e-01
1.403636870751666432e+18 4.676390163982644843e+00 -1.368293188759859280e+00 7.686916663472059819e-01 -7.868587213469017128e-01 -4.814678619101295798e-01 2.100408638294460895e-01 3.239211109356529561e-01
1.403636871551666432e+18 4.652507088589260320e+00 -1.496120311407254988e+00 7.755309151220183272e-01 -7.907349322147585458e-01 -4.870473575360070306e-01 2.045191960791714614e-01 3.093461441939170942e-01
1.403636871751666432e+18 4.642345710397721703e+00 -1.546794152654942911e+00 7.802444265349681718e-01 -7.893546246955240875e-01 -4.901951326491537086e-01 2.113594754612147519e-01 3.032411260558618427e-01
1.403636871851666432e+18 4.630793449721528177e+00 -1.599288731976965305e+00 7.823192666930313122e-01 -7.858257351727454543e-01 -4.956881647946587699e-01 2.148677215062820001e-01 3.010033545949553080e-01
1.403636872051666432e+18 4.600318442256780216e+00 -1.710278846759252236e+00 7.831207488797220506e-01 -7.760724901952663624e-01 -5.025211492875225616e-01 2.343094809740771667e-01 3.004713823420197549e-01
1.403636872151666432e+18 4.585288706238695333e+00 -1.763122604690161577e+00 7.811340398283670439e-01 -7.707827123823480786e-01 -5.072548961684212321e-01 2.421327168541167474e-01 2.999303719774291110e-01
1.403636872251666432e+18 4.573262276235084300e+00 -1.811121590739260823e+00 7.774838519856099861e-01 -7.677032976902794514e-01 -5.137283811331124772e-01 2.442376744115292986e-01 2.950639854876726531e-01
1.403636872351666432e+18 4.564611540964126135e+00 -1.853479395596390189e+00 7.726701426596118694e-01 -7.655319835068231660e-01 -5.221336827625244759e-01 2.441615389039681061e-01 2.858711990967233163e-01
1.403636873151666432e+18 4.582394273614930569e+00 -1.748286574593118425e+00 7.655631952770376447e-01 -7.692910713620962904e-01 -5.184496450613881313e-01 2.320041725664803989e-01 2.925325229269753469e-01
1.403636873251666432e+18 4.592235615174665497e+00 -1.691072432565170036e+00 7.643273299371919904e-01 -7.743941091853904224e-01 -5.121166397271466053e-01 2.277259494413910179e-01 2.935833832568844337e-01
1.403636873351666432e+18 4.602618579065822502e+00 -1.632008375036241965e+00 7.634596478475098591e-01 -7.793706332562245764e-01 -5.056632847642464901e-01 2.230189715098583325e-01 2.952094117840911025e-01
1.403636873551666432e+18 4.627468535353595591e+00 -1.520266508690003793e+00 7.575578603107524511e-01 -7.880397292610461513e-01 -4.960315211046014694e-01 2.129440317942474792e-01 2.959745842129744564e-01
1.403636873651666432e+18 4.640291969174972664e+00 -1.473779369093732194e+00 7.516794976577132470e-01 -7.925346144838930629e-01 -4.918175338095301385e-01 2.045449497353845902e-01 2.969271995289879396e-01
1.403636873751666432e+18 4.664004085615735207e+00 -1.403927365396801852e+00 7.376762640800433868e-01 -7.978824655030867241e-01 -4.858719120796681223e-01 1.998035947154856162e-01 2.956189774583711238e-01
1.403636874351666432e+18 4.650474597925435383e+00 -1.446225601629919311e+00 7.389032168078327745e-01 -7.965003369036314229e-01 -4.914031133327094181e-01 1.995712402450930401e-01 2.903127857783008858e-01
1.403636874551666432e+18 4.624079834337742945e+00 -1.530252040113030176e+00 7.438571096991972720e-01 -7.896460373376613662e-01 -4.997295587711707010e-01 2.095066002539497929e-01 2.878132871452103725e-01
1.403636874651666432e+18 4.608941496371260271e+00 -1.584732671351382516e+00 7.455035414254196358e-01 -7.850402762920318800e-01 -5.042184813454984038e-01 2.155243737689794548e-01 2.881401255994360810e-01
1.403636874751666432e+18 4.593233810276406537e+00 -1.642341720611733002e+00 7.452815775823329325e-01 -7.806526740126957797e-01 -5.094389123979889966e-01 2.215701546908963870e-01 2.862866808669833341e-01
1.403636874851666432e+18 4.577599926712463407e+00 -1.697641090671129671e+00 7.423863300457679282e-01 -7.780128936592914934e-01 -5.132761675718808814e-01 2.280723507128907812e-01 2.814720517971803226e-01
1.403636875051666432e+18 4.549661110660991881e+00 -1.783115037435535122e+00 7.374284181303057961e-01 -7.738239266544992834e-01 -5.161048508175506422e-01 2.386163869036102558e-01 2.790959215049054754e-01
1.403636875151666432e+18 4.520169705153438855e+00 -1.848601626370530715e+00 7.289566496850622412e-01 -7.928693256453428484e-01 -4.583497069277382430e-01 2.427150161964209685e-01 3.199424940871826162e-01
1.403636875551666432e+18 4.548303574652578618e+00 -1.882948820542513113e+00 7.271381619872374635e-01 -8.166140425297688799e-01 -4.241181052032325649e-01 2.415903863969773580e-01 3.080575004484840118e-01
1.403636875651666432e+18 4.621469450991178007e+00 -1.887159213384072665e+00 7.264541325755236034e-01 -8.302362021800794301e-01 -4.010962851834040666e-01 2.328359857236133590e-01 3.092200225628751187e-01
1.403636875851666432e+18 4.664184220879888265e+00 -1.877122021101604421e+00 7.244377355423460285e-01 -8.377829316836769014e-01 -3.869666786590746366e-01 2.219442937992988363e-01 3.148289685480015199e-01
1.403636876051666432e+18 4.746413210249051495e+00 -1.831285742261940630e+00 7.260699473925131819e-01 -8.563039783642059088e-01 -3.484090117196271819e-01 1.928951200388808462e-01 3.288557888427261489e-01
1.403636876151666432e+18 4.778003521515057805e+00 -1.792997178863774632e+00 7.295856829399803845e-01 -8.622385295382072323e-01 -3.261819095833291549e-01 1.785227266167845606e-01 3.439181823074666244e-01
1.403636876251666432e+18 4.798490364908827743e+00 -1.747534855947550536e+00 7.317179201857649806e-01 -8.677720433540018208e-01 -3.074962535898304594e-01 1.669193988710199195e-01 3.529244240371815500e-01
1.403636876351666432e+18 4.807761857085273149e+00 -1.694188285404616856e+00 7.308307477749881320e-01 -8.741136882513842465e-01 -2.944148325358790230e-01 1.561610323887116514e-01 3.533537863922278088e-01
1.403636876551666432e+18 4.790683957078781141e+00 -1.568528470892409432e+00 7.264143229849933103e-01 -8.761653458892622037e-01 -2.857809114978894227e-01 1.375471558855276000e-01 3.629660276031181354e-01
1.403636876651666432e+18 4.763209312067868240e+00 -1.507207951679309099e+00 7.270345579748138665e-01 -8.681335769449494144e-01 -2.933601377046827774e-01 1.373698437183007992e-01 3.760497948722569816e-01
1.403636876751666432e+18 4.723853089179622877e+00 -1.458579133200711198e+00 7.302015068560622213e-01 -8.591683939042293883e-01 -3.069835313802054544e-01 1.447054642014713455e-01 3.829505333690003677e-01
1.403636876851666432e+18 4.676945727044460988e+00 -1.427932148513937349e+00 7.327496083048653519e-01 -8.481042322892049512e-01 -3.283535097564451721e-01 1.536591576726265007e-01 3.863832903569995314e-01
1.403636877051666432e+18 4.567094245919664175e+00 -1.429129710322031954e+00 7.330560956990882504e-01 -8.175304133450153055e-01 -3.824719590434771943e-01 1.892281783609820744e-01 3.867194335892077950e-01
1.403636877151666432e+18 4.513050019885775477e+00 -1.459375875135584089e+00 7.326407395061286243e-01 -7.985497497953779611e-01 -4.165267148841375611e-01 2.115054495039931093e-01 3.795908820291675756e-01
1.403636877251666432e+18 4.464805788322834701e+00 -1.506595214142592676e+00 7.337089928858336885e-01 -7.798789671003034663e-01 -4.494526946444495352e-01 2.343761451542487051e-01 3.672177753514138665e-01
1.403636877351666432e+18 4.427696228780082066e+00 -1.566143253625357445e+00 7.359803157386647365e-01 -7.614037107951323602e-01 -4.799872955365141469e-01 2.537641455703304461e-01 3.542320478639751080e-01
1.403636877551666432e+18 4.399476426130580542e+00 -1.699901355478799392e+00 7.370457566452546239e-01 -7.323005486069603664e-01 -5.299391790224184939e-01 2.818964135515236724e-01 3.216127874848547230e-01
1.403636877651666432e+18 4.409891578567282089e+00 -1.762629700303906199e+00 7.343686608120951753e-01 -7.266641081534974678e-01 -5.447713604804897969e-01 2.879670340894787128e-01 3.037407216680498290e-01
1.403636877751666432e+18 4.434419994180095692e+00 -1.816839431950246553e+00 7.328911229257153437e-01 -7.269121169317444009e-01 -5.507070291862948830e-01 2.921223650705650488e-01 2.880712864695040842e-01
1.403636877851666432e+18 4.469229679216714324e+00 -1.860301522710309019e+00 7.312230861939491566e-01 -7.333046220260094339e-01 -5.487010426669234331e-01 2.889951140712020972e-01 2.786993382383530782e-01
1.403636878051666432e+18 4.555914254514155992e+00 -1.907029075296745591e+00 7.215200016992114884e-01 -7.563969594723198853e-01 -5.306137577785362547e-01 2.653174541105228768e-01 2.755346226910176943e-01
1.403636878151666432e+18 4.600826905960608393e+00 -1.906820033846787110e+00 7.149913472613115273e-01 -7.709937324630415922e-01 -5.116159262127226715e-01 2.513131282826576163e-01 2.840061972932811929e-01
1.403636878251666432e+18 4.645202850571888753e+00 -1.891003268297159590e+00 7.091253273352079445e-01 -7.843958845539686919e-01 -4.900261413671669897e-01 2.401333972367505343e-01 2.948447533925934727e-01
1.403636878351666432e+18 4.686374951546471657e+00 -1.861552517676382745e+00 7.043126442833893552e-01 -7.980655586990743622e-01 -4.654392364220748535e-01 2.335957343375270057e-01 3.031348117859138935e-01
1.403636878551666432e+18 4.750239579044082561e+00 -1.765121881999905051e+00 7.022806668970159594e-01 -8.224077843826169687e-01 -4.191942747109741463e-01 2.093832080908715754e-01 3.226147368084571476e-01
1.403636878651666432e+18 4.765600687076354980e+00 -1.704300359091180050e+00 7.069430547170888479e-01 -8.305948788298774810e-01 -4.003851490177837147e-01 1.948890228386054024e-01 3.343981885187207181e-01
1.403636878751666432e+18 4.769555981460351646e+00 -1.640533852542672921e+00 7.138526358504539981e-01 -8.345220581511660907e-01 -3.870061549728139871e-01 1.805587660924366233e-01 3.481346039385873614e-01
1.403636878851666432e+18 4.762981966799606504e+00 -1.578520971992924515e+00 7.210998098597778405e-01 -8.361489462147362328e-01 -3.772880373136488497e-01 1.734135909062403114e-01 3.583802493623270968e-01
1.403636879051666432e+18 4.725979327832337873e+00 -1.474843932708928440e+00 7.292407169559304014e-01 -8.387625235941289503e-01 -3.719701755314515634e-01 1.713251420411439074e-01 3.588360534195124685e-01
1.403636879151666432e+18 4.693304182461583096e+00 -1.437928607201725439e+00 7.355675617760467633e-01 -8.348561024557529242e-01 -3.720109804786642660e-01 1.783693691398406944e-01 3.644276152384002265e-01
1.403636879251666432e+18 4.612015830155991480e+00 -1.405178769942635020e+00 7.498984381760502860e-01 -8.147799394311141530e-01 -3.867416773689493215e-01 1.982537534280900959e-01 3.837446736283842696e-01
1.403636879651666432e+18 4.506776846177938722e+00 -1.484871446393317029e+00 7.676664212904428242e-01 -7.757327191841864034e-01 -4.506962361913228188e-01 2.416447274194819805e-01 3.697559692289607569e-01
1.403636879751666432e+18 4.486278511363704702e+00 -1.538016158653732202e+00 7.755195667010582605e-01 -7.668432527624828854e-01 -4.673871446927363449e-01 2.571097803430428819e-01 3.569247028724379378e-01
1.403636879851666432e+18 4.477068777956644041e+00 -1.596684209097313234e+00 7.799433512637929944e-01 -7.604820632909815581e-01 -4.826913354782886856e-01 2.663889857085840474e-01 3.430933027035501515e-01
1.403636880051666432e+18 4.536063988404868574e+00 -1.728727080244482961e+00 7.848358792264928940e-01 -7.577383260915422358e-01 -5.039044509134087413e-01 2.657154537729858879e-01 3.182895398027704714e-01
1.403636880251666432e+18 4.623945223821062100e+00 -1.737721773885769760e+00 7.869863721239165333e-01 -7.725394163389244229e-01 -4.762260127711983038e-01 2.480758971015672720e-01 3.388952408046073117e-01
1.403636880651666432e+18 4.788853864588284992e+00 -1.781879168987433149e+00 8.125149339418995531e-01 -8.076414207606351647e-01 -4.203977245425696285e-01 1.991918474327483146e-01 3.623585194079217420e-01
1.403636880851666432e+18 4.808629539828845445e+00 -1.858234592366205806e+00 8.193897623293779908e-01 -8.048309142830785134e-01 -4.280715195961413699e-01 2.109130174375034583e-01 3.528706173660844936e-01
1.403636881051666432e+18 4.774780898517139605e+00 -1.922938700363907349e+00 8.233130495104609148e-01 -7.801859740452022907e-01 -4.508385296202950254e-01 2.388664461291905294e-01 3.619354735675406887e-01
1.403636881251666432e+18 4.711206883763680686e+00 -1.955351865794043853e+00 8.293746146671854280e-01 -7.520838207829091404e-01 -4.860152681286697973e-01 2.698078826367029115e-01 3.540660844100963489e-01
1.403636881651666432e+18 4.563814927820777356e+00 -1.829639346274141154e+00 8.242652780471588780e-01 -7.168725666558702914e-01 -5.247299682960019362e-01 2.722530172198510678e-01 3.696356018607910299e-01
1.403636881851666432e+18 4.521380762758308691e+00 -1.714103797575284860e+00 8.094400156486466491e-01 -7.267678341759736815e-01 -5.157646778140327903e-01 2.611295563279047993e-01 3.709537264114527444e-01
1.403636882051666432e+18 4.525685023847147548e+00 -1.613436939293531713e+00 7.877352403901501932e-01 -7.396618627833944082e-01 -4.956862451448402207e-01 2.558120218768464293e-01 3.765045611693012551e-01
1.403636882251666432e+18 4.585143024014792346e+00 -1.572771193343903029e+00 7.421010712320483815e-01 -7.403465724482468646e-01 -4.823081197388212615e-01 2.594592066312961243e-01 3.898034766294341535e-01
1.403636882651666432e+18 4.574028684913995058e+00 -1.621166420598574076e+00 7.085581845563836412e-01 -7.073904005608596668e-01 -4.917736871563124224e-01 3.110545455854290542e-01 4.012512074569673515e-01
1.403636882851666432e+18 4.527188382552729706e+00 -1.642851933012901000e+00 6.727443350197312988e-01 -6.627108325750054041e-01 -5.073794409821474893e-01 3.618760170442651969e-01 4.152423431498353801e-01
1.403636883051666432e+18 4.486404527670816655e+00 -1.659882871249642733e+00 6.256417461257656187e-01 -6.372410843587216212e-01 -5.332973004724711474e-01 3.823145668321614177e-01 4.041699663533056541e-01
1.403636883351666432e+18 4.438065984043188195e+00 -1.674576404280426978e+00 5.641928182294725369e-01 -6.025381539985434909e-01 -5.452822071413561122e-01 4.093526821292891027e-01 4.147836414139737249e-01
1.403636883851666432e+18 4.445193800409823481e+00 -1.664431926929560213e+00 5.435355894118847342e-01 -5.757247173220466641e-01 -5.555982060324026195e-01 4.296403635500886664e-01 4.186416621964100804e-01
1.403636897551666432e+18 4.474817133925252932e+00 -1.647013399331761496e+00 5.434232208151896781e-01 -5.884670255605590761e-01 -5.645822501098514135e-01 4.034943166768634182e-01 4.149045421518985921e-01
1.403636897751666432e+18 4.508368954550777907e+00 -1.626712611626638827e+00 5.648531861632106743e-01 -5.971319869154474436e-01 -5.811542684239863199e-01 3.762400206193765584e-01 4.051376968134691725e-01
1.403636898251666432e+18 4.510839342689275000e+00 -1.592774741051528942e+00 6.657724271137864802e-01 -5.783663196586285027e-01 -5.831271956501178355e-01 3.963061729149685020e-01 4.103614154464977903e-01
1.403636898651666432e+18 4.470158981005087462e+00 -1.588646349300183447e+00 7.433081336326955446e-01 -5.747920338778994553e-01 -5.885127353905703629e-01 4.008484850747915385e-01 4.032212421076808995e-01
1.403636899051666432e+18 4.388283540616087386e+00 -1.574735918366704235e+00 7.915735216579858902e-01 -5.911589600323112759e-01 -5.617290243090324875e-01 4.038535140143335034e-01 4.146009243122992793e-01
1.403636899351666432e+18 4.309081339271633837e+00 -1.518773680043447483e+00 8.211781566142390965e-01 -6.402861718326423590e-01 -5.053931755060203646e-01 3.732939772215138063e-01 4.418856898361662178e-01
1.403636899851666432e+18 4.214693717994872912e+00 -1.332641318062958380e+00 8.874118713992769081e-01 -6.414545133457371096e-01 -5.036371257204802498e-01 3.529230415883078953e-01 4.586186647100771174e-01
1.403636901051666432e+18 4.077173513535511162e+00 -1.017280919749874002e+00 9.421303797257263302e-01 -6.427819331557640403e-01 -5.073943536964915513e-01 3.637725962891869558e-01 4.439052313664293425e-01
1.403636901751666432e+18 3.967284958914762960e+00 -7.193410345497461833e-01 9.275330088265040240e-01 -6.360170504609187203e-01 -5.100709467894702920e-01 3.602163940249987761e-01 4.533807343060722861e-01
1.403636903251666432e+18 3.696359177918703498e+00 8.698810700081383018e-02 9.121376743131384135e-01 -6.424722046622810545e-01 -5.136982898452131518e-01 3.606004738254594555e-01 4.396712766639930825e-01
1.403636904351666432e+18 3.542423918755169154e+00 4.612602090388162601e-01 1.055270427592128746e+00 -6.389491709847121559e-01 -5.084719550059066950e-01 3.577263730323135271e-01 4.530254627585142968e-01
1.403636905151666432e+18 3.233070073806857181e+00 1.023108773055863452e+00 1.098686565743235644e+00 -6.338970405616310977e-01 -5.308755826645202847e-01 3.458391628187589828e-01 4.435548795342373896e-01
1.403636906551666432e+18 2.574053341351955293e+00 1.441008715807897467e+00 1.136400710148116389e+00 -6.379628384023602328e-01 -5.255656377745034913e-01 3.690675687579040298e-01 4.249391802357287973e-01
1.403636908051666432e+18 2.177691916190547694e+00 1.726425869353513276e+00 1.164813986094310305e+00 -6.182015165644210164e-01 -5.344131481421674490e-01 3.704905508925221969e-01 4.415497975422282839e-01
1.403636909651666432e+18 1.279778067165925570e+00 2.325581402812299636e+00 1.202000473794446966e+00 -6.138696582631409937e-01 -5.321430393937340853e-01 3.747018147714799019e-01 4.467509130328140010e-01
1.403636910051666432e+18 6.089678498307535826e-01 2.679418199889424201e+00 1.054298635021973629e+00 -6.160386228687506627e-01 -5.378863177148132113e-01 3.748101483191871863e-01 4.366830395906403095e-01
1.403636911351666432e+18 1.501513100838898218e-01 2.895763035133809282e+00 1.074728984429587086e+00 -6.184297886055228899e-01 -5.352874900798912927e-01 3.759576186017289379e-01 4.355086319978229148e-01
1.403636913251666432e+18 -7.184401574777217192e-01 3.670456571135745527e+00 8.738907046637836018e-01 -6.199128118794847708e-01 -5.297788056181517158e-01 3.730453552632599368e-01 4.425829704156982736e-01
1.403636915351666432e+18 -1.338714345817643370e+00 4.660779008619871711e+00 9.471080538174776464e-01 -6.172631944664246362e-01 -5.298915452747702259e-01 3.690560325081711501e-01 4.494427036594864644e-01
1.403636916551666432e+18 -1.481337094297824564e+00 4.906033829197551377e+00 1.000851189452489187e+00 -6.348882104074372590e-01 -5.087527084792453635e-01 3.455009094883561560e-01 4.676716406234102674e-01
1.403636917051666432e+18 -1.648450500618683812e+00 5.115907916018667123e+00 8.466690817410569281e-01 -6.752045103010742011e-01 -4.504233904214376971e-01 3.113357463273062065e-01 4.942546830219839982e-01
1.403636917851666432e+18 -1.951864233916446256e+00 5.236878039389953443e+00 1.084821706085858484e+00 -7.106860207263873130e-01 -3.858193051849579946e-01 2.979695770137771871e-01 5.072306919587179497e-01
1.403636919851666432e+18 -1.467217101223944997e+00 5.455998000376851564e+00 1.083419021577243679e+00 -7.290254599506001965e-01 -3.948578808565649245e-01 2.681114540439750726e-01 4.906377287568741141e-01
1.403636922151666432e+18 -1.266651890680581261e+00 5.557937166033292797e+00 9.279390419548692037e-01 -7.442025035644621589e-01 -3.183116723334269427e-01 2.364289022548563268e-01 5.375329637550123607e-01
1.403636925551666432e+18 -1.869369451757872724e+00 6.932227353343102472e+00 5.773030246939780952e-01 -7.727452533854306527e-01 -2.614570312337486380e-01 1.990412195150690344e-01 5.430355302580813781e-01
1.403636927151666432e+18 -1.877009090372810718e+00 7.174033802405044291e+00 5.195804379743989010e-01 -8.017957633121579608e-01 -1.907961628657597331e-01 1.296089310262025229e-01 5.512911237890754101e-01
1.403636927651666432e+18 -2.121978154935824090e+00 8.297357812854867731e+00 4.028117997645428439e-01 -7.945487755378886074e-01 -1.751630205440423971e-01 1.170310619677299019e-01 5.694856363946638744e-01
1.403636929651666432e+18 -2.192204801542847470e+00 9.102172099365350988e+00 5.970567401299389232e-01 -7.911490299271176641e-01 -1.795212679612943618e-01 1.193880294060110231e-01 5.723651153149527104e-01
1.403636931151666432e+18 -1.924375850795045917e+00 9.425133582901750628e+00 6.304179240843930110e-01 -7.840240507748803545e-01 -1.550524224796974437e-01 7.168429221069812229e-02 5.967632665806236192e-01
1.403636933251666432e+18 -1.446055309642765074e+00 8.599533803989535485e+00 6.902012126577998785e-01 -8.095909523784806661e-01 -3.017118977026667787e-02 1.790676874294670068e-02 5.859449946607085957e-01
1.403636934351666432e+18 -1.386449804580641931e+00 8.432817453066828506e+00 6.325106094786954181e-01 -8.087215931859237372e-01 6.530305285178367170e-02 -3.338528046540672339e-02 5.836011643676738414e-01
1.403636934651666432e+18 -1.219947362461348384e+00 8.068480420563760802e+00 7.848499878422572351e-01 -8.047318491048048861e-01 1.157373283968026051e-01 -8.241594458865054984e-02 5.763845365114269592e-01
1.403636937351666432e+18 -4.351573038209819444e-01 7.501369839765045455e+00 6.448566496455763186e-01 -7.998431568139420245e-01 1.053055621571040296e-01 -1.159141977388847417e-01 5.794182960860269072e-01
1.403636939851666432e+18 1.231135709083024388e-01 6.533462903416072720e+00 4.875883085446228726e-01 -7.924225435041788446e-01 1.566772759005238824e-01 -1.074593270047951854e-01 5.796302587015580432e-01
1.403636940351666432e+18 2.693400710838655954e-01 6.239869901685056952e+00 4.086350657457322733e-01 -7.921672869503246783e-01 1.759999682333752979e-01 -1.151286491070616924e-01 5.729226778740702519e-01
1.403636940751666432e+18 4.377367399346967503e-01 5.935534774828883364e+00 3.984463250960530445e-01 -8.066253276548279727e-01 1.741309899414693052e-01 -1.282852605797730194e-01 5.500698783297676142e-01
1.403636941251666432e+18 6.993279429089764854e-01 5.545943293110687122e+00 4.998601266314295355e-01 -7.958752986318591294e-01 1.619217691505546730e-01 -1.294087654339987070e-01 5.688736425003814157e-01
1.403636942551666432e+18 1.180706281693812532e+00 4.801471942821099681e+00 5.433894763686379914e-01 -8.031581748155478540e-01 1.731411944794677416e-01 -1.142349276060656976e-01 5.584885444805632870e-01
1.403636943551666432e+18 1.694611130712666558e+00 4.155810699359084204e+00 4.985642651423471960e-01 -7.906114520431480885e-01 1.717566967191523908e-01 -1.412216638025722559e-01 5.705169679362596113e-01
1.403636944051666432e+18 1.833441527035510887e+00 3.927030526475279615e+00 3.927066475957234903e-01 -8.238880729382578316e-01 1.526409009205728917e-01 -1.143984199836759752e-01 5.336873617966594319e-01
1.403636944551666432e+18 2.084775606426082284e+00 3.478220849680967675e+00 4.552284079797572769e-01 -8.175488583696123301e-01 1.206724798502313151e-01 -1.077918990261871046e-01 5.526598622024824214e-01
1.403636946851666432e+18 1.944733979281726199e+00 3.236624805222477974e+00 3.433105625453958254e-03 -8.145774006590803529e-01 1.563908223895754956e-01 -9.486041412956394692e-02 5.504607804730288212e-01
1.403636949851666432e+18 1.702147976835615584e+00 4.363038037021063076e+00 -3.667772691528310425e-01 -8.097870311483489347e-01 1.103125545395215040e-01 -1.168364179283719884e-01 5.642919066764776614e-01
1.403636951751666432e+18 1.480964383395001249e+00 4.974237707312999746e+00 -3.628358387146191077e-01 -8.130901275235481451e-01 1.120750732925267362e-01 -1.112040544827575250e-01 5.603189098511763833e-01
1.403636952151666432e+18 1.401410089356959432e+00 5.216113266927942860e+00 -3.773249066244444005e-01 -8.023172810325615023e-01 1.204323176759625746e-01 -9.924448143211812845e-02 5.761367635561746026e-01
1.403636952651666432e+18 1.253430832251075877e+00 5.513785903442793845e+00 -4.849092409372262047e-01 -8.111142231990327023e-01 1.198991495701070692e-01 -9.811536800669005964e-02 5.639958203901042078e-01
1.403636953151666432e+18 1.151589556540289383e+00 5.745439822670943109e+00 -5.984041795577283995e-01 -8.136126793317535189e-01 1.248979957712685329e-01 -9.120914434187882280e-02 5.604603381786685823e-01
1.403636953751666432e+18 1.081668611740404184e+00 6.008463206571751591e+00 -5.957964367808832318e-01 -8.174192747986921415e-01 1.050189902611672055e-01 -1.080078965039784344e-01 5.559955352022989405e-01
1.403636954151666432e+18 9.847849814203399887e-01 6.262872491375309991e+00 -5.591346898723914549e-01 -8.178259169548661722e-01 1.102397012732191928e-01 -1.005619376020553540e-01 5.557834780972207289e-01
1.403636954551666432e+18 8.688607967776600383e-01 6.551486274160417622e+00 -5.204908649828092759e-01 -8.150757937864095970e-01 1.170482863949564162e-01 -1.077871486845277255e-01 5.570754703035465383e-01
1.403636955351666432e+18 5.323847397694136951e-01 7.224901886064939660e+00 -6.460004643937564683e-01 -8.019853921647137618e-01 1.417260069315202931e-01 -1.318181935273124716e-01 5.651169202641636025e-01
1.403636955851666432e+18 3.370527817136896864e-01 7.500568423407727892e+00 -6.542831202915446731e-01 -7.988632869168976747e-01 1.612089631999813477e-01 -1.141238884678533599e-01 5.681591828715736314e-01
1.403636956551666432e+18 5.472149257904668218e-02 7.895902044448728674e+00 -6.675544813756866258e-01 -7.951744402886812280e-01 1.393450622882526357e-01 -9.533643411482009555e-02 5.824015173896235353e-01
1.403636956851666432e+18 -5.413487924321547240e-02 8.013139237992852770e+00 -6.798916993229604522e-01 -8.084012544488256014e-01 6.850847463139872473e-02 -4.762683525617799479e-02 5.826883260137661891e-01
1.403636957151666432e+18 -1.709480115924133514e-01 8.122400820804838162e+00 -6.353135849727715723e-01 -8.142686116554174180e-01 -1.542634605233040614e-02 -6.127338104780531876e-03 5.802509040475356539e-01
1.403636957651666432e+18 -3.056214624657807022e-01 8.227423151865210116e+00 -7.005919150194188649e-01 -8.120091619720138931e-01 -8.255926648015471381e-02 5.978262493009191270e-02 5.746748003421017215e-01
1.403636958051666432e+18 -3.803705149905303173e-01 8.292804695512025148e+00 -7.071772752061240563e-01 -7.988107726478966830e-01 -1.773953837880290763e-01 1.233528728472481628e-01 5.614412668059756140e-01
1.403636958651666432e+18 -8.216907417133114677e-01 8.720799981693403424e+00 -8.362533343926812357e-01 -7.802366371630660158e-01 -2.175850893829831545e-01 1.107283651355753518e-01 5.758704264511870230e-01
1.403636960851666432e+18 -1.019799193364923084e+00 8.689369991645303770e+00 -9.092134296096718860e-01 -7.684690307616302007e-01 -2.721127386614871080e-01 1.802188920409567296e-01 5.503918214962464361e-01
1.403636961251666432e+18 -1.165051324510352870e+00 8.642976173652305860e+00 -8.729999778221535500e-01 -7.416326527335643792e-01 -3.394858050866678134e-01 2.280220914983840108e-01 5.317295575127789498e-01
1.403636961751666432e+18 -1.292719121404877214e+00 8.585145854177071101e+00 -7.610417016294888093e-01 -7.120273970069175284e-01 -3.956266573362490768e-01 2.690805964902770464e-01 5.138989847323461868e-01
1.403636962151666432e+18 -1.400678803377264359e+00 8.507135134421137224e+00 -6.814534792172097788e-01 -6.704749408842091141e-01 -4.629295828168201732e-01 3.162813827818021784e-01 4.859276097372863812e-01
1.403636964651666432e+18 -1.504603095115888411e+00 7.336328403546247046e+00 -2.773967200304072733e-01 -5.797049236094691249e-01 -5.625825542318156902e-01 3.733774744831023229e-01 4.561056158013908068e-01
1.403636965351666432e+18 -1.320651698187092826e+00 6.715530671940502572e+00 -1.270168447717980875e-01 -5.498582516036693013e-01 -6.350722262216118574e-01 3.984625314765128379e-01 3.681939456789184439e-01
1.403636965651666432e+18 -1.289100552494781393e+00 6.271110616881327537e+00 9.526104305889271373e-02 -5.334876956484865262e-01 -6.074655757234362907e-01 4.295030741977357569e-01 4.023724172422314393e-01
1.403636967551666432e+18 -5.373494277323818125e-01 4.913621405261750397e+00 5.886213123465910968e-02 -5.433186943086486531e-01 -5.893381981163258176e-01 4.275393862087223940e-01 4.179657377058750845e-01
1.403636969251666432e+18 6.484708686207314443e-01 4.069828937763945831e+00 1.720445363235234559e-02 -5.608999308715448828e-01 -6.002780918301584556e-01 4.100608588186396286e-01 3.961156044413798871e-01
1.403636969651666432e+18 9.767938533915367927e-01 3.825008669708301223e+00 8.588626034473323401e-02 -5.644505367714081068e-01 -6.010367512231804543e-01 4.047690738965128987e-01 3.953636453121514571e-01
1.403636970051666432e+18 1.246039117429138532e+00 3.574897233740574443e+00 7.616150244731811902e-02 -5.529180372994522141e-01 -5.898478547489690582e-01 4.218482910641370709e-01 4.103719917382612214e-01
1.403636970851666432e+18 1.681372423362568647e+00 3.071130239666972184e+00 9.622600482253185206e-02 -5.744635208275390426e-01 -6.106077794603883557e-01 3.986777137235358315e-01 3.717605189918050113e-01
1.403636971251666432e+18 1.755613931999769228e+00 2.816642593491089031e+00 4.400194915365807091e-02 -5.745731694723449356e-01 -5.833028390887253778e-01 4.379540452818332930e-01 3.712407912054043191e-01
1.403636972051666432e+18 1.930495270203018698e+00 2.676508677690188076e+00 -4.392754010629840167e-02 -5.747414711619820427e-01 -5.823530179713853894e-01 4.083563342329121770e-01 4.047002694316350069e-01
1.403636973551666432e+18 1.992198744276229228e+00 2.677471803727733857e+00 -2.125970940978647583e-01 -6.102142908840930691e-01 -5.435217816390904844e-01 3.822229896408634309e-01 4.314257505929524616e-01
1.403636974351666432e+18 2.008470148701007929e+00 2.692101333591292889e+00 -2.875072063597602368e-01 -6.658707550532041441e-01 -4.669599113668744250e-01 3.266315014863780397e-01 4.815355033410007035e-01
1.403636974751666432e+18 2.019670030154116613e+00 2.708481389923595550e+00 -3.244071793991835095e-01 -7.328070606020266053e-01 -3.767480146735714408e-01 2.691061471628902191e-01 4.986347630585790669e-01
1.403636975351666432e+18 1.958693210161446263e+00 2.828135620587739929e+00 -3.473922859670884877e-01 -7.662156272826022851e-01 -2.696940421142983713e-01 2.308876203112637804e-01 5.356021311971984611e-01
1.403636978051666432e+18 2.256812645503261994e+00 3.470463482264114496e+00 -6.913609940778316920e-01 -7.960800643736055671e-01 -2.130189072405701267e-01 1.426980569584683500e-01 5.481940722091285245e-01
1.403636978851666432e+18 2.290482408194945307e+00 4.065416781386671730e+00 -8.072926040321233288e-01 -8.061448514924814956e-01 -2.146190736086605877e-01 1.334307821467187183e-01 5.350377164567374777e-01
1.403636980651666432e+18 1.812452252147870979e+00 4.984926260850359725e+00 -8.999010679550319969e-01 -7.919965462174799464e-01 -1.969538109921338820e-01 1.463351813725873030e-01 5.590498026186127012e-01
1.403636981751666432e+18 1.561380056335008426e+00 5.394096378269734871e+00 -9.483838374234239144e-01 -8.182187321712457440e-01 -1.977890460296548858e-01 1.144516497753556572e-01 5.275399695363923724e-01
1.403636984051666432e+18 6.008480414540464665e-01 7.033913294180018205e+00 -9.650187438948507612e-01 -8.007109240335019695e-01 -1.904543525764063605e-01 1.130693779708567687e-01 5.566008187951226871e-01
1.403636984651666432e+18 2.126082193824574418e-01 7.476046866887023690e+00 -9.893768225307653097e-01 -7.963114943054038219e-01 -1.829827612979869622e-01 1.224617768202991980e-01 5.633901191207331127e-01
1.403636985351666432e+18 -2.560605506575868162e-01 7.903849596998506755e+00 -1.011780773270188893e+00 -7.886518696439854814e-01 -2.132153391632201078e-01 1.223891109118676046e-01 5.635497787975447537e-01
1.403636985851666432e+18 -7.808195997602647154e-01 8.128005685732528462e+00 -1.016156460615450952e+00 -7.778766327518591428e-01 -2.284357524848106280e-01 1.325645225499534618e-01 5.702207454718132285e-01
1.403636986651666432e+18 -1.292426504882190130e+00 8.136822669386303275e+00 -9.800269896961990579e-01 -7.855629676431769015e-01 -2.130761212658000281e-01 1.536065005127242311e-01 5.602628253009487302e-01
1.403636988051666432e+18 -1.940397367592065159e+00 7.879528653267740879e+00 -7.667191967920419238e-01 -7.695066573805792176e-01 -2.039286058017450998e-01 1.869428298270807975e-01 5.756083793335250443e-01
1.403636990551666432e+18 -5.023036333935859687e-01 6.451534246738772183e+00 -4.962546043002824536e-01 -7.813152924200110760e-01 -2.336670700994847583e-01 1.529236082653634421e-01 5.581760333594205648e-01
1.403636991651666432e+18 1.239543475045454812e-01 5.712161773561089007e+00 -3.799946939913811939e-01 -7.840855272243354435e-01 -2.128556010541670929e-01 1.469923203589734717e-01 5.641769552655355735e-01
1.403636992651666432e+18 5.640334272324336595e-01 5.159256150325074231e+00 -3.033002537614335470e-01 -7.812498822899107687e-01 -2.209564176957644899e-01 1.570246846360827120e-01 5.622900775542765128e-01
1.403636993551666432e+18 7.997842557020438115e-01 4.732849664022855229e+00 -1.681576964903499505e-01 -7.464044284465735091e-01 -2.962456901136553689e-01 2.093188955167201715e-01 5.579467002000175757e-01
1.403636994751666432e+18 1.418156212623117973e+00 3.801341155528889182e+00 -9.469348645813191467e-02 -7.508542674559871566e-01 -2.943988304311369597e-01 2.133814161808186005e-01 5.513760684982436100e-01
1.403636996051666432e+18 2.176612923592993631e+00 2.964128072214127663e+00 1.457094597762391697e-01 -7.489099501042872919e-01 -3.288857808231017144e-01 2.270714337419004747e-01 5.285892486473503515e-01
1.403636996851666432e+18 2.446764434261985866e+00 2.663217931888055112e+00 1.645817383638901177e-01 -7.119199004629624961e-01 -4.101198681812823765e-01 2.847016625164314751e-01 4.938792488130606673e-01
1.403636997351666432e+18 2.786229968634538423e+00 2.262254452730485532e+00 2.972698479354348722e-01 -7.056018684242820749e-01 -4.267500723696818210e-01 2.876020834194383813e-01 4.871297780072899597e-01
1.403636998751666432e+18 2.918770138261951530e+00 1.814324113513453796e+00 6.391323645995511393e-01 -6.938741915180013375e-01 -4.098334287666550724e-01 2.931497608463364823e-01 5.144301553431165352e-01
1.403637000651666432e+18 3.241816022114352158e+00 9.972770381229025816e-01 7.130668731620660727e-01 -6.964263255913513140e-01 -4.076321401354041640e-01 2.907921279648739143e-01 5.140684289718826516e-01
1.403637001851666432e+18 3.655876129297719324e+00 2.517877472271654593e-01 7.634742886102208193e-01 -7.054308260499694283e-01 -4.091930659720121599e-01 2.812621726683851575e-01 5.057864911647421691e-01
1.403637003151666432e+18 3.863803184260437895e+00 -1.637444587932572748e-01 8.016718449207955732e-01 -7.078486929222551627e-01 -4.044578516120397316e-01 2.793046016724955449e-01 5.072997276583109949e-01
1.403637003551666432e+18 4.046410188305680222e+00 -5.726902456582252388e-01 8.166727474584116742e-01 -7.102461433805022928e-01 -3.976191499468219037e-01 2.819926756814052915e-01 5.078676582247895199e-01
1.403637004051666432e+18 4.155394979891727125e+00 -7.905004421722008345e-01 7.933042049492174952e-01 -7.110131062086342268e-01 -4.095300330828164359e-01 2.748095686431632489e-01 5.012237182984216055e-01
1.403637005051666432e+18 4.399843216837174609e+00 -1.256393269059605133e+00 8.155004893379903530e-01 -7.201820233173937824e-01 -3.952597696398680305e-01 2.722405233541808078e-01 5.009916818057414956e-01
1.403637005651666432e+18 4.530134523721648598e+00 -1.452402751200611908e+00 7.937696914293991268e-01 -7.126225162751063102e-01 -3.985760449744967238e-01 2.811202420371085031e-01 5.042595514090153497e-01
1.403637007151666432e+18 4.619029145723762220e+00 -1.564844509180972842e+00 6.973606773068311560e-01 -6.522728449622158253e-01 -4.916963364486143795e-01 3.363631417934677126e-01 4.686519873965500627e-01
1.403637007851666432e+18 4.642388160999067814e+00 -1.614935782740448911e+00 6.508996762973610073e-01 -6.619199361175460705e-01 -4.820844746245238066e-01 3.354974942025506501e-01 4.657230817556174962e-01
1.403637008351666432e+18 4.616303016504033074e+00 -1.665701731042644740e+00 6.564476144035750194e-01 -6.699132244350131105e-01 -4.638285666140601893e-01 3.435094633322155477e-01 4.669909861239755489e-01
1.403637009051666432e+18 4.587196189940427438e+00 -1.634165076046409482e+00 5.929872365680647350e-01 -6.689683921605827921e-01 -4.732605965251673319e-01 3.232683918569041470e-01 4.732898106794380388e-01
1.403637009351666432e+18 4.585115139529121642e+00 -1.605465194424031017e+00 5.661303587959706229e-01 -6.412383477706642410e-01 -4.768331017495672230e-01 3.709605419814908656e-01 4.731087091959248481e-01
