1.403636858651666403e+09 -0.000000000000000000e+00 -0.000000000000000000e+00 -0.000000000000000000e+00 -0.000000000000000000e+00 -0.000000000000000000e+00 -0.000000000000000000e+00 1.000000000000000000e+00
1.403636858851666451e+09 9.669736959040164948e-03 -9.820069186389446259e-03 -5.349566694349050522e-03 -5.573772359639406204e-03 7.859289646148681641e-03 -5.554154049605131149e-04 9.999534487724304199e-01
1.403636858951666594e+09 1.886131800711154938e-02 -2.317235805094242096e-02 -9.800055995583534241e-03 -7.286304607987403870e-03 1.291430834680795670e-02 2.629163209348917007e-04 9.998900294303894043e-01
1.403636859051666498e+09 2.929298393428325653e-02 -3.986617177724838257e-02 -1.466510072350502014e-02 -9.233840741217136383e-03 1.796716265380382538e-02 -1.446634414605796337e-04 9.997959733009338379e-01
1.403636859151666403e+09 3.993184864521026611e-02 -5.556438863277435303e-02 -2.061261609196662903e-02 -1.484068203717470169e-02 2.159217558801174164e-02 -1.511411624960601330e-03 9.996556043624877930e-01
1.403636859351666451e+09 5.571895465254783630e-02 -9.210263937711715698e-02 -3.282243013381958008e-02 -1.826834119856357574e-02 3.231528401374816895e-02 -3.476124722510576248e-03 9.993047118186950684e-01
1.403636859451666594e+09 5.994134023785591125e-02 -1.232044026255607605e-01 -4.100307077169418335e-02 -1.740903407335281372e-02 3.739958629012107849e-02 -4.432707559317350388e-03 9.991388916969299316e-01
1.403636859551666498e+09 6.350489705801010132e-02 -1.623335182666778564e-01 -4.930175095796585083e-02 -2.422313578426837921e-02 4.242704808712005615e-02 -6.237780675292015076e-03 9.987863898277282715e-01
1.403636859651666403e+09 6.627676635980606079e-02 -2.064011693000793457e-01 -5.616507679224014282e-02 -2.328165620565414429e-02 5.209943279623985291e-02 -1.121641509234905243e-02 9.983074665069580078e-01
1.403636859751666546e+09 6.683437526226043701e-02 -2.517228424549102783e-01 -6.307262182235717773e-02 -1.270959246903657913e-02 5.911107361316680908e-02 -1.461553480476140976e-02 9.980635046958923340e-01
1.403636859951666594e+09 6.491284817457199097e-02 -3.304924964904785156e-01 -8.055910468101501465e-02 -3.543153798091225326e-05 6.996627897024154663e-02 -2.414688095450401306e-02 9.972571134567260742e-01
1.403636860351666451e+09 8.164234459400177002e-02 -2.591897249221801758e-01 -6.660376489162445068e-02 -3.345399722456932068e-02 7.259122282266616821e-02 -9.030024521052837372e-03 9.967597126960754395e-01
1.403636860451666594e+09 8.570610731840133667e-02 -2.025332450866699219e-01 -5.573785305023193359e-02 -5.601644515991210938e-02 7.322092354297637939e-02 -2.241075038909912109e-03 9.957388639450073242e-01
1.403636860551666498e+09 8.795031905174255371e-02 -1.524618715047836304e-01 -4.725059866905212402e-02 -7.720030099153518677e-02 7.052717357873916626e-02 5.058912560343742371e-03 9.945051670074462891e-01
1.403636860651666403e+09 8.834508061408996582e-02 -2.392549514770507812e-01 -8.164148032665252686e-02 -6.552648544311523438e-02 5.957608297467231750e-02 -1.260839868336915970e-02 9.959909915924072266e-01
1.403636861251666546e+09 8.844722062349319458e-02 -3.568798899650573730e-01 -1.070374101400375366e-01 -1.897181011736392975e-02 6.021933257579803467e-02 -1.541724521666765213e-02 9.978857636451721191e-01
1.403636861451666594e+09 9.722611308097839355e-02 -2.256178110837936401e-01 -6.945383548736572266e-02 -4.514451697468757629e-02 5.673458427190780640e-02 -9.027360938489437103e-03 9.973272681236267090e-01
1.403636862051666498e+09 9.086061269044876099e-02 -1.264092773199081421e-01 -4.851370304822921753e-02 -7.695634663105010986e-02 5.136706307530403137e-02 2.180631738156080246e-03 9.957080483436584473e-01
1.403636862251666546e+09 9.142460674047470093e-02 -2.523207068443298340e-01 -7.902105897665023804e-02 -7.268048822879791260e-02 6.488745659589767456e-02 -1.869679801166057587e-02 9.950666427612304688e-01
1.403636862751666546e+09 8.751662820577621460e-02 -3.849881887435913086e-01 -1.066745445132255554e-01 -5.268809944391250610e-02 7.314979285001754761e-02 -1.025256700813770294e-02 9.958754777908325195e-01
1.403636863051666498e+09 9.661696106195449829e-02 -2.300351858139038086e-01 -6.722995638847351074e-02 -4.550061747431755066e-02 8.376864343881607056e-02 -1.830554567277431488e-02 9.952775835990905762e-01
1.403636863651666403e+09 9.846737235784530640e-02 -1.211232244968414307e-01 -4.725532978773117065e-02 -7.444809377193450928e-02 7.259930670261383057e-02 1.203982741571962833e-03 9.945780634880065918e-01
1.403636863851666451e+09 9.739702194929122925e-02 -2.202509790658950806e-01 -8.192142099142074585e-02 -8.490920811891555786e-02 6.767018884420394897e-02 -7.303805556148290634e-03 9.940612912178039551e-01
1.403636864251666546e+09 8.989871293306350708e-02 -3.536162078380584717e-01 -1.127662286162376404e-01 -7.266905903816223145e-02 7.156673073768615723e-02 -1.086638215929269791e-02 9.947257637977600098e-01
1.403636864451666594e+09 9.283663332462310791e-02 -2.286627739667892456e-01 -6.316369771957397461e-02 -6.191960722208023071e-02 8.508888632059097290e-02 -5.839424207806587219e-03 9.944304227828979492e-01
1.403636865251666546e+09 9.512066841125488281e-02 -1.343060582876205444e-01 -3.781118243932723999e-02 -7.391563057899475098e-02 7.470158487558364868e-02 1.230991166085004807e-02 9.943865537643432617e-01
1.403636865751666546e+09 8.313529193401336670e-02 -2.274576276540756226e-01 -6.373587995767593384e-02 -8.493664860725402832e-02 6.895806640386581421e-02 2.601972781121730804e-03 9.939938783645629883e-01
1.403636865851666451e+09 7.303973287343978882e-02 -3.572274744510650635e-01 -9.457789361476898193e-02 -4.698313772678375244e-02 6.799460202455520630e-02 6.196221336722373962e-03 9.965595602989196777e-01
1.403636866051666498e+09 9.098126739263534546e-02 -2.451891303062438965e-01 -8.248835057020187378e-02 -6.474357098340988159e-02 7.047738134860992432e-02 -1.590067404322326183e-03 9.954088330268859863e-01
1.403636867151666403e+09 8.279237151145935059e-02 -2.073286771774291992e-01 -1.159659028053283691e-01 -1.078544408082962036e-01 4.918817803263664246e-02 4.926816560328006744e-03 9.929369688034057617e-01
1.403636867651666403e+09 7.885266840457916260e-02 -1.966437697410583496e-01 -1.454973369836807251e-01 -2.313275039196014404e-01 5.244831740856170654e-02 7.888883352279663086e-03 9.714291691780090332e-01
1.403636867851666451e+09 2.499290555715560913e-02 -2.024152725934982300e-01 -1.997584551572799683e-01 -2.530755102634429932e-01 6.110012903809547424e-02 2.136756479740142822e-02 9.652787446975708008e-01
1.403636869751666546e+09 9.566776454448699951e-02 -2.034284472465515137e-01 -1.887113451957702637e-01 -2.576881051063537598e-01 6.655640155076980591e-02 2.233979664742946625e-02 9.636742472648620605e-01
1.403636869951666594e+09 1.803364753723144531e-01 -2.125154584646224976e-01 -1.764737516641616821e-01 -2.481620460748672485e-01 8.158253878355026245e-02 3.044122271239757538e-02 9.647970199584960938e-01
1.403636870151666403e+09 2.296607345342636108e-01 -2.164558768272399902e-01 -1.699409484863281250e-01 -2.529845237731933594e-01 9.058747440576553345e-02 3.369321674108505249e-02 9.626305103302001953e-01
1.403636870251666546e+09 2.804633378982543945e-01 -2.217587232589721680e-01 -1.644554734230041504e-01 -2.567014694213867188e-01 9.650386869907379150e-02 3.328399732708930969e-02 9.610846042633056641e-01
1.403636870351666451e+09 3.305997252464294434e-01 -2.275209426879882812e-01 -1.589681059122085571e-01 -2.508977055549621582e-01 1.016671359539031982e-01 3.512203320860862732e-02 9.620190262794494629e-01
1.403636870451666594e+09 3.793658912181854248e-01 -2.306278049945831299e-01 -1.535379737615585327e-01 -2.450546324253082275e-01 1.088961064815521240e-01 3.283828124403953552e-02 9.628143310546875000e-01
1.403636870551666498e+09 4.529425501823425293e-01 -2.280600219964981079e-01 -1.468283534049987793e-01 -2.559380233287811279e-01 1.214302703738212585e-01 4.037126898765563965e-02 9.581861495971679688e-01
1.403636870751666546e+09 5.031741261482238770e-01 -2.228229939937591553e-01 -1.373450458049774170e-01 -2.321987152099609375e-01 1.228433474898338318e-01 4.779809340834617615e-02 9.636952877044677734e-01
1.403636871451666594e+09 4.539537131786346436e-01 -2.197454273700714111e-01 -1.387443989515304565e-01 -2.460874617099761963e-01 1.260871440172195435e-01 4.917871952056884766e-02 9.597523212432861328e-01
1.403636871551666498e+09 3.729852437973022461e-01 -2.208734452724456787e-01 -1.393460631370544434e-01 -2.480971068143844604e-01 1.182111129164695740e-01 4.947015270590782166e-02 9.602222442626953125e-01
1.403636871751666546e+09 3.211101591587066650e-01 -2.222017049789428711e-01 -1.400673836469650269e-01 -2.492289245128631592e-01 1.089162006974220276e-01 5.225666984915733337e-02 9.608805179595947266e-01
1.403636871851666451e+09 2.673391401767730713e-01 -2.211754024028778076e-01 -1.390355080366134644e-01 -2.495188713073730469e-01 1.017448082566261292e-01 4.948288574814796448e-02 9.617378711700439453e-01
1.403636871951666594e+09 2.107258290052413940e-01 -2.192660421133041382e-01 -1.355721950531005859e-01 -2.456714212894439697e-01 9.384076297283172607e-02 4.787944629788398743e-02 9.636114835739135742e-01
1.403636872051666498e+09 1.526518762111663818e-01 -2.172293663024902344e-01 -1.301229149103164673e-01 -2.386329621076583862e-01 8.224935084581375122e-02 4.922110587358474731e-02 9.663677811622619629e-01
1.403636872151666403e+09 9.809051454067230225e-02 -2.132305502891540527e-01 -1.247035041451454163e-01 -2.346359193325042725e-01 7.281920313835144043e-02 4.731404408812522888e-02 9.681966900825500488e-01
1.403636872251666546e+09 4.897482693195343018e-02 -2.073930054903030396e-01 -1.207749098539352417e-01 -2.378723919391632080e-01 6.498362123966217041e-02 4.455360397696495056e-02 9.680954813957214355e-01
1.403636872351666451e+09 6.127255037426948547e-03 -2.001861333847045898e-01 -1.186923086643218994e-01 -2.460960298776626587e-01 5.589808523654937744e-02 4.175359755754470825e-02 9.667310714721679688e-01
1.403636872451666594e+09 6.058467179536819458e-02 -1.993973255157470703e-01 -1.162566766142845154e-01 -2.477017492055892944e-01 6.317535787820816040e-02 3.521418944001197815e-02 9.661328792572021484e-01
1.403636873151666403e+09 1.129778847098350525e-01 -2.008880376815795898e-01 -1.148564070463180542e-01 -2.480789721012115479e-01 7.001905143260955811e-02 3.788891807198524475e-02 9.654629230499267578e-01
1.403636873251666546e+09 1.709638833999633789e-01 -2.037349641323089600e-01 -1.136917695403099060e-01 -2.492907345294952393e-01 7.809095084667205811e-02 4.209698736667633057e-02 9.643567204475402832e-01
1.403636873351666451e+09 2.308444231748580933e-01 -2.070028632879257202e-01 -1.128179877996444702e-01 -2.502449154853820801e-01 8.672175556421279907e-02 4.590052738785743713e-02 9.631978273391723633e-01
1.403636873451666594e+09 2.898769378662109375e-01 -2.084766775369644165e-01 -1.129841282963752747e-01 -2.512152493000030518e-01 9.324669092893600464e-02 4.987235367298126221e-02 9.621375799179077148e-01
1.403636873551666498e+09 3.454484045505523682e-01 -2.076984345912933350e-01 -1.148279011249542236e-01 -2.547787725925445557e-01 1.012100055813789368e-01 5.148657783865928650e-02 9.603090882301330566e-01
1.403636873651666403e+09 3.938417732715606689e-01 -2.040417194366455078e-01 -1.170096546411514282e-01 -2.586495876312255859e-01 1.106621697545051575e-01 5.225295946002006531e-02 9.581878185272216797e-01
1.403636873751666546e+09 4.677781462669372559e-01 -1.923989355564117432e-01 -1.229691654443740845e-01 -2.618480920791625977e-01 1.177898123860359192e-01 5.706223845481872559e-02 9.561930894851684570e-01
1.403636874351666451e+09 4.236265420913696289e-01 -1.922969371080398560e-01 -1.180377677083015442e-01 -2.668989300727844238e-01 1.123111620545387268e-01 5.486757308244705200e-02 9.555839896202087402e-01
1.403636874451666594e+09 3.837986886501312256e-01 -1.933930069208145142e-01 -1.142560020089149475e-01 -2.676631808280944824e-01 1.037184670567512512e-01 5.433231592178344727e-02 9.563717842102050781e-01
1.403636874551666498e+09 3.358587026596069336e-01 -1.943663656711578369e-01 -1.094243600964546204e-01 -2.638267278671264648e-01 9.835650026798248291e-02 5.162695795297622681e-02 9.581525325775146484e-01
1.403636874651666403e+09 2.794488966464996338e-01 -1.936749219894409180e-01 -1.052440628409385681e-01 -2.603767216205596924e-01 9.087858349084854126e-02 4.906418547034263611e-02 9.599675536155700684e-01
1.403636874751666546e+09 2.199829220771789551e-01 -1.909874379634857178e-01 -1.005367785692214966e-01 -2.586823105812072754e-01 8.206904679536819458e-02 4.701946675777435303e-02 9.613206386566162109e-01
1.403636874851666451e+09 1.629560887813568115e-01 -1.859976202249526978e-01 -9.471757709980010986e-02 -2.588734328746795654e-01 7.281892001628875732e-02 4.808732494711875916e-02 9.619613289833068848e-01
1.403636874951666594e+09 1.124114319682121277e-01 -1.815521419048309326e-01 -8.924228698015213013e-02 -2.608456015586853027e-01 6.409657001495361328e-02 4.973985254764556885e-02 9.619652032852172852e-01
1.403636875051666498e+09 7.407985627651214600e-02 -1.788520216941833496e-01 -8.203256130218505859e-02 -2.544374763965606689e-01 6.204351037740707397e-02 4.986927285790443420e-02 9.638077020645141602e-01
1.403636875151666403e+09 4.644841887056827545e-03 -1.711169481277465820e-01 -6.335223466157913208e-02 -2.121649384498596191e-01 1.128411665558815002e-01 8.156005293130874634e-02 9.672646522521972656e-01
1.403636875551666498e+09 -2.312995493412017822e-02 -1.576896309852600098e-01 -9.533377736806869507e-02 -2.173068821430206299e-01 1.323473006486892700e-01 1.191668584942817688e-01 9.597193598747253418e-01
1.403636875651666403e+09 -1.242390181869268417e-02 -1.366123706102371216e-01 -1.647064685821533203e-01 -2.178518027067184448e-01 1.541209071874618530e-01 1.361172348260879517e-01 9.540752172470092773e-01
1.403636875851666451e+09 6.140090525150299072e-03 -1.242279857397079468e-01 -2.025398910045623779e-01 -2.174370735883712769e-01 1.730745285749435425e-01 1.417239457368850708e-01 9.500951170921325684e-01
1.403636875951666594e+09 3.212167695164680481e-02 -1.142525449395179749e-01 -2.394118010997772217e-01 -2.195943146944046021e-01 1.954980045557022095e-01 1.500657945871353149e-01 9.439486861228942871e-01
1.403636876051666498e+09 6.744789332151412964e-02 -1.087616160511970520e-01 -2.723065018653869629e-01 -2.158612608909606934e-01 2.229198068380355835e-01 1.568083316087722778e-01 9.376149177551269531e-01
1.403636876151666403e+09 1.110326722264289856e-01 -1.080030798912048340e-01 -2.963088750839233398e-01 -2.072449326515197754e-01 2.517102062702178955e-01 1.614674478769302368e-01 9.314611554145812988e-01
1.403636876251666546e+09 1.594726145267486572e-01 -1.097889393568038940e-01 -3.082026839256286621e-01 -2.023271620273590088e-01 2.740236818790435791e-01 1.673116683959960938e-01 9.251927733421325684e-01
1.403636876351666451e+09 2.135415971279144287e-01 -1.126706525683403015e-01 -3.072834014892578125e-01 -2.050092220306396484e-01 2.893974483013153076e-01 1.737672835588455200e-01 9.187085032463073730e-01
1.403636876451666594e+09 2.730501592159271240e-01 -1.180708557367324829e-01 -2.934623062610626221e-01 -2.092209905385971069e-01 3.021134138107299805e-01 1.758281588554382324e-01 9.132571220397949219e-01
1.403636876551666498e+09 3.331874012947082520e-01 -1.278376877307891846e-01 -2.678322792053222656e-01 -2.055828720331192017e-01 3.105985820293426514e-01 1.681561768054962158e-01 9.126815795898437500e-01
1.403636876651666403e+09 3.875338137149810791e-01 -1.431035250425338745e-01 -2.313786298036575317e-01 -1.967881619930267334e-01 3.106021583080291748e-01 1.541401445865631104e-01 9.170832037925720215e-01
1.403636876751666546e+09 4.269165694713592529e-01 -1.625500321388244629e-01 -1.867184042930603027e-01 -1.901878118515014648e-01 2.997313439846038818e-01 1.416243910789489746e-01 9.240846037864685059e-01
1.403636876851666451e+09 4.472372531890869141e-01 -1.813542097806930542e-01 -1.379382461309432983e-01 -1.871172487735748291e-01 2.818427979946136475e-01 1.252537518739700317e-01 9.326646924018859863e-01
1.403636876951666594e+09 4.459011554718017578e-01 -1.981522887945175171e-01 -8.625975251197814941e-02 -1.819634139537811279e-01 2.569041848182678223e-01 1.083479002118110657e-01 9.429476857185363770e-01
1.403636877051666498e+09 4.238589704036712646e-01 -2.114300131797790527e-01 -3.489564359188079834e-02 -1.771512329578399658e-01 2.232357114553451538e-01 9.158965200185775757e-02 9.541460871696472168e-01
1.403636877151666403e+09 3.834060132503509521e-01 -2.222088128328323364e-01 1.074597239494323730e-02 -1.757023930549621582e-01 1.829092949628829956e-01 7.338869571685791016e-02 9.645138978958129883e-01
1.403636877251666546e+09 3.274424672126770020e-01 -2.308345735073089600e-01 4.751539975404739380e-02 -1.769794672727584839e-01 1.402486115694046021e-01 5.839449912309646606e-02 9.724189639091491699e-01
1.403636877351666451e+09 2.616028785705566406e-01 -2.361307442188262939e-01 7.129241526126861572e-02 -1.795023977756500244e-01 1.006383970379829407e-01 4.370315745472908020e-02 9.776200056076049805e-01
1.403636877451666594e+09 1.919424682855606079e-01 -2.358365654945373535e-01 7.980398088693618774e-02 -1.842995285987854004e-01 6.378991901874542236e-02 2.995394542813301086e-02 9.803404211997985840e-01
1.403636877551666498e+09 1.251012533903121948e-01 -2.291530817747116089e-01 7.400180399417877197e-02 -1.931104063987731934e-01 3.295249491930007935e-02 2.312140911817550659e-02 9.803509712219238281e-01
1.403636877651666403e+09 6.606132537126541138e-02 -2.164048552513122559e-01 5.394545570015907288e-02 -2.048074305057525635e-01 1.145777665078639984e-02 2.070977166295051575e-02 9.785160422325134277e-01
1.403636877751666546e+09 1.812336780130863190e-02 -2.019565254449844360e-01 2.176286280155181885e-02 -2.151564359664916992e-01 -1.444698311388492584e-03 2.511499263346195221e-02 9.762555360794067383e-01
1.403636877851666451e+09 -1.722127571702003479e-02 -1.857857406139373779e-01 -1.814593002200126648e-02 -2.246976643800735474e-01 -6.562773487530648708e-04 3.184793889522552490e-02 9.739077687263488770e-01
1.403636877951666594e+09 -3.847346454858779907e-02 -1.675206124782562256e-01 -6.136505305767059326e-02 -2.348603457212448120e-01 1.046764105558395386e-02 3.885863721370697021e-02 9.711957573890686035e-01
1.403636878051666498e+09 -4.477826878428459167e-02 -1.474278122186660767e-01 -1.051005795598030090e-01 -2.415111958980560303e-01 2.999568730592727661e-02 4.539241641759872437e-02 9.688716530799865723e-01
1.403636878151666403e+09 -3.509489446878433228e-02 -1.289831697940826416e-01 -1.454222947359085083e-01 -2.420319467782974243e-01 5.729130655527114868e-02 5.504049360752105713e-02 9.670102596282958984e-01
1.403636878251666546e+09 -1.030628010630607605e-02 -1.131474524736404419e-01 -1.826856732368469238e-01 -2.381026148796081543e-01 8.464446663856506348e-02 6.606727838516235352e-02 9.652862548828125000e-01
1.403636878351666451e+09 2.709534205496311188e-02 -1.007889062166213989e-01 -2.148420959711074829e-01 -2.324371784925460815e-01 1.092396900057792664e-01 8.220373094081878662e-02 9.629549980163574219e-01
1.403636878451666594e+09 7.681372016668319702e-02 -9.283215552568435669e-02 -2.407857030630111694e-01 -2.279836982488632202e-01 1.359331309795379639e-01 9.590695798397064209e-02 9.593474268913269043e-01
1.403636878551666498e+09 1.343732327222824097e-01 -9.275747835636138916e-02 -2.573701739311218262e-01 -2.245754301548004150e-01 1.644319146871566772e-01 1.050314083695411682e-01 9.547231793403625488e-01
1.403636878651666403e+09 1.966320872306823730e-01 -1.001566797494888306e-01 -2.624737024307250977e-01 -2.204543352127075195e-01 1.910513043403625488e-01 1.098744347691535950e-01 9.501720666885375977e-01
1.403636878751666546e+09 2.593253552913665771e-01 -1.131542026996612549e-01 -2.569807469844818115e-01 -2.152618765830993652e-01 2.144238948822021484e-01 1.084757000207901001e-01 9.465293288230895996e-01
1.403636878851666451e+09 3.181567788124084473e-01 -1.291367113590240479e-01 -2.419887632131576538e-01 -2.091660648584365845e-01 2.289782464504241943e-01 1.082049012184143066e-01 9.445158839225769043e-01
1.403636878951666594e+09 3.697129487991333008e-01 -1.439989805221557617e-01 -2.199739515781402588e-01 -2.080126255750656128e-01 2.338373214006423950e-01 1.102141812443733215e-01 9.433470964431762695e-01
1.403636879051666498e+09 4.115087687969207764e-01 -1.591463387012481689e-01 -1.913012266159057617e-01 -2.089681923389434814e-01 2.339313030242919922e-01 1.117541491985321045e-01 9.429313540458679199e-01
1.403636879151666403e+09 4.405951499938964844e-01 -1.784173399209976196e-01 -1.559028327465057373e-01 -2.002263367176055908e-01 2.306551635265350342e-01 1.107330992817878723e-01 9.457514286041259766e-01
1.403636879251666546e+09 4.552916288375854492e-01 -2.180861532688140869e-01 -7.782517373561859131e-02 -1.750539690256118774e-01 2.130548954010009766e-01 9.272604435682296753e-02 9.567474126815795898e-01
1.403636879451666594e+09 4.023297131061553955e-01 -2.450327128171920776e-01 -1.636264286935329437e-02 -1.687587052583694458e-01 1.632436662912368774e-01 6.530715525150299072e-02 9.698489904403686523e-01
1.403636879651666403e+09 3.550347089767456055e-01 -2.543784677982330322e-01 2.007686533033847809e-03 -1.704323887825012207e-01 1.346950829029083252e-01 5.779974162578582764e-02 9.744071364402770996e-01
1.403636879751666546e+09 2.984608113765716553e-01 -2.612312138080596924e-01 9.665887802839279175e-03 -1.735892146825790405e-01 1.076102629303932190e-01 5.480130016803741455e-02 9.773861765861511230e-01
1.403636879851666451e+09 2.389824837446212769e-01 -2.610862851142883301e-01 6.727054715156555176e-03 -1.810063719749450684e-01 8.557400852441787720e-02 5.156589671969413757e-02 9.783940315246582031e-01
1.403636879951666594e+09 1.845733970403671265e-01 -2.548388838768005371e-01 -8.510135114192962646e-03 -1.911416947841644287e-01 7.164070010185241699e-02 4.893346503376960754e-02 9.777208566665649414e-01
1.403636880051666498e+09 1.215349733829498291e-01 -2.342073023319244385e-01 -7.341840118169784546e-02 -2.042346447706222534e-01 6.324152648448944092e-02 4.626649618148803711e-02 9.757808446884155273e-01
1.403636880251666546e+09 1.303603649139404297e-01 -2.112676650285720825e-01 -1.582978814840316772e-01 -1.955088227987289429e-01 1.027706190943717957e-01 5.510285496711730957e-02 9.737444519996643066e-01
1.403636880451666594e+09 1.493943184614181519e-01 -1.971252113580703735e-01 -2.490585893392562866e-01 -1.855803132057189941e-01 1.597617864608764648e-01 6.520503014326095581e-02 9.673594832420349121e-01
1.403636880651666403e+09 1.189180687069892883e-01 -1.855495870113372803e-01 -3.286037743091583252e-01 -1.982814371585845947e-01 1.840995550155639648e-01 7.673672586679458618e-02 9.596371054649353027e-01
1.403636880851666451e+09 4.785392060875892639e-02 -1.777760982513427734e-01 -3.626324534416198730e-01 -2.003064900636672974e-01 1.674593836069107056e-01 7.946129143238067627e-02 9.620397686958312988e-01
1.403636881051666498e+09 -2.246958762407302856e-02 -1.831571310758590698e-01 -3.433090746402740479e-01 -1.788026392459869385e-01 1.343020647764205933e-01 6.175693497061729431e-02 9.727172255516052246e-01
1.403636881251666546e+09 -6.736949086189270020e-02 -2.024633288383483887e-01 -2.909613847732543945e-01 -1.699331551790237427e-01 8.400867134332656860e-02 4.250601679086685181e-02 9.809478521347045898e-01
1.403636881451666594e+09 -4.994755983352661133e-02 -2.294560819864273071e-01 -2.114813625812530518e-01 -1.626752167940139771e-01 6.454902142286300659e-02 1.676296629011631012e-02 9.844233393669128418e-01
1.403636881651666403e+09 2.604918926954269409e-02 -2.524723112583160400e-01 -1.287079304456710815e-01 -1.584649533033370972e-01 5.894790962338447571e-02 -4.461073782294988632e-03 9.855933189392089844e-01
1.403636881851666451e+09 1.313271671533584595e-01 -2.634187936782836914e-01 -6.416622549295425415e-02 -1.639747023582458496e-01 7.456131279468536377e-02 6.202692748047411442e-04 9.836424589157104492e-01
1.403636882051666498e+09 2.319422215223312378e-01 -2.533204555511474609e-01 -4.421441629528999329e-02 -1.608824282884597778e-01 9.471686184406280518e-02 1.514201052486896515e-02 9.823015332221984863e-01
1.403636882251666546e+09 2.865452766418457031e-01 -1.983106136322021484e-01 -7.976519316434860229e-02 -1.456664055585861206e-01 1.051890924572944641e-01 2.033209055662155151e-02 9.835157394409179688e-01
1.403636882651666403e+09 2.390911877155303955e-01 -1.636302024126052856e-01 -6.809770315885543823e-02 -1.020406261086463928e-01 6.085355207324028015e-02 1.656659692525863647e-02 9.927790164947509766e-01
1.403636882851666451e+09 2.106686085462570190e-01 -1.396442651748657227e-01 -1.746432483196258545e-02 -5.438478291034698486e-02 1.088940165936946869e-02 1.780848018825054169e-03 9.984591007232666016e-01
1.403636883051666498e+09 1.887229084968566895e-01 -1.037733629345893860e-01 3.156315907835960388e-02 -5.023332312703132629e-02 -2.915216237306594849e-02 -1.371611095964908600e-02 9.982177615165710449e-01
1.403636883351666451e+09 1.684307307004928589e-01 -5.653344094753265381e-02 9.226820617914199829e-02 -1.945138722658157349e-02 -6.013652682304382324e-02 -3.055694699287414551e-02 9.975327849388122559e-01
1.403636883851666451e+09 1.810742318630218506e-01 -3.605324774980545044e-02 9.333631396293640137e-02 8.633205434307456017e-04 -8.630394190549850464e-02 -4.279072210192680359e-02 9.953491091728210449e-01
1.403636897551666498e+09 2.040896564722061157e-01 -2.991875261068344116e-02 6.856500357389450073e-02 -2.361928112804889679e-02 -7.052804529666900635e-02 -5.238919332623481750e-02 9.958530664443969727e-01
1.403636897751666546e+09 2.293719351291656494e-01 -4.362530261278152466e-02 3.435934707522392273e-02 -5.365492776036262512e-02 -6.201416254043579102e-02 -6.691893935203552246e-02 9.943828582763671875e-01
1.403636897951666594e+09 2.451959848403930664e-01 -8.053164929151535034e-02 1.382982544600963593e-02 -4.248633608222007751e-02 -6.561519950628280640e-02 -6.965104490518569946e-02 9.945040345191955566e-01
1.403636898251666546e+09 2.567466199398040771e-01 -1.433106809854507446e-01 8.746322244405746460e-03 -3.287177905440330505e-02 -8.046726882457733154e-02 -7.053526490926742554e-02 9.937148690223693848e-01
1.403636898651666403e+09 2.477282285690307617e-01 -2.289237380027770996e-01 2.526280842721462250e-02 -3.569899499416351318e-02 -9.067958593368530273e-02 -7.086393237113952637e-02 9.927140474319458008e-01
1.403636899051666498e+09 2.417757213115692139e-01 -2.989516258239746094e-01 9.074027091264724731e-02 -2.370673790574073792e-02 -6.856921315193176270e-02 -4.897323623299598694e-02 9.961615800857543945e-01
1.403636899351666451e+09 2.786286175251007080e-01 -3.553603291511535645e-01 1.665104329586029053e-01 -2.107976377010345459e-02 8.791372179985046387e-03 -1.345093641430139542e-02 9.996487498283386230e-01
1.403636899851666451e+09 4.373576045036315918e-01 -4.661484062671661377e-01 2.688446640968322754e-01 -2.032825350761413574e-02 3.119960986077785492e-02 -2.745824493467807770e-02 9.989292025566101074e-01
1.403636901051666498e+09 7.144000530242919922e-01 -5.928397178649902344e-01 4.378266036510467529e-01 -2.639301866292953491e-02 1.592003740370273590e-02 -1.853353530168533325e-02 9.993530511856079102e-01
1.403636901751666546e+09 9.843207597732543945e-01 -6.437640786170959473e-01 5.978462100028991699e-01 -2.017767354846000671e-02 1.897552795708179474e-02 -2.889544330537319183e-02 9.991986155509948730e-01
1.403636902451666594e+09 1.304641962051391602e+00 -6.170813441276550293e-01 7.864943742752075195e-01 -2.011692151427268982e-02 3.134950995445251465e-02 -3.511792421340942383e-02 9.986888170242309570e-01
1.403636903251666546e+09 1.718663096427917480e+00 -7.973980903625488281e-01 9.990224838256835938e-01 -3.299554809927940369e-02 1.291374303400516510e-02 -2.242442034184932709e-02 9.991204738616943359e-01
1.403636904351666451e+09 2.044455051422119141e+00 -1.019904732704162598e+00 1.168176412582397461e+00 -2.230444923043251038e-02 2.225194312632083893e-02 -2.740633487701416016e-02 9.991278052330017090e-01
1.403636905151666403e+09 2.528411626815795898e+00 -1.211508631706237793e+00 1.545446276664733887e+00 -4.077325016260147095e-02 1.314189471304416656e-02 -4.565921053290367126e-02 9.980381727218627930e-01
1.403636906551666498e+09 2.801400899887084961e+00 -1.476038098335266113e+00 2.227990627288818359e+00 -4.085062444210052490e-02 -6.786911748349666595e-03 -2.257360331714153290e-02 9.988871812820434570e-01
1.403636908051666498e+09 2.998534917831420898e+00 -1.644605159759521484e+00 2.642835140228271484e+00 -2.430348284542560577e-02 -1.126405876129865646e-02 -4.385339841246604919e-02 9.986788630485534668e-01
1.403636908951666594e+09 3.237617254257202148e+00 -1.908552408218383789e+00 3.191004991531372070e+00 -4.146931320428848267e-02 -2.079403027892112732e-02 -3.551566973328590393e-02 9.982918500900268555e-01
1.403636909651666403e+09 3.400461912155151367e+00 -1.994957208633422852e+00 3.582158088684082031e+00 -1.610150001943111420e-02 -1.207377575337886810e-02 -4.472674429416656494e-02 9.987965226173400879e-01
1.403636910051666498e+09 3.620019674301147461e+00 -2.078113317489624023e+00 4.318284511566162109e+00 -2.567148394882678986e-02 -1.880467124283313751e-02 -4.327199980616569519e-02 9.985564351081848145e-01
1.403636911351666451e+09 3.737525224685668945e+00 -2.247971057891845703e+00 4.782047271728515625e+00 -2.588944695889949799e-02 -1.800710149109363556e-02 -3.946987912058830261e-02 9.987230300903320312e-01
1.403636912451666594e+09 3.976822614669799805e+00 -2.346014738082885742e+00 5.376748085021972656e+00 -2.190845645964145660e-02 -1.487341802567243576e-02 -2.611576579511165619e-02 9.993081688880920410e-01
1.403636913251666546e+09 4.331793308258056641e+00 -2.383599281311035156e+00 5.793673515319824219e+00 -2.132009901106357574e-02 -9.633067995309829712e-03 -3.934065997600555420e-02 9.989520311355590820e-01
1.403636914451666594e+09 4.776446819305419922e+00 -2.579312324523925781e+00 6.144348621368408203e+00 -2.007439732551574707e-02 -3.838859032839536667e-03 -4.599271342158317566e-02 9.987326860427856445e-01
1.403636915351666451e+09 5.169878959655761719e+00 -2.738594055175781250e+00 6.530172348022460938e+00 -1.779791526496410370e-02 -4.821439273655414581e-03 -4.520797356963157654e-02 9.988074302673339844e-01
1.403636916551666498e+09 5.377430438995361328e+00 -2.857524394989013672e+00 6.691905021667480469e+00 -1.733820140361785889e-02 3.549027442932128906e-02 -4.082551598548889160e-02 9.983853101730346680e-01
1.403636917051666498e+09 5.558423995971679688e+00 -2.780406236648559570e+00 6.930736064910888672e+00 -1.221672445535659790e-02 1.121969670057296753e-01 -9.709054604172706604e-03 9.935634732246398926e-01
1.403636917851666451e+09 5.600518703460693359e+00 -3.104678153991699219e+00 7.168404102325439453e+00 -8.435547351837158203e-04 1.698939949274063110e-01 3.765704855322837830e-02 9.847422838211059570e-01
1.403636919851666451e+09 5.912666797637939453e+00 -2.997011184692382812e+00 6.751427173614501953e+00 -3.782533481717109680e-02 1.838800311088562012e-01 3.420959785580635071e-02 9.816247820854187012e-01
1.403636922151666403e+09 6.062512397766113281e+00 -2.805843353271484375e+00 6.625756263732910156e+00 -1.886925165308639407e-04 2.671988904476165771e-01 5.757170915603637695e-02 9.619200825691223145e-01
1.403636923451666594e+09 6.581794261932373047e+00 -2.741170406341552734e+00 6.935176372528076172e+00 -2.620381303131580353e-02 3.189353942871093750e-01 6.298930943012237549e-02 9.453179240226745605e-01
1.403636925551666498e+09 7.305873394012451172e+00 -2.796287298202514648e+00 7.536168098449707031e+00 -5.360103677958250046e-03 3.302523791790008545e-01 8.885147422552108765e-02 9.396861791610717773e-01
1.403636927151666403e+09 7.544272422790527344e+00 -2.771592617034912109e+00 7.602626323699951172e+00 -1.933866180479526520e-02 4.213418066501617432e-01 1.137653142213821411e-01 8.995301723480224609e-01
1.403636927651666403e+09 8.600011825561523438e+00 -2.858508586883544922e+00 8.064537048339843750e+00 -4.583044443279504776e-03 4.423857629299163818e-01 1.073101684451103210e-01 8.903698325157165527e-01
1.403636929651666403e+09 9.360335350036621094e+00 -3.157504081726074219e+00 8.215860366821289062e+00 -1.803333638235926628e-03 4.390223324298858643e-01 1.027832478284835815e-01 8.925759196281433105e-01
1.403636931151666403e+09 9.728014945983886719e+00 -3.154273033142089844e+00 8.011041641235351562e+00 3.022504737600684166e-03 4.893881976604461670e-01 8.388168364763259888e-02 8.680172562599182129e-01
1.403636932451666594e+09 9.475234031677246094e+00 -3.115402698516845703e+00 7.589324474334716797e+00 5.828652530908584595e-03 5.473634600639343262e-01 1.304819881916046143e-01 8.266400694847106934e-01
1.403636933251666546e+09 9.013959884643554688e+00 -2.984276533126831055e+00 7.398500919342041016e+00 7.648949977010488510e-03 5.839443206787109375e-01 1.559893041849136353e-01 7.966290712356567383e-01
1.403636934351666451e+09 8.866649627685546875e+00 -2.893398284912109375e+00 7.329826354980468750e+00 1.903191767632961273e-02 6.575375199317932129e-01 1.941794008016586304e-01 7.277201414108276367e-01
1.403636934651666403e+09 8.534675598144531250e+00 -2.950813293457031250e+00 7.064932823181152344e+00 1.202089060097932816e-02 7.059850096702575684e-01 2.051998525857925415e-01 6.777415871620178223e-01
1.403636935951666594e+09 8.188836097717285156e+00 -2.737973690032958984e+00 6.648242950439453125e+00 3.246152540668845177e-03 7.025274038314819336e-01 2.038191705942153931e-01 6.818376183509826660e-01
1.403636937351666451e+09 8.147632598876953125e+00 -2.536851167678833008e+00 6.267473697662353516e+00 -4.502192605286836624e-03 7.221431732177734375e-01 1.800433099269866943e-01 6.678872704505920410e-01
1.403636938451666594e+09 7.716749668121337891e+00 -2.265127897262573242e+00 5.954341411590576172e+00 1.054958533495664597e-02 7.302721738815307617e-01 2.130451649427413940e-01 6.490016579627990723e-01
1.403636939851666451e+09 7.324174880981445312e+00 -2.121104240417480469e+00 5.617615699768066406e+00 2.341693267226219177e-02 7.368505597114562988e-01 2.126559913158416748e-01 6.413114070892333984e-01
1.403636940351666451e+09 7.071678161621093750e+00 -1.971448898315429688e+00 5.451298713684082031e+00 2.313827909529209137e-02 7.469230890274047852e-01 2.240193188190460205e-01 6.256084442138671875e-01
1.403636940751666546e+09 6.808870792388916016e+00 -1.880166053771972656e+00 5.242299079895019531e+00 -5.021431948989629745e-03 7.488935589790344238e-01 2.331272214651107788e-01 6.203104257583618164e-01
1.403636941251666546e+09 6.474596500396728516e+00 -1.860083341598510742e+00 4.898273468017578125e+00 6.316207814961671829e-03 7.491763830184936523e-01 2.121520787477493286e-01 6.274443864822387695e-01
1.403636941951666594e+09 6.102297306060791016e+00 -1.793088197708129883e+00 4.551367282867431641e+00 1.103092264384031296e-02 7.411587238311767578e-01 2.199997156858444214e-01 6.341627240180969238e-01
1.403636942551666498e+09 5.841467857360839844e+00 -1.683242917060852051e+00 4.301839828491210938e+00 8.393849246203899384e-03 7.423170208930969238e-01 2.337259054183959961e-01 6.279069781303405762e-01
1.403636942951666594e+09 5.608371734619140625e+00 -1.593699574470520020e+00 4.010702133178710938e+00 9.863016195595264435e-03 7.530067563056945801e-01 2.160857468843460083e-01 6.214422583580017090e-01
1.403636943551666498e+09 5.316997528076171875e+00 -1.424747228622436523e+00 3.717804908752441406e+00 7.774302270263433456e-03 7.597811222076416016e-01 2.098814100027084351e-01 6.153226494789123535e-01
1.403636944051666498e+09 5.128033161163330078e+00 -1.259011387825012207e+00 3.577647209167480469e+00 -2.476337552070617676e-02 7.292613387107849121e-01 2.406685352325439453e-01 6.400339603424072266e-01
1.403636944551666498e+09 4.736233234405517578e+00 -1.197637319564819336e+00 3.244129657745361328e+00 -1.928950659930706024e-02 7.176604270935058594e-01 2.127127498388290405e-01 6.628308296203613281e-01
1.403636946851666451e+09 4.499992847442626953e+00 -7.759881019592285156e-01 3.464360713958740234e+00 1.133205136284232140e-03 7.231221795082092285e-01 2.405376285314559937e-01 6.474832892417907715e-01
1.403636947451666594e+09 5.184676647186279297e+00 -6.025074720382690430e-01 3.681335926055908203e+00 1.404887065291404724e-02 7.176505923271179199e-01 2.004258334636688232e-01 6.667907238006591797e-01
1.403636949851666451e+09 5.575042247772216797e+00 -6.205766201019287109e-01 3.998052120208740234e+00 -1.700350269675254822e-02 7.214401960372924805e-01 1.936873197555541992e-01 6.646203398704528809e-01
1.403636950951666594e+09 5.841473579406738281e+00 -7.240593433380126953e-01 4.173718452453613281e+00 -7.274133618921041489e-03 7.097213864326477051e-01 2.224567234516143799e-01 6.683979034423828125e-01
1.403636951751666546e+09 6.127506256103515625e+00 -7.562501430511474609e-01 4.312502384185791016e+00 -1.752433553338050842e-02 7.180023193359375000e-01 2.005139738321304321e-01 6.663030982017517090e-01
1.403636952151666403e+09 6.348750114440917969e+00 -7.924417257308959961e-01 4.434091567993164062e+00 6.506354548037052155e-03 7.176748514175415039e-01 1.995846778154373169e-01 6.671330332756042480e-01
1.403636952651666403e+09 6.616516113281250000e+00 -7.649067640304565430e-01 4.656857013702392578e+00 -4.770131781697273254e-03 7.142183780670166016e-01 2.088837623596191406e-01 6.680096983909606934e-01
1.403636953151666403e+09 6.829443454742431641e+00 -7.114188671112060547e-01 4.826318740844726562e+00 -2.747649326920509338e-03 7.113125324249267578e-01 2.177615612745285034e-01 6.682865023612976074e-01
1.403636953751666546e+09 7.072236537933349609e+00 -7.637934684753417969e-01 4.937608718872070312e+00 -2.341167442500591278e-02 7.124116420745849609e-01 2.013053148984909058e-01 6.718613505363464355e-01
1.403636954151666403e+09 7.299039840698242188e+00 -8.550248146057128906e-01 5.062875270843505859e+00 -1.799520850181579590e-02 7.100725173950195312e-01 2.082199305295944214e-01 6.723970174789428711e-01
1.403636954551666498e+09 7.555305004119873047e+00 -9.573459625244140625e-01 5.211496353149414062e+00 -1.681707799434661865e-02 7.172393202781677246e-01 2.074520289897918701e-01 6.650178432464599609e-01
1.403636954951666594e+09 7.836228370666503906e+00 -9.506235122680664062e-01 5.413502693176269531e+00 -7.637552451342344284e-03 7.302881479263305664e-01 2.003757655620574951e-01 6.530470848083496094e-01
1.403636955351666451e+09 8.153366088867187500e+00 -1.008091926574707031e+00 5.682882785797119141e+00 -7.962311618030071259e-03 7.422672510147094727e-01 2.027639299631118774e-01 6.386412978172302246e-01
1.403636955851666451e+09 8.383864402770996094e+00 -1.085710287094116211e+00 5.917533874511718750e+00 1.177890226244926453e-02 7.399934530258178711e-01 2.202678322792053223e-01 6.354156732559204102e-01
1.403636956551666498e+09 8.714063644409179688e+00 -1.196293115615844727e+00 6.256525993347167969e+00 2.306694164872169495e-02 7.238886356353759766e-01 2.073266655206680298e-01 6.576235890388488770e-01
1.403636956851666451e+09 8.807433128356933594e+00 -1.227908611297607422e+00 6.383131980895996094e+00 1.284746266901493073e-02 6.674229502677917480e-01 1.900672465562820435e-01 7.199000716209411621e-01
1.403636957151666403e+09 8.887849807739257812e+00 -1.315111398696899414e+00 6.499319076538085938e+00 -4.057433456182479858e-03 6.048054099082946777e-01 1.591835618019104004e-01 7.802912592887878418e-01
1.403636957651666403e+09 8.967368125915527344e+00 -1.301767826080322266e+00 6.663412570953369141e+00 -6.620974163524806499e-04 5.294355750083923340e-01 1.470755934715270996e-01 8.355036377906799316e-01
1.403636958051666498e+09 9.016584396362304688e+00 -1.323505878448486328e+00 6.747142791748046875e+00 -9.353537112474441528e-03 4.351032972335815430e-01 1.139924898743629456e-01 8.930864334106445312e-01
1.403636958651666403e+09 9.353816986083984375e+00 -1.370631456375122070e+00 7.275022983551025391e+00 -1.403164025396108627e-02 4.249595403671264648e-01 6.801901757717132568e-02 9.025442004203796387e-01
1.403636960851666451e+09 9.287632942199707031e+00 -1.351233243942260742e+00 7.477016448974609375e+00 -1.227348856627941132e-02 3.393738567829132080e-01 6.868751347064971924e-02 9.380602240562438965e-01
1.403636961251666546e+09 9.210689544677734375e+00 -1.419944882392883301e+00 7.595001220703125000e+00 -1.523740869015455246e-02 2.592174112796783447e-01 4.142294824123382568e-02 9.648100137710571289e-01
1.403636961751666546e+09 9.121395111083984375e+00 -1.554863095283508301e+00 7.672471523284912109e+00 -1.532102469354867935e-02 1.876607388257980347e-01 1.658318191766738892e-02 9.819744825363159180e-01
1.403636962151666403e+09 9.018376350402832031e+00 -1.651132941246032715e+00 7.737236499786376953e+00 -1.789850555360317230e-02 9.751323610544204712e-02 -1.447412278503179550e-02 9.949679970741271973e-01
1.403636962451666594e+09 8.895809173583984375e+00 -1.792958259582519531e+00 7.759901046752929688e+00 -1.908657327294349670e-02 1.135350205004215240e-02 -6.915172189474105835e-02 9.973589777946472168e-01
1.403636962951666594e+09 8.186050415039062500e+00 -1.945135712623596191e+00 7.671332836151123047e+00 -9.762976318597793579e-03 5.560961551964282990e-03 -4.850370064377784729e-02 9.987598061561584473e-01
1.403636964651666403e+09 7.827834606170654297e+00 -1.928052663803100586e+00 7.511900424957275391e+00 -7.626627571880817413e-03 -3.370267525315284729e-02 -8.515267819166183472e-02 9.957685470581054688e-01
1.403636964951666594e+09 7.592954635620117188e+00 -1.906211495399475098e+00 7.388136863708496094e+00 -6.122857332229614258e-03 -1.046924889087677002e-01 -9.631446748971939087e-02 9.898108839988708496e-01
1.403636965351666451e+09 7.248842716217041016e+00 -1.948774933815002441e+00 7.186046123504638672e+00 -6.638541817665100098e-02 -1.370344310998916626e-01 -9.989188611507415771e-02 9.832782745361328125e-01
1.403636965651666403e+09 6.806974411010742188e+00 -2.100353717803955078e+00 7.013742923736572266e+00 -1.120336819440126419e-02 -1.340520381927490234e-01 -9.012353420257568359e-02 9.868041276931762695e-01
1.403636966451666594e+09 6.147883892059326172e+00 -2.007743358612060547e+00 6.691558361053466797e+00 -5.996714346110820770e-03 -1.247625425457954407e-01 -6.618677079677581787e-02 9.899584054946899414e-01
1.403636967551666498e+09 5.634280204772949219e+00 -1.701658964157104492e+00 6.078295230865478516e+00 5.046130390837788582e-04 -1.131573840975761414e-01 -8.082384616136550903e-02 9.902841448783874512e-01
1.403636968451666594e+09 5.269097328186035156e+00 -1.316521286964416504e+00 5.348779678344726562e+00 -2.873260760679841042e-03 -1.115306392312049866e-01 -8.379828929901123047e-02 9.902173876762390137e-01
1.403636969251666546e+09 5.051677703857421875e+00 -1.239929199218750000e+00 4.826388359069824219e+00 -3.412694856524467468e-02 -1.107603684067726135e-01 -7.825373858213424683e-02 9.901736378669738770e-01
1.403636969651666403e+09 4.874423503875732422e+00 -1.187382698059082031e+00 4.454541683197021484e+00 -3.909341990947723389e-02 -1.067087352275848389e-01 -7.904740422964096069e-02 9.903719425201416016e-01
1.403636970051666498e+09 4.684955596923828125e+00 -1.075429201126098633e+00 4.160073280334472656e+00 -1.159590482711791992e-02 -1.097202673554420471e-01 -7.595267891883850098e-02 9.909884929656982422e-01
1.403636970451666594e+09 4.492634773254394531e+00 -9.619472026824951172e-01 3.877543926239013672e+00 -4.277779534459114075e-02 -1.101044639945030212e-01 -7.953330129384994507e-02 9.898088574409484863e-01
1.403636970851666451e+09 4.279254436492919922e+00 -9.169431328773498535e-01 3.656101465225219727e+00 -6.531242281198501587e-02 -1.147799491882324219e-01 -7.356824725866317749e-02 9.885078072547912598e-01
1.403636971251666546e+09 4.048771858215332031e+00 -8.170080780982971191e-01 3.556633472442626953e+00 -3.554659709334373474e-02 -1.277325898408889771e-01 -3.848228603601455688e-02 9.904241561889648438e-01
1.403636972051666498e+09 3.952613830566406250e+00 -6.689667701721191406e-01 3.392956972122192383e+00 -2.860436774790287018e-02 -9.198714792728424072e-02 -6.422002613544464111e-02 9.932753443717956543e-01
1.403636973551666498e+09 3.976539850234985352e+00 -4.911898374557495117e-01 3.383980751037597656e+00 -2.498620748519897461e-02 -3.091116063296794891e-02 -4.433249309659004211e-02 9.982258677482604980e-01
1.403636974351666451e+09 3.998798131942749023e+00 -4.169324934482574463e-01 3.392965316772460938e+00 -1.512676104903221130e-02 8.516789227724075317e-02 -1.294822525233030319e-02 9.961676597595214844e-01
1.403636974751666546e+09 4.019371986389160156e+00 -3.805620968341827393e-01 3.396008729934692383e+00 -2.678836323320865631e-02 1.967565417289733887e-01 4.484035447239875793e-02 9.790601134300231934e-01
1.403636975351666451e+09 4.125439167022705078e+00 -3.892497122287750244e-01 3.481084585189819336e+00 5.267153959721326828e-03 3.001380562782287598e-01 9.754546731710433960e-02 9.488805532455444336e-01
1.403636976451666594e+09 4.299755096435546875e+00 -2.208344340324401855e-01 3.499029159545898438e+00 -1.652737520635128021e-02 3.922589421272277832e-01 1.132965460419654846e-01 9.127013683319091797e-01
1.403636978051666498e+09 4.834922790527343750e+00 -5.485564470291137695e-02 3.413347244262695312e+00 -2.109383791685104370e-02 3.993481993675231934e-01 1.039137914776802063e-01 9.106470346450805664e-01
1.403636978851666451e+09 5.430462360382080078e+00 -4.721939563751220703e-03 3.519942045211791992e+00 -3.912286087870597839e-02 4.020112454891204834e-01 1.089278459548950195e-01 9.082902669906616211e-01
1.403636979951666594e+09 5.828894615173339844e+00 -1.175060272216796875e-01 3.775170087814331055e+00 -1.305006258189678192e-02 4.160746335983276367e-01 9.995742887258529663e-02 9.037256836891174316e-01
1.403636980651666403e+09 6.238410949707031250e+00 -1.543011069297790527e-01 4.158246040344238281e+00 -4.244490060955286026e-03 4.079357087612152100e-01 1.094207242131233215e-01 9.064202308654785156e-01
1.403636981751666546e+09 6.590644359588623047e+00 -2.243638038635253906e-01 4.480473995208740234e+00 -5.195556208491325378e-02 4.226315319538116455e-01 1.200546473264694214e-01 8.968110680580139160e-01
1.403636982451666594e+09 6.873361110687255859e+00 -3.243906497955322266e-01 4.745879173278808594e+00 -1.023342460393905640e-02 4.184446632862091064e-01 1.208238825201988220e-01 9.001116752624511719e-01
1.403636982951666594e+09 7.216374874114990234e+00 -4.337236285209655762e-01 4.994809150695800781e+00 -1.410822942852973938e-02 4.181319177150726318e-01 1.076017692685127258e-01 9.018806219100952148e-01
1.403636983451666594e+09 7.622008323669433594e+00 -4.714265465736389160e-01 5.319965362548828125e+00 -2.559453435242176056e-02 4.253842532634735107e-01 1.029424890875816345e-01 8.987747430801391602e-01
1.403636984051666498e+09 8.000422477722167969e+00 -6.623833775520324707e-01 5.677371025085449219e+00 -2.349988929927349091e-02 4.341713190078735352e-01 1.039755791425704956e-01 8.945010304450988770e-01
1.403636984651666403e+09 8.355663299560546875e+00 -7.967146635055541992e-01 6.127442836761474609e+00 -9.651525877416133881e-03 4.331496953964233398e-01 1.080496609210968018e-01 8.947700858116149902e-01
1.403636985351666451e+09 8.680529594421386719e+00 -9.531407952308654785e-01 6.650090217590332031e+00 -1.812531054019927979e-02 4.167693257331848145e-01 8.500546962022781372e-02 9.048474431037902832e-01
1.403636985851666451e+09 8.793897628784179688e+00 -1.118186950683593750e+00 7.184453964233398438e+00 -1.009634695947170258e-02 4.025565981864929199e-01 7.194184511899948120e-02 9.125079512596130371e-01
1.403636986651666403e+09 8.696923255920410156e+00 -1.293086409568786621e+00 7.656821250915527344e+00 -3.399858716875314713e-03 3.941908180713653564e-01 9.878730773925781250e-02 9.136974811553955078e-01
1.403636987451666594e+09 8.572674751281738281e+00 -1.496377229690551758e+00 7.994402885437011719e+00 1.387790497392416000e-02 3.921660184860229492e-01 7.792901247739791870e-02 9.164825081825256348e-01
1.403636988051666498e+09 8.301256179809570312e+00 -1.643139481544494629e+00 8.159292221069335938e+00 3.352950513362884521e-02 3.783355057239532471e-01 1.054722443222999573e-01 9.190286993980407715e-01
1.403636989451666594e+09 7.757982730865478516e+00 -1.539784431457519531e+00 7.354776382446289062e+00 -1.294562534894794226e-04 3.905094563961029053e-01 8.934415876865386963e-02 9.162532687187194824e-01
1.403636990551666498e+09 7.179141521453857422e+00 -1.342278003692626953e+00 6.476801872253417969e+00 -1.130781881511211395e-02 3.827377855777740479e-01 8.415544033050537109e-02 9.199466109275817871e-01
1.403636991651666403e+09 6.575723648071289062e+00 -1.196028947830200195e+00 5.723884105682373047e+00 -3.429763484746217728e-03 3.998282849788665771e-01 9.370340406894683838e-02 9.117814302444458008e-01
1.403636992651666403e+09 6.119420528411865234e+00 -1.084571361541748047e+00 5.190385341644287109e+00 -1.623354852199554443e-03 3.878033757209777832e-01 9.238657355308532715e-02 9.170990586280822754e-01
1.403636993551666498e+09 5.741839885711669922e+00 -1.099422693252563477e+00 4.854413986206054688e+00 7.147185970097780228e-03 3.051567673683166504e-01 5.249603092670440674e-02 9.508272409439086914e-01
1.403636994751666546e+09 4.951704978942871094e+00 -8.919246196746826172e-01 4.087523937225341797e+00 3.727608360350131989e-03 3.019259274005889893e-01 6.026837974786758423e-02 9.514171481132507324e-01
1.403636996051666498e+09 4.271616458892822266e+00 -8.167518973350524902e-01 3.157037734985351562e+00 -1.675031892955303192e-02 2.658758759498596191e-01 5.254895985126495361e-02 9.624282717704772949e-01
1.403636996851666451e+09 4.030897140502929688e+00 -7.259063124656677246e-01 2.844489812850952148e+00 -2.600609883666038513e-02 1.613877117633819580e-01 2.221660688519477844e-02 9.862981438636779785e-01
1.403636997351666451e+09 3.699286699295043945e+00 -7.131447792053222656e-01 2.416136741638183594e+00 -3.261728957295417786e-02 1.463119536638259888e-01 1.251787692308425903e-02 9.886213541030883789e-01
1.403636998751666546e+09 3.266926527023315430e+00 -9.510076642036437988e-01 2.113540649414062500e+00 -6.523655611090362072e-04 1.591457873582839966e-01 9.148873388767242432e-03 9.872125387191772461e-01
1.403637000651666403e+09 2.528984546661376953e+00 -8.378252983093261719e-01 1.644475340843200684e+00 -2.310491865500807762e-03 1.624532938003540039e-01 1.089437492191791534e-02 9.866534471511840820e-01
1.403637001851666451e+09 1.880834460258483887e+00 -6.857716441154479980e-01 1.109197735786437988e+00 -1.688910089433193207e-02 1.672824174165725708e-01 1.336660981178283691e-02 9.856737256050109863e-01
1.403637003151666403e+09 1.514309525489807129e+00 -6.168932318687438965e-01 8.294211030006408691e-01 -1.609919220209121704e-02 1.723362654447555542e-01 1.609013602137565613e-02 9.847751855850219727e-01
1.403637003551666498e+09 1.150554776191711426e+00 -5.335310697555541992e-01 5.813480615615844727e-01 -1.277952548116445541e-02 1.749074608087539673e-01 2.258238941431045532e-02 9.842429161071777344e-01
1.403637004051666498e+09 9.611384868621826172e-01 -4.559895694255828857e-01 4.472815096378326416e-01 -2.558338269591331482e-02 1.711843311786651611e-01 1.483055949211120605e-02 9.847952127456665039e-01
1.403637004451666594e+09 7.288352251052856445e-01 -4.814252257347106934e-01 2.864527404308319092e-01 -8.260624483227729797e-03 1.704506129026412964e-01 3.887401521205902100e-02 9.845644831657409668e-01
1.403637005051666498e+09 5.537660717964172363e-01 -3.559769093990325928e-01 1.289280503988265991e-01 -2.544097229838371277e-02 1.826859116554260254e-01 2.734499424695968628e-02 9.824616312980651855e-01
1.403637005651666403e+09 3.898592889308929443e-01 -2.767515778541564941e-01 -2.182234823703765869e-02 -1.693543605506420135e-02 1.741964370012283325e-01 2.418382093310356140e-02 9.842682480812072754e-01
1.403637006451666594e+09 3.125208020210266113e-01 -2.320274561643600464e-01 -7.532844692468643188e-02 -1.778565719723701477e-02 1.151774749159812927e-01 1.222997996956110001e-02 9.931104779243469238e-01
1.403637007151666403e+09 3.039282262325286865e-01 -1.472816765308380127e-01 -9.727761894464492798e-02 -2.222336828708648682e-02 5.624575540423393250e-02 -2.590419352054595947e-02 9.978334307670593262e-01
1.403637007851666451e+09 2.625854313373565674e-01 -9.067489951848983765e-02 -1.145937964320182800e-01 -2.500739134848117828e-02 6.345093995332717896e-02 -1.428322494029998779e-02 9.975693821907043457e-01
1.403637008351666451e+09 2.073518633842468262e-01 -9.712687879800796509e-02 -1.005930528044700623e-01 -1.660128496587276459e-02 7.029211521148681641e-02 4.303587134927511215e-03 9.973790645599365234e-01
1.403637009051666498e+09 2.362550944089889526e-01 -4.814745858311653137e-02 -4.926462844014167786e-02 -2.588546276092529297e-02 8.165515959262847900e-02 -1.365745253860950470e-02 9.962308406829833984e-01
1.403637009351666451e+09 2.655612826347351074e-01 -2.643050067126750946e-02 -3.447182849049568176e-02 8.442236110568046570e-03 3.875994682312011719e-02 -8.252691477537155151e-03 9.991788268089294434e-01
1.403637009651666403e+09 2.735872864723205566e-01 -2.171226404607295990e-02 -4.443138837814331055e-02 2.314335666596889496e-02 4.574802517890930176e-02 1.662245579063892365e-02 9.985465407371520996e-01
