1.403637130538319111e+09 -0.000000000000000000e+00 -0.000000000000000000e+00 -0.000000000000000000e+00 -0.000000000000000000e+00 -0.000000000000000000e+00 -0.000000000000000000e+00 1.000000000000000000e+00
1.403637133438319206e+09 3.104704432189464569e-03 -1.648567989468574524e-02 -9.229406714439392090e-03 -4.639463033527135849e-03 1.114217378199100494e-02 -4.686617758125066757e-03 9.999161958694458008e-01
1.403637133738319159e+09 1.149849873036146164e-02 -4.050208628177642822e-02 -1.925735920667648315e-02 -2.415016852319240570e-02 2.237806096673011780e-02 -1.575196278281509876e-03 9.994566440582275391e-01
1.403637133838319302e+09 1.411267369985580444e-02 -6.733217835426330566e-02 -2.780085429549217224e-02 -2.538028173148632050e-02 3.040208294987678528e-02 -1.181291416287422180e-03 9.992148280143737793e-01
1.403637133938319206e+09 1.434587873518466949e-02 -1.132166236639022827e-01 -3.899583965539932251e-02 -3.104772046208381653e-02 3.909650817513465881e-02 1.604406046681106091e-03 9.987517595291137695e-01
1.403637134038319111e+09 1.182624045759439468e-02 -1.727585196495056152e-01 -5.377288162708282471e-02 -3.229098394513130188e-02 4.629459977149963379e-02 1.476799516240134835e-04 9.984058141708374023e-01
1.403637134138319254e+09 8.663317188620567322e-03 -2.347350567579269409e-01 -6.908696889877319336e-02 -3.079416975378990173e-02 5.618952959775924683e-02 -7.579242344945669174e-03 9.979163408279418945e-01
1.403637134238319159e+09 5.037682130932807922e-03 -2.954541742801666260e-01 -8.230967074632644653e-02 -2.264905348420143127e-02 6.809327751398086548e-02 -1.624901592731475830e-02 9.972894787788391113e-01
1.403637134338319302e+09 1.063618226908147335e-03 -3.476661741733551025e-01 -9.423276782035827637e-02 -6.375694647431373596e-03 7.095152139663696289e-02 -1.882761716842651367e-02 9.972817301750183105e-01
1.403637134538319111e+09 -4.819687455892562866e-04 -3.849086463451385498e-01 -9.935798496007919312e-02 1.378123369067907333e-02 7.503410428762435913e-02 -8.368278853595256805e-03 9.970506429672241211e-01
1.403637134738319159e+09 1.484956592321395874e-02 -2.982548177242279053e-01 -7.141648977994918823e-02 -1.278140582144260406e-02 7.604314386844635010e-02 -1.077344734221696854e-02 9.969643950462341309e-01
1.403637134838319302e+09 2.257908880710601807e-02 -2.262096256017684937e-01 -5.272452160716056824e-02 -3.844321891665458679e-02 7.072176784276962280e-02 -8.039513602852821350e-03 9.967226386070251465e-01
1.403637134938319206e+09 2.740377187728881836e-02 -1.560866236686706543e-01 -3.807660192251205444e-02 -6.182997673749923706e-02 6.661406159400939941e-02 -2.317837643204256892e-04 9.958612918853759766e-01
1.403637135038319111e+09 2.990894205868244171e-02 -1.011763438582420349e-01 -2.847660519182682037e-02 -7.115779072046279907e-02 6.291359663009643555e-02 7.152944803237915039e-03 9.954532980918884277e-01
1.403637135138319254e+09 2.954785898327827454e-02 -2.314259409904479980e-01 -6.102677807211875916e-02 -6.039242818951606750e-02 7.402715831995010376e-02 -1.063749846071004868e-02 9.953690767288208008e-01
1.403637135638319254e+09 2.130694128572940826e-02 -3.905089497566223145e-01 -9.095167368650436401e-02 -1.806051470339298248e-02 8.520734310150146484e-02 -1.416850741952657700e-02 9.960988163948059082e-01
1.403637135938319206e+09 3.029709681868553162e-02 -2.120267301797866821e-01 -3.155197948217391968e-02 -6.215193867683410645e-02 8.510734140872955322e-02 -5.900203716009855270e-03 9.944139719009399414e-01
1.403637136438319206e+09 3.220292925834655762e-02 -1.419823467731475830e-01 -2.047090604901313782e-02 -8.696193248033523560e-02 8.118963241577148438e-02 -1.818958844523876905e-04 9.928977489471435547e-01
1.403637136538319111e+09 3.302838653326034546e-02 -9.670650213956832886e-02 -1.644496805965900421e-02 -1.038668006658554077e-01 7.560556381940841675e-02 9.618053212761878967e-03 9.916667938232421875e-01
1.403637136838319302e+09 2.860304713249206543e-02 -1.876708716154098511e-01 -4.494294151663780212e-02 -1.020427271723747253e-01 7.333599030971527100e-02 5.964833311736583710e-03 9.920552372932434082e-01
1.403637136938319206e+09 2.603317797183990479e-02 -2.789975106716156006e-01 -6.489848345518112183e-02 -7.927116006612777710e-02 7.786750793457031250e-02 2.039514249190688133e-03 9.938051104545593262e-01
1.403637137038319111e+09 2.197489514946937561e-02 -4.458343386650085449e-01 -1.011339873075485229e-01 -2.939588949084281921e-02 9.488778561353683472e-02 6.136677693575620651e-03 9.950349330902099609e-01
1.403637137338319302e+09 3.543440997600555420e-02 -1.993521600961685181e-01 -3.048089705407619476e-02 -6.909991800785064697e-02 9.313558787107467651e-02 -4.527827259153127670e-03 9.932424426078796387e-01
1.403637137838319302e+09 3.499395400285720825e-02 -1.293221116065979004e-01 -2.063583210110664368e-02 -8.757436275482177734e-02 8.659819513559341431e-02 7.094785687513649464e-04 9.923865795135498047e-01
1.403637137938319206e+09 3.512497246265411377e-02 -8.536118268966674805e-02 -1.997702568769454956e-02 -1.034913957118988037e-01 8.117986470460891724e-02 1.529637025669217110e-03 9.913108348846435547e-01
1.403637138138319254e+09 4.064169526100158691e-02 -2.092136889696121216e-01 -5.128059163689613342e-02 -1.030013635754585266e-01 7.712288945913314819e-02 -1.266161911189556122e-02 9.916059970855712891e-01
1.403637138338319302e+09 3.985406830906867981e-02 -3.036066591739654541e-01 -6.971710175275802612e-02 -6.995134800672531128e-02 8.455094695091247559e-02 -2.130668982863426208e-02 9.937323927879333496e-01
1.403637138438319206e+09 3.065653517842292786e-02 -4.485686123371124268e-01 -9.956289827823638916e-02 -9.688538499176502228e-03 1.031341776251792908e-01 -2.179069072008132935e-02 9.943816065788269043e-01
1.403637138938319206e+09 4.775691777467727661e-02 -2.314223051071166992e-01 -2.354104630649089813e-02 -3.966404125094413757e-02 8.852685987949371338e-02 8.140390273183584213e-04 9.952834248542785645e-01
1.403637139138319254e+09 4.573740065097808838e-02 -9.784336388111114502e-02 1.206323038786649704e-02 -5.546786636114120483e-02 7.160903513431549072e-02 1.210850197821855545e-02 9.958156943321228027e-01
1.403637139338319302e+09 4.458000510931015015e-02 -4.174636304378509521e-02 3.178486600518226624e-02 -5.833087861537933350e-02 6.063380837440490723e-02 5.273405462503433228e-03 9.964402318000793457e-01
1.403637139638319254e+09 4.628555104136466980e-02 -1.179357245564460754e-02 4.205468669533729553e-02 -1.820699125528335571e-02 5.196052417159080505e-02 1.069813780486583710e-02 9.984259009361267090e-01
1.403637140338319302e+09 7.068731635808944702e-02 -1.235569547861814499e-02 2.529967390000820160e-02 -6.709785014390945435e-02 4.110116139054298401e-02 -6.843987386673688889e-03 9.968760013580322266e-01
1.403637150138319254e+09 8.630940318107604980e-02 -2.524800598621368408e-02 2.423411421477794647e-02 -8.169201016426086426e-02 4.785992577672004700e-02 -1.721648126840591431e-02 9.953590035438537598e-01
1.403637150238319159e+09 1.034519001841545105e-01 -4.807914420962333679e-02 2.882185950875282288e-02 -8.205943554639816284e-02 5.457372963428497314e-02 -2.229483053088188171e-02 9.948824048042297363e-01
1.403637150338319302e+09 1.203476190567016602e-01 -7.924496382474899292e-02 3.965290263295173645e-02 -7.370403409004211426e-02 5.970626324415206909e-02 -2.271978370845317841e-02 9.952319860458374023e-01
1.403637150438319206e+09 1.365575194358825684e-01 -1.150285229086875916e-01 5.533095076680183411e-02 -5.833068862557411194e-02 6.269049644470214844e-02 -1.900865137577056885e-02 9.961456656455993652e-01
1.403637150538319111e+09 1.699699908494949341e-01 -1.823924630880355835e-01 9.329970180988311768e-02 -4.793297126889228821e-02 6.948809325695037842e-02 -1.728315837681293488e-02 9.962806701660156250e-01
1.403637150738319159e+09 2.033919841051101685e-01 -2.426505386829376221e-01 1.368304938077926636e-01 -4.511284083127975464e-02 7.371470332145690918e-02 -1.889182813465595245e-02 9.960793852806091309e-01
1.403637150938319206e+09 2.469665259122848511e-01 -3.166772127151489258e-01 2.042274624109268188e-01 -2.206064388155937195e-02 7.343246042728424072e-02 -2.277236431837081909e-02 9.967961311340332031e-01
1.403637151438319206e+09 3.277170956134796143e-01 -5.092223286628723145e-01 2.782803475856781006e-01 -4.299163073301315308e-02 6.405767798423767090e-02 -1.822518743574619293e-02 9.968531727790832520e-01
1.403637152538319111e+09 5.115998983383178711e-01 -6.529887318611145020e-01 4.547117054462432861e-01 -3.604387864470481873e-02 5.983604490756988525e-02 -1.382810715585947037e-02 9.974614381790161133e-01
1.403637153538319111e+09 8.656028509140014648e-01 -7.810621857643127441e-01 7.780541181564331055e-01 -4.901565611362457275e-02 6.667035073041915894e-02 -1.429668720811605453e-02 9.964678883552551270e-01
1.403637154838319302e+09 1.052748203277587891e+00 -8.321304917335510254e-01 1.002566337585449219e+00 -4.930288717150688171e-02 1.301844865083694458e-01 -1.031223568134009838e-03 9.902627468109130859e-01
1.403637155438319206e+09 1.226337432861328125e+00 -9.449355602264404297e-01 1.258746981620788574e+00 -2.668205276131629944e-02 1.959586143493652344e-01 4.399752616882324219e-02 9.792612791061401367e-01
1.403637156038319111e+09 1.396865010261535645e+00 -9.276013970375061035e-01 1.400049686431884766e+00 -1.949260942637920380e-02 2.842456400394439697e-01 8.171720057725906372e-02 9.550638198852539062e-01
1.403637156338319302e+09 1.629509925842285156e+00 -8.904599547386169434e-01 1.480718493461608887e+00 -1.064236927777528763e-02 3.868637382984161377e-01 1.133238449692726135e-01 9.150852560997009277e-01
1.403637156738319159e+09 2.440849781036376953e+00 -6.821339130401611328e-01 1.461794614791870117e+00 -2.234524302184581757e-02 4.317242205142974854e-01 1.416917443275451660e-01 8.905269503593444824e-01
1.403637158038319111e+09 3.028519153594970703e+00 -6.993008852005004883e-01 1.260778784751892090e+00 -1.312229409813880920e-02 4.457682669162750244e-01 1.078125238418579102e-01 8.885352611541748047e-01
1.403637158538319111e+09 3.422493457794189453e+00 -6.902441978454589844e-01 1.065145730972290039e+00 3.115782747045159340e-03 5.042908787727355957e-01 1.449999809265136719e-01 8.512672781944274902e-01
1.403637158838319302e+09 3.995884418487548828e+00 -5.897562503814697266e-01 6.763195991516113281e-01 -7.522733416408300400e-03 5.407928228378295898e-01 1.618432700634002686e-01 8.254048824310302734e-01
1.403637159638319254e+09 4.600547790527343750e+00 -4.351255297660827637e-01 2.268738746643066406e-01 -2.468381449580192566e-02 5.466235876083374023e-01 1.430034637451171875e-01 8.247081041336059570e-01
1.403637160038319111e+09 4.920015811920166016e+00 -3.709434270858764648e-01 -4.463911056518554688e-03 -6.841980386525392532e-03 5.973336100578308105e-01 1.590124070644378662e-01 7.860412597656250000e-01
1.403637160338319302e+09 5.130749702453613281e+00 -3.034526109695434570e-01 -1.574716567993164062e-01 -3.731830744072794914e-03 6.438266038894653320e-01 1.727654635906219482e-01 7.454029917716979980e-01
1.403637160538319111e+09 5.333273410797119141e+00 -2.199422121047973633e-01 -3.100905418395996094e-01 -1.272248942404985428e-02 6.927253007888793945e-01 1.843688637018203735e-01 6.971212625503540039e-01
1.403637160738319159e+09 5.726168155670166016e+00 -1.092274188995361328e-01 -5.866761207580566406e-01 -2.098602801561355591e-02 7.263323664665222168e-01 2.126526981592178345e-01 6.532838344573974609e-01
1.403637161238319159e+09 6.233823299407958984e+00 -1.741840839385986328e-01 -9.915366172790527344e-01 1.180542726069688797e-02 7.282902002334594727e-01 2.272786349058151245e-01 6.463733911514282227e-01
1.403637161738319159e+09 6.527439117431640625e+00 -1.996073722839355469e-01 -1.307413578033447266e+00 1.926819048821926117e-02 7.571290731430053711e-01 2.035992592573165894e-01 6.204286217689514160e-01
1.403637161938319206e+09 6.877968311309814453e+00 -1.399984359741210938e-01 -1.800799369812011719e+00 4.940362647175788879e-02 7.715929150581359863e-01 1.923503875732421875e-01 6.043219566345214844e-01
1.403637162538319111e+09 6.991911888122558594e+00 -3.398180007934570312e-03 -2.305051326751708984e+00 5.382429063320159912e-02 7.803360223770141602e-01 1.917708665132522583e-01 5.927922129631042480e-01
1.403637162938319206e+09 6.957532882690429688e+00 1.108636856079101562e-01 -2.636882305145263672e+00 4.253390803933143616e-02 8.310705423355102539e-01 1.911124736070632935e-01 5.205656290054321289e-01
1.403637163238319159e+09 6.886333942413330078e+00 2.090492248535156250e-01 -2.841532707214355469e+00 3.967985510826110840e-02 8.673984408378601074e-01 1.977613270282745361e-01 4.549020528793334961e-01
1.403637163438319206e+09 6.715742111206054688e+00 3.554315567016601562e-01 -3.100790023803710938e+00 5.215966328978538513e-02 8.887580633163452148e-01 2.443572282791137695e-01 3.842890858650207520e-01
1.403637163838319302e+09 6.377355098724365234e+00 4.568030834197998047e-01 -3.463755607604980469e+00 7.193209975957870483e-02 8.874529600143432617e-01 2.759073078632354736e-01 3.621162772178649902e-01
1.403637164238319159e+09 5.913513183593750000e+00 4.897570610046386719e-01 -3.923594951629638672e+00 4.514680802822113037e-02 8.910251259803771973e-01 2.583424746990203857e-01 3.705336749553680420e-01
1.403637164738319159e+09 5.515553951263427734e+00 5.649394989013671875e-01 -4.285401344299316406e+00 4.874005541205406189e-02 8.838350176811218262e-01 2.651362419128417969e-01 3.823126554489135742e-01
1.403637164938319206e+09 5.237793922424316406e+00 6.488776206970214844e-01 -4.538123607635498047e+00 2.990887314081192017e-02 8.946359157562255859e-01 2.464290857315063477e-01 3.714899122714996338e-01
1.403637165038319111e+09 4.952688217163085938e+00 7.474887371063232422e-01 -4.786920547485351562e+00 2.964662201702594757e-02 9.083945751190185547e-01 2.398148328065872192e-01 3.412171900272369385e-01
1.403637165238319159e+09 4.660611152648925781e+00 8.459727764129638672e-01 -5.020671844482421875e+00 2.465800195932388306e-02 9.223592877388000488e-01 2.477322816848754883e-01 2.954218685626983643e-01
1.403637165438319206e+09 4.370444297790527344e+00 9.117226600646972656e-01 -5.241360664367675781e+00 1.670534349977970123e-02 9.269782304763793945e-01 2.692125141620635986e-01 2.606853246688842773e-01
1.403637165638319254e+09 4.088791370391845703e+00 9.508342742919921875e-01 -5.453904628753662109e+00 -7.278166711330413818e-03 9.324402213096618652e-01 2.702920436859130859e-01 2.396758347749710083e-01
1.403637165838319302e+09 3.720010995864868164e+00 1.034709930419921875e+00 -5.743704319000244141e+00 -4.596289247274398804e-02 9.332063794136047363e-01 2.602793574333190918e-01 2.434502243995666504e-01
1.403637166438319206e+09 3.394621610641479492e+00 1.223473548889160156e+00 -6.016671657562255859e+00 -2.679014578461647034e-02 9.367486238479614258e-01 2.087628096342086792e-01 2.796471416950225830e-01
1.403637166738319159e+09 3.345173835754394531e+00 1.268532395362854004e+00 -5.694393634796142578e+00 -2.853274531662464142e-02 9.162261486053466797e-01 2.456956505775451660e-01 3.151970207691192627e-01
1.403637167838319302e+09 3.651398181915283203e+00 1.203199028968811035e+00 -5.259815692901611328e+00 -2.457755431532859802e-02 8.968434929847717285e-01 2.670393288135528564e-01 3.517922461032867432e-01
1.403637168238319159e+09 4.011560440063476562e+00 1.190349817276000977e+00 -4.856637477874755859e+00 -1.338195241987705231e-02 8.974950313568115234e-01 2.395688593387603760e-01 3.700412511825561523e-01
1.403637168638319254e+09 4.381911754608154297e+00 1.236480355262756348e+00 -4.435124874114990234e+00 -9.695785120129585266e-03 8.947224617004394531e-01 2.469764053821563721e-01 3.719952404499053955e-01
1.403637169138319254e+09 4.869759559631347656e+00 1.210360288619995117e+00 -3.891504287719726562e+00 -2.758294716477394104e-02 8.876599073410034180e-01 2.271758168935775757e-01 3.996126353740692139e-01
1.403637169438319206e+09 5.081998825073242188e+00 1.141517281532287598e+00 -3.651900768280029297e+00 -2.665472961962223053e-02 8.676180839538574219e-01 2.097185850143432617e-01 4.500515460968017578e-01
1.403637169638319254e+09 5.293734550476074219e+00 1.056070923805236816e+00 -3.394805431365966797e+00 -2.907989174127578735e-02 8.381162881851196289e-01 1.842629015445709229e-01 5.126038789749145508e-01
1.403637169838319302e+09 5.490826606750488281e+00 9.770217537879943848e-01 -3.112301349639892578e+00 -3.348714113235473633e-02 8.057255744934082031e-01 1.652598828077316284e-01 5.677800774574279785e-01
1.403637170038319111e+09 5.681055545806884766e+00 9.133769273757934570e-01 -2.791726589202880859e+00 -3.833128511905670166e-02 7.757144570350646973e-01 1.476166844367980957e-01 6.123782992362976074e-01
1.403637170238319159e+09 5.854722023010253906e+00 8.603554964065551758e-01 -2.429867744445800781e+00 -3.632586821913719177e-02 7.432532906532287598e-01 1.290209740400314331e-01 6.554452776908874512e-01
1.403637170438319206e+09 6.006230354309082031e+00 8.218876719474792480e-01 -2.037981033325195312e+00 5.039939191192388535e-03 6.974170804023742676e-01 1.219873428344726562e-01 7.061892151832580566e-01
1.403637170638319254e+09 6.115195274353027344e+00 7.922143340110778809e-01 -1.633452415466308594e+00 3.917212784290313721e-02 6.482794284820556641e-01 1.010059043765068054e-01 7.536559104919433594e-01
1.403637170838319302e+09 6.156314849853515625e+00 7.753531336784362793e-01 -1.240429878234863281e+00 3.447940945625305176e-02 5.900143384933471680e-01 9.361404180526733398e-02 8.012058138847351074e-01
1.403637171038319111e+09 6.136718750000000000e+00 7.226259708404541016e-01 -8.750019073486328125e-01 2.174253761768341064e-02 5.302141308784484863e-01 9.223094582557678223e-02 8.425519466400146484e-01
1.403637171238319159e+09 6.080176353454589844e+00 6.494048237800598145e-01 -5.561619997024536133e-01 2.372070960700511932e-02 4.941562116146087646e-01 8.229075372219085693e-02 8.651446700096130371e-01
1.403637171438319206e+09 5.990749835968017578e+00 5.676898956298828125e-01 -2.790753841400146484e-01 1.577076502144336700e-02 4.848407804965972900e-01 6.110169738531112671e-02 8.723229765892028809e-01
1.403637171738319159e+09 5.859747886657714844e+00 4.917090535163879395e-01 -1.383829116821289062e-02 1.100595016032457352e-02 4.882204532623291016e-01 5.135691538453102112e-02 8.711384534835815430e-01
1.403637171938319206e+09 5.686798095703125000e+00 4.409508109092712402e-01 2.452344894409179688e-01 1.187602989375591278e-02 4.980210065841674805e-01 4.539451748132705688e-02 8.658944964408874512e-01
1.403637172138319254e+09 5.464605331420898438e+00 4.080960154533386230e-01 4.951822757720947266e-01 1.544590387493371964e-02 5.050176978111267090e-01 4.811169207096099854e-02 8.616285920143127441e-01
1.403637172238319159e+09 5.191393375396728516e+00 3.733917474746704102e-01 7.315742969512939453e-01 1.270801387727260590e-02 4.966454803943634033e-01 9.656457602977752686e-02 8.624715209007263184e-01
1.403637172438319206e+09 4.898289680480957031e+00 3.203144371509552002e-01 9.338698387145996094e-01 1.510859560221433640e-02 4.910521507263183594e-01 1.332344710826873779e-01 8.607485890388488770e-01
1.403637172738319159e+09 4.341444969177246094e+00 1.879859566688537598e-01 1.192184448242187500e+00 -1.553624402731657028e-02 5.011999607086181641e-01 1.801417768001556396e-01 8.462306261062622070e-01
1.403637173038319111e+09 4.025325775146484375e+00 1.810219883918762207e-01 1.316433191299438477e+00 -4.217066243290901184e-02 5.315469503402709961e-01 2.204813510179519653e-01 8.167420625686645508e-01
1.403637173438319206e+09 3.825474262237548828e+00 2.573373317718505859e-01 1.397200107574462891e+00 -1.286320970393717289e-03 6.126008629798889160e-01 2.392675578594207764e-01 7.533057332038879395e-01
1.403637173738319159e+09 3.788269281387329102e+00 3.749963045120239258e-01 1.351042032241821289e+00 -6.606201175600290298e-03 6.467781066894531250e-01 2.870191931724548340e-01 7.065795063972473145e-01
1.403637174038319111e+09 3.871288299560546875e+00 4.314194321632385254e-01 1.165115118026733398e+00 1.287024584598839283e-03 6.933985352516174316e-01 2.037714868783950806e-01 6.911396980285644531e-01
1.403637174338319302e+09 3.969682216644287109e+00 4.117271304130554199e-01 9.178564548492431641e-01 4.562543705105781555e-02 6.938174366950988770e-01 2.097256630659103394e-01 6.874232888221740723e-01
1.403637174638319254e+09 4.014693737030029297e+00 3.986044526100158691e-01 7.055363655090332031e-01 4.370234534144401550e-02 7.206294536590576172e-01 2.020482867956161499e-01 6.617853641510009766e-01
1.403637174838319302e+09 4.040196895599365234e+00 4.180201888084411621e-01 4.756646156311035156e-01 3.280395641922950745e-02 7.558220624923706055e-01 2.127489894628524780e-01 6.183808445930480957e-01
1.403637175038319111e+09 4.044332504272460938e+00 4.545881748199462891e-01 2.386970520019531250e-01 3.605417907238006592e-02 7.831844687461853027e-01 2.216566801071166992e-01 5.798194408416748047e-01
1.403637175238319159e+09 4.028909206390380859e+00 5.057046413421630859e-01 -1.329898834228515625e-03 6.105808541178703308e-02 8.028024435043334961e-01 2.041395008563995361e-01 5.568727254867553711e-01
1.403637175538319111e+09 3.870920181274414062e+00 6.627407073974609375e-01 -4.879345893859863281e-01 5.838393419981002808e-02 7.964542508125305176e-01 2.391048967838287354e-01 5.523412823677062988e-01
1.403637175938319206e+09 3.592180728912353516e+00 7.686592936515808105e-01 -1.063080787658691406e+00 4.378394037485122681e-02 8.032075762748718262e-01 2.028548270463943481e-01 5.583820939064025879e-01
1.403637176338319302e+09 3.213296890258789062e+00 8.895881175994873047e-01 -1.629600763320922852e+00 3.546720743179321289e-02 8.118757605552673340e-01 1.992291957139968872e-01 5.476382970809936523e-01
1.403637176638319254e+09 2.750494480133056641e+00 1.069257259368896484e+00 -2.148227453231811523e+00 1.951285265386104584e-02 8.235765695571899414e-01 2.383084893226623535e-01 5.143442153930664062e-01
1.403637177138319254e+09 2.313728809356689453e+00 1.314584493637084961e+00 -2.659483194351196289e+00 -1.808841526508331299e-02 8.110341429710388184e-01 2.940898239612579346e-01 5.053787231445312500e-01
1.403637177538319111e+09 2.096546649932861328e+00 1.527621984481811523e+00 -3.083747386932373047e+00 -5.499950051307678223e-02 8.209495544433593750e-01 2.765034735202789307e-01 4.965508878231048584e-01
1.403637177838319302e+09 2.005729198455810547e+00 1.737028598785400391e+00 -3.667208671569824219e+00 -5.970573797821998596e-02 8.509610295295715332e-01 2.545286417007446289e-01 4.555390775203704834e-01
1.403637178138319254e+09 2.072527647018432617e+00 1.885089874267578125e+00 -4.047852039337158203e+00 -8.783972263336181641e-02 8.813692331314086914e-01 2.283449470996856689e-01 4.041423797607421875e-01
1.403637178538319111e+09 2.576627492904663086e+00 1.953846335411071777e+00 -4.459597587585449219e+00 -1.793564297258853912e-02 8.933959007263183594e-01 2.161144763231277466e-01 3.934673964977264404e-01
1.403637179238319159e+09 3.277598142623901367e+00 1.941925168037414551e+00 -4.519530296325683594e+00 -1.710053719580173492e-02 8.867101669311523438e-01 2.285866141319274902e-01 4.014983773231506348e-01
1.403637180038319111e+09 3.913097858428955078e+00 2.081716299057006836e+00 -4.267292499542236328e+00 -1.657388731837272644e-02 8.888016343116760254e-01 2.244725823402404785e-01 3.992104530334472656e-01
1.403637180438319206e+09 4.352958202362060547e+00 2.087384939193725586e+00 -3.981594562530517578e+00 -2.410021796822547913e-02 8.775395750999450684e-01 2.615196704864501953e-01 4.011870324611663818e-01
1.403637180838319302e+09 4.826291561126708984e+00 1.960274338722229004e+00 -3.713958740234375000e+00 -4.995482414960861206e-02 8.939999938011169434e-01 2.190425544977188110e-01 3.876711130142211914e-01
1.403637181238319159e+09 5.341191291809082031e+00 1.686048746109008789e+00 -3.363750457763671875e+00 -7.685744669288396835e-03 8.981358408927917480e-01 2.197410017251968384e-01 3.807978034019470215e-01
1.403637181638319254e+09 5.833016872406005859e+00 1.321805834770202637e+00 -2.952499389648437500e+00 -2.622841158881783485e-03 8.980321884155273438e-01 2.354693710803985596e-01 3.715987801551818848e-01
1.403637182038319111e+09 6.068358898162841797e+00 1.155578732490539551e+00 -2.731134891510009766e+00 3.874237183481454849e-03 8.987741470336914062e-01 2.338367104530334473e-01 3.708241581916809082e-01
1.403637182238319159e+09 6.291886329650878906e+00 1.000956058502197266e+00 -2.498521804809570312e+00 2.262604050338268280e-02 8.996901512145996094e-01 2.226915359497070312e-01 3.747721910476684570e-01
1.403637182438319206e+09 6.639031887054443359e+00 7.080888748168945312e-01 -2.005314826965332031e+00 3.418337926268577576e-02 9.015260934829711914e-01 1.972264349460601807e-01 3.836455047130584717e-01
1.403637182838319302e+09 6.813623428344726562e+00 4.018425941467285156e-01 -1.450823783874511719e+00 6.284025311470031738e-02 8.966339826583862305e-01 2.096340209245681763e-01 3.849055469036102295e-01
1.403637183338319302e+09 6.662307739257812500e+00 2.345761060714721680e-01 -3.979625701904296875e-01 9.672169387340545654e-02 8.884215354919433594e-01 2.316804677248001099e-01 3.842865824699401855e-01
1.403637183938319206e+09 6.079469203948974609e+00 1.628448963165283203e-01 1.861243247985839844e-01 9.776810556650161743e-02 8.786299824714660645e-01 2.685641944408416748e-01 3.825232386589050293e-01
1.403637184438319206e+09 5.584908008575439453e+00 2.022676467895507812e-01 4.286341667175292969e-01 3.589797765016555786e-02 8.834285736083984375e-01 2.708973288536071777e-01 3.806311786174774170e-01
1.403637184638319254e+09 5.250202655792236328e+00 2.542636394500732422e-01 5.663003921508789062e-01 1.931083574891090393e-02 8.769454360008239746e-01 2.908219993114471436e-01 3.821209669113159180e-01
1.403637184938319206e+09 4.931363105773925781e+00 2.932366132736206055e-01 6.639099121093750000e-01 9.641626849770545959e-03 8.737365603446960449e-01 2.998629212379455566e-01 3.828495740890502930e-01
1.403637185138319254e+09 4.370503425598144531e+00 2.964504957199096680e-01 7.158284187316894531e-01 -2.597765298560261726e-03 8.699257969856262207e-01 3.123955428600311279e-01 3.816168904304504395e-01
1.403637185538319111e+09 3.955276489257812500e+00 2.234543561935424805e-01 5.788707733154296875e-01 -5.592811852693557739e-03 8.802108168601989746e-01 2.865813374519348145e-01 3.782444596290588379e-01
1.403637185938319206e+09 3.596987724304199219e+00 1.790629029273986816e-01 3.259727954864501953e-01 8.533145883120596409e-04 8.907033205032348633e-01 2.543657720088958740e-01 3.767559528350830078e-01
1.403637186638319254e+09 3.046751737594604492e+00 -1.899063587188720703e-03 -1.249358654022216797e-01 5.782441422343254089e-02 8.830119967460632324e-01 2.767668068408966064e-01 3.746281266212463379e-01
1.403637187338319302e+09 2.758946418762207031e+00 9.573483467102050781e-02 -3.895533084869384766e-01 8.635641075670719147e-03 8.886457681655883789e-01 2.921888530254364014e-01 3.533551990985870361e-01
1.403637187838319302e+09 2.418691158294677734e+00 3.236093521118164062e-01 -9.300937652587890625e-01 -2.890147035941481590e-03 8.923066854476928711e-01 2.922789454460144043e-01 3.440252840518951416e-01
1.403637188338319302e+09 2.277349233627319336e+00 5.854009389877319336e-01 -1.449048757553100586e+00 1.245115045458078384e-02 9.092382192611694336e-01 2.534002363681793213e-01 3.300291597843170166e-01
1.403637188838319302e+09 2.165838241577148438e+00 8.295223116874694824e-01 -1.833696842193603516e+00 3.863873705267906189e-02 9.196169972419738770e-01 2.758926153182983398e-01 2.769384086132049561e-01
1.403637189238319159e+09 1.972234129905700684e+00 1.136399984359741211e+00 -2.342831611633300781e+00 3.469537943601608276e-02 9.238954782485961914e-01 2.752848863601684570e-01 2.634988427162170410e-01
1.403637189838319302e+09 1.705576777458190918e+00 1.366393208503723145e+00 -2.995534420013427734e+00 1.808952726423740387e-02 9.282976984977722168e-01 2.586369216442108154e-01 2.665391862392425537e-01
1.403637190438319206e+09 1.266657590866088867e+00 1.415875792503356934e+00 -3.807875871658325195e+00 2.162803709506988525e-02 9.194376468658447266e-01 2.498634457588195801e-01 3.028777837753295898e-01
1.403637191538319111e+09 9.017317295074462891e-01 1.575852155685424805e+00 -4.193506717681884766e+00 1.763907639542594552e-04 9.164968729019165039e-01 2.550799250602722168e-01 3.081681728363037109e-01
1.403637191938319206e+09 7.778160572052001953e-01 1.347917199134826660e+00 -4.592817783355712891e+00 -1.383169833570718765e-02 9.083626866340637207e-01 2.922317087650299072e-01 2.988086640834808350e-01
1.403637193138319254e+09 1.087483882904052734e+00 1.222905158996582031e+00 -4.947818756103515625e+00 -1.372946659103035927e-03 9.110625982284545898e-01 2.817282080650329590e-01 3.009857535362243652e-01
1.403637193938319206e+09 1.528595209121704102e+00 1.171976566314697266e+00 -5.396708965301513672e+00 -9.502111002802848816e-03 9.166461229324340820e-01 2.631999850273132324e-01 3.006582260131835938e-01
1.403637194738319159e+09 2.223715305328369141e+00 1.127031326293945312e+00 -5.830659389495849609e+00 -6.866169162094593048e-03 9.149975180625915527e-01 2.738422155380249023e-01 2.962143421173095703e-01
1.403637195238319159e+09 2.731315851211547852e+00 1.157130002975463867e+00 -6.059725284576416016e+00 2.766408957540988922e-03 9.185961484909057617e-01 2.516174018383026123e-01 3.047330677509307861e-01
1.403637195738319159e+09 3.321082115173339844e+00 1.085416674613952637e+00 -6.222356796264648438e+00 -4.264365881681442261e-02 9.200464487075805664e-01 2.158001512289047241e-01 3.242320418357849121e-01
1.403637196338319302e+09 3.889677524566650391e+00 1.034544348716735840e+00 -6.058351039886474609e+00 -4.435710236430168152e-02 9.297391772270202637e-01 1.793321818113327026e-01 3.185240328311920166e-01
1.403637196838319302e+09 4.381965637207031250e+00 9.974179267883300781e-01 -5.624133110046386719e+00 -1.369676645845174789e-02 9.277601838111877441e-01 1.920018494129180908e-01 3.197010755538940430e-01
1.403637197138319254e+09 4.614772319793701172e+00 9.490162134170532227e-01 -5.333978176116943359e+00 8.858738001435995102e-04 9.143497347831726074e-01 2.064843177795410156e-01 3.483219444751739502e-01
1.403637197338319302e+09 4.822919845581054688e+00 8.662905693054199219e-01 -5.015829086303710938e+00 4.684396553784608841e-03 8.874125480651855469e-01 2.180963754653930664e-01 4.060923159122467041e-01
1.403637197538319111e+09 5.016132831573486328e+00 7.518703937530517578e-01 -4.683167457580566406e+00 -1.411110442131757736e-02 8.491826057434082031e-01 2.111737877130508423e-01 4.838341176509857178e-01
1.403637197738319159e+09 5.193414688110351562e+00 6.095970869064331055e-01 -4.353320121765136719e+00 -2.668138034641742706e-02 8.073457479476928711e-01 1.833399236202239990e-01 5.602385997772216797e-01
1.403637197938319206e+09 5.358358383178710938e+00 4.412761926651000977e-01 -4.018583297729492188e+00 -3.540039807558059692e-02 7.671092748641967773e-01 1.573098003864288330e-01 6.209217309951782227e-01
1.403637198138319254e+09 5.506335258483886719e+00 2.361667156219482422e-01 -3.656363964080810547e+00 -3.771299123764038086e-02 7.286543250083923340e-01 1.425271928310394287e-01 6.688247919082641602e-01
1.403637198338319302e+09 5.633122444152832031e+00 1.301872730255126953e-02 -3.274947881698608398e+00 -4.067805036902427673e-02 6.975734233856201172e-01 1.143398135900497437e-01 7.061608433723449707e-01
1.403637198538319111e+09 5.787297248840332031e+00 -2.435410618782043457e-01 -2.656871318817138672e+00 -4.228901490569114685e-02 6.830314397811889648e-01 8.824087679386138916e-02 7.238047719001770020e-01
1.403637198938319206e+09 5.870548248291015625e+00 -4.015068411827087402e-01 -1.930982112884521484e+00 2.633494324982166290e-03 6.773854494094848633e-01 9.082544595003128052e-02 7.299950718879699707e-01
1.403637199138319254e+09 5.860752582550048828e+00 -5.184817910194396973e-01 -1.421186685562133789e+00 9.855519980192184448e-03 6.537609696388244629e-01 1.070557609200477600e-01 7.490250468254089355e-01
1.403637199338319302e+09 5.796567916870117188e+00 -6.544860601425170898e-01 -9.151451587677001953e-01 8.887499570846557617e-03 6.205658912658691406e-01 9.397768229246139526e-02 7.784518003463745117e-01
1.403637199538319111e+09 5.689695358276367188e+00 -7.877889871597290039e-01 -4.190616607666015625e-01 1.365742459893226624e-02 5.765740871429443359e-01 8.060382306575775146e-02 8.129445910453796387e-01
1.403637199738319159e+09 5.541153430938720703e+00 -8.858419060707092285e-01 7.073569297790527344e-02 3.830550238490104675e-02 5.183632969856262207e-01 8.258434385061264038e-02 8.503010869026184082e-01
1.403637199938319206e+09 5.359408855438232422e+00 -9.078347682952880859e-01 5.431369543075561523e-01 8.111590892076492310e-02 4.429558813571929932e-01 8.342184126377105713e-02 8.889607191085815430e-01
1.403637200138319254e+09 5.147883415222167969e+00 -8.801859617233276367e-01 9.418469667434692383e-01 8.756579458713531494e-02 3.705762028694152832e-01 5.937706306576728821e-02 9.227567911148071289e-01
1.403637200338319302e+09 4.900678157806396484e+00 -8.169370889663696289e-01 1.258496761322021484e+00 2.591515332460403442e-02 3.322469890117645264e-01 3.451736271381378174e-02 9.422042369842529297e-01
1.403637200538319111e+09 4.633424758911132812e+00 -7.772612571716308594e-01 1.513983964920043945e+00 -1.240034820511937141e-03 3.101806044578552246e-01 4.995478317141532898e-02 9.493634700775146484e-01
1.403637200838319302e+09 3.730050086975097656e+00 -8.043676614761352539e-01 2.069026470184326172e+00 6.572545971721410751e-03 3.467801213264465332e-01 1.033521145582199097e-01 9.322117567062377930e-01
1.403637201538319111e+09 3.084350347518920898e+00 -7.465224862098693848e-01 1.995183706283569336e+00 -2.024846337735652924e-02 3.838335275650024414e-01 1.641794145107269287e-01 9.084641337394714355e-01
1.403637202438319206e+09 3.200317144393920898e+00 -6.915668249130249023e-01 1.477657794952392578e+00 -3.531195595860481262e-02 4.052194952964782715e-01 7.891426235437393188e-02 9.101223945617675781e-01
1.403637203638319254e+09 3.384836435317993164e+00 -4.406858086585998535e-01 9.173901081085205078e-01 -2.164460718631744385e-02 4.170453250408172607e-01 8.219970762729644775e-02 9.049021601676940918e-01
1.403637206038319111e+09 2.530642032623291016e+00 -4.189634919166564941e-01 4.415370821952819824e-01 -3.994592279195785522e-02 3.833458423614501953e-01 6.846039742231369019e-02 9.201974868774414062e-01
1.403637209538319111e+09 2.617858886718750000e+00 -5.146878957748413086e-01 1.064154624938964844e+00 -1.137768104672431946e-01 3.406376242637634277e-01 9.050438553094863892e-02 9.288863539695739746e-01
1.403637210838319302e+09 2.946891784667968750e+00 -5.513251423835754395e-01 1.656069993972778320e+00 -6.100715696811676025e-02 3.339475095272064209e-01 1.052794307470321655e-01 9.347050786018371582e-01
1.403637211238319159e+09 3.375564336776733398e+00 -5.529156923294067383e-01 2.274286746978759766e+00 -2.913819253444671631e-02 3.500315845012664795e-01 7.974345982074737549e-02 9.328825473785400391e-01
1.403637211738319159e+09 4.047659873962402344e+00 -5.921973586082458496e-01 3.102377653121948242e+00 -4.808433726429939270e-02 3.472289144992828369e-01 9.841071069240570068e-02 9.313621520996093750e-01
1.403637212238319159e+09 4.537029743194580078e+00 -7.498058080673217773e-01 3.574644565582275391e+00 -1.586652174592018127e-02 3.581990599632263184e-01 7.350425422191619873e-02 9.306121468544006348e-01
1.403637212738319159e+09 5.204815864562988281e+00 -1.064234733581542969e+00 4.165592193603515625e+00 -4.895401373505592346e-02 3.616433441638946533e-01 7.171128690242767334e-02 9.282646179199218750e-01
1.403637213238319159e+09 5.639188289642333984e+00 -1.253752470016479492e+00 4.573230266571044922e+00 -4.220746085047721863e-02 3.554785251617431641e-01 7.556591928005218506e-02 9.306682944297790527e-01
1.403637213638319254e+09 6.151765823364257812e+00 -1.379670977592468262e+00 5.115842819213867188e+00 -5.344422906637191772e-02 3.632868826389312744e-01 4.300557076930999756e-02 9.291484951972961426e-01
1.403637214138319254e+09 6.461261272430419922e+00 -1.504821896553039551e+00 5.581105709075927734e+00 -2.214594557881355286e-02 3.214790821075439453e-01 3.675726056098937988e-02 9.459438323974609375e-01
1.403637214538319111e+09 6.626438617706298828e+00 -1.702136039733886719e+00 6.008620262145996094e+00 -1.558476034551858902e-02 2.509285807609558105e-01 -4.340473562479019165e-02 9.669063687324523926e-01
1.403637214938319206e+09 6.364033699035644531e+00 -1.989737749099731445e+00 6.639149188995361328e+00 1.885976642370223999e-02 2.070248425006866455e-01 -3.705573454499244690e-02 9.774517416954040527e-01
1.403637215538319111e+09 6.047156333923339844e+00 -2.049612760543823242e+00 6.796518325805664062e+00 2.345498465001583099e-02 1.367158740758895874e-01 -3.997001796960830688e-02 9.895256757736206055e-01
1.403637215838319302e+09 5.658217430114746094e+00 -2.119921445846557617e+00 6.840511322021484375e+00 -1.129854843020439148e-02 5.919225886464118958e-02 -4.083546251058578491e-02 9.973470568656921387e-01
1.403637216138319254e+09 5.258138179779052734e+00 -2.186244010925292969e+00 6.823686599731445312e+00 -1.263043005019426346e-02 1.057525444775819778e-02 -3.541819006204605103e-02 9.992368221282958984e-01
1.403637216538319111e+09 4.666428089141845703e+00 -2.168968915939331055e+00 6.697143554687500000e+00 2.932354994118213654e-02 5.257548298686742783e-03 -2.541711553931236267e-02 9.992329478263854980e-01
1.403637217138319254e+09 4.113500595092773438e+00 -2.063128948211669922e+00 6.177439689636230469e+00 7.929719984531402588e-03 1.074416469782590866e-02 1.935918070375919342e-02 9.997234344482421875e-01
1.403637217738319159e+09 3.866094589233398438e+00 -1.824480772018432617e+00 5.529687881469726562e+00 2.142966911196708679e-02 -4.144065454602241516e-02 -6.089335680007934570e-02 9.970533847808837891e-01
1.403637218138319254e+09 3.696949005126953125e+00 -1.637645483016967773e+00 4.844887733459472656e+00 2.365250606089830399e-03 -9.011898189783096313e-02 -7.608249783515930176e-02 9.930179119110107422e-01
1.403637218538319111e+09 3.544060707092285156e+00 -1.401149988174438477e+00 4.081593513488769531e+00 -6.531158462166786194e-03 -9.035127609968185425e-02 -7.604873180389404297e-02 9.929806590080261230e-01
1.403637218938319206e+09 3.383050680160522461e+00 -1.079023599624633789e+00 3.276643991470336914e+00 -1.172836963087320328e-02 -7.699389010667800903e-02 -9.765669703483581543e-02 9.921680688858032227e-01
1.403637219338319302e+09 3.275807380676269531e+00 -9.060642719268798828e-01 2.866838455200195312e+00 -1.496379729360342026e-02 -7.663764059543609619e-02 -9.255903214216232300e-02 9.926407337188720703e-01
1.403637219538319111e+09 3.012122869491577148e+00 -6.352865099906921387e-01 2.019213914871215820e+00 -5.893284082412719727e-02 -7.478676736354827881e-02 -8.204951137304306030e-02 9.920694828033447266e-01
1.403637219938319206e+09 2.605427742004394531e+00 -4.736658632755279541e-01 1.062310099601745605e+00 -6.953071057796478271e-02 -7.494410127401351929e-02 -7.645942270755767822e-02 9.918179512023925781e-01
1.403637220438319206e+09 2.183486461639404297e+00 -4.601117372512817383e-01 2.676710188388824463e-01 -5.547406896948814392e-02 -8.006439357995986938e-02 -4.679021611809730530e-02 9.941444396972656250e-01
1.403637220938319206e+09 1.918381333351135254e+00 -3.834488987922668457e-01 -2.567769587039947510e-01 -6.762767583131790161e-02 -6.518419831991195679e-02 -4.645979776978492737e-02 9.944943189620971680e-01
1.403637221338319302e+09 1.660090088844299316e+00 -2.154826372861862183e-01 -7.340533733367919922e-01 -7.202642410993576050e-02 -7.101717405021190643e-03 -3.051234222948551178e-02 9.969106316566467285e-01
1.403637221938319206e+09 1.484349012374877930e+00 9.376581758260726929e-03 -1.015281081199645996e+00 -7.570821791887283325e-02 5.118136107921600342e-02 -7.431116420775651932e-03 9.957879185676574707e-01
1.403637222338319302e+09 1.402966022491455078e+00 2.237644195556640625e-01 -1.140430450439453125e+00 -3.720297664403915405e-02 1.231828927993774414e-01 8.149069733917713165e-03 9.916529655456542969e-01
1.403637223038319111e+09 1.021296858787536621e+00 1.191256716847419739e-01 -1.350993394851684570e+00 -5.791898071765899658e-02 1.128266453742980957e-01 -1.790311373770236969e-02 9.917636513710021973e-01
1.403637227138319254e+09 7.409861683845520020e-01 1.628830134868621826e-01 -1.196200013160705566e+00 -2.469450235366821289e-02 1.172335669398307800e-01 -5.085653159767389297e-03 9.927842617034912109e-01
1.403637229538319111e+09 5.426856279373168945e-01 2.560352385044097900e-01 -1.271625399589538574e+00 -5.783164873719215393e-02 1.926965415477752686e-01 6.180042028427124023e-02 9.776012897491455078e-01
1.403637229838319302e+09 5.642502903938293457e-01 3.298163115978240967e-01 -1.267877101898193359e+00 -3.820176050066947937e-02 2.970105111598968506e-01 4.908294603228569031e-02 9.528464078903198242e-01
1.403637230138319254e+09 6.067136526107788086e-01 3.144810497760772705e-01 -1.250406742095947266e+00 -1.119374297559261322e-02 4.013856351375579834e-01 7.881809771060943604e-02 9.124428629875183105e-01
1.403637230938319206e+09 6.275278329849243164e-01 2.547790110111236572e-01 -1.272691249847412109e+00 -3.781056404113769531e-02 4.939606189727783203e-01 1.473893225193023682e-01 8.560664057731628418e-01
1.403637231238319159e+09 7.048974037170410156e-01 3.195297718048095703e-01 -1.281234264373779297e+00 -1.869760826230049133e-02 5.957541465759277344e-01 1.882399022579193115e-01 7.805724143981933594e-01
1.403637231538319111e+09 8.255686759948730469e-01 5.128590464591979980e-01 -1.301384925842285156e+00 -6.204176694154739380e-03 6.923591494560241699e-01 2.314440906047821045e-01 6.833987832069396973e-01
1.403637231838319302e+09 9.807870388031005859e-01 6.774964332580566406e-01 -1.388935327529907227e+00 8.088489994406700134e-03 7.603286504745483398e-01 2.527756690979003906e-01 5.982803106307983398e-01
1.403637232138319254e+09 1.136771082878112793e+00 7.811866402626037598e-01 -1.550473332405090332e+00 3.665277361869812012e-02 8.147633075714111328e-01 2.449783086776733398e-01 5.242164134979248047e-01
1.403637232438319206e+09 1.266826391220092773e+00 8.608305454254150391e-01 -1.863696455955505371e+00 5.145638063549995422e-02 8.568994402885437012e-01 2.905822992324829102e-01 4.226552248001098633e-01
1.403637232838319302e+09 1.342632412910461426e+00 9.108750820159912109e-01 -2.467074394226074219e+00 7.928229868412017822e-03 8.685486316680908203e-01 3.378784954547882080e-01 3.624894917011260986e-01
1.403637233538319111e+09 1.491031885147094727e+00 1.068399429321289062e+00 -3.118075370788574219e+00 -5.698400735855102539e-02 8.767733573913574219e-01 2.988872230052947998e-01 3.724080324172973633e-01
1.403637233738319159e+09 1.840967655181884766e+00 1.346957445144653320e+00 -3.724536895751953125e+00 -1.135703101754188538e-01 8.969483971595764160e-01 2.063941359519958496e-01 3.741481900215148926e-01
1.403637234238319159e+09 2.612875223159790039e+00 1.617192506790161133e+00 -4.041381835937500000e+00 -7.396412640810012817e-02 9.014599919319152832e-01 1.825027316808700562e-01 3.854761123657226562e-01
1.403637234638319254e+09 3.173618555068969727e+00 1.742243766784667969e+00 -3.983180522918701172e+00 -1.669737510383129120e-02 8.797280192375183105e-01 1.873781085014343262e-01 4.366799890995025635e-01
1.403637234938319206e+09 3.528037548065185547e+00 1.805997610092163086e+00 -3.887797832489013672e+00 7.000598125159740448e-03 8.563801646232604980e-01 1.916538029909133911e-01 4.794088006019592285e-01
1.403637235138319254e+09 3.995263814926147461e+00 1.841170787811279297e+00 -3.693757772445678711e+00 -4.730659071356058121e-03 8.242757320404052734e-01 1.849810481071472168e-01 5.350974798202514648e-01
1.403637235438319206e+09 4.410210609436035156e+00 1.822469830513000488e+00 -3.462731122970581055e+00 -2.820474095642566681e-02 7.934398651123046875e-01 2.148092985153198242e-01 5.687834024429321289e-01
1.403637235738319159e+09 4.816824913024902344e+00 1.728213548660278320e+00 -3.220838546752929688e+00 -4.135477170348167419e-02 7.767311930656433105e-01 1.525707691907882690e-01 6.096726059913635254e-01
1.403637236038319111e+09 5.070470809936523438e+00 1.624595403671264648e+00 -3.013607740402221680e+00 -5.654601380228996277e-02 7.547504305839538574e-01 1.266373991966247559e-01 6.411843299865722656e-01
1.403637236238319159e+09 5.305293560028076172e+00 1.474561929702758789e+00 -2.752141475677490234e+00 -6.043084710836410522e-02 7.266188859939575195e-01 1.142465174198150635e-01 6.747746467590332031e-01
1.403637236438319206e+09 5.519038200378417969e+00 1.283038854598999023e+00 -2.438986778259277344e+00 -4.724338650703430176e-02 6.979542970657348633e-01 1.142752170562744141e-01 7.053858041763305664e-01
1.403637236638319254e+09 5.709558486938476562e+00 1.095879077911376953e+00 -2.086889505386352539e+00 -2.928827702999114990e-02 6.840380430221557617e-01 1.039575114846229553e-01 7.214062809944152832e-01
1.403637236838319302e+09 5.862744808197021484e+00 8.960287570953369141e-01 -1.697202205657958984e+00 3.866018960252404213e-03 6.636456251144409180e-01 8.512946963310241699e-02 7.431772947311401367e-01
1.403637237038319111e+09 5.951488494873046875e+00 6.730598807334899902e-01 -1.293313980102539062e+00 4.964775219559669495e-02 6.444470882415771484e-01 6.042653694748878479e-02 7.606390714645385742e-01
1.403637237238319159e+09 5.940869331359863281e+00 4.389277994632720947e-01 -8.972566127777099609e-01 6.607870757579803467e-02 6.147198081016540527e-01 6.186686456203460693e-02 7.835340499877929688e-01
1.403637237438319206e+09 5.835176467895507812e+00 1.936346590518951416e-01 -5.259318351745605469e-01 6.776992976665496826e-02 5.927824974060058594e-01 6.868633627891540527e-02 7.995613813400268555e-01
1.403637237638319254e+09 5.642557621002197266e+00 -5.911022424697875977e-02 -1.988689899444580078e-01 7.714907824993133545e-02 5.775750279426574707e-01 8.281130343675613403e-02 8.084537386894226074e-01
1.403637237938319206e+09 5.383173942565917969e+00 -2.793734073638916016e-01 8.485865592956542969e-02 7.650163769721984863e-02 5.749267935752868652e-01 1.128342300653457642e-01 8.067683577537536621e-01
1.403637238138319254e+09 4.769079208374023438e+00 -5.993376970291137695e-01 4.942536354064941406e-01 7.804078608751296997e-02 6.202031970024108887e-01 2.230476737022399902e-01 7.480023503303527832e-01
1.403637238438319206e+09 4.291010856628417969e+00 -7.329442501068115234e-01 5.934596061706542969e-01 9.793676435947418213e-02 6.818177103996276855e-01 2.866394817829132080e-01 6.658610105514526367e-01
1.403637238738319159e+09 3.819519281387329102e+00 -7.638511657714843750e-01 4.764325618743896484e-01 4.815011471509933472e-02 6.893949508666992188e-01 3.770674467086791992e-01 6.166330575942993164e-01
1.403637239038319111e+09 3.489752292633056641e+00 -7.438762187957763672e-01 7.717990875244140625e-02 -1.302035641856491566e-03 7.216266989707946777e-01 3.503050208091735840e-01 5.971094965934753418e-01
1.403637239338319302e+09 3.365086555480957031e+00 -6.998990774154663086e-01 -3.013150691986083984e-01 3.937545232474803925e-03 7.534040212631225586e-01 3.248057365417480469e-01 5.717237591743469238e-01
1.403637239538319111e+09 3.290606975555419922e+00 -5.871473550796508789e-01 -7.168841361999511719e-01 1.323453802615404129e-02 7.878744006156921387e-01 3.177202939987182617e-01 5.273828506469726562e-01
1.403637239738319159e+09 3.243967056274414062e+00 -4.060857295989990234e-01 -1.155303001403808594e+00 2.288672141730785370e-02 8.325754404067993164e-01 2.853628993034362793e-01 4.741965234279632568e-01
1.403637239938319206e+09 3.203971624374389648e+00 -1.841646432876586914e-01 -1.592815399169921875e+00 2.766302786767482758e-02 8.731868267059326172e-01 2.541673779487609863e-01 4.149440824985504150e-01
1.403637240138319254e+09 3.158060789108276367e+00 5.082011222839355469e-02 -2.022641181945800781e+00 2.944452874362468719e-02 8.989131450653076172e-01 2.570859789848327637e-01 3.535462915897369385e-01
1.403637240338319302e+09 3.105721235275268555e+00 2.905291318893432617e-01 -2.435191154479980469e+00 9.098901413381099701e-03 9.054845571517944336e-01 2.897551059722900391e-01 3.099305331707000732e-01
1.403637240538319111e+09 3.054001808166503906e+00 5.973112583160400391e-01 -3.058408260345458984e+00 -9.760386310517787933e-03 9.088013172149658203e-01 3.005765080451965332e-01 2.892036139965057373e-01
1.403637240938319206e+09 3.085170507431030273e+00 9.901725053787231445e-01 -4.077682018280029297e+00 -1.270755846053361893e-02 9.174385070800781250e-01 2.606087923049926758e-01 3.003802001476287842e-01
1.403637241538319111e+09 3.244169473648071289e+00 1.368727803230285645e+00 -4.908767223358154297e+00 -4.134189710021018982e-02 9.232454299926757812e-01 2.216830551624298096e-01 3.110711872577667236e-01
1.403637241938319206e+09 3.563555717468261719e+00 1.522413730621337891e+00 -5.503329277038574219e+00 -2.531812340021133423e-02 9.293729066848754883e-01 1.998669803142547607e-01 3.093190193176269531e-01
1.403637242738319159e+09 3.991620540618896484e+00 1.439973235130310059e+00 -5.454498767852783203e+00 -8.349954150617122650e-03 9.121155142784118652e-01 1.760855168104171753e-01 3.700939714908599854e-01
1.403637243238319159e+09 4.209689140319824219e+00 1.318596005439758301e+00 -5.098720550537109375e+00 -1.294091995805501938e-02 9.003658890724182129e-01 2.059410363435745239e-01 3.830953538417816162e-01
1.403637243638319254e+09 4.409926891326904297e+00 1.156973719596862793e+00 -4.616386890411376953e+00 1.194337848573923111e-02 8.885664939880371094e-01 2.520337998867034912e-01 3.831265270709991455e-01
1.403637244138319254e+09 4.657685279846191406e+00 6.226918697357177734e-01 -3.930785655975341797e+00 1.018902752548456192e-02 8.825300931930541992e-01 2.711143195629119873e-01 3.841014206409454346e-01
1.403637244738319159e+09 4.795845508575439453e+00 3.215680122375488281e-01 -3.635833263397216797e+00 -2.094851993024349213e-02 8.634628057479858398e-01 2.629586458206176758e-01 4.299370944499969482e-01
1.403637245138319254e+09 5.152765274047851562e+00 4.974508285522460938e-02 -3.297192573547363281e+00 -2.314699441194534302e-02 8.518584966659545898e-01 2.689167857170104980e-01 4.488709568977355957e-01
1.403637245738319159e+09 5.504487991333007812e+00 -2.623605728149414062e-02 -3.124123096466064453e+00 -1.340314373373985291e-02 8.215698003768920898e-01 2.282906323671340942e-01 5.222325921058654785e-01
1.403637246038319111e+09 5.786156177520751953e+00 -4.691612720489501953e-02 -2.959399223327636719e+00 -9.738456457853317261e-03 7.577393651008605957e-01 1.871872097253799438e-01 6.250578165054321289e-01
1.403637246338319302e+09 5.958526611328125000e+00 -3.842377662658691406e-02 -2.840947389602661133e+00 -1.806825213134288788e-02 6.971058845520019531e-01 1.538080573081970215e-01 7.000429034233093262e-01
1.403637246538319111e+09 6.172013759613037109e+00 -3.010034561157226562e-03 -2.623439788818359375e+00 -1.203961111605167389e-02 6.077769994735717773e-01 9.009659290313720703e-02 7.888883948326110840e-01
1.403637246838319302e+09 6.292942047119140625e+00 -9.522140026092529297e-04 -2.371915817260742188e+00 -2.520694583654403687e-02 5.226008296012878418e-01 7.185412198305130005e-02 8.491701483726501465e-01
1.403637247138319254e+09 6.352514743804931641e+00 6.035298109054565430e-03 -1.693097591400146484e+00 -3.853285685181617737e-03 4.842433333396911621e-01 5.282023549079895020e-02 8.733291029930114746e-01
1.403637247938319206e+09 6.237614631652832031e+00 -3.569632768630981445e-03 -1.395130634307861328e+00 5.583543679676949978e-05 4.429113864898681641e-01 4.167367890477180481e-02 8.955963253974914551e-01
1.403637248138319254e+09 6.027285575866699219e+00 -2.139113098382949829e-02 -1.110129237174987793e+00 -2.705391868948936462e-02 3.984128236770629883e-01 5.351363122463226318e-02 9.152439832687377930e-01
1.403637248538319111e+09 5.701032161712646484e+00 -2.289044857025146484e-02 -7.316836118698120117e-01 -2.211424894630908966e-02 3.914938271045684814e-01 5.084084719419479370e-02 9.185089468955993652e-01
1.403637249038319111e+09 5.409896850585937500e+00 -8.109578490257263184e-02 -4.649776816368103027e-01 -3.384606167674064636e-02 3.996417820453643799e-01 6.186696514487266541e-02 9.139548540115356445e-01
1.403637249238319159e+09 4.994431972503662109e+00 -2.333066165447235107e-01 -1.141030788421630859e-01 -3.002118319272994995e-02 4.074396491050720215e-01 6.407476216554641724e-02 9.104866981506347656e-01
1.403637249638319254e+09 4.563614845275878906e+00 -2.527302503585815430e-01 2.773791551589965820e-01 -1.354512944817543030e-02 4.039433300495147705e-01 5.774794146418571472e-02 9.128589034080505371e-01
1.403637250038319111e+09 4.198467731475830078e+00 -2.841439247131347656e-01 5.489141345024108887e-01 -1.889862865209579468e-02 3.673289120197296143e-01 6.819088757038116455e-02 9.273955225944519043e-01
1.403637250238319159e+09 3.836149930953979492e+00 -3.175366520881652832e-01 7.961537837982177734e-01 -1.782188005745410919e-02 3.307244181632995605e-01 8.082012832164764404e-02 9.400913715362548828e-01
1.403637250638319254e+09 3.428791046142578125e+00 -3.438921868801116943e-01 1.068849682807922363e+00 -2.832538820803165436e-02 3.107715547084808350e-01 8.408706635236740112e-02 9.463340044021606445e-01
1.403637251138319254e+09 3.007235765457153320e+00 -5.531666278839111328e-01 1.314528226852416992e+00 -2.634431980550289154e-02 2.763433456420898438e-01 7.502094656229019165e-02 9.577642083168029785e-01
1.403637251638319254e+09 2.743743419647216797e+00 -7.636879086494445801e-01 1.457156658172607422e+00 -5.715291481465101242e-03 2.309620231389999390e-01 2.222125232219696045e-02 9.726921916007995605e-01
1.403637252738319159e+09 2.240201473236083984e+00 -7.101227641105651855e-01 1.092414140701293945e+00 -3.837295249104499817e-02 2.034139633178710938e-01 1.221723388880491257e-02 9.782643318176269531e-01
1.403637255138319254e+09 1.845761418342590332e+00 -6.328465938568115234e-01 7.625889778137207031e-01 -2.440552785992622375e-02 1.282018274068832397e-01 -8.715065196156501770e-03 9.914094805717468262e-01
1.403637255838319302e+09 1.510533690452575684e+00 -6.076284050941467285e-01 4.772068262100219727e-01 -3.112073056399822235e-02 3.396773710846900940e-02 -4.630779847502708435e-02 9.978643655776977539e-01
1.403637256738319159e+09 1.134744048118591309e+00 -4.751422703266143799e-01 2.148453742265701294e-01 -3.930458053946495056e-02 2.683797292411327362e-02 -2.751559950411319733e-02 9.984877705574035645e-01
1.403637257238319159e+09 8.770483732223510742e-01 -4.463978111743927002e-01 2.717265672981739044e-02 -4.228585585951805115e-02 1.517715165391564369e-03 -5.385607481002807617e-02 9.976518154144287109e-01
1.403637257738319159e+09 6.605216264724731445e-01 -3.888956606388092041e-01 -9.304217994213104248e-02 -6.512964516878128052e-02 -2.064916491508483887e-02 -4.998746886849403381e-02 9.964101314544677734e-01
1.403637258138319254e+09 4.911671876907348633e-01 -3.398907482624053955e-01 -1.401568204164505005e-01 -5.577243864536285400e-02 -7.146576792001724243e-02 -6.554339081048965454e-02 9.937233924865722656e-01
1.403637258438319206e+09 2.696143984794616699e-01 -2.829704880714416504e-01 -1.654179990291595459e-01 -4.851938039064407349e-02 -1.139090657234191895e-01 -6.395269930362701416e-02 9.902427196502685547e-01
1.403637258838319302e+09 4.246953874826431274e-02 -2.039769738912582397e-01 -1.696271002292633057e-01 -3.833738341927528381e-02 -1.148182600736618042e-01 -5.899531766772270203e-02 9.908918142318725586e-01
1.403637259438319206e+09 -1.212308704853057861e-01 -1.701039671897888184e-01 -2.348376065492630005e-01 -3.732566908001899719e-02 -1.043905243277549744e-01 -7.341779768466949463e-02 9.911202192306518555e-01
1.403637260638319254e+09 -1.336117684841156006e-01 -3.223842382431030273e-02 -2.487824112176895142e-01 -3.890433162450790405e-02 -1.061141863465309143e-01 -7.690186053514480591e-02 9.906120896339416504e-01
1.403637261138319254e+09 -1.650764197111129761e-01 3.867079317569732666e-02 -2.524063885211944580e-01 -5.673322454094886780e-02 -1.057634949684143066e-01 -7.818356901407241821e-02 9.896882772445678711e-01
1.403637261438319206e+09 -2.241490930318832397e-01 7.747874408960342407e-02 -2.503258883953094482e-01 -6.111074239015579224e-02 -1.067342013120651245e-01 -7.199469208717346191e-02 9.897929430007934570e-01
1.403637261838319302e+09 -2.555490136146545410e-01 6.801659613847732544e-02 -2.392790019512176514e-01 -5.395775288343429565e-02 -1.050544083118438721e-01 -7.497218996286392212e-02 9.901673197746276855e-01
1.403637261938319206e+09 -2.880384922027587891e-01 6.331592053174972534e-02 -2.176486551761627197e-01 -3.685107827186584473e-02 -1.051470115780830383e-01 -6.958575546741485596e-02 9.913344383239746094e-01
1.403637262238319159e+09 -3.154030144214630127e-01 9.309291839599609375e-02 -1.922126859426498413e-01 -3.294681385159492493e-02 -1.057428568601608276e-01 -6.049582362174987793e-02 9.920046925544738770e-01
1.403637262338319302e+09 -3.047295808792114258e-01 1.043356657028198242e-01 -1.974590867757797241e-01 4.103384912014007568e-03 -7.779353111982345581e-02 -2.678788825869560242e-02 9.966011047363281250e-01
