1.403637133438319104e+18 4.571358998555856701e+00 -1.568508851246716018e+00 5.856096673475778003e-01 -6.613094707643275560e-01 -4.395570502186623152e-01 3.638871438994096819e-01 4.868732175681916852e-01
1.403637133738319104e+18 4.578175330683536437e+00 -1.560168993562865314e+00 6.107450563398879595e-01 -6.760261172042957289e-01 -4.392074550199231431e-01 3.492485276270777539e-01 4.776096379502036693e-01
1.403637133938319104e+18 4.581594105857173638e+00 -1.552927534351898897e+00 6.857183340781667358e-01 -6.865746250955704344e-01 -4.313185428511625008e-01 3.365004509626789986e-01 4.789019161264029822e-01
1.403637134038319104e+18 4.581517104168218779e+00 -1.551142788869662725e+00 7.470922347065831470e-01 -6.890102521551501047e-01 -4.291114386948258752e-01 3.303901274769857621e-01 4.816332725965829509e-01
1.403637134238319104e+18 4.579072356256379095e+00 -1.548385240883858316e+00 8.731917020305598465e-01 -6.845862070129624666e-01 -4.252364974136436104e-01 3.119686433229862943e-01 5.031810926676369977e-01
1.403637134538319104e+18 4.573648945986708014e+00 -1.545767727148875670e+00 9.642243850550998863e-01 -6.728979766612375180e-01 -4.029179744480695935e-01 3.271626181656007160e-01 5.270958547995864274e-01
1.403637134738319104e+18 4.571701570701358186e+00 -1.535425031537859919e+00 8.724970418042459208e-01 -6.849992759605467718e-01 -4.139480515972208119e-01 3.136131408543352816e-01 5.109499000840201921e-01
1.403637134938319104e+18 4.575831653037796265e+00 -1.534123372902654880e+00 7.259972134248446896e-01 -7.090784719245708523e-01 -4.295136541748056924e-01 3.028994302344750200e-01 4.700826275179197378e-01
1.403637135038319104e+18 4.579663680603056619e+00 -1.536824616963465617e+00 6.703951137433622476e-01 -7.151793340250364173e-01 -4.297737851672950860e-01 3.046407560615950749e-01 4.593550081502331128e-01
1.403637135938319104e+18 4.558744512389663051e+00 -1.521281232369992908e+00 7.781829068157609663e-01 -7.127332899022778001e-01 -4.237839308508031255e-01 2.873245590004485650e-01 4.794403354046418153e-01
1.403637136438319104e+18 4.564276872336156643e+00 -1.526295795209446915e+00 7.076358644575796442e-01 -7.247734046119277407e-01 -4.305703329591276662e-01 2.811724213185152754e-01 4.585354619138897192e-01
1.403637136538319104e+18 4.570601025433398412e+00 -1.530874760871424600e+00 6.628493729142592716e-01 -7.343512124961538712e-01 -4.326372819015602000e-01 2.816743727269198083e-01 4.406958438233273823e-01
1.403637136938319104e+18 4.573555066755502274e+00 -1.525712123050477542e+00 8.515059622485038338e-01 -7.213828004400475447e-01 -4.282275993611301401e-01 2.881545805267884952e-01 4.617303499837414615e-01
1.403637137038319104e+18 4.569580534588701504e+00 -1.516311495281674970e+00 1.021975431261009870e+00 -7.062815108659332708e-01 -3.991207586797071993e-01 3.013672283150526376e-01 5.010457475097184199e-01
1.403637137938319104e+18 4.576982937037855415e+00 -1.531625719280797382e+00 6.526368980522235796e-01 -7.324691087014816304e-01 -4.349596499776171021e-01 2.741344862438967467e-01 4.462615725571725256e-01
1.403637138438319104e+18 4.570416828237519269e+00 -1.507263065198078289e+00 1.023631321595399157e+00 -6.871321691815527322e-01 -4.057949823506430964e-01 2.908810765304075119e-01 5.277954278803544952e-01
1.403637138938319104e+18 4.552975578636042187e+00 -1.499586606641903019e+00 7.937158184161872132e-01 -7.066757173650622947e-01 -4.096574938561725054e-01 2.985476576818972272e-01 4.936187438769998326e-01
1.403637150238319104e+18 4.562748692932355077e+00 -1.457867523009259703e+00 5.997505536992902009e-01 -7.039792895031857789e-01 -4.569943940734867427e-01 2.908751641025084100e-01 4.593048254093739513e-01
1.403637150438319104e+18 4.534910091438097091e+00 -1.408899693782081686e+00 6.555008650991420716e-01 -6.978358722566748717e-01 -4.425573573265709215e-01 2.980494451102880804e-01 4.778437078557556394e-01
1.403637150538319104e+18 4.496553071058840167e+00 -1.356093791106806723e+00 7.087568071948217030e-01 -6.962116926250492277e-01 -4.342930543952456812e-01 2.990446844869675269e-01 4.870842828877796071e-01
1.403637150738319104e+18 4.454618479506760487e+00 -1.302618513365756403e+00 7.537554723019378455e-01 -6.955956975771244721e-01 -4.321595504540937660e-01 2.966560388656450109e-01 4.913043283628326097e-01
1.403637150938319104e+18 4.391142371068658790e+00 -1.230318235578569563e+00 8.053742094844595911e-01 -6.831114763242440713e-01 -4.265037821328930834e-01 3.053817814538484776e-01 5.081291197092754341e-01
1.403637151438319104e+18 4.308310012558612456e+00 -1.103766181410157143e+00 9.672429339327388575e-01 -6.917456681177875932e-01 -4.359327585184244458e-01 3.045471562312030422e-01 4.885709675392920226e-01
1.403637152538319104e+18 4.175985448833749558e+00 -8.560500179498580220e-01 1.049319727599154373e+00 -6.891374648052314145e-01 -4.327427138608245794e-01 3.127324101327613737e-01 4.899201341593765191e-01
1.403637153538319104e+18 3.968257485970762666e+00 -4.057415936267818601e-01 1.067830057490988249e+00 -6.971142541809471904e-01 -4.341817365671254980e-01 3.019330438309354436e-01 4.841016146350718419e-01
1.403637155438319104e+18 3.610451073512679798e+00 1.040140936224482893e-01 1.080992921040399901e+00 -7.492280566854588875e-01 -3.174367847477640447e-01 2.485324319374792312e-01 5.254739166120186988e-01
1.403637156038319104e+18 3.540689410234659995e+00 3.050438223041693764e-01 1.017220350312743715e+00 -7.796141160660614577e-01 -2.366353760279058527e-01 2.028348419356726384e-01 5.431975292097669383e-01
1.403637156738319104e+18 3.881803934403578182e+00 1.270933326627063931e+00 6.936940448477182386e-01 -8.203753678611570566e-01 -9.862095657616679056e-02 1.094346892066357657e-01 5.525234940967851394e-01
1.403637158038319104e+18 4.257021729836048429e+00 1.765442186389393431e+00 7.207117040835697708e-01 -8.049713603788778427e-01 -1.097518732930520546e-01 8.714557166071655592e-02 5.765251812526246411e-01
1.403637158538319104e+18 4.568933768128687234e+00 2.075439264942851914e+00 7.342305554656392008e-01 -8.109847341614697669e-01 -3.453392462373679889e-02 5.982024061636797424e-02 5.809756516582533781e-01
1.403637160038319104e+18 6.115449229130499376e+00 3.113095439824521193e+00 5.922778829019952340e-01 -8.140532316742065122e-01 4.460968956004283947e-02 -2.341509817000135552e-02 5.786009374135392402e-01
1.403637160538319104e+18 6.565379137284782729e+00 3.387122692009386871e+00 4.949999809539475937e-01 -8.054595501189117934e-01 1.443018582304524400e-01 -1.098147054633459158e-01 5.642274517404105572e-01
1.403637160738319104e+18 6.973217264212948407e+00 3.656679107389915195e+00 4.307268948297893196e-01 -8.057224521909833737e-01 1.953186058271723369e-01 -1.383253059705716326e-01 5.417823197384959988e-01
1.403637161238319104e+18 7.499019222496178472e+00 4.020750785107599867e+00 5.604544905410144828e-01 -7.925072046329184605e-01 2.212304541696359095e-01 -1.207047080614693929e-01 5.553555529609923713e-01
1.403637161738319104e+18 7.880836473567867984e+00 4.204677051811058774e+00 6.442492500431805658e-01 -7.722624475813409939e-01 2.338332486372969587e-01 -1.575547250005069344e-01 5.693059217305046493e-01
1.403637161938319104e+18 8.462890828413669908e+00 4.375775262720122072e+00 6.865766738554672788e-01 -7.475965357920617560e-01 2.518397848210108814e-01 -1.652784889203464114e-01 5.919114490810448714e-01
1.403637162538319104e+18 8.993331288110686828e+00 4.309658722055750957e+00 6.733733988292501804e-01 -7.409133528253359913e-01 2.624196283830343424e-01 -1.736869612295200982e-01 5.933095159722997503e-01
1.403637162938319104e+18 9.311505699273100234e+00 4.159657664366546825e+00 6.485900386109220150e-01 -7.176804421642227760e-01 3.140579578757964896e-01 -2.394317528116030047e-01 5.735632639695584789e-01
1.403637163238319104e+18 9.497181490166115125e+00 4.016053216072407395e+00 6.099411138268856503e-01 -6.924881126410961096e-01 3.638139236499848272e-01 -2.860017686239348933e-01 5.534461411493958316e-01
1.403637163438319104e+18 9.710572094655901765e+00 3.755251723853457069e+00 5.452051290200027323e-01 -6.685949000606254966e-01 4.405180639314635882e-01 -2.985407045548053584e-01 5.194209686631044987e-01
1.403637164238319104e+18 1.023049617287779789e+01 2.730024831286214315e+00 6.763970277824533639e-01 -6.699539892279844366e-01 4.542229504504366466e-01 -3.015236892803956903e-01 5.039113299027411230e-01
1.403637164738319104e+18 1.044765310590282326e+01 2.234315559633637704e+00 7.215965828523376313e-01 -6.762462645138476169e-01 4.513763057457716443e-01 -2.875112155843379536e-01 5.062486753124231242e-01
1.403637164938319104e+18 1.060617606548273173e+01 1.883696417404518764e+00 7.228101254315696389e-01 -6.740589568323110958e-01 4.419974959467707909e-01 -3.160016772930308027e-01 5.004254951927528117e-01
1.403637165038319104e+18 1.076182462983181054e+01 1.525224358523387558e+00 7.093698818237285098e-01 -6.565522197114004310e-01 4.575277442556599516e-01 -3.397220254322591004e-01 4.941624140548974142e-01
1.403637165238319104e+18 1.090131634386641579e+01 1.164788871043646479e+00 6.927533977761798356e-01 -6.376049377344390479e-01 4.877623012395244650e-01 -3.644643896159277530e-01 4.719254067838208888e-01
1.403637165438319104e+18 1.102238604928177601e+01 8.148870862401786930e-01 7.043410421857512205e-01 -6.298158491024646866e-01 5.164101414485620101e-01 -3.736633143908106303e-01 4.438786878268566327e-01
1.403637166438319104e+18 1.147951381966563744e+01 -3.850880707413060211e-01 6.640981076861580679e-01 -6.403568168085673751e-01 4.567358477595595545e-01 -4.213214475768756739e-01 4.514684378224921302e-01
1.403637166738319104e+18 1.117672937836727876e+01 -3.400677808525072177e-01 5.431300885619763097e-01 -6.731044836497045436e-01 4.547803515681412279e-01 -3.774050433869530763e-01 4.446016409599882202e-01
1.403637168238319104e+18 1.061026809714705088e+01 5.536718933771425100e-01 3.632134079434108376e-01 -6.920836271196183498e-01 4.232520268098410310e-01 -3.407944409706658018e-01 4.751180104750886146e-01
1.403637169438319104e+18 9.846421331947308175e+00 1.935235603495249812e+00 3.544317397884866327e-02 -7.267062553012418880e-01 3.489993045901573221e-01 -3.113864264006779292e-01 5.031262240780618455e-01
1.403637170038319104e+18 9.204814385353449424e+00 2.794217643546950569e+00 -7.089373421418354582e-04 -7.771495658450300326e-01 1.879470688577579429e-01 -2.251976772187604114e-01 5.567768473903470516e-01
1.403637170238319104e+18 8.918263793930584882e+00 3.075579175604830073e+00 -5.206638868497429073e-02 -7.840997317380243858e-01 1.418381567201704441e-01 -1.958016026631142215e-01 5.716041290798539176e-01
1.403637170438319104e+18 8.599932063550664196e+00 3.343108194937280508e+00 -1.235008031701376602e-01 -7.771369652333424138e-01 1.082639665124123102e-01 -1.318223415596522508e-01 6.057721692919216805e-01
1.403637171038319104e+18 7.552987286122893273e+00 3.834450039703625635e+00 -3.281721953386093071e-01 -7.827651350059368074e-01 -4.584324978715133975e-02 2.221119582267149992e-02 6.202288308747164747e-01
1.403637171238319104e+18 7.225544212972168978e+00 3.888939265535213963e+00 -3.335781000404706154e-01 -7.787358590422515103e-01 -7.900212545998695768e-02 5.045252204946856084e-02 6.203093333437594836e-01
1.403637171438319104e+18 6.923773238633698313e+00 3.900995162712800557e+00 -3.180746028135448822e-01 -7.744693078988591495e-01 -1.035706318146064203e-01 4.552870752847285041e-02 6.224126863576708857e-01
1.403637171738319104e+18 6.620387261277532076e+00 3.869472045567476925e+00 -3.023089309727133855e-01 -7.729738877897699423e-01 -1.096076051211567620e-01 3.605651976488091770e-02 6.238569299745073682e-01
1.403637171938319104e+18 6.314236124643771042e+00 3.792917186764425796e+00 -3.065006093773204876e-01 -7.701643305619566560e-01 -1.061534094321365251e-01 2.514956363530755634e-02 6.284471792004002744e-01
1.403637172238319104e+18 5.689069747637683250e+00 3.484448222785768934e+00 -3.295304084703273295e-01 -7.895195841087067068e-01 -7.138032672086798425e-02 4.986436282413614363e-02 6.075172594965347894e-01
1.403637172438319104e+18 5.394887819875529900e+00 3.277835269054863332e+00 -3.090720656605800976e-01 -8.012674068735567978e-01 -4.833153124957537822e-02 7.167124722643923584e-02 5.920285787782580966e-01
1.403637172738319104e+18 4.945006681025719608e+00 2.851520790134778771e+00 -2.081948000389399756e-01 -8.309972139160113347e-01 -1.772734691165391702e-02 6.873358930202030925e-02 5.517291594042876834e-01
1.403637173038319104e+18 4.724869425594353523e+00 2.592776561488545628e+00 -2.111281860584975911e-01 -8.536479962623071405e-01 2.641956345318480573e-02 4.549395474978068510e-02 5.181866509526429354e-01
1.403637173438319104e+18 4.601045162399323374e+00 2.418138536191832166e+00 -2.914840543970499409e-01 -8.309194337718160961e-01 1.212112063542406665e-01 -4.506917673547095743e-03 5.430105208258475535e-01
1.403637173738319104e+18 4.656506156764539384e+00 2.351957825882390551e+00 -3.909958832000181017e-01 -8.366446358940167194e-01 1.876708623459921454e-01 -2.377258430216598606e-02 5.140430574297023547e-01
1.403637174038319104e+18 4.866944068126566769e+00 2.365300777098700014e+00 -4.045012619937298215e-01 -8.035519554337386960e-01 1.652688211466310786e-01 -9.695974607881241436e-02 5.635506004927596235e-01
1.403637175038319104e+18 5.780422983006529236e+00 2.242778760495061974e+00 -2.063191538334080977e-01 -7.552026514842962168e-01 2.824678356703808624e-01 -1.738081716440946778e-01 5.653950799861248155e-01
1.403637175238319104e+18 6.006901192739247719e+00 2.147751617716237682e+00 -1.944376115704430363e-01 -7.276994781456391781e-01 2.999306523412048064e-01 -1.927751044433273220e-01 5.859461002512157402e-01
1.403637175538319104e+18 6.435665450870318161e+00 1.828048295458528205e+00 -2.133050346294108057e-01 -7.390209389033848275e-01 3.208251463269470860e-01 -1.745844553740369398e-01 5.660737984471667650e-01
1.403637175938319104e+18 6.894881143051591721e+00 1.375148363930065454e+00 -1.523937985501286341e-01 -7.366263482779271676e-01 2.921308120095381100e-01 -2.006986566128071137e-01 5.759872055273348446e-01
1.403637177538319104e+18 8.420935157987214481e+00 -7.583264513529535122e-01 -2.768266147575603187e-01 -7.828249295819624809e-01 3.392104084704404832e-01 -2.434616857884777663e-01 4.613543496742443240e-01
1.403637178538319104e+18 9.935673115383135467e+00 -7.872376652534458508e-01 -3.760317047758146014e-01 -6.978124409711280451e-01 3.938401061122741020e-01 -3.426435286393038071e-01 4.904520163328875970e-01
1.403637179238319104e+18 1.021981700100068835e+01 -1.438796924499692320e-01 -3.971661948965552469e-01 -7.056640457500741315e-01 3.955818055421900237e-01 -3.288396358680591991e-01 4.872553576327106062e-01
1.403637180038319104e+18 1.022813915367008697e+01 5.108333966265203863e-01 -6.386343459912211529e-01 -7.028810300563109736e-01 3.950945466449310994e-01 -3.328294732615501017e-01 4.889612444016953052e-01
1.403637180438319104e+18 1.011217893701824622e+01 1.011062174829960192e+00 -7.456715566698105535e-01 -7.198941829856682073e-01 4.102950680496077474e-01 -3.100959792754963695e-01 4.661017121559800636e-01
1.403637181238319104e+18 9.784558370936949245e+00 2.187801554264683812e+00 -5.802753223685601647e-01 -6.879110145887954442e-01 4.079394325334319560e-01 -3.442514035745929402e-01 4.917873793913774549e-01
1.403637182038319104e+18 9.329283020766951040e+00 3.142051474157285362e+00 -2.761288713657156779e-01 -6.822154551804181510e-01 4.262400943936032749e-01 -3.365157014222263654e-01 4.895494227763051986e-01
1.403637182238319104e+18 9.156094422363228347e+00 3.445770815766454387e+00 -2.003541858916255969e-01 -6.711850266067231896e-01 4.246648459507605389e-01 -3.327675568128951600e-01 5.083661886920937123e-01
1.403637182438319104e+18 8.754517027386171435e+00 3.965296008959494412e+00 -6.484212819854093257e-02 -6.609100203482178859e-01 4.092562372863183806e-01 -3.378616175779733388e-01 5.306192652110913732e-01
1.403637183938319104e+18 6.438418378824062316e+00 4.184997292261172674e+00 -4.983064781793722364e-02 -6.522436325379857847e-01 4.694325263985441588e-01 -2.607756531384492482e-01 5.349835564790271780e-01
1.403637184438319104e+18 6.060631832717140455e+00 3.787535281414081023e+00 -1.150780858189729416e-01 -6.837312094780605420e-01 4.508822230011477750e-01 -2.907438651550906528e-01 4.946563039544632501e-01
1.403637184938319104e+18 5.648057557212675661e+00 3.230715274179202900e+00 -2.174739643767729658e-01 -7.069879692578106001e-01 4.543916113593760575e-01 -2.811010353579728172e-01 4.633340941174332595e-01
1.403637185538319104e+18 5.388622466298725655e+00 2.296111601796995583e+00 -6.237492942154720943e-02 -7.079105689673012014e-01 4.451003361532475666e-01 -3.002085688613356229e-01 4.589369589419518558e-01
1.403637185938319104e+18 5.493058039381534030e+00 1.888286981683468868e+00 6.828155801468932529e-02 -6.935777090534630540e-01 4.320816756462326214e-01 -3.203935402981037961e-01 4.791694547966730555e-01
1.403637189238319104e+18 7.614755595142272959e+00 -5.929031720786555049e-01 -7.639185423105437911e-02 -6.244848433460177262e-01 5.244274779405967424e-01 -3.597281066149631834e-01 4.534205444432115595e-01
1.403637190438319104e+18 8.788047273483263311e+00 -1.743777816853289142e+00 6.912052724748807275e-02 -6.438086858338059049e-01 4.833307836805612601e-01 -3.600485017631956941e-01 4.714518066247710415e-01
1.403637191538319104e+18 9.056274776110813107e+00 -2.227970453703728815e+00 3.616650284741051991e-02 -6.588437150841597312e-01 4.749520846964561116e-01 -3.630506372422209194e-01 4.566614841812370873e-01
1.403637191938319104e+18 9.333172739046162292e+00 -2.433058065916241297e+00 3.648386112908146295e-01 -6.727624134081781060e-01 4.942885432977829341e-01 -3.494317751151794216e-01 4.254021692582375391e-01
1.403637193938319104e+18 1.028209168183709110e+01 -1.945470133534982438e+00 6.852700733049954529e-01 -6.622174039587284122e-01 4.800299218326121165e-01 -3.663046746779052287e-01 4.436893838584065608e-01
1.403637194738319104e+18 1.090088315674475083e+01 -1.416690450630353704e+00 7.902183983903081632e-01 -6.620889245082740571e-01 4.891710127136708608e-01 -3.605868140097176489e-01 4.385511668283187947e-01
1.403637195238319104e+18 1.128559724224834326e+01 -1.012966847724626751e+00 7.840739960683107412e-01 -6.545993671728013164e-01 4.761764004020877517e-01 -3.662532878060090202e-01 4.589272637013052658e-01
1.403637195738319104e+18 1.161448829682823813e+01 -4.968683588434286147e-01 8.539959536925318950e-01 -6.741362114623090651e-01 4.277091778308118042e-01 -3.971813438497923121e-01 4.526060181793979398e-01
1.403637197538319104e+18 1.068839272764575554e+01 1.615900288537432727e+00 6.748046806110850060e-01 -7.365562179191037506e-01 3.308865859934758125e-01 -2.803628991742840304e-01 5.190333802568751764e-01
1.403637197738319104e+18 1.041323106854707348e+01 1.903893698456997630e+00 7.174153910924608857e-01 -7.648663138814859597e-01 2.540293674331630669e-01 -2.431676021544505739e-01 5.397389365548033169e-01
1.403637197938319104e+18 1.012388938931394122e+01 2.185547510824256356e+00 7.847920189690256176e-01 -7.823810004827995712e-01 1.874968253130674944e-01 -2.103609109498991991e-01 5.554036349587415655e-01
1.403637198538319104e+18 8.866839325656908244e+00 3.103468531801962804e+00 1.075427310727951502e+00 -7.913281305155253076e-01 5.361214516805080238e-02 -1.528972850477696155e-01 5.895319736624169416e-01
1.403637198938319104e+18 8.193293572310491157e+00 3.425802276659169809e+00 1.040268660218598429e+00 -7.727015370530496696e-01 6.672728640565278591e-02 -1.258410323908704664e-01 6.185821194082417041e-01
1.403637199538319104e+18 6.661000601808410693e+00 3.772018145575692039e+00 1.046428393979368376e+00 -7.795131358847789960e-01 -2.108106206549194631e-02 -2.854433923910732959e-02 6.253799489131960376e-01
1.403637199738319104e+18 6.140711479185643640e+00 3.795560492137409092e+00 1.028386398023616977e+00 -7.711549898292101579e-01 -5.509924121867121327e-02 3.553549898156823511e-02 6.332624128990825829e-01
1.403637199938319104e+18 5.641816892387232940e+00 3.771493747599783397e+00 9.435176081822906902e-01 -7.479138479212428248e-01 -9.193225832893826832e-02 1.188447803319377105e-01 6.465672850941615035e-01
1.403637200538319104e+18 4.537901561486207491e+00 3.364672606128682464e+00 6.233398930201303756e-01 -7.628069168803559563e-01 -2.356052829819551275e-01 1.763381293338396327e-01 5.757782753226460271e-01
1.403637201538319104e+18 3.590440332093556730e+00 2.048457575276345644e+00 5.783420429066031820e-01 -8.230595992909078840e-01 -1.140997285888307039e-01 1.594262830831227884e-01 5.330454091476123368e-01
1.403637202438319104e+18 4.116163588430032938e+00 1.992072971855641805e+00 6.471702771513313523e-01 -8.019306038845024354e-01 -1.661701527640405684e-01 9.815970601097774584e-02 5.653843462633637573e-01
1.403637206038319104e+18 4.905691504312253315e+00 1.006581661758447988e+00 6.893130304504727635e-01 -7.979736403100899933e-01 -1.897847327024743680e-01 1.092223755896389453e-01 5.615071658259307430e-01
1.403637209538319104e+18 4.341759618966623435e+00 1.292159173441698616e+00 6.196792801865222966e-01 -8.330283930309871909e-01 -2.274939569855896904e-01 1.187013582969128206e-01 4.901226208590231392e-01
1.403637211238319104e+18 3.471895279980211857e+00 2.379426953649781407e+00 3.015857842601753491e-01 -7.935396447856331026e-01 -1.999970670913603643e-01 1.460838697222540394e-01 5.558376636350907951e-01
1.403637211738319104e+18 2.924580101466980331e+00 3.269943188552141056e+00 8.613987459387928425e-02 -8.088613108484115077e-01 -1.955331178477885956e-01 1.480367855549869494e-01 5.344111617096511946e-01
1.403637212238319104e+18 2.618373646009509947e+00 3.897316050443262903e+00 8.661700847306108564e-02 -7.859547984953477728e-01 -1.941654364008186529e-01 1.426914143957998260e-01 5.693979261352667409e-01
1.403637212738319104e+18 2.228293128986177152e+00 4.751574247945785423e+00 1.966309821071823283e-01 -8.009078883683035111e-01 -2.050714051286453288e-01 1.241166717948718329e-01 5.487142470635802960e-01
1.403637213238319104e+18 1.956429292794873653e+00 5.312136330995844702e+00 2.478694465976412076e-01 -7.986079765113248685e-01 -2.040427025232738334e-01 1.339021320371400481e-01 5.501473388424183986e-01
1.403637214538319104e+18 8.670904260254310714e-01 6.743695558141516777e+00 2.537420755782164861e-01 -7.179206558440393016e-01 -3.386876709356725357e-01 1.704205683557272755e-01 5.838128324642620770e-01
1.403637214938319104e+18 1.390311010730393981e-01 6.730451921435740559e+00 3.911903844190049995e-01 -6.945086723516933347e-01 -3.474410416170211069e-01 2.214550975920642484e-01 5.898305403917779577e-01
1.403637215538319104e+18 -1.231870297976573880e-01 6.488769303662329513e+00 4.310964095936049567e-01 -6.725333846150246542e-01 -3.869245887929527727e-01 2.727966128925086164e-01 5.688323278085011259e-01
1.403637216538319104e+18 -5.138403609132371486e-01 5.176090686437426314e+00 6.651830296123215636e-01 -6.331117080294144106e-01 -4.429656137174434738e-01 3.724268342297238910e-01 5.140518294546100320e-01
1.403637217738319104e+18 3.686793090306506038e-01 4.017166233646404905e+00 6.797324691650381556e-01 -6.023423670736864910e-01 -4.908478244850633665e-01 3.816689349706307022e-01 5.005805730396784003e-01
1.403637218538319104e+18 1.684119699299172712e+00 3.211594924573533127e+00 6.559939345887442208e-01 -5.881410345221117497e-01 -5.331512402309978027e-01 3.926420316214710438e-01 4.644051179256886708e-01
1.403637218938319104e+18 2.439974741550879234e+00 2.768126984020161885e+00 5.577457143787478699e-01 -5.856243942315142448e-01 -5.424862468372916302e-01 3.708304029415832037e-01 4.745919859495565385e-01
1.403637219538319104e+18 3.568447164888759904e+00 1.971610649598692033e+00 4.698130029099985006e-01 -6.160718619644027783e-01 -5.488496272420497757e-01 3.561087743480971790e-01 4.386411841178082249e-01
1.403637219938319104e+18 4.348181459631950574e+00 1.273931943810932221e+00 5.813743086363423185e-01 -6.234299908919601618e-01 -5.491222748468811421e-01 3.541546416720346979e-01 4.293882433248373265e-01
1.403637220438319104e+18 4.941880367444380084e+00 6.328276576694471522e-01 7.962610886795100651e-01 -6.293011285067597882e-01 -5.278492749315037980e-01 3.789185438986536480e-01 4.263519317466837877e-01
1.403637220938319104e+18 5.352713129301546857e+00 2.124508675007958924e-01 8.717819273034399519e-01 -6.411385149015864648e-01 -5.251589303514274665e-01 3.640838718566598575e-01 4.249616886682798245e-01
1.403637221938319104e+18 5.990893662084472382e+00 -4.841686925486663462e-01 7.121848916226926063e-01 -7.067730815365785846e-01 -4.468818477153356228e-01 3.034231517182359172e-01 4.568400337089433272e-01
1.403637223038319104e+18 6.170006519004787471e+00 -1.038234881225161610e+00 7.218885131381558296e-01 -7.140729429224730307e-01 -4.155169439513478058e-01 2.641798252500360267e-01 4.976489941778559079e-01
1.403637229538319104e+18 5.968400758037133436e+00 -1.484523044191506713e+00 6.023301123650544042e-01 -7.698030255199591609e-01 -3.182842944194901325e-01 2.449455944298472854e-01 4.960847363058178972e-01
1.403637230938319104e+18 5.997145997595145772e+00 -1.404797138027966685e+00 5.980400085455362946e-01 -8.310895370161252016e-01 -5.543881723204279605e-02 5.155024618131864161e-02 5.509621503559752886e-01
1.403637231238319104e+18 6.044508513046638498e+00 -1.343977617279963122e+00 5.323934349721872739e-01 -8.284614904565553717e-01 6.100363926847553880e-02 -1.552396067752694585e-02 5.564971890956749156e-01
1.403637231538319104e+18 6.144538238419473331e+00 -1.264620670214121834e+00 3.425504931929747032e-01 -8.138766697704649111e-01 1.835413516245519849e-01 -8.910715414768327625e-02 5.440379157070495131e-01
1.403637232438319104e+18 6.882015143520177070e+00 -1.071017453908817085e+00 1.175340464247968120e-01 -7.025233592277616568e-01 4.383395540681504499e-01 -2.411704243027380512e-01 5.061187523895090967e-01
1.403637233538319104e+18 8.153484600781496283e+00 -1.272033285632358846e+00 2.164150946328105007e-01 -7.330389010322074794e-01 4.347931961068738360e-01 -3.168148313617097367e-01 4.162177420796889793e-01
1.403637233738319104e+18 8.886404971948893561e+00 -1.167748735221773249e+00 7.571095587454379494e-02 -7.283953252878281326e-01 3.617589961313864011e-01 -3.990248932024840767e-01 4.234971232742871239e-01
1.403637234238319104e+18 9.490839549994124269e+00 -5.768481165860523951e-01 -1.582854071837419552e-01 -7.078745979427947255e-01 3.581306775382317453e-01 -3.918485860623466266e-01 4.659513461663925549e-01
1.403637234938319104e+18 9.692788167985167291e+00 3.039698175221832166e-01 -4.413649308501490509e-01 -7.175567219015641651e-01 3.314167706009423231e-01 -2.868951075561682051e-01 5.412637732923372136e-01
1.403637235438319104e+18 9.597249148791243911e+00 1.261438888709454975e+00 -6.238686988279170675e-01 -7.798456528975844515e-01 2.636509345916492886e-01 -2.162838996490127064e-01 5.249287733572108872e-01
1.403637235738319104e+18 9.489035916098728762e+00 1.731560204671330538e+00 -6.211665645824014925e-01 -7.793955692305010174e-01 1.917487628862030447e-01 -2.258182978477495384e-01 5.520697917406994781e-01
1.403637236038319104e+18 9.360109064494686493e+00 2.048489850866239692e+00 -5.903277191100309018e-01 -7.877711461113794389e-01 1.445121434133953275e-01 -2.187628910478503774e-01 5.573828659555438714e-01
1.403637236238319104e+18 9.165127570001040169e+00 2.370959606865250535e+00 -5.269885674604886105e-01 -7.956989290147546967e-01 1.065314595719123042e-01 -1.953641572522899217e-01 5.633356979167507550e-01
1.403637236438319104e+18 8.906747629088680895e+00 2.695355215092893886e+00 -4.351135458956840174e-01 -7.986847264470836594e-01 8.417555610942800692e-02 -1.592171588089309753e-01 5.741664217233776180e-01
1.403637237038319104e+18 7.865498800568031967e+00 3.539928405881435758e+00 -1.628071583311704873e-01 -7.443625887426611465e-01 3.500399061959152264e-02 -8.669030548480728682e-02 6.611987961694862914e-01
1.403637237238319104e+18 7.447619519951272693e+00 3.684549137642378014e+00 -3.531681712028350573e-02 -7.409336306278729856e-01 1.767635501575058610e-02 -5.063303002095357469e-02 6.694334901607874588e-01
1.403637237438319104e+18 7.018646464769688897e+00 3.733762996100676634e+00 1.156199598627400960e-01 -7.454093623433206695e-01 5.135087041017367439e-03 -2.616095779308361818e-02 6.660736578632681093e-01
1.403637237938319104e+18 6.206141815713157150e+00 3.562981144487140206e+00 4.499516697601421700e-01 -7.586507240666966467e-01 2.561762338310379777e-02 1.345669765106874589e-02 6.508546178169175578e-01
1.403637238438319104e+18 5.280184603505184704e+00 2.755634536626899056e+00 8.346805849637997099e-01 -7.723590990160268399e-01 2.615392117163404806e-01 -1.625345131821731917e-02 5.786142827671924005e-01
1.403637238738319104e+18 5.225261269744780002e+00 2.280650644908360558e+00 9.259417600192483278e-01 -8.067262323892420151e-01 3.275833877452362097e-01 -1.792942991595763286e-02 4.914879912991789168e-01
1.403637239038319104e+18 5.487472884975524323e+00 1.845760224642474467e+00 1.029205197898796165e+00 -8.181241141078110513e-01 3.155998334713111531e-01 -8.113865316929623483e-02 4.737997446074260210e-01
1.403637239538319104e+18 6.185102007803419788e+00 1.393750860251278034e+00 1.090537432546677898e+00 -7.758248530965337064e-01 3.623588607400297645e-01 -1.601987522940577502e-01 4.910480761843555864e-01
1.403637239738319104e+18 6.611557178941759538e+00 1.190045906794231279e+00 1.028812440806667450e+00 -7.387615083483859424e-01 3.897391456851213021e-01 -2.209310647755065582e-01 5.035119628376373280e-01
1.403637239938319104e+18 7.048174828318545693e+00 9.869321114789850746e-01 9.269521652972507741e-01 -6.990446950462104736e-01 4.167451480983997980e-01 -2.828391751720885083e-01 5.076041733990830362e-01
1.403637240538319104e+18 8.513686525925583837e+00 2.859455306809162156e-01 5.500553053907135670e-01 -6.683219883684611284e-01 5.057397738674686005e-01 -3.475020579104498020e-01 4.204941387697462285e-01
1.403637240938319104e+18 9.545228824054275307e+00 -5.214612482429448193e-02 4.241785381909103370e-01 -6.627409370661753174e-01 4.776290218733100224e-01 -3.695928838000034911e-01 4.427708979205724482e-01
1.403637241538319104e+18 1.044300133652011198e+01 -2.105278251412046053e-01 2.562286773549322660e-01 -6.686511965226586973e-01 4.394020592660638491e-01 -4.008094393055531279e-01 4.462994522348503468e-01
1.403637241938319104e+18 1.112799856765958850e+01 -1.132261580872626627e-01 2.352012758018939831e-01 -6.524543679431493715e-01 4.348191428831305050e-01 -4.089838591942006607e-01 4.668702321340517658e-01
1.403637242738319104e+18 1.120682747708109517e+01 3.165916847275995760e-01 2.734500899080591907e-01 -6.672343401402468510e-01 3.904760277041033900e-01 -3.788467923372994539e-01 5.087257758967718146e-01
1.403637243238319104e+18 1.092581576874344051e+01 6.478375767365933680e-01 2.866054988152115790e-01 -6.867237072037909451e-01 3.969658115925305264e-01 -3.538363340538897561e-01 4.956092645363583404e-01
1.403637244738319104e+18 9.560506698614373633e+00 1.789947544667929824e+00 8.426624080665339189e-01 -7.326067179091245718e-01 3.929662795381743678e-01 -2.879678727595834098e-01 4.753308366587067346e-01
1.403637245738319104e+18 9.249552462868216196e+00 2.663394157856823874e+00 1.001997310909255479e+00 -7.586061007269064849e-01 3.121516572827217617e-01 -2.392167201648271180e-01 5.194742415068832608e-01
1.403637246038319104e+18 9.186808312687389844e+00 2.981704978750180146e+00 9.615006480302102920e-01 -7.823279475252914450e-01 2.104145547035823627e-01 -1.769165991088501311e-01 5.589178961614272856e-01
1.403637246538319104e+18 9.015051384572579707e+00 3.440841029769883264e+00 8.086078602221056233e-01 -7.920239410745495423e-01 1.174075224760153316e-03 -6.480179598604418612e-02 6.070398879390781488e-01
1.403637247938319104e+18 7.907888248702384715e+00 3.876641524486359902e+00 4.966545207756735691e-01 -7.730571371656468349e-01 -1.527448531951882682e-01 6.551001392382989341e-02 6.121765354661466985e-01
1.403637248538319104e+18 7.116755707185611790e+00 3.576317863648016626e+00 3.854295548456723730e-01 -7.835508391677740159e-01 -1.899830512468791144e-01 1.025682796136182240e-01 5.826098786456554990e-01
1.403637249038319104e+18 6.762931692967885766e+00 3.391913392842344610e+00 3.945532544017195109e-01 -7.941418460232619880e-01 -1.812023004538096393e-01 9.566983662957664891e-02 5.721466045204527395e-01
1.403637249238319104e+18 6.270432503506457422e+00 3.129760078434852044e+00 4.818021925065406608e-01 -7.939150136012831371e-01 -1.730201479159923506e-01 9.199475895114606061e-02 5.755866085300482826e-01
1.403637250038319104e+18 5.387193858228373600e+00 2.589713239963218339e+00 4.187606361158819901e-01 -7.863968527548758081e-01 -1.929667640580275956e-01 1.315825643597018924e-01 5.718652347386788959e-01
1.403637250238319104e+18 5.033079186372828140e+00 2.328766199596108422e+00 4.136470951965912635e-01 -7.860299013821386849e-01 -2.075440279156527401e-01 1.669772554069896831e-01 5.578539833921424274e-01
1.403637252738319104e+18 4.148903188642624862e+00 9.736583992294240986e-01 8.270006829885648836e-01 -7.430347603683735702e-01 -3.386649760471785453e-01 2.227546976053966232e-01 5.325276740020242761e-01
1.403637256738319104e+18 4.640625948439380366e+00 -3.683236010829078477e-01 8.953521967529908254e-01 -6.729706997124087486e-01 -4.593595809799640439e-01 3.267472477258412389e-01 4.788898086137254317e-01
1.403637257238319104e+18 4.734116888726574324e+00 -6.722266546262908316e-01 9.321860373893176011e-01 -6.527594515264700803e-01 -4.896541749670525467e-01 3.290262268562763603e-01 4.752742675770690317e-01
1.403637257738319104e+18 4.785417118787828272e+00 -9.210171988246375063e-01 9.215329700601998519e-01 -6.563620746868717992e-01 -5.058580219621658935e-01 3.349383737645098558e-01 4.484559892667904779e-01
1.403637258438319104e+18 4.745561168708224642e+00 -1.326438490882534627e+00 8.639835003972869965e-01 -6.031121342022058851e-01 -5.511529528859688831e-01 3.944558487238192246e-01 4.205838317276455185e-01
1.403637259438319104e+18 4.704504098792965827e+00 -1.731910486555544137e+00 7.989855354196381265e-01 -5.976872615632610186e-01 -5.489537106771023023e-01 3.888842287417744181e-01 4.361064291371611334e-01
1.403637261438319104e+18 4.738048030971024005e+00 -1.869501008171145395e+00 5.707906640777850038e-01 -6.080567475210496564e-01 -5.574996133482149618e-01 3.801441841769281904e-01 4.182721269068391257e-01
1.403637261938319104e+18 4.683857556458077553e+00 -1.917636899900770686e+00 5.806177118471004261e-01 -5.990012434039472256e-01 -5.467177258541863205e-01 3.915226030714062944e-01 4.347496865111486475e-01
1.403637262238319104e+18 4.657854160880815719e+00 -1.939981578474218260e+00 5.473458924376477519e-01 -6.013318966096405926e-01 -5.398623749812893058e-01 3.982774063790082697e-01 4.339627561985296422e-01
