1.413393886005760670e+09 -0.000000000000000000e+00 -0.000000000000000000e+00 -0.000000000000000000e+00 -0.000000000000000000e+00 -0.000000000000000000e+00 -0.000000000000000000e+00 1.000000000000000000e+00
1.413393889705760717e+09 6.696839351207017899e-03 -8.439130149781703949e-03 -9.136461652815341949e-03 -2.967649884521961212e-02 6.012991070747375488e-03 -4.430553875863552094e-03 9.995316863059997559e-01
1.413393889805760622e+09 1.065179705619812012e-02 -2.892293781042098999e-02 -1.472021918743848801e-02 -3.827781975269317627e-02 1.033868547528982162e-02 -1.252566557377576828e-02 9.991351366043090820e-01
1.413393889905760527e+09 1.290283072739839554e-02 -6.685258448123931885e-02 -2.059851400554180145e-02 -4.146632552146911621e-02 1.520270295441150665e-02 -2.558482810854911804e-02 9.986965656280517578e-01
1.413393890005760670e+09 8.747555315494537354e-03 -1.233908757567405701e-01 -2.398576214909553528e-02 -3.180756792426109314e-02 2.002689801156520844e-02 -3.909955918788909912e-02 9.985281825065612793e-01
1.413393890205760717e+09 -2.034883759915828705e-02 -2.523683607578277588e-01 -2.354691922664642334e-02 -1.365776360034942627e-02 1.683077961206436157e-02 -2.414999343454837799e-02 9.994733333587646484e-01
1.413393890505760670e+09 -9.147839248180389404e-02 -3.290833532810211182e-01 2.038124762475490570e-02 2.840734086930751801e-03 1.126214955002069473e-02 -2.439270494505763054e-03 9.999296069145202637e-01
1.413393891205760717e+09 -2.718898355960845947e-01 -3.987487256526947021e-01 4.999672994017601013e-02 -7.544738240540027618e-03 1.240583043545484543e-02 -8.556405082345008850e-03 9.998580217361450195e-01
1.413393891405760527e+09 -3.298243880271911621e-01 -4.107737839221954346e-01 4.982935637235641479e-02 5.464877188205718994e-02 9.795425459742546082e-03 -6.094925571233034134e-03 9.984390139579772949e-01
1.413393891505760670e+09 -3.589532375335693359e-01 -3.987573981285095215e-01 3.988410532474517822e-02 1.078803464770317078e-01 6.925182417035102844e-03 -2.362567465752363205e-03 9.941369891166687012e-01
1.413393892005760670e+09 -5.036550760269165039e-01 -2.742149531841278076e-01 -3.903594315052032471e-01 5.749662965536117554e-02 9.005581028759479523e-03 -6.952721159905195236e-03 9.982808828353881836e-01
1.413393892105760574e+09 -5.311277508735656738e-01 -2.458855658769607544e-01 -5.371803045272827148e-01 1.616670750081539154e-02 1.004582550376653671e-02 -7.764473557472229004e-03 9.997887015342712402e-01
1.413393892205760717e+09 -5.620963573455810547e-01 -2.210671156644821167e-01 -6.950560808181762695e-01 -8.149658329784870148e-03 1.194806210696697235e-02 -9.384165517985820770e-03 9.998514652252197266e-01
1.413393892405760527e+09 -6.242727637290954590e-01 -1.562059819698333740e-01 -9.919775724411010742e-01 -2.495766431093215942e-02 1.627055928111076355e-02 -1.042371243238449097e-02 9.995018243789672852e-01
1.413393892605760574e+09 -7.276157736778259277e-01 -4.389045061543583870e-04 -1.370845317840576172e+00 -5.551739409565925598e-02 2.190751954913139343e-02 -1.119136158376932144e-02 9.981546998023986816e-01
1.413393892805760622e+09 -8.060690164566040039e-01 9.717901796102523804e-02 -1.570480585098266602e+00 -1.087613701820373535e-01 2.302305772900581360e-02 -1.315831020474433899e-02 9.937141537666320801e-01
1.413393893105760574e+09 -1.080263257026672363e+00 9.315647929906845093e-02 -1.657000541687011719e+00 -9.853048622608184814e-02 1.185812149196863174e-02 1.087462529540061951e-02 9.950039982795715332e-01
1.413393893705760717e+09 -1.220462083816528320e+00 -7.760861515998840332e-02 -1.354559302330017090e+00 -6.613057106733322144e-02 4.537401255220174789e-03 3.136061504483222961e-02 9.973077178001403809e-01
1.413393894005760670e+09 -1.251215100288391113e+00 -2.503242194652557373e-01 -1.024639129638671875e+00 -3.278191760182380676e-02 4.075762815773487091e-03 2.832492254674434662e-02 9.990528225898742676e-01
1.413393894405760527e+09 -1.214533805847167969e+00 -4.069863557815551758e-01 -5.217571258544921875e-01 -2.528133243322372437e-02 7.582581602036952972e-03 1.929719932377338409e-02 9.994654059410095215e-01
1.413393894805760622e+09 -1.114184498786926270e+00 -4.882259964942932129e-01 1.816408522427082062e-02 -2.759577939286828041e-03 6.988271605223417282e-03 9.093226864933967590e-03 9.999305009841918945e-01
1.413393895205760717e+09 -9.901597499847412109e-01 -5.937233567237854004e-01 5.063809752464294434e-01 5.959194153547286987e-03 5.294035654515028000e-03 2.961540129035711288e-03 9.999638795852661133e-01
1.413393895605760574e+09 -8.531162142753601074e-01 -6.413388252258300781e-01 9.438831806182861328e-01 1.662222295999526978e-02 5.159017816185951233e-02 1.301863323897123337e-02 9.984452128410339355e-01
1.413393895905760527e+09 -7.394402623176574707e-01 -6.869408488273620605e-01 1.199267983436584473e+00 1.402165088802576065e-02 1.545692086219787598e-01 3.559264168143272400e-02 9.872410893440246582e-01
1.413393896205760717e+09 -6.745246052742004395e-01 -7.214694023132324219e-01 1.333443164825439453e+00 2.759294770658016205e-02 2.400456219911575317e-01 5.184463039040565491e-02 9.689834713935852051e-01
1.413393896405760527e+09 -6.198616027832031250e-01 -7.883513569831848145e-01 1.455466628074645996e+00 3.927353397011756897e-02 3.541662395000457764e-01 1.263329237699508667e-01 9.257774949073791504e-01
1.413393896705760717e+09 -5.752969384193420410e-01 -8.396460413932800293e-01 1.476335763931274414e+00 1.891915127635002136e-02 4.456514418125152588e-01 2.195515632629394531e-01 8.676601052284240723e-01
1.413393897005760670e+09 -4.543799161911010742e-01 -8.337252736091613770e-01 1.418284773826599121e+00 -8.137415349483489990e-02 5.192802548408508301e-01 2.076418846845626831e-01 8.249915838241577148e-01
1.413393897305760622e+09 -1.671366691589355469e-01 -8.626330494880676270e-01 1.457589387893676758e+00 -3.578938916325569153e-02 5.510503649711608887e-01 1.398846209049224854e-01 8.218849897384643555e-01
1.413393897905760527e+09 1.421326398849487305e-01 -9.927898049354553223e-01 1.699525594711303711e+00 -4.135087504982948303e-02 5.812848806381225586e-01 1.274640262126922607e-01 8.025901913642883301e-01
1.413393898205760717e+09 2.408742904663085938e-01 -1.088992595672607422e+00 1.839783549308776855e+00 2.553463168442249298e-02 6.283935904502868652e-01 1.128197610378265381e-01 7.692471742630004883e-01
1.413393898405760527e+09 2.621642351150512695e-01 -1.197952508926391602e+00 1.995997428894042969e+00 1.154333502054214478e-01 6.450416445732116699e-01 1.204930841922760010e-01 7.457063198089599609e-01
1.413393898605760574e+09 1.865369081497192383e-01 -1.240777015686035156e+00 2.132079124450683594e+00 6.993946433067321777e-02 6.246075630187988281e-01 2.162479460239410400e-01 7.471350431442260742e-01
1.413393898805760622e+09 7.983350753784179688e-02 -1.245802402496337891e+00 2.222490549087524414e+00 -3.927595913410186768e-02 5.984840989112854004e-01 3.109577000141143799e-01 7.372784018516540527e-01
1.413393899005760670e+09 1.850430965423583984e-01 -1.353546977043151855e+00 2.262315750122070312e+00 -1.162740960717201233e-02 6.558238267898559570e-01 1.721604913473129272e-01 7.349290251731872559e-01
1.413393899405760527e+09 2.715106010437011719e-01 -1.465413808822631836e+00 2.288867235183715820e+00 1.170890331268310547e-01 6.671586632728576660e-01 8.838877081871032715e-02 7.303265929222106934e-01
1.413393899605760574e+09 2.632164955139160156e-02 -1.566654324531555176e+00 2.275280475616455078e+00 7.485981285572052002e-02 6.005920767784118652e-01 2.397974580526351929e-01 7.590668201446533203e-01
1.413393900005760670e+09 -1.766738891601562500e-01 -1.546897649765014648e+00 2.195614814758300781e+00 -4.004539549350738525e-02 5.690160989761352539e-01 3.451058268547058105e-01 7.453314661979675293e-01
1.413393900205760717e+09 -2.750148773193359375e-01 -1.486473441123962402e+00 2.057177543640136719e+00 -1.084074750542640686e-01 5.874691009521484375e-01 3.216307759284973145e-01 7.346301674842834473e-01
1.413393900405760527e+09 -2.390975952148437500e-01 -1.421098470687866211e+00 1.915256142616271973e+00 -8.129302412271499634e-02 6.320479512214660645e-01 2.189905345439910889e-01 7.388843297958374023e-01
1.413393900605760574e+09 -1.653509140014648438e-01 -1.349090695381164551e+00 1.820118427276611328e+00 3.291208297014236450e-02 6.634466648101806641e-01 1.173586547374725342e-01 7.382291555404663086e-01
1.413393900805760622e+09 -2.731137275695800781e-01 -1.157101869583129883e+00 1.691934227943420410e+00 4.271524399518966675e-02 6.302728652954101562e-01 2.105265110731124878e-01 7.460631132125854492e-01
1.413393901205760717e+09 -4.032264947891235352e-01 -1.066206455230712891e+00 1.593152403831481934e+00 -6.982588022947311401e-02 6.142079234123229980e-01 2.600612938404083252e-01 7.417824268341064453e-01
1.413393901405760527e+09 -4.420586824417114258e-01 -9.831469655036926270e-01 1.448982715606689453e+00 -1.303284764289855957e-01 6.125138401985168457e-01 2.633190155029296875e-01 7.338286042213439941e-01
1.413393901705760717e+09 -2.601895332336425781e-01 -9.819416999816894531e-01 1.385730743408203125e+00 -5.461540818214416504e-02 6.436799168586730957e-01 1.772095561027526855e-01 7.424890995025634766e-01
1.413393902205760717e+09 1.088892221450805664e-01 -1.050296306610107422e+00 1.477597475051879883e+00 -4.220469668507575989e-02 6.473321914672851562e-01 1.798674464225769043e-01 7.394779324531555176e-01
1.413393902605760574e+09 4.009743928909301758e-01 -1.146333813667297363e+00 1.682807803153991699e+00 -3.595192357897758484e-02 6.467348933219909668e-01 1.866616606712341309e-01 7.386467456817626953e-01
1.413393903005760670e+09 7.136964797973632812e-01 -1.362471818923950195e+00 1.919804334640502930e+00 -1.746664009988307953e-02 6.343696117401123047e-01 2.375424951314926147e-01 7.354207634925842285e-01
1.413393903305760622e+09 1.009387731552124023e+00 -1.470919966697692871e+00 2.059107303619384766e+00 -5.335905589163303375e-03 6.786279678344726562e-01 2.244338095188140869e-01 6.993319392204284668e-01
1.413393903605760574e+09 1.379194259643554688e+00 -1.490461230278015137e+00 2.230398178100585938e+00 5.459227040410041809e-02 7.423067092895507812e-01 2.604156136512756348e-01 6.149668693542480469e-01
1.413393904305760622e+09 1.753833770751953125e+00 -1.510258197784423828e+00 2.109848976135253906e+00 1.119398418813943863e-02 7.761827707290649414e-01 2.630286812782287598e-01 5.729144215583801270e-01
1.413393904705760717e+09 1.884248018264770508e+00 -1.511974096298217773e+00 1.940923929214477539e+00 -6.516630947589874268e-02 8.107028007507324219e-01 2.866862118244171143e-01 5.062859654426574707e-01
1.413393905005760670e+09 2.091331243515014648e+00 -1.468084096908569336e+00 1.804800271987915039e+00 -3.503442183136940002e-02 8.673609495162963867e-01 2.561432421207427979e-01 4.252624809741973877e-01
1.413393905305760622e+09 2.312454700469970703e+00 -1.373560786247253418e+00 1.741276502609252930e+00 -2.697996795177459717e-03 9.009383320808410645e-01 2.725754976272583008e-01 3.376471400260925293e-01
1.413393905605760574e+09 2.539467811584472656e+00 -1.300325751304626465e+00 1.662619233131408691e+00 5.777688696980476379e-02 9.188855290412902832e-01 3.248627781867980957e-01 2.162761241197586060e-01
1.413393906005760670e+09 2.605442047119140625e+00 -1.251574039459228516e+00 1.527310848236083984e+00 1.052288804203271866e-02 9.320782423019409180e-01 3.341143429279327393e-01 1.395963728427886963e-01
1.413393906305760622e+09 2.654977321624755859e+00 -1.081538200378417969e+00 1.325905561447143555e+00 -1.266404520720243454e-02 9.553827643394470215e-01 2.863388061523437500e-01 7.136954367160797119e-02
1.413393906805760622e+09 2.638574600219726562e+00 -7.164429426193237305e-01 1.192427992820739746e+00 -3.868526220321655273e-02 9.580808877944946289e-01 2.820613682270050049e-01 3.202972561120986938e-02
1.413393907805760622e+09 2.739132881164550781e+00 -4.469665884971618652e-01 1.337983369827270508e+00 -1.527215819805860519e-02 9.561644196510314941e-01 2.914030253887176514e-01 2.451172471046447754e-02
1.413393908705760717e+09 2.753517389297485352e+00 -5.205903649330139160e-01 1.658596754074096680e+00 -2.034294605255126953e-02 9.557765126228332520e-01 2.933320999145507812e-01 5.808298010379076004e-03
1.413393909605760574e+09 2.710523843765258789e+00 -5.907039046287536621e-01 1.932338237762451172e+00 -2.828047052025794983e-02 9.458530545234680176e-01 3.231683969497680664e-01 -1.115687843412160873e-02
1.413393909805760622e+09 2.739273786544799805e+00 -5.112631320953369141e-01 2.101681232452392578e+00 -2.809734269976615906e-02 9.284985065460205078e-01 3.691993355751037598e-01 -2.815802395343780518e-02
1.413393910205760717e+09 2.893053770065307617e+00 -4.055703878402709961e-01 1.937545061111450195e+00 2.204152941703796387e-02 9.092689156532287598e-01 4.134271740913391113e-01 -4.268795996904373169e-02
1.413393910705760717e+09 2.920803308486938477e+00 -3.318748474121093750e-01 1.722632765769958496e+00 2.642138488590717316e-02 9.228933453559875488e-01 3.830706477165222168e-01 -2.875402569770812988e-02
1.413393910905760527e+09 2.925151824951171875e+00 -2.063935995101928711e-01 1.470503330230712891e+00 1.316261757165193558e-02 9.396088123321533203e-01 3.419477939605712891e-01 -5.817626137286424637e-03
1.413393911105760574e+09 2.911510467529296875e+00 2.700579166412353516e-02 1.079142570495605469e+00 3.131150500848889351e-03 9.513902664184570312e-01 3.068002164363861084e-01 2.684073895215988159e-02
1.413393911405760527e+09 2.894895553588867188e+00 1.673248708248138428e-01 8.269218206405639648e-01 -1.032577734440565109e-02 9.625186920166015625e-01 2.694304883480072021e-01 2.929681912064552307e-02
1.413393911605760574e+09 2.887424945831298828e+00 2.661893367767333984e-01 5.036352872848510742e-01 -2.034296840429306030e-02 9.625716209411621094e-01 2.696642875671386719e-01 1.797910779714584351e-02
1.413393912005760670e+09 2.909139156341552734e+00 1.900402605533599854e-01 1.051371768116950989e-01 3.836289420723915100e-02 9.198489189147949219e-01 3.903919160366058350e-01 7.255564560182392597e-04
1.413393912405760527e+09 2.885183572769165039e+00 1.416145414113998413e-01 -1.766204386949539185e-01 3.890030086040496826e-02 9.201920032501220703e-01 3.894619643688201904e-01 -7.276478689163923264e-03
1.413393912505760670e+09 2.861320018768310547e+00 1.202320754528045654e-01 -3.446591496467590332e-01 3.539009392261505127e-02 9.323356747627258301e-01 3.597263991832733154e-01 -9.725051932036876678e-03
1.413393912605760574e+09 2.802407264709472656e+00 1.149093657732009888e-01 -6.921775341033935547e-01 2.526898309588432312e-02 9.483856558799743652e-01 3.159911930561065674e-01 -8.698345161974430084e-03
1.413393912805760622e+09 2.721305370330810547e+00 1.573171317577362061e-01 -1.021862030029296875e+00 7.800249382853507996e-03 9.568595290184020996e-01 2.900304198265075684e-01 -1.553435157984495163e-02
1.413393913005760670e+09 2.626925230026245117e+00 2.328912317752838135e-01 -1.322145462036132812e+00 2.200543321669101715e-02 9.570108652114868164e-01 2.842380404472351074e-01 -5.343015491962432861e-02
1.413393913205760717e+09 2.515889167785644531e+00 3.266450166702270508e-01 -1.591130971908569336e+00 5.127699300646781921e-02 9.553573727607727051e-01 2.673715651035308838e-01 -1.147847846150398254e-01
1.413393913405760527e+09 2.365814685821533203e+00 4.302577674388885498e-01 -1.811154484748840332e+00 7.145553082227706909e-02 9.439117908477783203e-01 2.600553333759307861e-01 -1.905150562524795532e-01
1.413393913605760574e+09 2.163913488388061523e+00 4.929404556751251221e-01 -1.980682492256164551e+00 5.925898253917694092e-02 9.317676424980163574e-01 2.304788380861282349e-01 -2.741843461990356445e-01
1.413393913805760622e+09 1.940634965896606445e+00 5.085585713386535645e-01 -2.083448648452758789e+00 4.724522680044174194e-02 9.108166694641113281e-01 2.086354792118072510e-01 -3.530610501766204834e-01
1.413393914005760670e+09 1.711837530136108398e+00 4.872634112834930420e-01 -2.106179952621459961e+00 1.212912704795598984e-02 8.810760378837585449e-01 1.994583904743194580e-01 -4.286889433860778809e-01
1.413393914205760717e+09 1.508270740509033203e+00 4.409140944480895996e-01 -2.071922302246093750e+00 -1.191631983965635300e-02 8.312113881111145020e-01 2.347495257854461670e-01 -5.038236975669860840e-01
1.413393914405760527e+09 1.339063644409179688e+00 3.723852038383483887e-01 -2.026904106140136719e+00 -1.339651877060532570e-03 7.849691510200500488e-01 2.443134784698486328e-01 -5.693264007568359375e-01
1.413393914605760574e+09 1.105445623397827148e+00 2.493085265159606934e-01 -1.947523832321166992e+00 2.988263778388500214e-02 7.309886813163757324e-01 2.133383005857467651e-01 -6.474946737289428711e-01
1.413393914905760527e+09 7.875196337699890137e-01 7.743862271308898926e-02 -1.774596810340881348e+00 3.027266263961791992e-02 6.701958179473876953e-01 2.480958998203277588e-01 -6.988344192504882812e-01
1.413393915405760527e+09 2.980992794036865234e-01 -4.764918982982635498e-02 -1.595590591430664062e+00 -2.850074507296085358e-02 7.033866643905639648e-01 2.518129944801330566e-01 -6.640973091125488281e-01
1.413393916005760670e+09 -1.444544792175292969e-01 -1.131621897220611572e-01 -1.610529780387878418e+00 -5.709870904684066772e-02 7.160249948501586914e-01 2.585824131965637207e-01 -6.458970904350280762e-01
1.413393916405760527e+09 -4.078534841537475586e-01 -1.456934511661529541e-01 -1.771328449249267578e+00 -1.170438155531883240e-02 6.614403724670410156e-01 2.222089469432830811e-01 -7.162282466888427734e-01
1.413393916705760717e+09 -5.834552049636840820e-01 -1.788409352302551270e-01 -1.903381586074829102e+00 8.531736209988594055e-03 5.604996681213378906e-01 1.952408999204635620e-01 -8.047659993171691895e-01
1.413393917005760670e+09 -7.537873387336730957e-01 -2.297402024269104004e-01 -2.032675266265869141e+00 1.475054398179054260e-02 4.590994715690612793e-01 1.113301217555999756e-01 -8.812579512596130371e-01
1.413393917305760622e+09 -8.663588762283325195e-01 -2.731228172779083252e-01 -2.097313642501831055e+00 4.306428506970405579e-02 3.354265987873077393e-01 6.828657537698745728e-02 -9.386007785797119141e-01
1.413393917605760574e+09 -9.172080159187316895e-01 -2.697963714599609375e-01 -2.059891700744628906e+00 3.784666210412979126e-02 1.799174249172210693e-01 4.456687346100807190e-02 -9.819425940513610840e-01
1.413393917905760527e+09 -9.277518987655639648e-01 -2.777989506721496582e-01 -1.967737078666687012e+00 1.805152930319309235e-02 4.038641974329948425e-02 -2.061602100729942322e-02 -9.988083243370056152e-01
1.413393918205760717e+09 -8.688139915466308594e-01 -3.123425841331481934e-01 -1.868489742279052734e+00 2.780848927795886993e-02 -8.847997337579727173e-02 -8.269270509481430054e-02 -9.922499656677246094e-01
1.413393918505760670e+09 -7.705225348472595215e-01 -3.493324220180511475e-01 -1.795560002326965332e+00 2.826474606990814209e-02 -1.829302161931991577e-01 -1.169212013483047485e-01 -9.757393002510070801e-01
1.413393918705760717e+09 -6.184872984886169434e-01 -3.903663754463195801e-01 -1.721075773239135742e+00 3.991760313510894775e-03 -2.886509299278259277e-01 -1.560883224010467529e-01 -9.446169734001159668e-01
1.413393918905760527e+09 -4.111976027488708496e-01 -4.305818080902099609e-01 -1.679159283638000488e+00 -3.562926128506660461e-02 -4.077796041965484619e-01 -1.826763600111007690e-01 -8.939104080200195312e-01
1.413393919105760574e+09 -1.982031464576721191e-01 -4.561626315116882324e-01 -1.688662886619567871e+00 -5.655433610081672668e-02 -5.256841182708740234e-01 -1.921318322420120239e-01 -8.267667293548583984e-01
1.413393919305760622e+09 -1.320910453796386719e-02 -4.620953202247619629e-01 -1.748615980148315430e+00 -9.633450955152511597e-02 -6.191412806510925293e-01 -2.016467899084091187e-01 -7.528096437454223633e-01
1.413393919505760670e+09 1.167026758193969727e-01 -4.076994955539703369e-01 -1.848968982696533203e+00 -1.084563359618186951e-01 -6.713943481445312500e-01 -2.355349212884902954e-01 -6.942551732063293457e-01
1.413393919705760717e+09 1.920666694641113281e-01 -2.185761928558349609e-01 -2.078042030334472656e+00 -8.009248226881027222e-02 -7.318679094314575195e-01 -1.916348040103912354e-01 -6.490229368209838867e-01
1.413393920005760670e+09 1.241183280944824219e-01 5.262281000614166260e-02 -2.304679870605468750e+00 -3.438562899827957153e-02 -7.372621893882751465e-01 -1.825062036514282227e-01 -6.495795845985412598e-01
1.413393920405760527e+09 -5.538082122802734375e-02 3.287166953086853027e-01 -2.496470212936401367e+00 -3.014102112501859665e-03 -7.241750359535217285e-01 -2.039200663566589355e-01 -6.587700843811035156e-01
1.413393920705760717e+09 -3.428361415863037109e-01 6.260269880294799805e-01 -2.698143005371093750e+00 2.632715180516242981e-02 -7.130591273307800293e-01 -2.135149687528610229e-01 -6.672818064689636230e-01
1.413393921005760670e+09 -4.720804691314697266e-01 7.587510943412780762e-01 -2.770648717880249023e+00 5.988080427050590515e-02 -7.036052346229553223e-01 -2.351702004671096802e-01 -6.678689122200012207e-01
1.413393921305760622e+09 -5.809941291809082031e-01 1.018624663352966309e+00 -2.880662918090820312e+00 3.143828362226486206e-02 -7.118571400642395020e-01 -2.154255360364913940e-01 -6.677297353744506836e-01
1.413393922205760717e+09 -5.571589469909667969e-01 1.286493301391601562e+00 -2.815699338912963867e+00 2.923369035124778748e-02 -7.179229855537414551e-01 -2.161559462547302246e-01 -6.610663533210754395e-01
1.413393922305760622e+09 -5.517830848693847656e-01 1.391723871231079102e+00 -2.757489681243896484e+00 6.709322333335876465e-02 -7.053752541542053223e-01 -2.615471482276916504e-01 -6.553910374641418457e-01
1.413393922605760574e+09 -3.835434913635253906e-01 1.541171669960021973e+00 -2.674512863159179688e+00 4.649810492992401123e-03 -7.043029069900512695e-01 -2.780174612998962402e-01 -6.531784534454345703e-01
1.413393923005760670e+09 -6.245636940002441406e-02 1.623183846473693848e+00 -2.723904371261596680e+00 7.406418770551681519e-02 -7.083249688148498535e-01 -2.644879221916198730e-01 -6.502586603164672852e-01
1.413393923305760622e+09 1.836311817169189453e-01 1.602656602859497070e+00 -2.764185905456542969e+00 3.593826666474342346e-02 -7.051550149917602539e-01 -2.723981440067291260e-01 -6.536545157432556152e-01
1.413393923505760670e+09 4.561965465545654297e-01 1.578964471817016602e+00 -2.813548564910888672e+00 -1.531955972313880920e-02 -6.715431213378906250e-01 -2.678243517875671387e-01 -6.906991600990295410e-01
1.413393923705760717e+09 7.273459434509277344e-01 1.573989152908325195e+00 -2.892454624176025391e+00 1.044945232570171356e-02 -6.171053051948547363e-01 -2.227851897478103638e-01 -7.546115517616271973e-01
1.413393923905760527e+09 9.980740547180175781e-01 1.572792530059814453e+00 -2.987221717834472656e+00 3.492954373359680176e-02 -5.464076399803161621e-01 -1.915416866540908813e-01 -8.145738244056701660e-01
1.413393924105760574e+09 1.280704617500305176e+00 1.571616053581237793e+00 -3.080557346343994141e+00 6.111195310950279236e-02 -4.870962798595428467e-01 -1.452142149209976196e-01 -8.590200543403625488e-01
1.413393924305760622e+09 1.566063284873962402e+00 1.557739734649658203e+00 -3.138134717941284180e+00 8.539688587188720703e-02 -4.517544806003570557e-01 -6.251276284456253052e-02 -8.858428597450256348e-01
1.413393924505760670e+09 1.817188382148742676e+00 1.504638314247131348e+00 -3.121451139450073242e+00 9.382977336645126343e-02 -4.397360980510711670e-01 -1.602287404239177704e-03 -8.932108283042907715e-01
1.413393924705760717e+09 1.984398722648620605e+00 1.379404067993164062e+00 -3.006088495254516602e+00 7.158814370632171631e-02 -4.447367787361145020e-01 3.778971359133720398e-02 -8.919957280158996582e-01
1.413393924905760527e+09 2.022313356399536133e+00 1.152817010879516602e+00 -2.801184654235839844e+00 5.131241306662559509e-02 -4.341141283512115479e-01 -4.230371490120887756e-02 -8.983999490737915039e-01
1.413393925105760574e+09 2.011713027954101562e+00 1.011786699295043945e+00 -2.679377079010009766e+00 4.308241978287696838e-02 -4.179447293281555176e-01 -8.582219481468200684e-02 -9.033828973770141602e-01
1.413393925205760717e+09 1.992856502532958984e+00 8.617922067642211914e-01 -2.552325487136840820e+00 3.844433650374412537e-02 -3.917275965213775635e-01 -1.258951723575592041e-01 -9.106162786483764648e-01
1.413393925305760622e+09 1.977014541625976562e+00 7.076280713081359863e-01 -2.422813892364501953e+00 3.910739347338676453e-02 -3.588884770870208740e-01 -1.552518606185913086e-01 -9.195469617843627930e-01
1.413393925405760527e+09 1.970478057861328125e+00 5.567222833633422852e-01 -2.293986797332763672e+00 4.128340259194374084e-02 -3.364999592304229736e-01 -1.543721705675125122e-01 -9.280262589454650879e-01
1.413393925505760670e+09 1.978599548339843750e+00 4.051543474197387695e-01 -2.164709806442260742e+00 3.639758378267288208e-02 -3.242369890213012695e-01 -1.412122100591659546e-01 -9.346682429313659668e-01
1.413393925605760574e+09 2.024622440338134766e+00 1.240948736667633057e-01 -1.901626348495483398e+00 2.869527786970138550e-02 -3.088632822036743164e-01 -1.259447932243347168e-01 -9.422940015792846680e-01
1.413393925805760622e+09 2.094167470932006836e+00 -5.085256323218345642e-02 -1.610983133316040039e+00 1.693892478942871094e-02 -3.063494861125946045e-01 -1.108622923493385315e-01 -9.452897310256958008e-01
1.413393926005760670e+09 2.171152591705322266e+00 -1.480896472930908203e-01 -1.306327223777770996e+00 -2.253061719238758087e-02 -3.084942102432250977e-01 -1.010225415229797363e-01 -9.455782771110534668e-01
1.413393926205760717e+09 2.278513431549072266e+00 -2.663105428218841553e-01 -9.110790491104125977e-01 -1.966149918735027313e-02 -3.056229352951049805e-01 -1.143969818949699402e-01 -9.450510740280151367e-01
1.413393926605760574e+09 2.377280712127685547e+00 -3.414283990859985352e-01 -5.900568366050720215e-01 -2.857320941984653473e-02 -2.803905010223388672e-01 -8.522929251194000244e-02 -9.556677341461181641e-01
1.413393926805760622e+09 2.453887224197387695e+00 -4.227582216262817383e-01 -3.519697189331054688e-01 4.522956733126193285e-04 -2.144366204738616943e-01 -6.949596107006072998e-02 -9.742622971534729004e-01
1.413393927105760574e+09 2.546999931335449219e+00 -6.046971678733825684e-01 -1.814784109592437744e-01 3.559723123908042908e-02 -1.612487286329269409e-01 -9.871648252010345459e-02 -9.813188910484313965e-01
1.413393927505760670e+09 2.718369483947753906e+00 -8.056077957153320312e-01 9.301010519266128540e-03 4.632297903299331665e-02 -1.463369429111480713e-01 -1.957872696220874786e-02 -9.879556894302368164e-01
1.413393927705760717e+09 2.829912900924682617e+00 -9.580508470535278320e-01 1.654749810695648193e-01 1.866602525115013123e-02 -1.323744654655456543e-01 4.918838664889335632e-02 -9.898025989532470703e-01
1.413393927905760527e+09 2.872910022735595703e+00 -1.127610325813293457e+00 3.250907063484191895e-01 -4.277849104255437851e-03 -1.226069629192352295e-01 7.038860768079757690e-02 -9.899468421936035156e-01
1.413393928205760717e+09 2.727705001831054688e+00 -1.384497523307800293e+00 6.422588229179382324e-01 -1.317954622209072113e-02 -1.071546077728271484e-01 2.166395075619220734e-02 -9.939189553260803223e-01
1.413393928505760670e+09 2.583381652832031250e+00 -1.463590621948242188e+00 7.950144410133361816e-01 -3.722374513745307922e-02 -9.637202322483062744e-02 -2.437320351600646973e-02 -9.943504333496093750e-01
1.413393928805760622e+09 2.125336647033691406e+00 -1.605558156967163086e+00 1.031629800796508789e+00 -3.213562816381454468e-02 -1.824641078710556030e-01 2.260457724332809448e-03 -9.826846718788146973e-01
1.413393929405760527e+09 1.709105372428894043e+00 -1.695395946502685547e+00 1.028086662292480469e+00 -1.228139270097017288e-03 -3.080568313598632812e-01 -7.542133331298828125e-02 -9.483729004859924316e-01
1.413393929705760717e+09 1.367876529693603516e+00 -1.779053211212158203e+00 1.010770559310913086e+00 -2.757032401859760284e-03 -4.070000946521759033e-01 -1.388142406940460205e-01 -9.028144478797912598e-01
1.413393930005760670e+09 1.056577324867248535e+00 -1.835145950317382812e+00 9.618998169898986816e-01 -2.143145725131034851e-02 -4.726583063602447510e-01 -2.036006450653076172e-01 -8.571356534957885742e-01
1.413393930405760527e+09 6.389447450637817383e-01 -1.673120021820068359e+00 8.706815838813781738e-01 -3.422352718189358711e-03 -5.080718994140625000e-01 -1.655329018831253052e-01 -8.452515602111816406e-01
1.413393930905760527e+09 3.376732170581817627e-01 -1.395316123962402344e+00 8.003679513931274414e-01 -1.474800426512956619e-02 -4.924563765525817871e-01 -1.664023399353027344e-01 -8.541543483734130859e-01
1.413393931305760622e+09 6.890365481376647949e-02 -1.240348815917968750e+00 6.302254199981689453e-01 -8.521603420376777649e-03 -4.740500748157501221e-01 -1.952903866767883301e-01 -8.585252761840820312e-01
1.413393931705760717e+09 -8.707714080810546875e-02 -9.531607627868652344e-01 4.336121976375579834e-01 -7.365597877651453018e-03 -4.669603407382965088e-01 -1.969924122095108032e-01 -8.620254397392272949e-01
1.413393932105760574e+09 -1.109724193811416626e-01 -6.587181687355041504e-01 1.584004312753677368e-01 2.179801464080810547e-02 -4.764534831047058105e-01 -1.608029901981353760e-01 -8.640944957733154297e-01
1.413393932505760670e+09 -6.013909354805946350e-02 -4.351782798767089844e-01 -9.597560763359069824e-02 2.872674353420734406e-02 -4.905797541141510010e-01 -1.370781213045120239e-01 -8.600673675537109375e-01
1.413393932905760527e+09 -1.388148963451385498e-02 -3.024019002914428711e-01 -2.674165070056915283e-01 -9.666059166193008423e-03 -5.040137171745300293e-01 -1.085754632949829102e-01 -8.567894697189331055e-01
1.413393933505760670e+09 -1.522883176803588867e-01 -1.963203698396682739e-01 -5.335024595260620117e-01 -2.375224232673645020e-02 -4.738151431083679199e-01 -1.979655772447586060e-01 -8.577556610107421875e-01
1.413393933905760527e+09 -2.333910167217254639e-01 -2.702864259481430054e-02 -8.038692474365234375e-01 -1.001369114965200424e-02 -4.972306191921234131e-01 -1.302328258752822876e-01 -8.577300906181335449e-01
1.413393934405760527e+09 -4.084542989730834961e-01 1.162440329790115356e-01 -1.139455676078796387e+00 -5.370020866394042969e-03 -4.738168418407440186e-01 -1.789830029010772705e-01 -8.622261285781860352e-01
1.413393934805760622e+09 -4.931527972221374512e-01 3.160420060157775879e-01 -1.336397409439086914e+00 -9.821735322475433350e-03 -4.344705045223236084e-01 -2.267320752143859863e-01 -8.716258406639099121e-01
1.413393935005760670e+09 -5.034743547439575195e-01 5.052955150604248047e-01 -1.484371423721313477e+00 4.269969463348388672e-02 -3.935312628746032715e-01 -1.716830879449844360e-01 -9.021279811859130859e-01
1.413393935205760717e+09 -4.714067578315734863e-01 6.595224738121032715e-01 -1.626364231109619141e+00 6.943493336439132690e-02 -3.261273205280303955e-01 -1.155573576688766479e-01 -9.356635808944702148e-01
1.413393935405760527e+09 -4.111871719360351562e-01 7.301146388053894043e-01 -1.736296057701110840e+00 6.596331298351287842e-02 -2.504182457923889160e-01 -7.168519496917724609e-02 -9.632241725921630859e-01
1.413393935605760574e+09 -3.137514889240264893e-01 6.956565380096435547e-01 -1.805708050727844238e+00 5.636587738990783691e-02 -1.222314834594726562e-01 3.926366567611694336e-02 -9.901216030120849609e-01
1.413393936105760574e+09 -3.742406964302062988e-01 6.324598789215087891e-01 -1.754867076873779297e+00 3.795108571648597717e-02 -2.937421388924121857e-02 -9.313022601418197155e-04 -9.988473653793334961e-01
1.413393936305760622e+09 -4.335834085941314697e-01 5.629500150680541992e-01 -1.685684323310852051e+00 3.598088771104812622e-02 7.309930026531219482e-02 -1.338490098714828491e-02 -9.965855479240417480e-01
1.413393936505760670e+09 -4.663144648075103760e-01 4.848491549491882324e-01 -1.597390651702880859e+00 1.426060404628515244e-02 1.581807881593704224e-01 2.524511516094207764e-02 -9.869844317436218262e-01
1.413393936705760717e+09 -4.723895192146301270e-01 3.953848481178283691e-01 -1.504349708557128906e+00 -2.346833236515522003e-02 2.282526195049285889e-01 5.717325583100318909e-02 -9.716385006904602051e-01
1.413393936905760527e+09 -4.446788430213928223e-01 2.667839825153350830e-01 -1.418671846389770508e+00 -5.378590524196624756e-02 3.280677497386932373e-01 1.104054823517799377e-01 -9.366371631622314453e-01
1.413393937205760717e+09 -3.807440400123596191e-01 1.463646888732910156e-01 -1.445555210113525391e+00 -5.822050198912620544e-02 4.225290715694427490e-01 1.429400891065597534e-01 -8.931112885475158691e-01
1.413393937605760574e+09 -1.672576665878295898e-01 1.174852326512336731e-01 -1.705301523208618164e+00 -5.407968908548355103e-02 4.788044095039367676e-01 1.941551864147186279e-01 -8.544738292694091797e-01
1.413393938505760670e+09 -1.429001092910766602e-01 1.245112121105194092e-01 -1.922730684280395508e+00 -1.366175711154937744e-02 5.597291588783264160e-01 1.641812473535537720e-01 -8.121337294578552246e-01
1.413393938805760622e+09 -7.210266590118408203e-02 2.011678367853164673e-01 -2.123159885406494141e+00 -2.163847163319587708e-02 6.199491024017333984e-01 1.786826997995376587e-01 -7.637194991111755371e-01
1.413393939105760574e+09 7.107758522033691406e-02 2.543344199657440186e-01 -2.324953556060791016e+00 -3.078425303101539612e-02 6.651853919029235840e-01 1.935127973556518555e-01 -7.205092906951904297e-01
1.413393939405760527e+09 2.009122371673583984e-01 3.149255514144897461e-01 -2.446944713592529297e+00 7.316298782825469971e-02 6.521510481834411621e-01 2.613822519779205322e-01 -7.078316211700439453e-01
1.413393939605760574e+09 2.673780918121337891e-01 3.937915563583374023e-01 -2.540394067764282227e+00 1.481850594282150269e-01 6.304917335510253906e-01 2.978277802467346191e-01 -7.012988328933715820e-01
1.413393939905760527e+09 1.383378505706787109e-01 4.851678013801574707e-01 -2.626767873764038086e+00 -6.877162028104066849e-03 6.657826304435729980e-01 1.914016306400299072e-01 -7.211461067199707031e-01
1.413393940105760574e+09 5.421519279479980469e-02 5.132429599761962891e-01 -2.685257434844970703e+00 -8.639810979366302490e-02 6.884077191352844238e-01 8.458286523818969727e-02 -7.151754498481750488e-01
1.413393940405760527e+09 1.631388664245605469e-01 5.510534644126892090e-01 -2.711451530456542969e+00 1.996188983321189880e-02 6.630092263221740723e-01 1.900133490562438965e-01 -7.238198518753051758e-01
1.413393940605760574e+09 2.718231678009033203e-01 5.453540682792663574e-01 -2.710788249969482422e+00 1.373938471078872681e-01 6.298584342002868652e-01 2.514010071754455566e-01 -7.219410538673400879e-01
1.413393940905760527e+09 2.366781234741210938e-01 4.496302008628845215e-01 -2.610794544219970703e+00 5.827355384826660156e-02 6.433027386665344238e-01 1.971234083175659180e-01 -7.375012636184692383e-01
1.413393941105760574e+09 1.688499450683593750e-01 3.472794294357299805e-01 -2.503372192382812500e+00 -5.563534423708915710e-02 6.661086082458496094e-01 1.225501745939254761e-01 -7.336112856864929199e-01
1.413393941405760527e+09 2.123423814773559570e-01 2.284795343875885010e-01 -2.310438156127929688e+00 1.922300271689891815e-02 6.542297601699829102e-01 2.051502466201782227e-01 -7.276862859725952148e-01
1.413393941605760574e+09 2.598572969436645508e-01 1.469735801219940186e-01 -2.172246932983398438e+00 9.258361905813217163e-02 6.311219334602355957e-01 2.745195925235748291e-01 -7.195501923561096191e-01
1.413393941905760527e+09 1.637500524520874023e-01 4.180188477039337158e-02 -1.939153909683227539e+00 4.829761758446693420e-02 6.320701837539672852e-01 2.441315948963165283e-01 -7.338626980781555176e-01
1.413393942105760574e+09 3.864645957946777344e-02 -3.447224199771881104e-02 -1.786634564399719238e+00 -5.918468907475471497e-02 6.515982151031494141e-01 1.542569547891616821e-01 -7.403524518013000488e-01
1.413393942305760622e+09 1.753568649291992188e-02 -1.661276519298553467e-01 -1.534699916839599609e+00 -2.281020022928714752e-02 6.346700787544250488e-01 2.021072208881378174e-01 -7.455376386642456055e-01
1.413393942705760717e+09 7.735526561737060547e-02 -1.959847062826156616e-01 -1.426888465881347656e+00 5.719447508454322815e-02 6.122207641601562500e-01 2.702835798263549805e-01 -7.408518195152282715e-01
1.413393942905760527e+09 -2.104055881500244141e-02 -2.030000090599060059e-01 -1.226632475852966309e+00 -5.964346695691347122e-03 6.373928785324096680e-01 2.193126231431961060e-01 -7.386451959609985352e-01
1.413393943305760622e+09 -5.643838644027709961e-02 -2.094969749450683594e-01 -1.028530955314636230e+00 5.901848897337913513e-02 6.041036248207092285e-01 2.743107378482818604e-01 -7.458748221397399902e-01
1.413393944105760574e+09 -1.431519389152526855e-01 -2.689423561096191406e-01 -1.001310110092163086e+00 1.612499542534351349e-02 5.887999534606933594e-01 1.820683181285858154e-01 -7.873409390449523926e-01
1.413393944305760622e+09 -2.128769755363464355e-01 -3.643045425415039062e-01 -9.426145553588867188e-01 -3.804375603795051575e-02 5.346937179565429688e-01 1.311082094907760620e-01 -8.339460492134094238e-01
1.413393944705760717e+09 -1.517795622348785400e-01 -4.146064817905426025e-01 -9.074447154998779297e-01 6.918691843748092651e-02 4.873251616954803467e-01 2.193905711174011230e-01 -8.423747420310974121e-01
1.413393945105760574e+09 -2.163131833076477051e-01 -5.212028622627258301e-01 -8.521839976310729980e-01 -1.061670761555433273e-02 4.789190590381622314e-01 1.642045527696609497e-01 -8.622996211051940918e-01
1.413393945305760622e+09 -2.381113022565841675e-01 -4.821120798587799072e-01 -7.814000248908996582e-01 -5.483580753207206726e-03 3.764322698116302490e-01 1.197730824351310730e-01 -9.186528921127319336e-01
1.413393945805760622e+09 -2.004125118255615234e-01 -4.219333827495574951e-01 -7.714344263076782227e-01 4.299321770668029785e-02 2.888452112674713135e-01 1.308339387178421021e-01 -9.474189281463623047e-01
1.413393946105760574e+09 -2.139339745044708252e-01 -4.203108847141265869e-01 -7.543872594833374023e-01 -7.319714874029159546e-02 2.227479517459869385e-01 7.031463831663131714e-02 -9.695780277252197266e-01
1.413393946405760527e+09 -1.892426460981369019e-01 -3.706169128417968750e-01 -8.233948349952697754e-01 1.716211438179016113e-02 1.296601444482803345e-01 2.994196861982345581e-02 -9.909577369689941406e-01
1.413393946705760717e+09 -1.573625653982162476e-01 -3.364739120006561279e-01 -8.642590045928955078e-01 8.136368542909622192e-02 4.076058417558670044e-02 3.510777279734611511e-02 -9.952316880226135254e-01
1.413393946905760527e+09 -1.357399225234985352e-01 -3.642634153366088867e-01 -8.505721688270568848e-01 -3.227669745683670044e-02 -6.513878703117370605e-02 7.506619207561016083e-03 -9.973258972167968750e-01
1.413393947205760717e+09 -1.658019274473190308e-01 -2.880367636680603027e-01 -8.426160812377929688e-01 -5.460721999406814575e-02 -1.655196696519851685e-01 -3.460177779197692871e-02 -9.840854406356811523e-01
1.413393947505760670e+09 -2.065801173448562622e-01 -1.296594738960266113e-01 -9.003157019615173340e-01 3.948574885725975037e-03 -2.452867925167083740e-01 -1.454435288906097412e-01 -9.584701061248779297e-01
1.413393947805760622e+09 -1.803012788295745850e-01 -2.882377058267593384e-02 -9.682208895683288574e-01 5.701740831136703491e-02 -3.220635056495666504e-01 -1.358407139778137207e-01 -9.351852536201477051e-01
1.413393948005760670e+09 -1.173174753785133362e-01 3.143806010484695435e-02 -1.018757820129394531e+00 3.902610018849372864e-02 -3.951066136360168457e-01 -7.903174310922622681e-02 -9.143970012664794922e-01
1.413393948205760717e+09 -1.167288422584533691e-01 7.935646176338195801e-02 -1.071542024612426758e+00 -4.071530327200889587e-02 -4.707592725753784180e-01 -1.076361835002899170e-01 -8.747242093086242676e-01
1.413393948705760717e+09 -2.349118292331695557e-01 1.185134798288345337e-01 -1.130747318267822266e+00 6.196479871869087219e-02 -5.030440092086791992e-01 -1.813181042671203613e-01 -8.427519202232360840e-01
1.413393949105760574e+09 -2.875527143478393555e-01 7.601123303174972534e-02 -1.173988342285156250e+00 -1.461597811430692673e-02 -6.036227941513061523e-01 -1.521651148796081543e-01 -7.824780344963073730e-01
1.413393949405760527e+09 -5.806645750999450684e-01 2.279406785964965820e-02 -1.281368970870971680e+00 -6.407703459262847900e-02 -6.297393441200256348e-01 -2.933021485805511475e-01 -7.164471149444580078e-01
1.413393950105760574e+09 -7.404820322990417480e-01 6.043136119842529297e-02 -1.551470994949340820e+00 1.397013664245605469e-02 -6.520278453826904297e-01 -2.757284939289093018e-01 -7.061433196067810059e-01
1.413393950305760622e+09 -7.993263006210327148e-01 1.174470484256744385e-01 -1.893642425537109375e+00 6.550075113773345947e-02 -6.626930236816406250e-01 -2.557626664638519287e-01 -7.008088827133178711e-01
1.413393950705760717e+09 -7.201627492904663086e-01 2.889679074287414551e-01 -2.278628349304199219e+00 1.723718456923961639e-02 -6.862557530403137207e-01 -2.096434384584426880e-01 -6.962798833847045898e-01
1.413393951105760574e+09 -5.764188766479492188e-01 5.469916462898254395e-01 -2.607654571533203125e+00 2.576723694801330566e-02 -6.933044195175170898e-01 -2.125981450080871582e-01 -6.880894303321838379e-01
1.413393951605760574e+09 -3.661324977874755859e-01 7.548803687095642090e-01 -2.784936666488647461e+00 3.354552388191223145e-02 -7.063249945640563965e-01 -2.136055082082748413e-01 -6.740567684173583984e-01
1.413393952205760717e+09 5.936264991760253906e-02 8.074343800544738770e-01 -2.868511438369750977e+00 2.201410755515098572e-02 -6.791914105415344238e-01 -1.975674480199813843e-01 -7.065278887748718262e-01
1.413393952905760527e+09 2.579236030578613281e-01 7.472471594810485840e-01 -2.849830627441406250e+00 2.275285078212618828e-03 -6.282989978790283203e-01 -2.140075713396072388e-01 -7.479545474052429199e-01
1.413393953505760670e+09 7.147672176361083984e-01 8.074904084205627441e-01 -3.028191328048706055e+00 3.474917262792587280e-02 -5.993269681930541992e-01 -1.871412247419357300e-01 -7.775461077690124512e-01
1.413393954305760622e+09 8.310631513595581055e-01 7.849102020263671875e-01 -3.050373792648315430e+00 7.598297297954559326e-02 -5.063462853431701660e-01 -1.888944357633590698e-01 -8.379492163658142090e-01
1.413393954805760622e+09 1.133431315422058105e+00 7.049489021301269531e-01 -2.965821266174316406e+00 7.722950726747512817e-02 -4.564378559589385986e-01 -1.628562808036804199e-01 -8.713082075119018555e-01
1.413393955105760574e+09 1.446668863296508789e+00 6.083803772926330566e-01 -2.818565368652343750e+00 2.985005266964435577e-02 -4.349743127822875977e-01 -1.387251317501068115e-01 -8.891916275024414062e-01
1.413393955405760527e+09 1.754508495330810547e+00 5.088253021240234375e-01 -2.650667428970336914e+00 -3.368828911334276199e-03 -3.701584935188293457e-01 -9.782721102237701416e-02 -9.237971901893615723e-01
1.413393955705760717e+09 2.054319381713867188e+00 4.803724288940429688e-01 -2.413089036941528320e+00 3.461913019418716431e-02 -2.876333594322204590e-01 -3.208571299910545349e-02 -9.565768241882324219e-01
1.413393956105760574e+09 2.169054269790649414e+00 4.237372279167175293e-01 -2.193994998931884766e+00 1.839833147823810577e-02 -2.170950174331665039e-01 -6.281198561191558838e-02 -9.739537835121154785e-01
1.413393956405760527e+09 2.250019073486328125e+00 3.500429689884185791e-01 -1.987727165222167969e+00 -8.820243179798126221e-03 -1.228307709097862244e-01 -2.603993751108646393e-02 -9.920467734336853027e-01
1.413393956705760717e+09 2.303025960922241211e+00 2.926014959812164307e-01 -1.818079471588134766e+00 2.490700036287307739e-02 -5.761127918958663940e-03 -6.986166350543498993e-03 -9.996487498283386230e-01
1.413393957005760670e+09 2.358873367309570312e+00 2.251910120248794556e-01 -1.641471982002258301e+00 2.869277074933052063e-02 1.046224012970924377e-01 2.697341702878475189e-02 -9.937320351600646973e-01
1.413393957305760622e+09 2.421328783035278320e+00 1.593123227357864380e-01 -1.448310852050781250e+00 1.859750412404537201e-02 2.229102551937103271e-01 7.211022078990936279e-02 -9.719903469085693359e-01
1.413393957605760574e+09 2.486919164657592773e+00 1.511397808790206909e-01 -1.235999226570129395e+00 -1.892528310418128967e-02 3.318364620208740234e-01 1.040779426693916321e-01 -9.373869299888610840e-01
1.413393957905760527e+09 2.582880735397338867e+00 1.874034404754638672e-01 -1.029524564743041992e+00 -1.121619623154401779e-02 4.100672900676727295e-01 1.825888007879257202e-01 -8.935213685035705566e-01
1.413393958605760574e+09 2.426096200942993164e+00 2.712742984294891357e-01 -6.634697914123535156e-01 -1.723589957691729069e-03 4.198417067527770996e-01 1.224007457494735718e-01 -8.993042707443237305e-01
1.413393959705760717e+09 2.495675563812255859e+00 3.778155446052551270e-01 -5.405263304710388184e-01 3.387861698865890503e-02 4.023048579692840576e-01 1.565704494714736938e-01 -9.013816118240356445e-01
1.413393960605760574e+09 2.442740678787231445e+00 5.030283927917480469e-01 -5.126221179962158203e-01 9.936789982020854950e-03 4.855426549911499023e-01 1.727313548326492310e-01 -8.569210171699523926e-01
1.413393960905760527e+09 2.394233703613281250e+00 6.320198178291320801e-01 -4.829521179199218750e-01 4.349516332149505615e-02 5.203220248222351074e-01 1.945230066776275635e-01 -8.303818702697753906e-01
1.413393961205760717e+09 2.222550153732299805e+00 6.741040349006652832e-01 -4.410029649734497070e-01 -4.544688761234283447e-02 5.640919804573059082e-01 1.023864746093750000e-01 -8.180782198905944824e-01
1.413393961705760717e+09 2.305938482284545898e+00 4.151684641838073730e-01 -5.078228712081909180e-01 -7.002076134085655212e-03 5.385801196098327637e-01 1.790956854820251465e-01 -8.232904672622680664e-01
1.413393962105760574e+09 2.417696952819824219e+00 -3.798890113830566406e-02 -7.009583711624145508e-01 3.237264603376388550e-02 5.328903794288635254e-01 2.028678655624389648e-01 -8.208681344985961914e-01
1.413393962505760670e+09 2.385114192962646484e+00 -4.198623299598693848e-01 -8.498827219009399414e-01 7.391169667243957520e-02 4.813439548015594482e-01 2.373558729887008667e-01 -8.405398726463317871e-01
1.413393962805760622e+09 2.266877412796020508e+00 -5.390350818634033203e-01 -8.722864389419555664e-01 1.910317502915859222e-02 4.222451746463775635e-01 2.222512215375900269e-01 -8.786059617996215820e-01
1.413393963005760670e+09 2.097700357437133789e+00 -6.121653318405151367e-01 -9.004302024841308594e-01 -2.085903100669384003e-02 3.460894823074340820e-01 1.921261698007583618e-01 -9.180819988250732422e-01
1.413393963205760717e+09 1.895726561546325684e+00 -6.331083178520202637e-01 -9.575985074043273926e-01 -3.332816809415817261e-02 2.771941125392913818e-01 1.329355537891387939e-01 -9.509893655776977539e-01
1.413393963405760527e+09 1.572252035140991211e+00 -5.617429018020629883e-01 -1.085235476493835449e+00 -2.771146781742572784e-02 1.732359826564788818e-01 7.440778613090515137e-02 -9.816745519638061523e-01
1.413393963805760622e+09 1.353552818298339844e+00 -4.579961895942687988e-01 -1.192914843559265137e+00 -3.146088495850563049e-02 1.105135530233383179e-01 5.562242865562438965e-02 -9.918181300163269043e-01
1.413393964005760670e+09 1.130478382110595703e+00 -3.092788457870483398e-01 -1.316542983055114746e+00 -1.890951022505760193e-02 4.705905169248580933e-02 4.836387559771537781e-02 -9.975414276123046875e-01
1.413393964105760574e+09 7.755644321441650391e-01 -3.669554367661476135e-02 -1.514005303382873535e+00 -7.042116485536098480e-03 -3.591370582580566406e-02 -5.680004833266139030e-04 -9.993299245834350586e-01
1.413393964405760527e+09 5.404964685440063477e-01 1.364384293556213379e-01 -1.659948706626892090e+00 1.624035183340311050e-03 -8.408439159393310547e-02 -3.732737153768539429e-02 -9.957579970359802246e-01
1.413393964705760717e+09 3.278793096542358398e-01 2.892948091030120850e-01 -1.816669106483459473e+00 -1.201733946800231934e-03 -1.270388215780258179e-01 -7.300779968500137329e-02 -9.892065525054931641e-01
1.413393964905760527e+09 1.558428406715393066e-01 4.249993264675140381e-01 -1.987616181373596191e+00 1.391658466309309006e-02 -1.671222001314163208e-01 -1.088796034455299377e-01 -9.798070192337036133e-01
1.413393965005760670e+09 4.101207107305526733e-02 5.450129508972167969e-01 -2.166553020477294922e+00 5.535436794161796570e-02 -1.966347098350524902e-01 -1.705163270235061646e-01 -9.639475941658020020e-01
1.413393965205760717e+09 2.962273359298706055e-02 6.393532156944274902e-01 -2.336053609848022461e+00 9.660622477531433105e-02 -2.319226264953613281e-01 -2.025266587734222412e-01 -9.464999437332153320e-01
1.413393965405760527e+09 1.401883661746978760e-01 6.973549127578735352e-01 -2.467682838439941406e+00 1.327330321073532104e-01 -2.755751609802246094e-01 -1.179695576429367065e-01 -9.447346329689025879e-01
1.413393965605760574e+09 3.016735017299652100e-01 6.983232498168945312e-01 -2.513054370880126953e+00 1.253769546747207642e-01 -3.003734648227691650e-01 -2.601981349289417267e-02 -9.451874494552612305e-01
1.413393965805760622e+09 5.443098545074462891e-01 6.088604331016540527e-01 -2.354087591171264648e+00 4.225111380219459534e-02 -3.022081553936004639e-01 -1.826449483633041382e-02 -9.521299600601196289e-01
1.413393966405760527e+09 5.982708930969238281e-01 3.721686899662017822e-01 -2.064702749252319336e+00 1.600524038076400757e-02 -3.046149611473083496e-01 3.222415922209620476e-03 -9.523356556892395020e-01
1.413393966605760574e+09 5.316672325134277344e-01 2.227598726749420166e-01 -1.891438603401184082e+00 -3.176440298557281494e-02 -2.969662249088287354e-01 -7.483296096324920654e-03 -9.543302059173583984e-01
1.413393966905760527e+09 3.256910741329193115e-01 9.917635470628738403e-02 -1.640781521797180176e+00 -2.360266633331775665e-02 -2.890646457672119141e-01 -5.709825456142425537e-02 -9.553137421607971191e-01
1.413393967205760717e+09 -7.768964767456054688e-02 8.934075385332107544e-02 -1.295579791069030762e+00 -2.319970540702342987e-02 -3.510986864566802979e-01 -1.183321475982666016e-01 -9.285413622856140137e-01
1.413393967705760717e+09 -3.611603379249572754e-01 1.357017308473587036e-01 -1.153128623962402344e+00 -3.897571936249732971e-03 -4.564827382564544678e-01 -1.605296432971954346e-01 -8.751220703125000000e-01
1.413393968005760670e+09 -6.171049475669860840e-01 -1.782234013080596924e-02 -1.132683277130126953e+00 5.027877911925315857e-02 -4.935957789421081543e-01 -1.853180080652236938e-01 -8.482289910316467285e-01
1.413393968905760527e+09 -6.765637397766113281e-01 -4.861976206302642822e-02 -8.693096637725830078e-01 -7.341176271438598633e-03 -5.629717111587524414e-01 -1.717882007360458374e-01 -8.083921670913696289e-01
1.413393969305760622e+09 -7.107822895050048828e-01 1.939244568347930908e-02 -6.731566190719604492e-01 -2.682598493993282318e-02 -6.477800607681274414e-01 -2.187935411930084229e-01 -7.292398810386657715e-01
1.413393969705760717e+09 -8.246670365333557129e-01 -2.384340763092041016e-02 -7.150794267654418945e-01 9.612943045794963837e-03 -7.133269906044006348e-01 -2.472692877054214478e-01 -6.556906700134277344e-01
1.413393970305760622e+09 -8.063060641288757324e-01 -1.103494763374328613e-01 -9.441210627555847168e-01 5.177817121148109436e-02 -7.322934269905090332e-01 -1.707058846950531006e-01 -6.572099328041076660e-01
1.413393971205760717e+09 -7.621086835861206055e-01 -1.802853941917419434e-01 -7.467218041419982910e-01 -1.701568439602851868e-02 -7.358127832412719727e-01 -1.299099028110504150e-01 -6.643894910812377930e-01
1.413393971405760527e+09 -8.719661235809326172e-01 -2.641552090644836426e-01 -4.847064614295959473e-01 -4.147768765687942505e-02 -7.181254625320434570e-01 -1.745972931385040283e-01 -6.723772883415222168e-01
1.413393971705760717e+09 -1.018178939819335938e+00 -3.149338066577911377e-01 -3.154188394546508789e-01 -8.807118982076644897e-02 -6.894792914390563965e-01 -2.662905454635620117e-01 -6.677957773208618164e-01
1.413393972105760574e+09 -1.454944849014282227e+00 -3.574914932250976562e-01 -2.307921648025512695e-01 -1.457684766501188278e-02 -7.030323147773742676e-01 -2.848372757434844971e-01 -6.514605283737182617e-01
1.413393972505760670e+09 -1.741263747215270996e+00 -2.747122943401336670e-01 -2.941856384277343750e-01 6.114102154970169067e-02 -7.190835475921630859e-01 -2.358574271202087402e-01 -6.508086919784545898e-01
1.413393973205760717e+09 -1.939697265625000000e+00 -2.308374196290969849e-01 -1.694452762603759766e-01 2.312963362783193588e-03 -7.463907599449157715e-01 -1.556791067123413086e-01 -6.470389962196350098e-01
1.413393973605760574e+09 -2.167821884155273438e+00 -2.690991163253784180e-01 1.040389537811279297e-01 -5.582308396697044373e-02 -7.224883437156677246e-01 -1.987326741218566895e-01 -6.598483324050903320e-01
1.413393973905760527e+09 -2.366156101226806641e+00 -2.978866696357727051e-01 2.290015220642089844e-01 -6.583008915185928345e-02 -6.750048398971557617e-01 -3.186462521553039551e-01 -6.621929407119750977e-01
1.413393974105760574e+09 -2.546089649200439453e+00 -3.058137893676757812e-01 2.437887191772460938e-01 3.234235569834709167e-02 -6.407092809677124023e-01 -3.973156213760375977e-01 -6.561903953552246094e-01
1.413393974305760622e+09 -2.600917816162109375e+00 -3.150539398193359375e-01 1.461112499237060547e-01 1.493787616491317749e-01 -6.466403007507324219e-01 -3.627825677394866943e-01 -6.541645526885986328e-01
1.413393974505760670e+09 -2.467974662780761719e+00 -3.569031953811645508e-01 2.187395095825195312e-02 1.928264647722244263e-01 -6.676734089851379395e-01 -2.755908668041229248e-01 -6.641384959220886230e-01
1.413393974705760717e+09 -2.195276498794555664e+00 -4.357427656650543213e-01 -3.838515281677246094e-02 1.398822218179702759e-01 -6.960834264755249023e-01 -1.814435869455337524e-01 -6.804257035255432129e-01
1.413393974905760527e+09 -1.880938887596130371e+00 -5.060361027717590332e-01 -1.186525821685791016e-02 4.958501458168029785e-02 -7.067280411720275879e-01 -1.620013415813446045e-01 -6.869006156921386719e-01
1.413393975105760574e+09 -1.450749516487121582e+00 -5.420805215835571289e-01 1.340783834457397461e-01 -8.996584452688694000e-03 -7.027206420898437500e-01 -1.907377541065216064e-01 -6.853626370429992676e-01
1.413393975505760670e+09 -1.019240498542785645e+00 -6.110198497772216797e-01 3.723658919334411621e-01 -1.543844863772392273e-02 -7.104735374450683594e-01 -1.603565216064453125e-01 -6.850364208221435547e-01
1.413393975905760527e+09 -7.587417960166931152e-01 -7.117080092430114746e-01 7.094832658767700195e-01 -2.015607990324497223e-02 -7.116301059722900391e-01 -2.160042375326156616e-01 -6.682204008102416992e-01
1.413393976505760670e+09 -6.969628334045410156e-01 -7.268487215042114258e-01 9.588658213615417480e-01 -3.965640813112258911e-02 -6.849229931831359863e-01 -2.356056571006774902e-01 -6.883298158645629883e-01
1.413393976905760527e+09 -3.944749832153320312e-01 -9.401645660400390625e-01 1.120974779129028320e+00 -2.043817890807986259e-03 -7.115207910537719727e-01 -2.279293984174728394e-01 -6.646669507026672363e-01
1.413393978605760574e+09 -2.897439002990722656e-01 -1.040081977844238281e+00 1.181889295578002930e+00 -2.048818767070770264e-02 -7.734804749488830566e-01 -2.575338780879974365e-01 -5.787784457206726074e-01
1.413393978905760527e+09 -2.541062831878662109e-01 -1.120144605636596680e+00 1.149936914443969727e+00 -3.589513152837753296e-02 -8.377103209495544434e-01 -2.872813344001770020e-01 -4.630576968193054199e-01
1.413393979305760622e+09 -2.808252573013305664e-01 -1.096368312835693359e+00 1.077412605285644531e+00 -5.302735418081283569e-02 -8.799470663070678711e-01 -3.007525205612182617e-01 -3.639083504676818848e-01
1.413393979605760574e+09 -3.890029191970825195e-01 -9.899155497550964355e-01 9.685816764831542969e-01 -4.839172214269638062e-02 -9.138097167015075684e-01 -3.065841794013977051e-01 -2.619469761848449707e-01
1.413393979905760527e+09 -5.106704235076904297e-01 -9.293693900108337402e-01 8.656207323074340820e-01 -2.528562955558300018e-02 -9.283599853515625000e-01 -3.152228891849517822e-01 -1.953022778034210205e-01
1.413393980105760574e+09 -6.491467356681823730e-01 -8.661092519760131836e-01 7.432537078857421875e-01 1.229508407413959503e-02 -9.314568042755126953e-01 -3.383840620517730713e-01 -1.331664323806762695e-01
1.413393980305760622e+09 -8.127703070640563965e-01 -7.709888219833374023e-01 5.161020755767822266e-01 4.132084175944328308e-02 -9.341306090354919434e-01 -3.426644504070281982e-01 -9.095965325832366943e-02
1.413393980605760574e+09 -8.938698768615722656e-01 -6.761536002159118652e-01 2.401478290557861328e-01 3.928085044026374817e-02 -9.453246593475341797e-01 -3.115172684192657471e-01 -8.817806839942932129e-02
1.413393981105760574e+09 -9.116312265396118164e-01 -5.890810489654541016e-01 -2.908655703067779541e-01 -1.802090369164943695e-02 -9.385541677474975586e-01 -3.322858810424804688e-01 -9.152819961309432983e-02
1.413393981605760574e+09 -9.614317417144775391e-01 -4.891462028026580811e-01 -9.648473858833312988e-01 2.721713855862617493e-02 -9.372741580009460449e-01 -3.310807049274444580e-01 -1.056505888700485229e-01
1.413393982005760670e+09 -9.072908163070678711e-01 -2.696309983730316162e-01 -1.499562501907348633e+00 4.323681816458702087e-02 -9.353562593460083008e-01 -2.973732352256774902e-01 -1.865701377391815186e-01
1.413393982305760622e+09 -8.257188796997070312e-01 -1.826923489570617676e-01 -1.745829343795776367e+00 4.040329158306121826e-02 -9.174591898918151855e-01 -2.897788882255554199e-01 -2.695634663105010986e-01
1.413393982505760670e+09 -7.243037223815917969e-01 -1.105460226535797119e-01 -1.978025794029235840e+00 4.379167035222053528e-02 -8.824809193611145020e-01 -2.836033999919891357e-01 -3.726644515991210938e-01
1.413393982705760717e+09 -5.927298069000244141e-01 -4.963258653879165649e-02 -2.186264991760253906e+00 5.596038326621055603e-02 -8.338220119476318359e-01 -2.575921416282653809e-01 -4.850316643714904785e-01
1.413393982905760527e+09 -4.438159465789794922e-01 4.253879189491271973e-03 -2.359164476394653320e+00 6.751850247383117676e-02 -7.715532183647155762e-01 -2.220187634229660034e-01 -5.923298001289367676e-01
1.413393983105760574e+09 -2.764167785644531250e-01 5.045086145401000977e-02 -2.487435579299926758e+00 7.974079996347427368e-02 -6.995000243186950684e-01 -1.833375245332717896e-01 -6.860966086387634277e-01
1.413393983305760622e+09 -9.839785099029541016e-02 7.551601529121398926e-02 -2.551429271697998047e+00 8.592241257429122925e-02 -6.236099600791931152e-01 -1.366396695375442505e-01 -7.648906111717224121e-01
1.413393983505760670e+09 6.903600692749023438e-02 6.501412391662597656e-02 -2.539954900741577148e+00 7.190062105655670166e-02 -5.449504852294921875e-01 -8.876972645521163940e-02 -8.306499123573303223e-01
1.413393983705760717e+09 1.987834572792053223e-01 1.922889053821563721e-02 -2.454765081405639648e+00 5.481743812561035156e-02 -4.622864127159118652e-01 -5.539384111762046814e-02 -8.832993507385253906e-01
1.413393983905760527e+09 2.760705351829528809e-01 -5.506349727511405945e-02 -2.316277742385864258e+00 4.064302146434783936e-02 -3.828615248203277588e-01 -3.072831779718399048e-02 -9.223996400833129883e-01
1.413393984105760574e+09 2.944313287734985352e-01 -1.462800502777099609e-01 -2.141930818557739258e+00 2.867302298545837402e-02 -3.049993216991424561e-01 4.907389171421527863e-03 -9.519081711769104004e-01
1.413393984305760622e+09 2.334202229976654053e-01 -2.574045062065124512e-01 -1.934994816780090332e+00 1.491032261401414871e-02 -2.291921377182006836e-01 2.612209506332874298e-02 -9.729164242744445801e-01
1.413393984505760670e+09 1.061472296714782715e-01 -3.771643936634063721e-01 -1.719060420989990234e+00 1.054859254509210587e-03 -1.707169711589813232e-01 4.059888422489166260e-02 -9.844828248023986816e-01
1.413393984705760717e+09 -7.416890561580657959e-02 -4.807229340076446533e-01 -1.501152038574218750e+00 9.585467341821640730e-05 -1.226282566785812378e-01 1.312266977038234472e-04 -9.924527406692504883e-01
1.413393984905760527e+09 -3.425580263137817383e-01 -5.540269017219543457e-01 -1.159212470054626465e+00 1.878530718386173248e-02 -1.362678557634353638e-01 -7.889507710933685303e-02 -9.873468875885009766e-01
1.413393985305760622e+09 -5.493038892745971680e-01 -5.574803948402404785e-01 -8.054701089859008789e-01 3.989729098975658417e-03 -2.526985406875610352e-01 -7.049551606178283691e-02 -9.649652838706970215e-01
1.413393985505760670e+09 -7.535797953605651855e-01 -5.649915337562561035e-01 -4.781862199306488037e-01 1.781278662383556366e-02 -3.567978739738464355e-01 -1.180029511451721191e-01 -9.265275597572326660e-01
1.413393985805760622e+09 -9.353125691413879395e-01 -5.965186953544616699e-01 -1.745092868804931641e-01 3.766374289989471436e-02 -4.365562796592712402e-01 -1.910410076379776001e-01 -8.783527016639709473e-01
1.413393986205760717e+09 -1.005643606185913086e+00 -6.800570487976074219e-01 1.670033335685729980e-01 -1.360527239739894867e-03 -5.407866835594177246e-01 -2.652809023857116699e-01 -7.982317805290222168e-01
1.413393986505760670e+09 -9.221685528755187988e-01 -7.274587750434875488e-01 2.821064591407775879e-01 5.797622259706258774e-03 -6.433649063110351562e-01 -2.263540774583816528e-01 -7.313084006309509277e-01
1.413393986805760622e+09 -8.041332364082336426e-01 -8.015403747558593750e-01 3.919670581817626953e-01 1.843779347836971283e-02 -7.240213155746459961e-01 -2.026749700307846069e-01 -6.590721011161804199e-01
1.413393987505760670e+09 -5.934568643569946289e-01 -9.739186763763427734e-01 8.932619094848632812e-01 1.442573871463537216e-02 -7.497676014900207520e-01 -2.351436764001846313e-01 -6.183429956436157227e-01
1.413393988405760527e+09 -4.225358963012695312e-01 -9.006978869438171387e-01 1.495768785476684570e+00 4.948887974023818970e-02 -7.723364233970642090e-01 -1.981523185968399048e-01 -6.014840602874755859e-01
1.413393988805760622e+09 -3.741774559020996094e-01 -9.303759336471557617e-01 1.726010084152221680e+00 9.716354310512542725e-03 -7.630873918533325195e-01 -2.652173638343811035e-01 -5.892901420593261719e-01
1.413393989005760670e+09 -2.781996726989746094e-01 -1.056684136390686035e+00 1.968171834945678711e+00 -2.113774791359901428e-02 -7.591224312782287598e-01 -3.592597842216491699e-01 -5.424194335937500000e-01
1.413393989405760527e+09 -1.211473941802978516e-01 -1.228228807449340820e+00 1.995108127593994141e+00 1.775876432657241821e-02 -8.204841613769531250e-01 -2.402167022228240967e-01 -5.184461474418640137e-01
1.413393989605760574e+09 1.186428070068359375e-01 -1.350555658340454102e+00 2.130586624145507812e+00 -1.926270686089992523e-02 -8.446277976036071777e-01 -2.508795559406280518e-01 -4.725382924079895020e-01
1.413393990205760717e+09 1.930720806121826172e-01 -1.319344639778137207e+00 2.255067825317382812e+00 -3.741751611232757568e-02 -8.867623805999755859e-01 -2.724358439445495605e-01 -3.715255260467529297e-01
1.413393990405760527e+09 1.742401123046875000e-01 -1.264107227325439453e+00 2.357305049896240234e+00 -5.263580009341239929e-02 -9.079564213752746582e-01 -3.304810822010040283e-01 -2.522437870502471924e-01
1.413393990705760717e+09 1.165006160736083984e-01 -1.225025415420532227e+00 2.378534793853759766e+00 6.610136944800615311e-03 -8.941763043403625488e-01 -4.023574590682983398e-01 -1.962487548589706421e-01
1.413393990905760527e+09 9.584629535675048828e-02 -1.171031236648559570e+00 2.238891839981079102e+00 7.832519710063934326e-02 -9.231670498847961426e-01 -3.328528404235839844e-01 -1.756041198968887329e-01
1.413393991205760717e+09 1.615266799926757812e-01 -1.162858247756958008e+00 2.102840900421142578e+00 3.718701004981994629e-02 -9.613099694252014160e-01 -2.017030864953994751e-01 -1.838914453983306885e-01
1.413393991405760527e+09 2.722392082214355469e-01 -1.182021856307983398e+00 2.065441131591796875e+00 -5.222353339195251465e-02 -9.243682622909545898e-01 -3.175133168697357178e-01 -2.049423754215240479e-01
1.413393992005760670e+09 2.227952480316162109e-01 -1.257513523101806641e+00 1.993732452392578125e+00 9.911178611218929291e-03 -9.512670040130615234e-01 -2.361532151699066162e-01 -1.980520784854888916e-01
1.413393992305760622e+09 -2.341854572296142578e-02 -1.346542954444885254e+00 2.014582872390747070e+00 3.202493116259574890e-02 -9.249546527862548828e-01 -3.275269567966461182e-01 -1.901562362909317017e-01
1.413393993305760622e+09 3.112196922302246094e-02 -1.410538434982299805e+00 1.891563892364501953e+00 2.735807932913303375e-02 -9.543439149856567383e-01 -2.280525714159011841e-01 -1.909746676683425903e-01
1.413393993905760527e+09 7.856750488281250000e-02 -1.534523367881774902e+00 2.237337827682495117e+00 -1.917405985295772552e-02 -9.206087589263916016e-01 -3.383733928203582764e-01 -1.939470171928405762e-01
1.413393994605760574e+09 2.047276496887207031e-02 -1.552287340164184570e+00 2.434414625167846680e+00 8.422209881246089935e-03 -8.728549480438232422e-01 -4.522811472415924072e-01 -1.830170005559921265e-01
1.413393994805760622e+09 1.313221454620361328e-02 -1.467230081558227539e+00 2.486883401870727539e+00 1.564682833850383759e-02 -9.260866045951843262e-01 -3.352364897727966309e-01 -1.724395304918289185e-01
1.413393995205760717e+09 6.187367439270019531e-02 -1.310322284698486328e+00 2.391479015350341797e+00 -5.213712528347969055e-02 -9.162277579307556152e-01 -3.066841661930084229e-01 -2.524940669536590576e-01
1.413393995605760574e+09 9.697914123535156250e-03 -1.203247308731079102e+00 2.288492202758789062e+00 -1.792845129966735840e-02 -8.891969323158264160e-01 -2.603035867214202881e-01 -3.758316040039062500e-01
1.413393995905760527e+09 -1.135132312774658203e-01 -1.122917294502258301e+00 2.202965497970581055e+00 -1.829542964696884155e-02 -8.405536413192749023e-01 -2.188013941049575806e-01 -4.952382147312164307e-01
1.413393996305760622e+09 -3.855247497558593750e-01 -1.004737138748168945e+00 2.134443283081054688e+00 4.083559848368167877e-03 -7.968724966049194336e-01 -2.582888603210449219e-01 -5.461360216140747070e-01
1.413393996705760717e+09 -6.962969303131103516e-01 -7.852945327758789062e-01 2.059083938598632812e+00 3.557807207107543945e-02 -7.722550630569458008e-01 -2.590199708938598633e-01 -5.790207386016845703e-01
1.413393997705760717e+09 -8.834254741668701172e-01 -5.514405369758605957e-01 1.988165378570556641e+00 2.133737131953239441e-02 -7.562682628631591797e-01 -2.278461009263992310e-01 -6.129350066184997559e-01
1.413393997905760527e+09 -9.498064517974853516e-01 -4.418755173683166504e-01 2.025865793228149414e+00 3.142886608839035034e-02 -7.608996629714965820e-01 -2.341491132974624634e-01 -6.043329238891601562e-01
1.413393998505760670e+09 -9.491882324218750000e-01 -4.549150466918945312e-01 2.129163742065429688e+00 -2.676580334082245827e-03 -7.611643671989440918e-01 -2.651943564414978027e-01 -5.918561816215515137e-01
1.413393999205760717e+09 -9.130980968475341797e-01 -3.902575075626373291e-01 2.212677001953125000e+00 1.785117015242576599e-02 -7.624271512031555176e-01 -2.618326246738433838e-01 -5.914642810821533203e-01
1.413393999605760574e+09 -8.514814376831054688e-01 -3.385713696479797363e-01 2.234091758728027344e+00 -1.467869710177183151e-02 -7.596648335456848145e-01 -2.732991576194763184e-01 -5.899164676666259766e-01
1.413394000005760670e+09 -8.208596706390380859e-01 -2.705183029174804688e-01 2.220541000366210938e+00 -7.239274214953184128e-03 -7.633997797966003418e-01 -2.599487602710723877e-01 -5.912657380104064941e-01
1.413394000105760574e+09 -8.242592811584472656e-01 -2.655862569808959961e-01 2.225156068801879883e+00 2.010799385607242584e-02 -7.834108471870422363e-01 -2.229736894369125366e-01 -5.797807574272155762e-01
