1.413393889805760512e+18 -9.885408088356224532e-01 4.628286526761535846e-01 1.352584371149608611e+00 -5.659009321342185483e-01 -6.018077578252699622e-01 4.014381202314032948e-01 3.955135816328200216e-01
1.413393889905760512e+18 -9.941618637740312625e-01 4.650906395543568106e-01 1.390552341280664628e+00 -5.614543592712346598e-01 -6.081964591147298593e-01 3.913991396780765464e-01 4.020855419371535122e-01
1.413393891405760512e+18 -1.142187588885777760e+00 1.159161018932570730e-01 1.701790754366882208e+00 -5.313384134114590429e-01 -5.576451431733311370e-01 4.582132661480776137e-01 4.435673426375076334e-01
1.413393892105760512e+18 -5.219933688125916182e-01 -4.960632037902251712e-02 1.717695704722990602e+00 -5.468290443523198263e-01 -5.759917835106377337e-01 4.355524814719234361e-01 4.236808910779591986e-01
1.413393892405760512e+18 -5.626713887659284818e-02 -1.154643001047703788e-01 1.765870193277927713e+00 -5.645067113292844274e-01 -5.926584677918964594e-01 4.069304553606031272e-01 4.055807168971047316e-01
1.413393892605760512e+18 3.569210032751279904e-01 -1.953353278544319727e-01 1.728720405360061330e+00 -5.781595729564328323e-01 -6.033033504613117826e-01 3.850983096344695600e-01 3.917344348377683194e-01
1.413393892805760512e+18 5.805790684510661048e-01 -2.612458502647548864e-01 1.694496394202428702e+00 -5.966344993715513301e-01 -6.245089559084552322e-01 3.507145297782716109e-01 3.619601590675353142e-01
1.413393893105760512e+18 6.778643144480286375e-01 -5.299896384430805574e-01 1.726067306353893382e+00 -6.023524966428275285e-01 -6.120333273206799429e-01 3.731682458223757881e-01 3.511867542302531953e-01
1.413393894405760512e+18 -5.442774181820826396e-01 -7.341163230187570665e-01 1.873209859553629730e+00 -5.781641291013644990e-01 -5.798464464454023970e-01 4.235904253378278139e-01 3.873957794390874287e-01
1.413393894805760512e+18 -1.089197698604837949e+00 -6.659270629360558580e-01 1.791988620848948166e+00 -5.630805884152374485e-01 -5.762127033197520509e-01 4.331116181112454888e-01 4.041453918331273099e-01
1.413393895605760512e+18 -2.032690222019539306e+00 -4.602702693684244672e-01 1.665169172036326195e+00 -5.760842925457948516e-01 -5.466540283868598360e-01 4.206614849788933297e-01 4.385660454091060423e-01
1.413393895905760512e+18 -2.296375039499826798e+00 -3.619815085759817141e-01 1.633031956026547604e+00 -6.288835152770200221e-01 -4.869891610666989834e-01 3.664128333978838303e-01 4.827926229114377077e-01
1.413393896405760512e+18 -2.577512547980612467e+00 -2.583267769112716494e-01 1.653967342901213167e+00 -7.243173863084672037e-01 -3.089854712925121372e-01 2.806940882528303760e-01 5.487286499184519384e-01
1.413393897305760512e+18 -2.627504263149599062e+00 1.928593960071575686e-01 1.720405338486727498e+00 -7.907712430254112412e-01 -1.937156602219723134e-01 8.824165856470521374e-02 5.739063459159184921e-01
1.413393897905760512e+18 -2.914430535438030212e+00 4.864585540054527923e-01 1.771339250252184749e+00 -7.882538117220101448e-01 -1.795013439092086882e-01 5.483061263041164035e-02 5.860279854743146721e-01
1.413393898405760512e+18 -3.264399330811217137e+00 5.873402077526035381e-01 1.879688692467240019e+00 -7.168368396770256057e-01 -5.615297167619718449e-02 8.335612847934431580e-02 6.899590892935039133e-01
1.413393898605760512e+18 -3.402436107005140542e+00 5.035886140356697904e-01 1.881471329996451836e+00 -7.830095793470248644e-01 -3.204462691725661061e-02 1.076081953148261827e-01 6.117921353185373778e-01
1.413393898805760512e+18 -3.484019530021431166e+00 3.917857504720524964e-01 1.860750309087354504e+00 -8.656947747345488109e-01 -3.195845496006628067e-02 9.253333326353541111e-02 4.909060973231065828e-01
1.413393899405760512e+18 -3.622752022697614649e+00 5.774003054180485428e-01 2.049630363324510984e+00 -6.985552865087185648e-01 -5.527227045330654343e-02 5.236587481780662773e-02 7.114937125261362461e-01
1.413393899605760512e+18 -3.625212069209887922e+00 3.325501552828288299e-01 2.152558571996202375e+00 -7.909025455052841602e-01 -3.356175560757460041e-02 1.385135651128016343e-01 5.951140767563316558e-01
1.413393900405760512e+18 -3.223609157509081058e+00 8.970153397364843961e-02 2.121077611490925108e+00 -8.446135610596721133e-01 -8.847473163779052963e-02 1.285587588118122099e-02 5.278587697396418532e-01
1.413393900605760512e+18 -3.116001265206161719e+00 1.694536111920675325e-01 2.079423976978086230e+00 -7.523440572856905373e-01 -8.195612213268935187e-02 2.053923174286482328e-02 6.533297432929942028e-01
1.413393900805760512e+18 -2.931221764102923899e+00 7.095380538051776487e-02 1.934310068598354970e+00 -7.925866488999536719e-01 -4.413042774884094049e-02 8.581522099769585410e-02 6.020752919505687473e-01
1.413393901405760512e+18 -2.638636160325638969e+00 -8.212692625332895791e-02 1.840565213585054316e+00 -8.790463998540257728e-01 -9.023450685608988553e-02 1.086726336101458482e-02 4.679925888976841919e-01
1.413393902605760512e+18 -2.958407207740882505e+00 7.445055022399583722e-01 1.920778619466703363e+00 -8.136350254854648467e-01 -8.055838722094429971e-02 1.793925849237314185e-02 5.754881185188548409e-01
1.413393903305760512e+18 -3.447811057260177225e+00 1.327277901604994481e+00 2.115674689371795036e+00 -8.153402121334549779e-01 -1.047685549900731310e-02 1.634857647082758186e-02 5.786564594164688158e-01
1.413393903605760512e+18 -3.638441437374534182e+00 1.686354636175515509e+00 2.080986798840436691e+00 -7.929952954047723157e-01 1.105147212528742456e-01 -6.073766976258371426e-03 5.990893649590312009e-01
1.413393904305760512e+18 -3.550878558930423701e+00 2.067166715495496465e+00 2.131915139310577523e+00 -8.035711609037607950e-01 1.313390325537467096e-01 -6.735751373356076155e-02 5.766163483940265344e-01
1.413393905305760512e+18 -3.191443554702974694e+00 2.647362165933039968e+00 2.104185900073832549e+00 -7.387726034658035346e-01 3.183237985936477332e-01 -2.429807188341295554e-01 5.420750592788040612e-01
1.413393905605760512e+18 -3.108084542019445173e+00 2.879172879555970788e+00 2.055192461159034423e+00 -6.853320471418465898e-01 4.516045290175463300e-01 -2.492465124552197264e-01 5.140520504385869272e-01
1.413393906305760512e+18 -2.729363184320073188e+00 3.015876922498035739e+00 1.943529244678531720e+00 -6.270900094296431027e-01 4.989102013648014644e-01 -3.891642044923175892e-01 4.543104147931509851e-01
1.413393906805760512e+18 -2.494158926106206042e+00 3.010374156160626757e+00 1.633644533350614436e+00 -6.145430008556362900e-01 5.092508792353178659e-01 -4.246713813231122736e-01 4.273811647493659382e-01
1.413393907805760512e+18 -2.560039760756329663e+00 3.104639409739409661e+00 1.332497362242209160e+00 -6.054965193910953891e-01 5.282111638296136391e-01 -4.094432733805506985e-01 4.321147270048236733e-01
1.413393909605760512e+18 -3.167736117601383850e+00 3.040400362087946284e+00 1.296233265094276721e+00 -6.050562209777573530e-01 5.567505735742345196e-01 -4.139470507207096417e-01 3.906195175365698713e-01
1.413393909805760512e+18 -3.307781010501474661e+00 3.059969526672127405e+00 1.170459972336355348e+00 -6.148535328366679931e-01 5.851873686619033510e-01 -3.929567871043921912e-01 3.536889031132010031e-01
1.413393910905760512e+18 -2.626888767502288058e+00 3.284725671890533771e+00 1.062053100213117940e+00 -5.994348395340509672e-01 5.795279416746251799e-01 -3.763929653330967962e-01 4.039227322383789898e-01
1.413393911105760512e+18 -2.184251369667704612e+00 3.295793140443812330e+00 9.535438753917043764e-01 -6.062209089413017615e-01 5.414462391726636570e-01 -3.888145569591481832e-01 4.337688554343445690e-01
1.413393911405760512e+18 -1.901487208681616359e+00 3.295029024632625259e+00 8.933387976320015245e-01 -5.960951392027850071e-01 5.179851001246204012e-01 -4.169085681269427135e-01 4.500547376598113547e-01
1.413393911605760512e+18 -1.563556604859543731e+00 3.307155823658083804e+00 8.934904657746201018e-01 -5.940510572914785570e-01 5.203765377609324005e-01 -4.276046983651549116e-01 4.398474988161995003e-01
1.413393912405760512e+18 -9.506141401337107055e-01 3.343270630161283563e+00 1.211718390081848229e+00 -6.074404337299450507e-01 6.100040272324193102e-01 -3.320031708277162985e-01 3.855970705160348122e-01
1.413393912605760512e+18 -4.615594648203498740e-01 3.290284902618432650e+00 1.388868720137269808e+00 -5.816164656086493245e-01 5.756612681034880552e-01 -3.859757787362855797e-01 4.258627590753913394e-01
1.413393912805760512e+18 -1.297807803766780621e-01 3.228792660973928363e+00 1.445520388319980309e+00 -5.734691145433118420e-01 5.611118442532730954e-01 -4.143527688828720357e-01 4.296492241616384766e-01
1.413393913405760512e+18 7.240394447182763038e-01 2.921998790213802266e+00 1.418662604738154087e+00 -4.276672922352539041e-01 6.689501887349337261e-01 -4.583400430138886428e-01 3.994129906671647356e-01
1.413393913605760512e+18 9.158876291661802727e-01 2.730807441097269361e+00 1.410112727192989635e+00 -3.637670241103033719e-01 6.911174139208366984e-01 -5.071120828908796119e-01 3.645100927702586979e-01
1.413393913805760512e+18 1.031478160316498416e+00 2.514002151812179786e+00 1.427212512240328746e+00 -3.031235474564603627e-01 7.112801127615356878e-01 -5.456807449779433883e-01 3.231551341502470476e-01
1.413393914405760512e+18 9.725009578468035709e-01 1.909017380125943575e+00 1.546139555987524616e+00 -1.691537333284086064e-01 7.849267115891659374e-01 -5.839154658003880005e-01 1.196653698193264059e-01
1.413393914605760512e+18 8.742468525105773214e-01 1.670143026853230683e+00 1.642636448407308603e+00 -7.167795776032555299e-02 8.050290017548857868e-01 -5.823893356050119374e-01 8.725387371569028050e-02
1.413393914905760512e+18 6.773095614961224253e-01 1.341265078975397929e+00 1.759148046338896876e+00 -3.691524799308647936e-02 8.297130520851061508e-01 -5.567356131541169040e-01 1.609262909337302178e-02
1.413393915405760512e+18 4.981962308804621653e-01 8.412369149367471266e-01 1.830651336383777306e+00 -9.658778955412250511e-02 7.994212122984666324e-01 -5.927564663223816588e-01 1.537191820500109947e-02
1.413393916405760512e+18 6.781280849310824532e-01 1.458388885101518651e-01 1.982018073039948147e+00 2.541205884633629397e-02 -8.037114952284571956e-01 5.944218150923015198e-01 8.047698130650017545e-03
1.413393917305760512e+18 9.785299204890696156e-01 -2.940820183252612630e-01 2.203287404515242187e+00 -3.514383029315285567e-01 -7.397117558655816882e-01 5.411403527241036571e-01 1.910098325230872029e-01
1.413393917605760512e+18 9.467314934283554972e-01 -3.469839367506754590e-01 2.189599854066452966e+00 -4.547813047617943472e-01 -6.865028162918644927e-01 4.865536423696624202e-01 2.918105569702936775e-01
1.413393917905760512e+18 8.570426891067670638e-01 -3.629190469406460839e-01 2.170372796245229274e+00 -5.547736152228882611e-01 -5.950442046424344600e-01 4.546124733665373174e-01 3.625963726149761257e-01
1.413393918905760512e+18 5.069695908072482382e-01 1.347116907147078435e-01 2.227474116941960514e+00 -7.643138784197737179e-01 -2.390547063709857201e-01 2.578781232040490146e-01 5.405330851942022896e-01
1.413393919105760512e+18 4.962152744960448558e-01 3.476713035949962061e-01 2.252848973983760050e+00 -7.754444945561786984e-01 -1.377590636507629585e-01 1.794288994440199625e-01 5.895027958278785674e-01
1.413393919305760512e+18 5.409852770291125879e-01 5.357710611107033838e-01 2.274447442923595020e+00 -7.645572222440467636e-01 -3.417354146217000538e-02 1.225669929042298573e-01 6.318716287576258139e-01
1.413393920405760512e+18 1.488675290862095490e+00 5.438054242588343801e-01 1.737542295071798026e+00 -7.973481124679813181e-01 2.391469177630902235e-02 -2.996325386316607900e-02 6.023008205862939723e-01
1.413393921305760512e+18 2.087738652319286015e+00 4.728663741950395183e-02 1.194920353166350813e+00 -8.176313016727141392e-01 5.081674012420346435e-03 -3.466312262824780555e-02 5.746752987939129920e-01
1.413393922305760512e+18 2.077681739368614000e+00 7.251449547389277051e-02 8.018677307551987932e-01 -8.493270279045165294e-01 1.967345385983334735e-02 -3.851876593555992462e-02 5.260920637634705077e-01
1.413393922605760512e+18 2.032478844905704740e+00 2.369402649345282164e-01 6.332106159427468572e-01 -8.319105722327144736e-01 5.680585414119868060e-02 4.192334384172297958e-03 5.519785494701200390e-01
1.413393923305760512e+18 2.103208417721750045e+00 8.088657218272616856e-01 5.956958114020817208e-01 -8.419591420295381434e-01 4.015441761018448408e-02 -1.659021289406095029e-02 5.377891694106536891e-01
1.413393923905760512e+18 2.260167248311442556e+00 1.634578618599428879e+00 6.823916442522456327e-01 -8.144673381553663161e-01 -1.623624094597171386e-01 1.090847268389991964e-01 5.462434671856573054e-01
1.413393924105760512e+18 2.332535630590448328e+00 1.922122654732202784e+00 7.083570673298374976e-01 -7.968928988128389790e-01 -2.493639725227995985e-01 1.272021874921656914e-01 5.353493443785348749e-01
1.413393924305760512e+18 2.366899373664494988e+00 2.210208728983883208e+00 7.359762993359795225e-01 -7.580133787792231459e-01 -3.356843365080973696e-01 1.107370973245522944e-01 5.481505624287514866e-01
1.413393924905760512e+18 1.900354249313877864e+00 2.642669470569826817e+00 1.020537785407491072e+00 -7.316890341067616710e-01 -3.465232935358537603e-01 1.376374706064191211e-01 5.706213202203768153e-01
1.413393925105760512e+18 1.743431851770613550e+00 2.623816747912822045e+00 1.119829966010258637e+00 -7.494452832644883378e-01 -3.283120956515981348e-01 1.712048561749100473e-01 5.488459095808178034e-01
1.413393925305760512e+18 1.411543002836681548e+00 2.571696449030378417e+00 1.335872533741142121e+00 -7.715690871088972669e-01 -3.215173893106168523e-01 2.414087889671634179e-01 4.929802316505553783e-01
1.413393925405760512e+18 1.244795039805768999e+00 2.556408954994366489e+00 1.442517328366577534e+00 -7.668960353702364285e-01 -3.369740244636696969e-01 2.558670989736859247e-01 4.825463764582236248e-01
1.413393925605760512e+18 7.405473456779864128e-01 2.584005500109995079e+00 1.740875343594680658e+00 -7.410989895301797192e-01 -3.667640920386798231e-01 2.731821494138967354e-01 4.915566109310225418e-01
1.413393925805760512e+18 4.079096129437156382e-01 2.635084659275676255e+00 1.822482045206670787e+00 -7.281041676921956585e-01 -3.727672795773717684e-01 2.766127025348409929e-01 5.043751471495323546e-01
1.413393926605760512e+18 -6.679634245208153631e-01 2.856050146686665681e+00 1.799043024994552820e+00 -6.891586760857706384e-01 -3.837426500817631703e-01 3.116325775018061184e-01 5.297990508895932260e-01
1.413393926805760512e+18 -9.234478633752596366e-01 2.918028655999388654e+00 1.806455124148401703e+00 -6.733693005693748290e-01 -4.426666344071059633e-01 3.329352021367689152e-01 4.896674249034190796e-01
1.413393927105760512e+18 -1.144817545804844183e+00 2.999538051838628316e+00 1.929705781662546249e+00 -6.854306081284878838e-01 -4.674595745493330678e-01 3.568169157531733693e-01 4.293577951256509206e-01
1.413393927905760512e+18 -1.800239510835823342e+00 3.291039220764963691e+00 2.278585338676877292e+00 -5.586533143164230664e-01 -5.644451775151049233e-01 3.366218122019792869e-01 5.059583693675532290e-01
1.413393928805760512e+18 -2.571179791942059367e+00 2.499698285302316414e+00 2.535350173059415013e+00 -6.090810425395003502e-01 -4.860988163620334479e-01 3.441932757263680975e-01 5.236976353729102529e-01
1.413393929405760512e+18 -2.569980735154712370e+00 2.083615502439183143e+00 2.625934588307918816e+00 -7.025262147703457138e-01 -3.855928619419594638e-01 2.732241188206644966e-01 5.320936414528273373e-01
1.413393930405760512e+18 -2.351234043147565789e+00 1.024606387549649833e+00 2.660080206026436134e+00 -7.840629884361138835e-01 -1.935130176761454823e-01 1.554598441778494156e-01 5.688850314454592105e-01
1.413393930905760512e+18 -2.185363715800276552e+00 7.303137098579903785e-01 2.417670634168784360e+00 -7.781137200751527816e-01 -1.996287720131620369e-01 1.749322277668029779e-01 5.692856117133709981e-01
1.413393931305760512e+18 -1.962045721462749137e+00 4.731972530695696122e-01 2.321646542427650228e+00 -7.918930801950415654e-01 -1.963558787083894974e-01 1.951111088858260567e-01 5.443173464305625098e-01
1.413393932105760512e+18 -1.331059335436109992e+00 3.259701857673663050e-01 1.905174690923170822e+00 -7.882155480473064246e-01 -2.309087724857097901e-01 1.645412131476939044e-01 5.461900564652490964e-01
1.413393932905760512e+18 -8.259742237044447322e-01 4.506325087883138458e-01 1.688249976217695458e+00 -7.529519652973813981e-01 -2.307041069473033668e-01 1.432635362667551149e-01 5.994284879523180676e-01
1.413393933905760512e+18 -2.206429660775495183e-01 2.649544378358309471e-01 1.583875033058619763e+00 -7.630061330873422198e-01 -2.218615192414313264e-01 1.564146680832783909e-01 5.866289787927144728e-01
1.413393934405760512e+18 1.517328056625528721e-01 1.108707302077057699e-01 1.546633133105608238e+00 -7.856129603941111039e-01 -2.090072500180837900e-01 1.883987402186464988e-01 5.510300904530588406e-01
1.413393934805760512e+18 4.030877739702014573e-01 3.944738043315026976e-02 1.413973806301031644e+00 -7.997326495645514788e-01 -2.020718043874932812e-01 2.362326509570824018e-01 5.136037477606975044e-01
1.413393935405760512e+18 9.012153147255077545e-01 1.480045166213141417e-01 1.134370982353648749e+00 -7.107537556691129188e-01 -4.489194491612196192e-01 2.709128947265331266e-01 4.689420331319516522e-01
1.413393935605760512e+18 9.517365850263780347e-01 2.489994208375882478e-01 1.186780221805693092e+00 -6.013262258822514861e-01 -5.738425789865509996e-01 3.141788943681496082e-01 4.586971625613988079e-01
1.413393936105760512e+18 8.882187827162885130e-01 1.851248462148049057e-01 1.232857266779434635e+00 -5.817325824105580301e-01 -5.863268193367826564e-01 3.964221149781900766e-01 4.008211200081326919e-01
1.413393936305760512e+18 8.052804297952150803e-01 1.212776110055530099e-01 1.279592609094634348e+00 -5.423717412495826506e-01 -6.188178953095533341e-01 4.583732839193732089e-01 3.358440699603314483e-01
1.413393936905760512e+18 4.643902270007487232e-01 9.218292250830700807e-02 1.484727830533261406e+00 -2.897189339639422712e-01 -7.167788746410336254e-01 5.755854365485888469e-01 2.664439704784113405e-01
1.413393937605760512e+18 6.781984049277270943e-01 3.844559178300644420e-01 1.708941471365473364e+00 -1.297295618481127399e-01 -7.762612882385565571e-01 5.895106195035118013e-01 1.818402668759023511e-01
1.413393938805760512e+18 1.096005317240361654e+00 5.043823037388166508e-01 1.750389140005285782e+00 -4.027110606575225182e-02 -7.861476524035662106e-01 6.155495005178031054e-01 3.806466929956629081e-02
1.413393939105760512e+18 1.295874965377433519e+00 6.594678096738373352e-01 1.757357999085491063e+00 1.568149733633069504e-02 -7.835395669519167328e-01 6.211179689972317064e-01 5.683858798994212772e-03
1.413393939405760512e+18 1.422522830620301271e+00 7.966696666895127787e-01 1.733988505439900907e+00 -1.443494599983478552e-02 8.536494993495602479e-01 -5.202676621183199845e-01 1.989282152347262092e-02
1.413393939605760512e+18 1.530948276494705995e+00 8.691144952929604761e-01 1.685346878615392452e+00 5.511948843233093181e-04 8.938646469960976892e-01 -4.469207743221816909e-01 3.560211389794883802e-02
1.413393939905760512e+18 1.647606971276070364e+00 7.460864594195704136e-01 1.624385516279332808e+00 -4.661726457638752999e-03 7.933820978198738993e-01 -6.086458996073840222e-01 8.560610754390315588e-03
1.413393940105760512e+18 1.716522570665481195e+00 6.657390935376605867e-01 1.615396312001577073e+00 1.220686581638063574e-02 7.053506268234054355e-01 -7.082540578094922434e-01 2.660216651249302719e-02
1.413393940405760512e+18 1.746280392268938497e+00 7.763185093965750960e-01 1.585954905626015821e+00 9.719577031016427351e-03 8.047204066258191180e-01 -5.931913062284303040e-01 2.132302036116837107e-02
1.413393940605760512e+18 1.737683488671139198e+00 8.847287317961129993e-01 1.590258084772504521e+00 3.494185681107268848e-02 8.752425222206215993e-01 -4.806684306301196585e-01 4.107862869007544715e-02
1.413393940905760512e+18 1.616263493901047177e+00 8.430268339198787597e-01 1.652828930275432651e+00 3.725934098606016598e-02 8.253024910204374009e-01 -5.630146643573876730e-01 2.240597115242011494e-02
1.413393941105760512e+18 1.487706867275564449e+00 7.682105009027366815e-01 1.719848434424210204e+00 2.245750595491254747e-02 7.414538046654989278e-01 -6.705950770530096916e-01 6.645194173906933226e-03
1.413393941405760512e+18 1.266270464535494300e+00 7.994266514223753450e-01 1.776593662612255153e+00 6.555423677417480943e-03 8.114727233004342954e-01 -5.843035231915711947e-01 7.644510821719576257e-03
1.413393941605760512e+18 1.107765739760741219e+00 8.381512353786546576e-01 1.813666034376010039e+00 1.418011076474108133e-03 8.676717223884726771e-01 -4.970724711251353067e-01 7.920218529758313308e-03
1.413393941905760512e+18 8.600746730521537931e-01 7.277972467194423478e-01 1.846850038321767418e+00 -8.682035499762078348e-03 -8.403134128681344350e-01 5.419625761173528788e-01 8.634610687901465853e-03
1.413393942105760512e+18 6.994248993021110472e-01 5.934144101592343512e-01 1.876238904949772968e+00 -1.257871696068221974e-02 -7.555092640131291226e-01 6.547024717794722726e-01 2.030274158365519971e-02
1.413393942305760512e+18 4.216548164473734595e-01 5.566086446903568685e-01 1.928574314044136928e+00 -9.672025281873329258e-03 -7.939792081638880061e-01 6.069744864591647415e-01 3.294604252449211818e-02
1.413393942905760512e+18 1.190613012077683663e-01 4.999286235475949858e-01 1.874005226122214207e+00 -1.474708143053292658e-03 -8.079185483557276282e-01 5.886862505712019411e-01 2.671970896335767315e-02
1.413393943305760512e+18 -6.986861876304240049e-02 4.530553057387822768e-01 1.822548383784998505e+00 -1.425232271104989734e-02 -8.573446412096877856e-01 5.132135153956036699e-01 3.699898784640701793e-02
1.413393944105760512e+18 -1.082250696382959232e-01 3.644025010413364796e-01 1.872181344957849269e+00 -8.023975812190260737e-02 -8.055825787665220616e-01 5.851908984647508083e-01 4.636703956946342658e-02
1.413393944305760512e+18 -1.881188948534164851e-01 2.905764440369612567e-01 1.946796259539398832e+00 -1.373114904369699130e-01 -7.590308792094756507e-01 6.277491633459274523e-01 1.046358777807925022e-01
1.413393945105760512e+18 -3.201525917712323421e-01 2.805575958686347127e-01 2.070381459242875088e+00 -1.690992478619839923e-01 -7.831906072982189881e-01 5.797897426887383965e-01 1.478572665961475907e-01
1.413393945305760512e+18 -3.750089082760470482e-01 2.550306273935148971e-01 2.012478294601034889e+00 -2.728565029641047412e-01 -7.521058867794943037e-01 5.625851419850417257e-01 2.082883143133583692e-01
1.413393945805760512e+18 -3.690913276405952681e-01 2.926041114399164922e-01 1.951690112551517142e+00 -3.400912040472302555e-01 -7.605584514139229757e-01 4.938586693374901193e-01 2.489827898324799282e-01
1.413393946105760512e+18 -3.841039445952842968e-01 2.781318861044257407e-01 1.945267934136089227e+00 -3.692607923859521635e-01 -6.626255904058950819e-01 5.591764425544381023e-01 3.345078477971784037e-01
1.413393946405760512e+18 -3.051252486925408736e-01 3.072068711132346364e-01 1.917732341584050593e+00 -4.817669995387771631e-01 -6.542808907879141822e-01 4.806382778445961179e-01 3.298543920819584918e-01
1.413393946905760512e+18 -2.804254273617872162e-01 3.622472725009190375e-01 1.919142616723312100e+00 -5.630434952923801806e-01 -5.450618631358974397e-01 4.134739931169503224e-01 4.636041897779690779e-01
1.413393947805760512e+18 -6.737752836836363723e-02 3.274621534779739163e-01 1.633227805162968282e+00 -7.601598643447704529e-01 -3.641056745220973556e-01 2.502859196877529890e-01 4.763832457446464108e-01
1.413393949105760512e+18 1.659139070799656723e-01 2.332202779079312616e-01 1.594150087258316972e+00 -7.785335570101225011e-01 -1.206998996331578033e-01 7.635823217564444154e-02 6.111353820690815786e-01
1.413393949405760512e+18 2.698073006294208209e-01 -5.362232549251405578e-02 1.679030665892266239e+00 -8.155451446703033680e-01 2.803745708154162936e-02 1.192543024807917046e-01 5.655779604483494039e-01
1.413393950105760512e+18 5.478807543685242365e-01 -1.971888608771253382e-01 1.723495181294458334e+00 -8.409448651817931220e-01 -5.914050893899334234e-04 4.980963742026429247e-02 5.388231472240754272e-01
1.413393950305760512e+18 8.945637722213348741e-01 -2.356125653840983047e-01 1.769638745084597176e+00 -8.518914544569918812e-01 -2.662279887797881772e-02 3.448523364419095807e-03 5.230299074523926395e-01
1.413393951105760512e+18 1.688862349119004458e+00 3.198085983293891266e-02 1.565940057397396057e+00 -8.168863008519294810e-01 -1.340999763520610635e-02 -1.337711869365919813e-02 5.764876374557659222e-01
1.413393951605760512e+18 1.906733544685532245e+00 2.539658951644105378e-01 1.417206034838164985e+00 -8.185219366174124600e-01 -2.774416242542192528e-03 -3.081489792820650553e-02 5.736415117094194605e-01
1.413393952905760512e+18 1.930288199625471046e+00 8.806452963879576323e-01 1.438029467943842121e+00 -8.130519345545839105e-01 -6.367403041725427926e-02 6.291661041879910432e-02 5.752683458186101939e-01
1.413393954305760512e+18 2.099520552022556608e+00 1.464745936292536577e+00 1.455689056774244650e+00 -8.250928887716419968e-01 -2.115577546816385379e-01 1.164271699713560204e-01 5.107932609432028759e-01
1.413393954805760512e+18 1.977900767174563867e+00 1.761007793389335552e+00 1.504750098506391964e+00 -8.071829899258097241e-01 -2.662038655107731855e-01 1.472810727878479942e-01 5.058650100175076103e-01
1.413393955105760512e+18 1.790943250595849134e+00 2.064343880539157183e+00 1.551243603106986058e+00 -7.744662761273262142e-01 -2.780873708075989326e-01 1.847739781139231263e-01 5.373341403174982656e-01
1.413393955405760512e+18 1.583722427740149818e+00 2.361069409085311488e+00 1.594598665975315077e+00 -7.281222484346160373e-01 -3.327434879709992854e-01 2.384874646643905249e-01 5.497667612227603584e-01
1.413393956105760512e+18 1.098932553799672140e+00 2.747706879737374486e+00 1.538668957728343001e+00 -6.777370494935884837e-01 -4.529145224900814615e-01 3.181571162246600304e-01 4.840629881088976405e-01
1.413393956405760512e+18 8.758004816203708298e-01 2.815945796410646018e+00 1.548054642359714350e+00 -6.142812954758328781e-01 -5.102142621890520813e-01 3.791688429796146176e-01 4.675156523592698399e-01
1.413393957305760512e+18 2.952058358686242556e-01 2.954062231664115856e+00 1.571051654304350009e+00 -4.067094913311332660e-01 -7.050162141010789529e-01 5.060781823082656228e-01 2.853496117174764701e-01
1.413393957605760512e+18 8.637268481398785447e-02 3.007165758291407531e+00 1.516153153447461266e+00 -3.063222238004021380e-01 -7.304030774096098577e-01 5.602433935962679579e-01 2.424982054537414555e-01
1.413393957905760512e+18 -1.056430985533355349e-01 3.091308312498562749e+00 1.420208213236394679e+00 -2.053715454453005351e-01 -7.833831830062903956e-01 5.481416900239888257e-01 2.089832638322669245e-01
1.413393958605760512e+18 -4.213964036682861236e-01 2.914299797523164592e+00 1.234252185984302752e+00 -2.432570691853254696e-01 -7.615234068663710998e-01 5.749463334782353163e-01 1.741976254313900019e-01
1.413393960605760512e+18 -4.985081599581560052e-01 2.924164617728368221e+00 9.683603248157992560e-01 -1.666061878183749678e-01 -7.964019473595246312e-01 5.656781693147691081e-01 1.341436736610294722e-01
1.413393960905760512e+18 -4.862638417174314776e-01 2.875129635300675890e+00 8.367637046184541738e-01 -1.376937577447202576e-01 -8.216983958265654531e-01 5.449911869418874177e-01 9.400415698180314417e-02
1.413393962105760512e+18 -4.756436722900074798e-01 2.905430745469148590e+00 1.541006552457490297e+00 -1.175845133998601605e-01 -8.210328509885826964e-01 5.509110052574690553e-01 9.260671731728012390e-02
1.413393962805760512e+18 -4.500282091301907039e-01 2.760494807415512231e+00 2.071557716426518425e+00 -1.809938720878825347e-01 -8.147741979948605051e-01 5.146367283962343109e-01 1.962989106798302408e-01
1.413393963405760512e+18 -2.131867182450902787e-01 2.079208384068149673e+00 2.161681356615494654e+00 -4.135547099717423736e-01 -6.716451183751311893e-01 5.088501342457292242e-01 3.448722628759065545e-01
1.413393963805760512e+18 -6.737859556110548098e-02 1.868016354038680049e+00 2.095912886627733229e+00 -4.558804583014295364e-01 -6.400874534142536598e-01 4.883396403922065088e-01 3.794541544668396105e-01
1.413393964105760512e+18 3.958746536599380139e-01 1.313247992334729108e+00 1.792116270274068723e+00 -5.663837568774848785e-01 -5.645880046587180567e-01 4.190915253702678367e-01 4.298977998357930708e-01
1.413393964405760512e+18 5.994604635584691588e-01 1.088528912209757893e+00 1.671343963368700170e+00 -6.102997184770605488e-01 -5.263856091857459507e-01 4.007250598264742725e-01 4.357428949461374934e-01
1.413393964905760512e+18 1.018941720968845388e+00 7.260040600682841072e-01 1.494700296497893266e+00 -6.842790990073480684e-01 -4.491395747634585045e-01 3.696675533139817671e-01 4.397518130375883127e-01
1.413393965405760512e+18 1.557763143820629415e+00 7.405372580794669091e-01 1.374921819242001853e+00 -7.655191789514197431e-01 -4.313527381539606909e-01 2.287934425079492795e-01 4.190092631553468117e-01
1.413393965605760512e+18 1.591997294757693027e+00 9.043827354580880051e-01 1.385860059051214677e+00 -7.199724786564605239e-01 -4.692684453268843314e-01 1.822553604588594001e-01 4.777130307849813406e-01
1.413393965805760512e+18 1.400031672108279057e+00 1.136621261794237503e+00 1.422750422573753504e+00 -6.863790643251277412e-01 -4.407110159139013827e-01 2.295695303283395994e-01 5.309947375004054892e-01
1.413393966405760512e+18 1.051426447227925998e+00 1.171685695419817597e+00 1.563900145801405461e+00 -6.643696634475209084e-01 -4.403360307777263727e-01 2.349110098983870631e-01 5.563577515574533727e-01
1.413393966605760512e+18 8.461829772025731833e-01 1.093871819400312306e+00 1.656634310141151367e+00 -6.490133280849995634e-01 -4.178970393769270708e-01 2.722013201222027723e-01 5.744999615071887389e-01
1.413393966905760512e+18 5.827034146664482606e-01 8.726615786032057009e-01 1.703245315120615722e+00 -6.783531472036420373e-01 -3.977551068293638803e-01 2.923692022186458184e-01 5.441949395796584765e-01
1.413393968905760512e+18 -1.388307538774079530e-01 -1.738501301520330444e-01 1.627555692828282385e+00 -7.895900227358597645e-01 -1.445927251817776260e-01 1.138541225532664347e-01 5.853868623381615066e-01
1.413393969305760512e+18 -3.041619578344422203e-01 -2.187931906531602744e-01 1.505415196659720900e+00 -8.021501756827905671e-01 -2.955679834624013597e-02 6.289600439825644707e-02 5.930645698019081369e-01
1.413393970305760512e+18 -7.797813286081345385e-02 -2.995644008350402676e-01 1.709612102892165808e+00 -8.028767719311789008e-01 -1.410342854272659228e-02 -8.054735509361114765e-02 5.905100388512743992e-01
1.413393971405760512e+18 -5.576807222502452310e-01 -3.930572009796567956e-01 1.722793331691580221e+00 -7.695576584850279955e-01 1.402333774747697298e-02 -1.016719097770964197e-02 6.383423724719234915e-01
1.413393972105760512e+18 -7.935778438520120215e-01 -9.905513801950844854e-01 1.742832795359401610e+00 -8.265842200199525758e-01 6.943007733624535771e-02 1.812226988955270221e-02 5.582200058302639878e-01
1.413393973605760512e+18 -1.045993562079405192e+00 -1.720848908190221627e+00 1.566564297625602231e+00 -7.727691878211840892e-01 4.269830374844350157e-02 1.191595425831218125e-04 6.332492582010629256e-01
1.413393973905760512e+18 -1.162201290310269863e+00 -1.926331659720012635e+00 1.559254640858811269e+00 -8.192568336092002079e-01 9.281677923994664792e-02 8.189679515170723845e-02 5.599073146691595504e-01
1.413393974105760512e+18 -1.168212120484191541e+00 -2.106881204509042149e+00 1.564083088764502083e+00 -8.866924443459477390e-01 8.326388381408221517e-02 7.295424920293377968e-02 4.489112521593100480e-01
1.413393974305760512e+18 -1.074511805425857558e+00 -2.156033924089727716e+00 1.601986352322060547e+00 -9.154881932686025348e-01 1.682791708156645971e-02 -1.343971909900959320e-02 4.017680464434986720e-01
1.413393974905760512e+18 -1.021333057613195594e+00 -1.429777184433893567e+00 1.824525315550620475e+00 -8.022325205095137690e-01 -4.564513944472946283e-02 -5.573138617850312976e-02 5.926495734214665134e-01
1.413393975105760512e+18 -1.196098578187465789e+00 -1.009094160022195430e+00 1.812506685236974002e+00 -7.926294610902184790e-01 -4.984768754388546955e-03 -8.378076163302399307e-03 6.096257026504843246e-01
1.413393975905760512e+18 -1.835028600120203857e+00 -3.530784119619513328e-01 1.800230128073258218e+00 -7.972158138215389434e-01 2.746399439707522538e-02 -4.013822915768156842e-03 6.030560209717001907e-01
1.413393976905760512e+18 -2.315743840636034001e+00 -1.524683164224910348e-02 1.895049195803059083e+00 -8.094983384513735336e-01 2.821593034945927767e-02 -1.122020166587822491e-02 5.863364293590810350e-01
1.413393978605760512e+18 -2.409194474078442116e+00 8.491585449309285716e-02 1.971841660537825947e+00 -7.986699203326059759e-01 1.278248519473185740e-01 -6.012171549426378880e-02 5.849551648687120187e-01
1.413393978905760512e+18 -2.404194433944836451e+00 1.216561858071693036e-01 2.057434688502207454e+00 -7.736272173104629113e-01 2.445024642197999865e-01 -1.249677022496910594e-01 5.710538915210608968e-01
1.413393979305760512e+18 -2.326466709578743686e+00 9.939032418328147545e-02 2.056160574324752410e+00 -7.380063932398357451e-01 3.343390730135212263e-01 -1.760252347918293547e-01 5.590877073501699934e-01
1.413393979605760512e+18 -2.185169631788974165e+00 -1.380002281163694722e-03 1.987173289430658185e+00 -7.015619749304846664e-01 4.087212830904101701e-01 -2.394568395427981167e-01 5.323702941343940731e-01
1.413393979905760512e+18 -2.062129677866200161e+00 -1.163515508041861879e-01 1.960480821215725422e+00 -6.853989680954207797e-01 4.482046039851375618e-01 -2.864639503249578056e-01 4.972718498612997418e-01
1.413393980105760512e+18 -1.918799498105938639e+00 -2.469550903397595421e-01 1.937020263033008671e+00 -6.810870168986682405e-01 4.821593500744700833e-01 -3.277162306096615962e-01 4.429953823041866690e-01
1.413393980305760512e+18 -1.664675633420880541e+00 -3.963164643245732366e-01 1.913983884457894469e+00 -6.731492313770978120e-01 4.975927232464570915e-01 -3.627373723275384987e-01 4.095035931289368047e-01
1.413393980605760512e+18 -1.368835725202300457e+00 -4.604697986924273789e-01 1.904780402687510144e+00 -6.574940369219141045e-01 4.873965768609424543e-01 -3.815884561428712907e-01 4.295770226802870240e-01
1.413393981105760512e+18 -8.354944313397794087e-01 -4.466790772913131757e-01 1.977093646913749891e+00 -6.452700696968851624e-01 5.191188243631215116e-01 -3.345570048157781584e-01 4.496818807489609826e-01
1.413393981605760512e+18 -1.600758422216765897e-01 -4.564766181666776168e-01 2.079232230140840798e+00 -6.701775657446042977e-01 4.900246889926263560e-01 -3.545650683060628250e-01 4.301411941298272090e-01
1.413393982305760512e+18 6.671671548577788879e-01 -2.731043558494320456e-01 2.013593817351771342e+00 -7.335837385939812938e-01 3.578374559142625810e-01 -2.967412454327518767e-01 4.957336854343316612e-01
1.413393982905760512e+18 1.285160470438387215e+00 1.452929109894979254e-01 2.011002210915678212e+00 -8.203259794132716776e-01 6.120362814964511872e-02 -1.188661037363536871e-01 5.560487863340004555e-01
1.413393983105760512e+18 1.411413393891237877e+00 3.202350451478562787e-01 2.002904836120928067e+00 -8.233116785667506932e-01 -4.941074123066061669e-02 -6.100409099641289357e-02 5.621342895326143507e-01
1.413393983305760512e+18 1.469516438599482999e+00 5.018721248482036490e-01 1.996107729984038848e+00 -8.092157177850438643e-01 -1.546644945736031507e-01 -7.260059709488697957e-03 5.667416587308035103e-01
1.413393983905760512e+18 1.185165323760533740e+00 8.609479298713791362e-01 2.048860292195717303e+00 -7.116104450825961880e-01 -3.830687852144407102e-01 1.779768370926402277e-01 5.614206317033437754e-01
1.413393984105760512e+18 9.909983440226912688e-01 8.683897338936346078e-01 2.084891274192586685e+00 -6.684557964586038681e-01 -4.463734822180065454e-01 2.264445600355610155e-01 5.501276431736232819e-01
1.413393984305760512e+18 7.644977045370218161e-01 7.945363282887270007e-01 2.131115113911079995e+00 -6.291678188391716109e-01 -4.951256132478916161e-01 2.769713488806455071e-01 5.313053309936710544e-01
1.413393984905760512e+18 -2.940185751553059390e-02 1.720406772028970632e-01 2.192732387820753637e+00 -6.595301060398900406e-01 -4.847674924217324488e-01 3.750303858260526368e-01 4.351697682805165668e-01
1.413393985305760512e+18 -3.560674588967259746e-01 -5.487999396353065995e-02 2.094314755496831104e+00 -6.868805830324228312e-01 -4.227139306950988829e-01 3.060508885013726865e-01 5.058071283571027310e-01
1.413393985805760512e+18 -9.473562632617369417e-01 -4.771267754746582601e-01 1.950358323867110277e+00 -8.028184182195426954e-01 -2.455607306603460049e-01 1.958475641820904833e-01 5.067802744079238364e-01
1.413393986805760512e+18 -1.555636541406228979e+00 -3.807627545163309035e-01 1.979451872313097383e+00 -8.054231907281808045e-01 1.365682682117304834e-02 -4.275655785499236916e-02 5.909981824665838657e-01
1.413393988405760512e+18 -2.660291082999582724e+00 -6.464074691626098268e-02 1.747865569982096412e+00 -8.045101574949304890e-01 5.081282284115325176e-02 -1.144882091767231297e-01 5.805806692285773174e-01
1.413393988805760512e+18 -2.891533315699521545e+00 -2.996338014332972088e-02 1.708433465303212051e+00 -8.166989004207050318e-01 1.085992323101566542e-01 -6.428621744970809682e-02 5.630953693995933707e-01
1.413393989405760512e+18 -3.250207753015919021e+00 2.044784051327285246e-01 1.912256920488549117e+00 -7.911274408058862617e-01 1.558351174458130206e-01 -1.417047156796589769e-01 5.742408572443498116e-01
1.413393989605760512e+18 -3.429208635066170796e+00 4.349545479776779078e-01 1.987470309367840748e+00 -7.674112562608552679e-01 2.143934463742767915e-01 -1.491335510044218549e-01 5.855549486433423434e-01
1.413393990405760512e+18 -3.623519948661924950e+00 4.780601129818971562e-01 1.837968938703254951e+00 -7.058526187465603563e-01 4.270801201715017648e-01 -2.282701866347171815e-01 5.169790841578314478e-01
1.413393990905760512e+18 -3.478717408861917271e+00 4.074628753464375475e-01 1.784315668865612325e+00 -7.245339756465961623e-01 4.222783074596344055e-01 -3.454027977118653281e-01 4.212225736063775483e-01
1.413393991405760512e+18 -3.326601219510068042e+00 5.935102957155857784e-01 1.844043585129182983e+00 -6.794097701093205766e-01 4.539504700947041838e-01 -2.634294607692378443e-01 5.127731020438041076e-01
1.413393992305760512e+18 -3.309084739579085888e+00 2.998943811933306725e-01 2.018829538222290498e+00 -7.114852358601029270e-01 4.317093111419373352e-01 -3.152340032472460973e-01 4.561176964591081018e-01
1.413393993305760512e+18 -3.213558242401641785e+00 3.609207066943390663e-01 2.115546830778162857e+00 -6.648420718735766899e-01 3.901067881075917509e-01 -3.687743715841867442e-01 5.194296643453433227e-01
1.413393993905760512e+18 -3.582619909667118741e+00 3.871811704373834262e-01 2.132482904250188049e+00 -6.972510253401545954e-01 4.560102270749878395e-01 -2.769349681301114252e-01 4.787511920527150466e-01
1.413393994605760512e+18 -3.772554638087126655e+00 3.176125188153456347e-01 2.092298040488937083e+00 -7.480217605363721489e-01 4.940770981476067525e-01 -2.251368575858095633e-01 3.816604016747000006e-01
1.413393994805760512e+18 -3.797313977172003252e+00 3.079745816858557861e-01 1.995676724275933900e+00 -7.000198697994978181e-01 4.538876544878798214e-01 -3.108922480189693083e-01 4.553066978544205723e-01
1.413393995605760512e+18 -3.530497371793733130e+00 3.183112411494458671e-01 1.801357864616028870e+00 -7.392878713540940172e-01 2.934797868175582636e-01 -2.128260383923862853e-01 5.674752288694687730e-01
1.413393995905760512e+18 -3.418217861205984143e+00 2.009583024628939230e-01 1.750659599825561408e+00 -7.599005873141925216e-01 1.813276774291226467e-01 -1.505791444556350833e-01 6.058030142321135791e-01
1.413393996305760512e+18 -3.302470872847403704e+00 -6.559972004498348941e-02 1.660097109494535372e+00 -8.011769672279396293e-01 1.460712018481878371e-01 -1.012873532675010874e-01 5.714188859690683131e-01
1.413393997905760512e+18 -3.001413582343454678e+00 -6.177844888497636688e-01 1.158626667376018826e+00 -8.147717213719827267e-01 7.229845024870917847e-02 -8.178981589697667531e-02 5.694123305300909932e-01
1.413393999605760512e+18 -3.175616445647607478e+00 -5.308081184803377095e-01 9.980462157040619342e-01 -8.103738958492997524e-01 1.219307398062447062e-01 -4.462062618814485043e-02 5.713458176401645661e-01
1.413394000105760512e+18 -3.147303394684535682e+00 -5.024878806183157298e-01 9.306366147266257327e-01 -7.998631614056523897e-01 9.447702797624665805e-02 -1.028652539551056372e-01 5.837051942031032947e-01
