1.413394888255760384e+18 -1.156242689003232460e+00 3.009949883044172325e-01 1.617655176186092003e+00 -5.726809175654626882e-01 -5.810865487309629929e-01 4.076103018919119969e-01 4.101570812894763662e-01
1.413394889455760384e+18 -1.645253972581144142e+00 4.377770192497243418e-03 1.833927477534547990e+00 -5.189503085993435461e-01 -5.173002446957273293e-01 4.909679318425591577e-01 4.712128223474265631e-01
1.413394889755760384e+18 -1.572613974276308557e+00 -3.114109928528924209e-02 1.898368722545239917e+00 -5.675584419476520370e-01 -5.720824050310924225e-01 4.236218693521448531e-01 4.136951155553925674e-01
1.413394889955760384e+18 -1.492464320867530336e+00 -5.704997230167696554e-02 1.939382779914956334e+00 -6.107320680167709348e-01 -6.097994407223994440e-01 3.645381857912228241e-01 3.496611134951253530e-01
1.413394890055760384e+18 -1.478409358450203603e+00 -6.991240747055760263e-02 1.950531831702852381e+00 -6.228417979962924678e-01 -6.209810780705006250e-01 3.437427071833339953e-01 3.290768095831386741e-01
1.413394890255760384e+18 -1.539350901239082470e+00 -9.429944277816515452e-02 1.959838501810873712e+00 -6.202253720081174482e-01 -5.988083197057727514e-01 3.736552195527385045e-01 3.422438619895702416e-01
1.413394890455760384e+18 -1.731687187334993494e+00 -9.799364052057146779e-02 1.920382881174450329e+00 -5.584879609352553231e-01 -5.158187449317535034e-01 4.850342007781451859e-01 4.321620575003281006e-01
1.413394891955760384e+18 -2.405892567279689587e+00 8.475704375534948154e-02 1.937155514688424063e+00 -5.160119208673884517e-01 -5.639935064652609187e-01 4.563407019459598812e-01 4.554077139610574476e-01
1.413394892255760384e+18 -2.526918686543995207e+00 1.180784552327063253e-03 2.014926208953685460e+00 -4.681848844713283331e-01 -6.034159020671133744e-01 4.923969680720365893e-01 4.174175234924449307e-01
1.413394892555760384e+18 -2.515474892516484928e+00 -1.214172588659020446e-01 2.018080021560611392e+00 -4.092060147831808603e-01 -6.706381425604427404e-01 5.177351743422254904e-01 3.387406212091665925e-01
1.413394893055760384e+18 -2.370525023515506202e+00 -3.408302449356309660e-01 2.088154843127683069e+00 -2.758180580621772959e-01 -7.683815019662691981e-01 5.319103372551630127e-01 2.249125594624896973e-01
1.413394893755760384e+18 -2.058168292410254452e+00 -8.118315653276503285e-01 2.134044676299113874e+00 -1.947765642432617572e-01 -7.513806090059734766e-01 5.731830521554402980e-01 2.625841944085296475e-01
1.413394894055760384e+18 -1.845297806322029777e+00 -9.725917556116033813e-01 2.109893224547350066e+00 -1.876719623952913252e-01 -7.458776216560966121e-01 5.956142408800187971e-01 2.317099136943945592e-01
1.413394894255760384e+18 -1.570949080104401485e+00 -1.123350395200976015e+00 2.075802369255806745e+00 -1.769624422798282137e-01 -7.544158803884954967e-01 6.124808068052129961e-01 1.562313500397571886e-01
1.413394894455760384e+18 -1.287844028844253863e+00 -1.243509686032789663e+00 2.023680015797861831e+00 -1.406782657549229543e-01 -7.733524396470554674e-01 6.088361352993748588e-01 1.070242495411922734e-01
1.413394895055760384e+18 -5.093607677374976106e-01 -1.453727751734305462e+00 1.824300027341565933e+00 -8.530569525243145157e-02 -7.985685720588058256e-01 5.940604983674868667e-01 4.586173085299067448e-02
1.413394896055760384e+18 4.663451996440302061e-01 -1.671177612496288267e+00 1.930854579469911458e+00 -9.552413613205504306e-02 -7.988187711147296532e-01 5.889714336393856442e-01 7.665742421804033757e-02
1.413394896255760384e+18 6.750889754694255895e-01 -1.730571015812089053e+00 1.936190195742739206e+00 -9.748151083477916978e-02 -7.991008097519785025e-01 5.896076784657258152e-01 6.555941117306030019e-02
1.413394896555760384e+18 1.026373219471033327e+00 -1.895884828842600678e+00 1.834566426884604695e+00 1.871522598104351787e-01 7.800174794207919149e-01 -5.932012623985323252e-01 6.825705629947274866e-02
1.413394897055760384e+18 8.069545443333603352e-01 -1.907448442928243670e+00 1.746148432247789817e+00 1.959748359801054551e-01 7.738381505293542295e-01 -5.976859221464752014e-01 7.443063156924628609e-02
1.413394897255760384e+18 4.745209920247361879e-01 -1.872414125747643654e+00 1.708366323401348863e+00 1.481424320881256085e-01 7.876957837348136371e-01 -5.979875919723260935e-01 1.093094327117217530e-04
1.413394897455760384e+18 2.773598972909723237e-01 -1.849384180153717416e+00 1.697884698823893590e+00 -1.199182693805565664e-01 -7.897454464492436044e-01 6.001519528338948861e-01 4.170577886959699748e-02
1.413394897555760384e+18 7.622654655128213719e-02 -1.823716748093512585e+00 1.696065687595908589e+00 -1.036555397983878052e-01 -7.911859309702229393e-01 5.992025257486105483e-01 6.508982132693404143e-02
1.413394897755760384e+18 -5.156406154398791575e-01 -1.734279030623712137e+00 1.725058423560234866e+00 -8.893707751536167327e-02 -7.826706091150145150e-01 6.108039546517974872e-01 8.022121198463444403e-02
1.413394897955760384e+18 -8.825641644455917145e-01 -1.654793890761957487e+00 1.765059485111806437e+00 -8.441590800882424472e-02 -7.793298907207896198e-01 6.149418760974076914e-01 8.582170428258750761e-02
1.413394899455760384e+18 -1.564617941179815785e+00 -1.183537152190681674e+00 2.084901903284627878e+00 3.502350224981718579e-02 -8.260353396941951809e-01 5.609891128698154539e-01 4.159551788341978029e-02
1.413394900055760384e+18 -8.648511717283640099e-01 -1.435982120148242558e+00 2.022347664167795767e+00 -1.698876957424869105e-01 7.829576610559916272e-01 -5.893496894135701325e-01 1.038384101244222285e-01
1.413394900255760384e+18 -6.252220703603632579e-01 -1.536403209987082574e+00 2.052279794161851800e+00 -2.127016708586272342e-01 7.585509070385256791e-01 -5.984793452738343955e-01 1.455369160233264403e-01
1.413394900455760384e+18 -3.996093561798812477e-01 -1.619726369803064392e+00 2.042961629863436102e+00 -2.753515998126791486e-01 7.371676741249828524e-01 -5.995038753023156364e-01 1.461520448138417527e-01
1.413394901055760384e+18 3.839287632768519920e-01 -1.529271608656110004e+00 2.109232883309975826e+00 -4.301380869712798094e-01 6.603841084531439920e-01 -5.745059772633815953e-01 2.209455533109477010e-01
1.413394901255760384e+18 6.763987026359274957e-01 -1.362068330863572152e+00 2.159604400915787537e+00 -4.438547829521193311e-01 6.377904187381338019e-01 -5.472665532057171545e-01 3.109913715180808169e-01
1.413394901455760384e+18 9.397397407086331977e-01 -1.163614987977790616e+00 2.180509448911195136e+00 -4.512169761416937042e-01 6.132226037559319609e-01 -5.225547799892659162e-01 3.837939298565202217e-01
1.413394902055760384e+18 1.344838363674140114e+00 -5.618394743420676019e-01 2.115142324053949530e+00 -6.166515445225774217e-01 4.889948631674892465e-01 -4.424668939838735660e-01 4.299394656948718474e-01
1.413394902255760384e+18 1.392369238057928227e+00 -3.233846292885201312e-01 2.104652465683685136e+00 -6.399984206346748250e-01 4.407217570775894822e-01 -4.192462778139114943e-01 4.694666260371915811e-01
1.413394902455760384e+18 1.377223201316782664e+00 -7.990072956120503056e-02 2.077226200493764718e+00 -6.428803620424901055e-01 4.217768866556481644e-01 -3.782522473805502439e-01 5.154942631443617529e-01
1.413394903755760384e+18 1.084575656619602979e+00 2.383726522188401586e-01 1.903682846092874748e+00 -6.065464099396178366e-01 5.542695376080526426e-01 -4.014528160554174385e-01 4.046262086794324975e-01
1.413394904255760384e+18 1.121347806191945073e+00 1.776711309924394189e-01 1.854180210354189340e+00 -5.487809945482006180e-01 6.412010093437745528e-01 -4.134185277729087726e-01 3.417393839364921693e-01
1.413394904555760384e+18 1.191346533035015032e+00 1.097032843350718156e-01 1.810145177652252801e+00 -4.823015582380512090e-01 6.699704244407314047e-01 -4.716159848798008314e-01 3.100051614114023302e-01
1.413394904755760384e+18 1.286895553833180550e+00 3.946189555866375098e-02 1.786226777766309670e+00 -4.105398557346828792e-01 6.932145222540226914e-01 -5.234443059088378369e-01 2.773386226278046762e-01
1.413394904955760384e+18 1.371364254279697770e+00 -2.429757297753265544e-02 1.781732442879890854e+00 -3.310792261562309213e-01 6.993015733957320679e-01 -5.807898078099319461e-01 2.530751955410621146e-01
1.413394905455760384e+18 1.410866731142239372e+00 -9.590630324869858780e-02 1.763763855917694245e+00 -2.481640380382427735e-01 8.438355676789187632e-01 -4.506105701020644561e-01 1.526638760704157882e-01
1.413394905755760384e+18 1.490874704642623394e+00 -3.232981024695393835e-01 1.818700583896714740e+00 -2.501156350513907278e-01 7.571302674205078187e-01 -5.828225926832250048e-01 1.565686837033307410e-01
1.413394905955760384e+18 1.574300800136802625e+00 -4.780722745919422922e-01 1.892267464221382367e+00 -2.303909840242023555e-01 6.759422526329375014e-01 -6.710518201841619845e-01 1.992774955016087257e-01
1.413394906555760384e+18 1.371750116960454902e+00 -5.224587547508006136e-01 1.996671876921988442e+00 -1.995608012354317395e-01 8.367713663003673030e-01 -5.003083519135460566e-01 9.839065075321631881e-02
1.413394906755760384e+18 1.292884840333799801e+00 -5.977181576887831138e-01 1.998128194822635484e+00 -1.547471298350944213e-01 7.956962717723048417e-01 -5.818731114507591506e-01 6.591245000807796628e-02
1.413394906955760384e+18 1.252837432811952478e+00 -6.587771747644551867e-01 1.995026441062658584e+00 -1.101164470977108872e-01 7.038424876978786049e-01 -6.987543792035699752e-01 6.498029034770627654e-02
1.413394907555760384e+18 9.734083288798449640e-01 -3.221098543663181157e-01 1.924580386786489683e+00 -7.336123047887910600e-03 8.776584151736549488e-01 -4.641588633693976007e-01 1.192410882587181531e-01
1.413394907755760384e+18 7.887606569611673724e-01 -3.278538864714787282e-01 1.877137988911541155e+00 -3.363092211076709748e-02 8.279708517401550560e-01 -5.589619876607131443e-01 2.991197247001723541e-02
1.413394907955760384e+18 6.073138787282463813e-01 -3.617976679197067447e-01 1.814196383280921143e+00 5.343683877532195287e-02 -7.496968322807613383e-01 6.595994128518909427e-01 5.270530839801047113e-03
1.413394910055760384e+18 -2.908750797326942195e-01 -4.811307010152141572e-01 2.217294071157486446e+00 -4.165873310553619424e-02 -7.975562107674371015e-01 5.991618865216367107e-01 5.633537398617492059e-02
1.413394910255760384e+18 -3.945313483061436699e-01 -3.981961039328145713e-01 2.223012320862296054e+00 -4.709064846247573710e-02 -8.566870436289470980e-01 5.120114114330224231e-01 4.140162639368502595e-02
1.413394910455760384e+18 -5.545803232302589647e-01 -4.249848640746857753e-01 2.194171052850190318e+00 -3.220223408274305865e-02 -8.106781694998582699e-01 5.830370188559678146e-01 4.279902171761075513e-02
1.413394910755760384e+18 -6.531513849190316856e-01 -4.742648884944578036e-01 2.174517055134758792e+00 -3.027746425604982763e-02 -7.285616757463246884e-01 6.837568125362565308e-01 2.752782414557414584e-02
1.413394910955760384e+18 -8.447419213554252515e-01 -3.152783396646032799e-01 2.099136434360895809e+00 -2.125017358277842341e-02 -8.167232628108287429e-01 5.760975139919877197e-01 2.496390351262637100e-02
1.413394912755760384e+18 -1.286435901283373040e+00 -3.249165088664833223e-01 2.035481559481969072e+00 -2.136901906428624320e-01 -7.739014342710145433e-01 5.748587458122902394e-01 1.579572563050017087e-01
1.413394913955760384e+18 -1.112014975770420078e+00 -7.521304283044405459e-01 2.035518363667049080e+00 -7.371316937952025750e-02 8.097147631920927902e-01 -5.819969330288885523e-01 1.442015512281302758e-02
1.413394914555760384e+18 -6.433815841861375562e-01 -9.924698245154883747e-01 1.990519604583538493e+00 -2.633639903856088149e-01 7.630279419409057295e-01 -5.753611485551006766e-01 1.318609764826191300e-01
1.413394914755760384e+18 -4.372326789929614765e-01 -1.045087173444748441e+00 1.990691541107145301e+00 -2.860195371571245815e-01 7.542440341151394056e-01 -5.646758253116072046e-01 1.744992082354512308e-01
1.413394914955760384e+18 -1.219639421117895139e-01 -1.102223937589014158e+00 1.921396788382344178e+00 -3.618711958520320904e-01 7.121201503493508334e-01 -5.712886098482298225e-01 1.885827493084001882e-01
1.413394915255760384e+18 1.067307793687297668e-01 -1.082575925873260347e+00 1.869761950477164536e+00 -4.288174230956900979e-01 6.747431331737970828e-01 -5.653980069787772900e-01 2.028852276258806264e-01
1.413394915455760384e+18 3.619310013931889003e-01 -9.919479122675955995e-01 1.828690351624003174e+00 -4.792649509027913646e-01 6.327419890037199179e-01 -5.564257473988351022e-01 2.456279092843668133e-01
1.413394916055760384e+18 9.704388776380061810e-01 -4.142070880641806063e-01 1.811103481985254726e+00 -5.788178297452709620e-01 4.960442111988317415e-01 -4.521897186326169771e-01 4.630707493116556495e-01
1.413394916255760384e+18 1.039331923130364377e+00 -2.052982314613289727e-01 1.802739600713060719e+00 -6.308573736348761507e-01 4.872324017913139960e-01 -3.895642744188287931e-01 4.613710403479015509e-01
1.413394916455760384e+18 1.076223889831111835e+00 -4.116061566669493299e-03 1.789115386270694774e+00 -6.474600944975503758e-01 4.877849517020647618e-01 -3.025697004940994250e-01 5.013111242224219666e-01
1.413394916955760384e+18 1.190814215447651980e+00 2.027208472658273142e-01 1.638070696522701875e+00 -7.245951277142269609e-01 3.821733059227564455e-01 -1.941625213769829494e-01 5.396354143543646842e-01
1.413394917755760384e+18 1.763178389636811394e+00 5.978506775252109273e-01 1.267446176632960553e+00 -8.228772097997485435e-01 9.075341133387425374e-02 -1.921691416840733968e-01 5.269800156626923693e-01
1.413394918555760384e+18 1.710690489923301749e+00 1.283864875759191060e+00 1.189908052406685623e+00 -8.297338003595079448e-01 8.815699318591350975e-02 3.802622188047420811e-03 5.511403679262496524e-01
1.413394918755760384e+18 1.766425505685236708e+00 1.802845830671648830e+00 1.160995607992732381e+00 -8.078604582187687289e-01 -4.173897755446061980e-02 -7.882392515766431518e-03 5.878411398392399123e-01
1.413394919555760384e+18 1.782807404051256706e+00 2.323358327477122121e+00 1.473112468674928177e+00 -7.524605920758770106e-01 -1.915103725106067356e-01 7.082733208394918767e-02 6.261871314739219097e-01
1.413394919755760384e+18 1.754468678668469117e+00 2.364815561193291504e+00 1.585465412711880795e+00 -7.823044076494316545e-01 -2.312113363383058173e-01 1.219975019877920924e-01 5.653828271442862263e-01
1.413394919955760384e+18 1.702510955851089580e+00 2.391174154328491674e+00 1.655749266652134954e+00 -7.957015394274565834e-01 -2.671602674006663403e-01 1.828125522884713472e-01 5.119218909178973043e-01
1.413394920555760384e+18 1.254601411519730814e+00 2.687797262291626854e+00 1.621919958464772549e+00 -6.577624966681944185e-01 -5.001402244439038247e-01 2.643797050641044644e-01 4.973043589395150788e-01
1.413394920955760384e+18 8.089333504498852356e-01 2.704238906014005739e+00 1.585237982480955932e+00 -6.851704875990232146e-01 -4.667119471634784689e-01 3.011722064785571917e-01 4.711864422317648127e-01
1.413394921555760384e+18 5.890814503551466963e-02 2.814813501296784537e+00 1.285956261570107451e+00 -7.094677890868628101e-01 -4.180096127562221708e-01 2.967920542090144997e-01 4.835678819462531641e-01
1.413394921955760384e+18 -1.816145743602149976e-01 2.915161889528732342e+00 1.185853177194855501e+00 -6.675131749097138467e-01 -4.249330441507757627e-01 3.188949058786342272e-01 5.216935003576005370e-01
1.413394922755760384e+18 -1.177343724889597043e+00 3.155996628411932292e+00 1.504347628807332304e+00 -6.172360723159281415e-01 -5.673759944678657963e-01 3.723226026593429161e-01 3.980954552397951707e-01
1.413394923555760384e+18 -1.868451099213428890e+00 3.182539715728916363e+00 1.705271682127118993e+00 -5.562161083859418209e-01 -6.114816594561187646e-01 4.001754816926016423e-01 3.956935743386332249e-01
1.413394923955760384e+18 -2.124427926539139033e+00 3.152292208724697176e+00 1.725465631444747405e+00 -5.028648566123510300e-01 -6.408229917632567441e-01 4.314736723221075931e-01 3.876896946073013495e-01
1.413394924555760384e+18 -2.864464298269867371e+00 2.928946059130734803e+00 1.747707345623082498e+00 -3.735250706625090622e-01 -7.138728382629652147e-01 5.318011206841604110e-01 2.608680900685566018e-01
1.413394924755760384e+18 -3.271926399893670734e+00 2.811262590923359284e+00 1.787290892703565337e+00 -2.423891143770657008e-01 -7.540244084033653760e-01 5.619764864970508977e-01 2.384892814947592588e-01
1.413394925405760512e+18 -3.608296769585042529e+00 2.441659235975501829e+00 1.895427848158077744e+00 -1.458174016480397739e-01 -7.932220715270258404e-01 5.549142198484652289e-01 2.039760751386224258e-01
1.413394925905760512e+18 -3.503051996359912046e+00 2.088362642584493223e+00 1.864724186145934937e+00 -1.826181026245747574e-01 -7.894977057112687602e-01 5.694513058789149040e-01 1.380913158140000818e-01
1.413394926105760512e+18 -3.405161468907331290e+00 1.809707454725480780e+00 1.844826900302714012e+00 -1.539919219360683378e-01 -8.017885388485904707e-01 5.578617644216363747e-01 1.490365013876024936e-01
1.413394926405760512e+18 -3.327072559883059277e+00 1.601481005663347279e+00 1.841258241030450327e+00 -1.580484105591067889e-01 -8.089198743270213932e-01 5.518325702539522704e-01 1.270832453371132098e-01
1.413394926605760512e+18 -3.241299276191007550e+00 1.372091359718601522e+00 1.849788453454549231e+00 -1.390120604349614208e-01 -8.073784895383135929e-01 5.685726368741259584e-01 7.443640428218696592e-02
1.413394926805760512e+18 -3.173540075152292417e+00 1.140009251144544100e+00 1.861319332117021830e+00 1.102244882104300439e-01 8.042718949404918938e-01 -5.838037348037677932e-01 1.305681572022498321e-02
1.413394927405760512e+18 -3.275735853866883041e+00 3.676262563255308646e-01 1.851070636689780002e+00 1.189834999981675273e-02 -8.150717487364984581e-01 5.792298590352581433e-01 3.040408015853538187e-03
1.413394927805760512e+18 -3.330775598806627880e+00 -7.962683184943603054e-02 1.972162325444484221e+00 2.158415875806788536e-02 -8.103847921904041574e-01 5.854999627231053383e-01 6.374389888856057170e-04
1.413394929605760512e+18 -2.925303744278014761e+00 -1.313553253871691417e+00 1.811447043506462684e+00 1.646334807702815387e-02 8.040366708038315657e-01 -5.941601284288846596e-01 1.509079050803108224e-02
1.413394930605760512e+18 -2.917948120577038118e+00 -1.284089857775159604e+00 1.738516074000282075e+00 2.375093333634488782e-02 8.609492610390251377e-01 -5.077428612194351265e-01 1.998624433730545810e-02
1.413394930905760512e+18 -2.938417563883571670e+00 -1.369073057559373474e+00 1.645960866269130740e+00 3.098624506139372511e-03 -7.996020496909036490e-01 5.999897198298445034e-01 2.528431835704236796e-02
1.413394931105760512e+18 -2.792627856539878106e+00 -1.321008346700066838e+00 1.746269272653573124e+00 5.954034357661712462e-02 -8.128807554591080953e-01 5.783073053819938192e-01 3.522052573181607554e-02
1.413394932405760512e+18 -2.434515147962418080e+00 -1.165660648574886604e+00 1.892500914700007808e+00 -2.198107367125191891e-01 7.331771728059470750e-01 -6.162850395457104558e-01 1.852760732915083863e-01
1.413394932605760512e+18 -2.368978823077088069e+00 -1.077078884416679205e+00 1.927197812779924080e+00 -2.846538966745106314e-01 7.067748062608195658e-01 -6.087455006363509113e-01 2.210666139379626194e-01
1.413394932805760512e+18 -2.328220493355044773e+00 -8.900917847591915955e-01 1.953268495149774742e+00 -3.699715793864941094e-01 7.183195114223703825e-01 -5.334919366791879280e-01 2.500489221222104153e-01
1.413394933105760512e+18 -2.295487240854832134e+00 -7.073829060964997861e-01 1.933616747122432145e+00 -4.308398233829340285e-01 6.904881708447581090e-01 -5.019128537192700801e-01 2.927227694973541516e-01
1.413394933405760512e+18 -2.256570290293803183e+00 -5.403423840253105404e-01 1.828472824113758666e+00 -4.788450452307203009e-01 6.477201609908799229e-01 -4.889239680602216476e-01 3.348423049140971663e-01
1.413394934105760512e+18 -2.260155203106132493e+00 -1.560359320452711640e-01 1.602198905436747811e+00 -5.751722357049974255e-01 5.517671591717704382e-01 -4.335862784918220747e-01 4.203960518811293290e-01
1.413394934405760512e+18 -2.291167844801142994e+00 -4.728967723093169262e-02 1.504065154019679218e+00 -6.121084182438792931e-01 5.290015892998871649e-01 -3.879203699632700619e-01 4.415862196680616636e-01
1.413394934605760512e+18 -2.333037280726566465e+00 9.202171907875955625e-02 1.344680224446711758e+00 -6.400032686083243494e-01 5.005942631844377821e-01 -3.682892507348091149e-01 4.518453580935451463e-01
1.413394935105760512e+18 -2.478770424362921609e+00 3.446965890540776289e-01 1.249074650084880167e+00 -6.075147965872444988e-01 5.171605788550829308e-01 -4.038007558556028220e-01 4.476780731466289409e-01
1.413394936255760384e+18 -2.828108248453685469e+00 5.273692908410082536e-01 1.108648988881387076e+00 -6.753120192431004698e-01 4.611316578922363685e-01 -3.458309835643955665e-01 4.601219420569360730e-01
1.413394936605760512e+18 -2.909378452365598111e+00 5.935978947752147405e-01 1.059886040317844946e+00 -7.232128094314644873e-01 3.670023514671833520e-01 -3.074406508725992526e-01 4.977476795353634742e-01
1.413394936805760512e+18 -3.008092239455023353e+00 6.818011039143814234e-01 1.024892478378197858e+00 -7.593335450746628856e-01 3.045292277619469634e-01 -2.526942894784699467e-01 5.165463317341710825e-01
1.413394937305760512e+18 -3.330673053384653137e+00 1.077935038285112279e+00 9.718953907887143417e-01 -8.234179458576281752e-01 1.575356573281669892e-01 -1.081192788406683813e-01 5.342991902041032137e-01
1.413394938255760384e+18 -3.418419749524456819e+00 2.070098325281156448e+00 1.132446883836287554e+00 -7.881744331583107055e-01 2.542092792137990998e-01 -1.413299254618144984e-01 5.423878293676345219e-01
1.413394939055760384e+18 -3.091028610187635195e+00 2.678813555745259922e+00 1.347578824797063701e+00 -7.085679610102023629e-01 4.305893888263138680e-01 -2.303024851175873577e-01 5.093966904178797162e-01
1.413394939255760384e+18 -2.932261080893166394e+00 2.845576442935764394e+00 1.336100969873005084e+00 -6.569110256295568329e-01 4.962434042285400193e-01 -2.708272220667501395e-01 4.988617082454823715e-01
1.413394939455760384e+18 -2.560865471753416944e+00 3.055445808949242892e+00 1.320467408930414699e+00 -6.326577689126532400e-01 5.163410734585019979e-01 -3.628079688077032183e-01 4.488946658892414843e-01
1.413394940255760384e+18 -1.736068382494698970e+00 3.186459375108987135e+00 1.397528440884118872e+00 -5.221075466630943351e-01 6.338438039677090075e-01 -4.300885676744023445e-01 3.750594164195460434e-01
1.413394941305760512e+18 -7.621278270785114550e-01 3.166398462197731689e+00 1.462267683186865952e+00 -3.952605871171840368e-01 7.422986533115467633e-01 -4.446920722851092633e-01 3.082381196581923111e-01
1.413394941805760512e+18 3.181335746655955532e-02 2.864651939639940803e+00 1.688008110604752199e+00 -3.899179223145310957e-01 7.248871743060610884e-01 -5.029000737433090285e-01 2.638069639214781215e-01
1.413394942305760512e+18 6.508479763954553299e-01 2.405855502752065611e+00 1.926997902378809524e+00 -2.515295534675501821e-01 7.883510512304726658e-01 -4.509429207928042360e-01 3.344936261621103135e-01
1.413394942905760512e+18 8.501841545970156844e-01 1.186647095058295687e+00 1.986968238662381037e+00 -1.572257882321881628e-01 7.415495301096545200e-01 -6.462619807215692624e-01 8.791927082700236318e-02
1.413394943105760512e+18 8.575314876991004809e-01 8.381032415060735152e-01 1.885786942756240148e+00 -1.079313211911027831e-01 7.217565892510729997e-01 -6.835836463034999921e-01 1.147407011534053688e-02
1.413394943305760512e+18 8.860693378898409911e-01 6.047558957708546457e-01 1.764130094846600993e+00 4.463729029824712452e-02 -7.207157873630088973e-01 6.903870005243178953e-01 4.406876067674275060e-02
1.413394943805760512e+18 1.224028889085442495e+00 4.887969379606318943e-01 1.563810068052896129e+00 -1.025589868214419331e-01 -7.869270976282358721e-01 6.050559306243662450e-01 6.430177335690108464e-02
1.413394944605760512e+18 1.637484610150329756e+00 5.842461247581018924e-01 1.434766357964108119e+00 -2.155323730397001036e-01 -8.342900449307397714e-01 4.938335748895290589e-01 1.167660798912403958e-01
1.413394944905760512e+18 1.631409235961805537e+00 4.642339801050945347e-01 1.341399038353165984e+00 -3.201277751833576657e-01 -7.930552717061376544e-01 4.790824461301982917e-01 1.976399589788536693e-01
1.413394945405760512e+18 1.472609533981670271e+00 1.684312286287578397e-01 1.237275028903316532e+00 -4.265337617730156072e-01 -6.767543528677779641e-01 5.023027228529284294e-01 3.282749922805725529e-01
1.413394945605760512e+18 1.357080958293875206e+00 -4.409177434836525356e-02 1.187683747796513645e+00 -5.490149131733519372e-01 -5.734532775749817679e-01 4.970889460123579795e-01 3.501950075373591043e-01
1.413394945905760512e+18 1.244614697172257145e+00 -1.074334779281718721e-01 1.131918638668629296e+00 -6.539986798931106682e-01 -4.661669936577493289e-01 4.046152881661344569e-01 4.373334303530899136e-01
1.413394946255760384e+18 1.202481205508085127e+00 -2.256257255478044677e-02 1.106689995832542017e+00 -7.282697434246971913e-01 -3.454905162413586250e-01 3.243135537141352831e-01 4.950557573412452950e-01
1.413394947055760384e+18 1.331002712136390098e+00 3.216308922084738509e-01 1.085850352955040954e+00 -7.841354295668213625e-01 -1.009347152831677336e-01 8.993637856731022395e-02 6.056857759259003382e-01
1.413394947255760384e+18 1.412276579197035087e+00 4.150611312539945752e-01 1.120795321958830471e+00 -7.999113724186074359e-01 -1.565399211144753722e-02 1.219744330154094551e-02 5.997899392147721942e-01
1.413394947455760384e+18 1.478698476158719188e+00 4.797036874404563278e-01 1.218545113694385673e+00 -7.904075384904581947e-01 5.027118929918018841e-02 -4.565687554238175710e-02 6.088055357333800321e-01
1.413394948055760384e+18 1.596565186490360944e+00 7.746430484897031121e-01 1.607004032500237489e+00 -8.553005614704405346e-01 -2.223688397695180313e-02 -7.907023871999732624e-04 5.176541754193424438e-01
1.413394948455760384e+18 1.606744491452230861e+00 9.883605841998985841e-01 1.684561876663226876e+00 -7.905329324865562057e-01 -4.897177020040304612e-02 8.889037330428964379e-03 6.103936708329984473e-01
1.413394949055760384e+18 1.545489256497580621e+00 1.198316577169648234e+00 1.889106094653450363e+00 -8.089308562761392540e-01 -4.555972666748834415e-02 2.752985974869875258e-03 5.861293390869953823e-01
1.413394949255760384e+18 1.168064136131621300e+00 1.469087922884493747e+00 1.955012519117293124e+00 -7.555536227843198116e-01 -2.476656354098940097e-02 5.330681702236826289e-03 6.545967646272391471e-01
1.413394950055760384e+18 9.036858837467567351e-01 1.515993334736803977e+00 1.991523567333833400e+00 -7.936486174215623413e-01 -3.298924435375398534e-02 1.067995758341339363e-01 5.980195920063654524e-01
1.413394950455760384e+18 7.025256645411572798e-01 1.662929743192482324e+00 2.085976587587688336e+00 -7.889329573141162788e-01 -1.213279102150910393e-01 5.780290462320363670e-02 5.996024943940464480e-01
1.413394951055760384e+18 5.929364072914578010e-01 1.753408740279431166e+00 2.159720418679047960e+00 -7.018292892297793850e-01 -1.439122017162177136e-01 9.679851984386124431e-02 6.909088026161273044e-01
1.413394951255760384e+18 4.101869938686708572e-01 1.548309107358924352e+00 2.273125075334549106e+00 -7.955978715914920896e-01 -2.104043153079999950e-01 1.657175761362862099e-01 5.434075227473147418e-01
1.413394952255760384e+18 -3.937127020842523528e-02 1.726324378082321864e+00 2.690673489378509142e+00 -7.357359819955612279e-01 -2.000468643474971331e-01 1.663559514943171447e-01 6.252995396321524568e-01
1.413394952455760384e+18 -2.888262902623039974e-01 1.867038622354723065e+00 2.729613482273378633e+00 -7.913436212400882797e-01 -2.439884997686401213e-01 1.850712613392379302e-01 5.291441328499975061e-01
1.413394953255760384e+18 -4.663865731687713012e-01 1.769750515666359103e+00 2.951543213244460340e+00 -7.685582105091429694e-01 -2.691480651264692159e-01 1.751550394879735073e-01 5.533518846445074635e-01
1.413394954055760384e+18 -4.519908549588110835e-01 1.342461455805064485e+00 2.470274441596698178e+00 -7.272787729167522475e-01 -2.660923021243268849e-01 1.865314605086286770e-01 6.045382431702704951e-01
1.413394954455760384e+18 -4.636760037200927664e-01 9.667916249890287084e-01 2.228057244233631273e+00 -7.796422918131740154e-01 -2.610861673814226513e-01 1.949884926631347826e-01 5.347629360261796361e-01
1.413394955055760384e+18 -5.595807039321788467e-01 5.494810548600550515e-01 1.884618023286139143e+00 -7.231990187341471588e-01 -2.800047921734725165e-01 2.026694871906489503e-01 5.979176988714557384e-01
1.413394955455760384e+18 -5.973070157066426855e-01 3.988022071786831435e-01 1.800431947205948902e+00 -7.414240701827493618e-01 -3.023166136437754337e-01 2.729566290289988650e-01 5.332820003879104043e-01
1.413394956305760512e+18 -9.488880982832745836e-01 3.502139960636166394e-01 1.917261463917203868e+00 -6.659121180150682218e-01 -3.908326190756950536e-01 3.430694875926123544e-01 5.348964774889257701e-01
1.413394957055760384e+18 -1.172385096300878615e+00 3.171422232360150417e-01 1.930997623737754632e+00 -6.492578945888517472e-01 -4.781815768212864803e-01 3.477187367169649601e-01 4.784331155331098540e-01
1.413394957255760384e+18 -1.306516554164923516e+00 3.226056770142183283e-01 1.991250097420957488e+00 -6.042149376156020768e-01 -4.353743216984423126e-01 4.032030603917662881e-01 5.317901853724913419e-01
1.413394957455760384e+18 -1.315299948856633705e+00 2.927237710282324379e-01 2.060216447095103653e+00 -6.570539167146837167e-01 -4.925676370949731431e-01 3.614616799082748799e-01 4.415911314490545969e-01
1.413394958955760384e+18 -1.187717109138796134e+00 4.949925858408680268e-01 2.185168526641714237e+00 -4.299208254329262568e-01 -6.784658734665053315e-01 4.801622522607796872e-01 3.525568803813910468e-01
1.413394959255760384e+18 -1.231404619279159895e+00 4.936053546092356026e-01 2.291660968924658093e+00 -4.009871540937507417e-01 -7.585164628560447930e-01 4.493175182008575796e-01 2.489494841649022572e-01
1.413394959755760384e+18 -1.348858584830930463e+00 3.567840727836340542e-01 2.358355313857986246e+00 -2.861132638260830419e-01 -7.469488682882751140e-01 5.435944970976537283e-01 2.543847698876651742e-01
1.413394960455760384e+18 -1.400126035437551986e+00 1.731093239183823240e-01 2.308060538069503842e+00 -1.648151247872990388e-01 -8.183476299902414652e-01 5.354388811335493159e-01 1.282510651072900354e-01
1.413394961055760384e+18 -1.429772075689083710e+00 -3.796311157614354337e-01 2.159076866733071309e+00 -5.211126785388695004e-02 -8.481049985448948503e-01 5.220142236563127813e-01 7.418542650899317970e-02
1.413394961555760384e+18 -1.393613380345309238e+00 -6.299718675459000661e-01 2.149895031420406166e+00 -3.692854056649567951e-02 -7.801506165243093927e-01 6.180773431537188722e-01 8.934033975986925558e-02
1.413394962455760384e+18 -1.088130820026321777e+00 -9.448611885731210691e-01 2.205621210692123579e+00 -6.039605577315377422e-02 -7.463342984972175520e-01 6.573172660424643210e-01 8.527275705741432787e-02
1.413394962955760384e+18 -6.892520819995873183e-01 -7.555381639044872477e-01 2.225100103990848233e+00 -3.174692862744955130e-02 -7.532572145640346051e-01 6.545139712064155235e-01 5.663181725463959509e-02
1.413394963555760384e+18 -3.521599423386273520e-01 -4.835378143199149381e-01 1.986043898549221032e+00 -3.108048532542807829e-02 -8.149359074247860546e-01 5.753290116559069967e-01 6.252998135865296681e-02
1.413394964555760384e+18 4.139464834717698771e-01 -1.641397044176358677e-01 1.751630373737365076e+00 -7.817617384191774543e-02 -8.262870989048441972e-01 5.575740157344293291e-01 1.579028196825424391e-02
1.413394965055760384e+18 5.894507735284428840e-01 -1.981908686721931545e-01 1.821527403149957314e+00 -5.774613857912700571e-02 -7.802764650811732094e-01 6.221977769359502419e-01 2.653201642526223369e-02
1.413394965755760384e+18 6.755911952665758502e-01 -1.300166442151381441e-01 1.980170267785302585e+00 -1.549434560084591017e-01 7.729694972093681393e-01 -6.075732887640772351e-01 9.677489656132200191e-02
1.413394966055760384e+18 6.800696702555675266e-01 4.260375083154727127e-02 1.965712498094885241e+00 -2.273357472763532783e-01 7.580001121037329703e-01 -5.908968186651699650e-01 1.568286891879529521e-01
1.413394966555760384e+18 7.335879601433172859e-01 2.866792852601950381e-01 1.878761695413428967e+00 -3.124838656640357426e-01 7.325075000264996694e-01 -5.585327263457181557e-01 2.320081673247896270e-01
1.413394967455760384e+18 8.780287441085468103e-01 5.603557806362412519e-01 1.915709675123700162e+00 -4.375075154389986287e-01 6.298427577725406179e-01 -5.297043939687838821e-01 3.623513894357780485e-01
1.413394969055760384e+18 1.018082431452064229e+00 1.276592545584046556e+00 1.998277141661505940e+00 -6.372779337031322378e-01 4.799804747466058785e-01 -3.652233549011613123e-01 4.796951950059843983e-01
1.413394969455760384e+18 1.086432756287261991e+00 1.427226790418173685e+00 1.830276082579391339e+00 -6.621305233005385649e-01 4.521675296318384829e-01 -3.840221718019949382e-01 4.578806250813358125e-01
1.413394970255760384e+18 1.114565971601419125e+00 2.013975521257358903e+00 1.781124609220550825e+00 -6.185817442899620433e-01 4.850293051023724100e-01 -3.548897909270679052e-01 5.061189930429798034e-01
1.413394971255760384e+18 1.106944748588614802e+00 2.368433947339521950e+00 1.782768964739443351e+00 -6.696958576835507770e-01 5.418931701629217113e-01 -3.020815317449745407e-01 4.081739806882379584e-01
1.413394972055760384e+18 1.562282437482352737e+00 2.420858153988869610e+00 1.830301739658919402e+00 -5.073073112125955353e-01 5.759078550449846512e-01 -4.347157901180456196e-01 4.711598627958195062e-01
1.413394972455760384e+18 1.638700622969500031e+00 2.332698399651532917e+00 1.794431373634653770e+00 -4.449911207017637760e-01 6.315220763868095721e-01 -4.725457846306360676e-01 4.241028778026600388e-01
1.413394973105760512e+18 1.628068653781604480e+00 1.787772303023794418e+00 1.672196273881437767e+00 -1.994294644288943097e-01 7.854323525225391789e-01 -5.725129947044382828e-01 1.247107823047780284e-01
1.413394973305760512e+18 1.637726987414256818e+00 1.654120978017651122e+00 1.660263303266430457e+00 -1.067176587047827113e-01 8.071231523554568410e-01 -5.753117963182294847e-01 7.861230991041819050e-02
1.413394973905760512e+18 1.602281365806174751e+00 1.235757011155327989e+00 1.661415923461589284e+00 -1.553205966078394507e-01 -7.949182612222277511e-01 5.775930919632290550e-01 1.018169453537671604e-01
1.413394974105760512e+18 1.552697741851027491e+00 1.051342653365453073e+00 1.682159279152053877e+00 -2.842573825241659913e-01 -7.572942043674382173e-01 5.622568339634511636e-01 1.719606965948745625e-01
1.413394974405760512e+18 1.461238715132233024e+00 9.218893664177371106e-01 1.716874659578483175e+00 -4.003060003564941627e-01 -7.065836842224219039e-01 5.333169394295333987e-01 2.367860751538620190e-01
1.413394975605760512e+18 1.050464673250179448e+00 5.171329235129938917e-01 1.453189058624604790e+00 -5.256945207495464789e-01 -5.566601827470213371e-01 4.486593287610352587e-01 4.609550070382731901e-01
1.413394977105760512e+18 1.326941824231176792e+00 3.259320432418898461e-01 1.474743078678749875e+00 -6.563921641222543180e-01 -5.888170822689349215e-01 3.683254486878035361e-01 2.945846811294334233e-01
1.413394977405760512e+18 1.113766647884890881e+00 4.099737648731778261e-01 1.604403967675950282e+00 -6.269750950542150036e-01 -6.232097866728283364e-01 3.094554848287492388e-01 3.503556691226355491e-01
1.413394977805760512e+18 8.282398799897010555e-01 4.436747467936292266e-01 1.714516919517362847e+00 -6.168986064757771004e-01 -6.179431672819445387e-01 3.186590857346083272e-01 3.688342966924134103e-01
1.413394978255760384e+18 -4.088126654703813090e-01 3.716893127605289116e-01 2.004454314259556114e+00 -5.587882537359936119e-01 -5.810475741930802851e-01 3.799766573516210610e-01 4.536046118360177459e-01
1.413394979055760384e+18 -1.622787506268488444e+00 -1.160751637242152245e-02 2.088834821588098301e+00 -5.701534728527627438e-01 -5.339140253923935209e-01 4.429598033334702922e-01 4.400539097815154288e-01
1.413394979255760384e+18 -2.012084909000824151e+00 -1.310262324327837735e-01 2.070274130868701601e+00 -5.469130876011297770e-01 -4.784204947753445403e-01 5.106615609458347027e-01 4.595918569359959682e-01
1.413394979555760384e+18 -1.732356675085241493e+00 -1.461372134695478886e-01 2.219242417656818400e+00 -5.500587086767683154e-01 -5.471707029908238207e-01 4.093478629267054969e-01 4.800770416451018430e-01
1.413394980555760384e+18 -1.338692634193464404e+00 -2.848905241578903458e-01 2.226544369601278106e+00 -5.905763495033637955e-01 -5.481896882884412792e-01 4.052886196116622930e-01 4.317971466728044994e-01
1.413394981055760384e+18 -7.714760779883199637e-01 -4.619896859088659102e-01 2.197564687668193351e+00 -6.072772159755597254e-01 -5.448223655433407364e-01 4.095309514156728614e-01 4.082491552879264907e-01
1.413394982055760384e+18 -2.558310410248707534e-01 -4.416459853454900997e-01 2.059445415544327140e+00 -6.861848666708456612e-01 -4.552265268723543201e-01 3.725456249235294948e-01 4.279356205482134912e-01
1.413394983405760512e+18 2.523650344346974883e-01 7.731543820328286021e-01 2.214046098171215338e+00 -7.667511024224028526e-01 -2.655621214263962915e-01 2.004430595303170748e-01 5.489918819833924379e-01
1.413394983605760512e+18 3.655324427363877415e-01 1.044504333078612346e+00 2.239955453671358843e+00 -7.573490040975962012e-01 -2.910175522233058865e-01 1.745979820397868809e-01 5.578949856003091456e-01
1.413394983805760512e+18 5.251292879780158351e-01 1.504342192706592307e+00 2.183703618399890356e+00 -7.458500509308217952e-01 -3.093649581414384953e-01 1.655627338960243555e-01 5.662066807672889723e-01
1.413394984405760512e+18 5.714660320725786224e-01 1.834241982147963190e+00 2.058618115187213160e+00 -7.437830614102177718e-01 -3.379251011925137882e-01 1.823174038908397521e-01 5.471322945885922495e-01
1.413394984605760512e+18 3.747526837530508192e-01 2.120392869976397421e+00 1.957510345255768058e+00 -7.082395087304856895e-01 -4.218799894712170762e-01 2.475492651478629624e-01 5.090515043507081172e-01
1.413394985605760512e+18 -2.772607720887232396e-01 2.327879708222932997e+00 2.181757247266599364e+00 -6.814421704900167631e-01 -4.653754834235343529e-01 2.903788742479141982e-01 4.845021538617562129e-01
1.413394986405760512e+18 -9.419861445928653376e-01 2.449331210703837858e+00 2.300641529139061170e+00 -6.972457733583583561e-01 -4.367948103249150171e-01 3.179316867594715879e-01 4.711454847087077624e-01
1.413394986605760512e+18 -1.431894263184867677e+00 2.546549867029642034e+00 2.419385630341005733e+00 -6.771105528981041788e-01 -4.633840680163709980e-01 2.790119105192412352e-01 4.989477512235382939e-01
1.413394987405760512e+18 -2.445067831063751917e+00 2.593805511045569112e+00 2.503121941347901114e+00 -6.499701739557662838e-01 -4.462164587387482118e-01 2.903377551979697824e-01 5.423408824947328899e-01
1.413394987805760512e+18 -2.836826526912461510e+00 2.438338528730177757e+00 2.552856648167799669e+00 -6.273824579885127761e-01 -4.340961952590862705e-01 3.058888661538027853e-01 5.695469657833480692e-01
1.413394988405760512e+18 -3.057916711856534242e+00 2.066181742094209461e+00 2.655764805799869954e+00 -6.676443185736276043e-01 -3.777700711363618513e-01 3.574122173763645827e-01 5.327263313372961884e-01
1.413394988605760512e+18 -3.054495596329858564e+00 1.720196920683149999e+00 2.665257512098787362e+00 -7.360685524009061842e-01 -2.830498816939488460e-01 2.754621267828641362e-01 5.497330873685309927e-01
1.413394989405760512e+18 -2.738898472542741658e+00 9.934822674477599147e-01 2.576384279953915613e+00 -7.619804969920265236e-01 -2.615318360773526973e-01 2.165998309169841485e-01 5.514266353455612446e-01
1.413394989805760512e+18 -2.507686303679623308e+00 6.181436462592494463e-01 2.450577464785812065e+00 -7.523798022804152330e-01 -3.334720188200529511e-01 2.804275472435442951e-01 4.940459862518178369e-01
1.413394990405760512e+18 -2.285324112006488217e+00 3.446205027260610398e-01 2.208988441495276511e+00 -6.527772946197438753e-01 -5.074684435795779880e-01 3.310730485679597157e-01 4.546957432303130875e-01
1.413394991305760512e+18 -2.212916804806670967e+00 -1.766759413277766422e-01 1.847208404230099799e+00 -6.357369423894014826e-01 -5.314136720831286187e-01 3.721529676015118415e-01 4.182585538992452667e-01
1.413394991805760512e+18 -2.612859236136129581e+00 -4.705813529374117121e-01 1.707943784164157597e+00 -7.281442473228022516e-01 -3.600614273813226851e-01 3.137216815616579724e-01 4.916710588604538135e-01
1.413394992405760512e+18 -2.721750472384568909e+00 -4.622285772420537397e-01 1.718870830122416260e+00 -7.542500568219721035e-01 -2.965420709684457035e-01 2.484830738896714186e-01 5.304958189468955698e-01
1.413394993305760512e+18 -2.791981405025369956e+00 -4.559060553930606718e-01 1.490290700499855570e+00 -7.566110627535531652e-01 -2.987934243867489403e-01 2.127255738934683560e-01 5.413039991297617926e-01
1.413394994605760512e+18 -2.933346884436915047e+00 -4.965938726218492305e-01 1.233665694611926433e+00 -8.245305171292648394e-01 -9.690843184766199936e-02 8.927120686841076569e-02 5.502625135184400218e-01
1.413394995605760512e+18 -2.953921839978433717e+00 -5.098534061001237516e-01 1.147564404941445293e+00 -8.281216527842835129e-01 -1.041403392681220647e-01 8.043332510543289848e-02 5.448851238008162179e-01
1.413394995805760512e+18 -2.975374044726423861e+00 -4.960273000386642983e-01 1.083777235155275687e+00 -8.124892314320877329e-01 -1.017238546116048387e-01 8.391511066095119764e-02 5.678659704654019924e-01
