1.413394881555760384e+09 -0.000000000000000000e+00 -0.000000000000000000e+00 -0.000000000000000000e+00 -0.000000000000000000e+00 -0.000000000000000000e+00 -0.000000000000000000e+00 1.000000000000000000e+00
1.413394888255760431e+09 -2.385774999856948853e-02 -1.012205928564071655e-01 -1.184770278632640839e-02 -3.955337777733802795e-02 1.740917190909385681e-02 -1.543397363275289536e-02 9.989466071128845215e-01
1.413394888655760527e+09 -5.312245339155197144e-02 -1.411731690168380737e-01 1.843009516596794128e-02 -5.004924535751342773e-02 1.169225387275218964e-02 -9.221606887876987457e-03 9.986357688903808594e-01
1.413394888855760574e+09 -6.956704705953598022e-02 -1.488874852657318115e-01 4.317404329776763916e-02 -3.109390474855899811e-02 7.057982962578535080e-03 2.651021583005785942e-03 9.994881153106689453e-01
1.413394889155760527e+09 -8.995752036571502686e-02 -1.651680767536163330e-01 8.035285025835037231e-02 -1.744036562740802765e-02 2.434214344248175621e-03 1.242744270712137222e-02 9.997677803039550781e-01
1.413394889355760574e+09 -9.776646643877029419e-02 -1.820964813232421875e-01 9.993863105773925781e-02 4.311717301607131958e-02 6.395404692739248276e-03 5.879625678062438965e-04 9.990493655204772949e-01
1.413394889455760479e+09 -1.014081537723541260e-01 -1.898065209388732910e-01 1.038719937205314636e-01 9.222917258739471436e-02 7.815922610461711884e-03 -2.675421303138136864e-03 9.957035183906555176e-01
1.413394889655760527e+09 -1.082171499729156494e-01 -1.996452808380126953e-01 9.335707128047943115e-02 4.586175456643104553e-02 1.059483177959918976e-02 -7.873688824474811554e-03 9.988606572151184082e-01
1.413394889755760431e+09 -1.121329888701438904e-01 -2.013965696096420288e-01 8.085241168737411499e-02 -2.242032252252101898e-02 1.192821841686964035e-02 -8.213590830564498901e-03 9.996437430381774902e-01
1.413394889855760574e+09 -1.161504462361335754e-01 -2.032843679189682007e-01 6.765297800302505493e-02 -8.183354884386062622e-02 1.206393633037805557e-02 -5.267648957669734955e-03 9.965590834617614746e-01
1.413394889955760479e+09 -1.201410591602325439e-01 -2.064087092876434326e-01 5.738901346921920776e-02 -1.261757016181945801e-01 1.243819296360015869e-02 -9.456344414502382278e-04 9.919294714927673340e-01
1.413394890055760384e+09 -1.238211616873741150e-01 -2.082733511924743652e-01 5.308806896209716797e-02 -1.593862622976303101e-01 1.320990826934576035e-02 1.715466351015493274e-04 9.871279001235961914e-01
1.413394890255760431e+09 -1.299505382776260376e-01 -2.147797346115112305e-01 6.859496235847473145e-02 -1.242245435714721680e-01 1.199043076485395432e-02 1.762980222702026367e-02 9.920250773429870605e-01
1.413394890355760574e+09 -1.311339735984802246e-01 -2.178642898797988892e-01 8.529429882764816284e-02 -6.530033051967620850e-02 1.016515865921974182e-02 2.895442023873329163e-02 9.973937273025512695e-01
1.413394890455760479e+09 -1.289758980274200439e-01 -2.177674472332000732e-01 1.215196177363395691e-01 5.132587254047393799e-02 7.421703077852725983e-03 3.536341711878776550e-02 9.980280995368957520e-01
1.413394890655760527e+09 -9.911805391311645508e-02 -1.945983171463012695e-01 1.267825365066528320e-01 -7.564865052700042725e-02 8.894690312445163727e-03 -4.217127338051795959e-03 9.970860481262207031e-01
1.413394891155760527e+09 -6.502977013587951660e-02 -2.251297682523727417e-01 2.363958954811096191e-01 -2.434573136270046234e-02 1.227825693786144257e-02 -2.862333692610263824e-02 9.992183446884155273e-01
1.413394891955760479e+09 -7.402712851762771606e-02 -2.698000073432922363e-01 2.943211495876312256e-01 4.430646821856498718e-02 -2.499191556125879288e-03 -3.771823644638061523e-02 9.983026385307312012e-01
1.413394892255760431e+09 -9.615804255008697510e-02 -2.979930639266967773e-01 3.213952481746673584e-01 4.569936171174049377e-02 -8.173567056655883789e-02 -5.465563759207725525e-02 9.941044449806213379e-01
1.413394892555760384e+09 -1.293493956327438354e-01 -2.973366081714630127e-01 3.194645643234252930e-01 1.059678662568330765e-02 -1.944297254085540771e-01 -7.966557145118713379e-02 9.776186943054199219e-01
1.413394892855760574e+09 -1.533023416996002197e-01 -2.996643483638763428e-01 3.038654625415802002e-01 -1.782047376036643982e-02 -2.754752337932586670e-01 -1.033698618412017822e-01 9.555681943893432617e-01
1.413394893055760384e+09 -1.903415024280548096e-01 -3.043635189533233643e-01 2.791034281253814697e-01 -3.306619077920913696e-02 -3.665926754474639893e-01 -1.525142192840576172e-01 9.172000288963317871e-01
1.413394893355760574e+09 -2.385819256305694580e-01 -3.130851387977600098e-01 2.549653351306915283e-01 9.774239733815193176e-03 -4.082758128643035889e-01 -1.748560369014739990e-01 8.959022164344787598e-01
1.413394893755760431e+09 -3.204357326030731201e-01 -2.920901775360107422e-01 1.993537694215774536e-01 5.246761441230773926e-02 -3.975258469581604004e-01 -1.882815659046173096e-01 8.965324759483337402e-01
1.413394894055760384e+09 -3.654302060604095459e-01 -2.701637744903564453e-01 1.471626460552215576e-01 5.328137800097465515e-02 -4.282907247543334961e-01 -1.660948544740676880e-01 8.866457343101501465e-01
1.413394894255760431e+09 -4.081749022006988525e-01 -2.414481043815612793e-01 7.951743900775909424e-02 2.131778933107852936e-02 -4.884990453720092773e-01 -1.361681073904037476e-01 8.616104125976562500e-01
1.413394894455760479e+09 -4.425958395004272461e-01 -2.075938284397125244e-01 1.051369309425354004e-02 -1.538433949463069439e-03 -5.382295250892639160e-01 -1.466917842626571655e-01 8.299326300621032715e-01
1.413394894655760527e+09 -4.681877791881561279e-01 -1.703715473413467407e-01 -5.392771959304809570e-02 6.723119295202195644e-04 -5.756678581237792969e-01 -1.644496172666549683e-01 8.009758591651916504e-01
1.413394894855760574e+09 -4.885589480400085449e-01 -1.338079422712326050e-01 -1.168767213821411133e-01 -8.329951204359531403e-03 -5.936796665191650391e-01 -1.765932142734527588e-01 7.850413322448730469e-01
1.413394895055760384e+09 -5.043740868568420410e-01 -1.005505695939064026e-01 -1.766164600849151611e-01 -3.218882158398628235e-02 -5.996131300926208496e-01 -1.707503646612167358e-01 7.811992764472961426e-01
1.413394895355760574e+09 -5.398888587951660156e-01 -5.590676516294479370e-02 -3.123562633991241455e-01 -5.154887679964303970e-03 -5.686876773834228516e-01 -1.998624652624130249e-01 7.978864908218383789e-01
1.413394895855760574e+09 -5.552589893341064453e-01 -6.068135797977447510e-02 -3.760843276977539062e-01 -2.228045463562011719e-02 -5.710763335227966309e-01 -1.848743855953216553e-01 7.994978427886962891e-01
1.413394896055760384e+09 -5.722683668136596680e-01 -5.964762717485427856e-02 -4.361982047557830811e-01 -2.223887853324413300e-02 -5.749893784523010254e-01 -1.810065507888793945e-01 7.975770831108093262e-01
1.413394896255760431e+09 -5.901246070861816406e-01 -4.626886546611785889e-02 -4.903965294361114502e-01 -2.901068143546581268e-02 -5.808320045471191406e-01 -1.748429983854293823e-01 7.944951057434082031e-01
1.413394896355760574e+09 -6.087208986282348633e-01 -2.978808246552944183e-02 -5.384546518325805664e-01 -6.660281866788864136e-02 -5.945450663566589355e-01 -1.337077319622039795e-01 7.900649309158325195e-01
1.413394896555760384e+09 -6.369106769561767578e-01 5.469776690006256104e-03 -5.733035206794738770e-01 -1.304020136594772339e-01 -6.101557016372680664e-01 -5.250692740082740784e-02 7.797105312347412109e-01
1.413394897055760384e+09 -6.374304294586181641e-01 1.342789828777313232e-02 -5.098588466644287109e-01 -1.322329342365264893e-01 -6.096211075782775879e-01 -3.947472572326660156e-02 7.805885076522827148e-01
1.413394897255760431e+09 -6.248197555541992188e-01 9.650737047195434570e-05 -4.209096431732177734e-01 -7.690233737230300903e-02 -5.950919985771179199e-01 -1.071729734539985657e-01 7.927581667900085449e-01
1.413394897455760479e+09 -6.168295145034790039e-01 -1.093447953462600708e-02 -3.690005838871002197e-01 -4.153787344694137573e-02 -5.862253904342651367e-01 -1.419652253389358521e-01 7.965301275253295898e-01
1.413394897555760384e+09 -6.081638336181640625e-01 -2.451517432928085327e-02 -3.166798353195190430e-01 -2.290849760174751282e-02 -5.803987383842468262e-01 -1.627540141344070435e-01 7.975736856460571289e-01
1.413394897655760527e+09 -5.989270210266113281e-01 -3.946314752101898193e-02 -2.646633386611938477e-01 -1.355213951319456100e-02 -5.785840749740600586e-01 -1.716243177652359009e-01 7.972464561462402344e-01
1.413394897755760431e+09 -5.791897773742675781e-01 -7.351768016815185547e-02 -1.652289777994155884e-01 1.982496120035648346e-03 -5.813845992088317871e-01 -1.682159900665283203e-01 7.960474491119384766e-01
1.413394897955760479e+09 -5.549216270446777344e-01 -1.097784340381622314e-01 -7.310560345649719238e-02 1.080644037574529648e-02 -5.811702013015747070e-01 -1.696758121252059937e-01 7.958232760429382324e-01
1.413394898155760527e+09 -5.263875722885131836e-01 -1.458221375942230225e-01 1.000285148620605469e-02 2.111948467791080475e-02 -5.774108171463012695e-01 -1.901993006467819214e-01 7.937096357345581055e-01
1.413394898355760574e+09 -4.813371896743774414e-01 -1.964252442121505737e-01 1.063238680362701416e-01 4.961531236767768860e-02 -5.937129855155944824e-01 -2.456653267145156860e-01 7.646514773368835449e-01
1.413394898855760574e+09 -4.131098091602325439e-01 -2.632876634597778320e-01 1.368634104728698730e-01 2.050405554473400116e-02 -6.163715720176696777e-01 -3.167438507080078125e-01 7.206518054008483887e-01
1.413394899455760479e+09 -4.245365858078002930e-01 -2.430467009544372559e-01 7.786318659782409668e-02 -1.538565848022699356e-02 -6.487168669700622559e-01 -2.656249701976776123e-01 7.130029201507568359e-01
1.413394899655760527e+09 -4.425148963928222656e-01 -2.154061347246170044e-01 2.699270844459533691e-02 -2.005823701620101929e-02 -6.871932148933410645e-01 -2.660546600818634033e-01 6.757056117057800293e-01
1.413394899855760574e+09 -4.689249992370605469e-01 -1.915858238935470581e-01 -3.039169311523437500e-02 -1.060960255563259125e-02 -7.392734289169311523e-01 -2.606289088726043701e-01 6.208340525627136230e-01
1.413394900055760384e+09 -4.981333315372467041e-01 -1.769102662801742554e-01 -9.772741794586181641e-02 -5.208849906921386719e-03 -7.886564731597900391e-01 -2.407529503107070923e-01 5.657137036323547363e-01
1.413394900255760431e+09 -5.275197029113769531e-01 -1.675826609134674072e-01 -1.612512469291687012e-01 5.377667956054210663e-03 -8.261725902557373047e-01 -2.288154959678649902e-01 5.148333907127380371e-01
1.413394900455760479e+09 -5.518568754196166992e-01 -1.490795761346817017e-01 -2.185913920402526855e-01 4.121835902333259583e-02 -8.461663722991943359e-01 -2.514389157295227051e-01 4.680620431900024414e-01
1.413394900655760527e+09 -5.664721131324768066e-01 -1.261537373065948486e-01 -2.763314843177795410e-01 7.997708022594451904e-02 -8.605126738548278809e-01 -2.728641033172607422e-01 4.226899445056915283e-01
1.413394900855760574e+09 -5.609689950942993164e-01 -1.142961680889129639e-01 -3.467915654182434082e-01 8.550052344799041748e-02 -8.828268647193908691e-01 -2.823261618614196777e-01 3.655111193656921387e-01
1.413394901055760384e+09 -5.347257852554321289e-01 -1.126849353313446045e-01 -4.284671545028686523e-01 8.410643786191940308e-02 -9.114743471145629883e-01 -2.727115154266357422e-01 2.962583899497985840e-01
1.413394901255760431e+09 -4.925466179847717285e-01 -1.065369546413421631e-01 -5.099578499794006348e-01 3.435212001204490662e-02 -9.436725974082946777e-01 -2.389566153287887573e-01 2.262780666351318359e-01
1.413394901455760479e+09 -4.414502978324890137e-01 -9.489086270332336426e-02 -5.821441411972045898e-01 -6.124878767877817154e-03 -9.639202952384948730e-01 -2.071723788976669312e-01 1.670322269201278687e-01
1.413394901655760527e+09 -3.896842896938323975e-01 -7.450330257415771484e-02 -6.300398707389831543e-01 4.009444732218980789e-03 -9.653034210205078125e-01 -2.382608205080032349e-01 1.067945808172225952e-01
1.413394901855760574e+09 -3.405637443065643311e-01 -5.831331014633178711e-02 -6.643458008766174316e-01 3.978481888771057129e-02 -9.683464765548706055e-01 -2.449806630611419678e-01 2.658521570265293121e-02
1.413394902055760384e+09 -2.820895612239837646e-01 -5.319359898567199707e-02 -6.895422935485839844e-01 4.735579714179039001e-02 -9.674029350280761719e-01 -2.436813414096832275e-01 -5.008385330438613892e-02
1.413394902255760431e+09 -2.180963158607482910e-01 -4.850704967975616455e-02 -7.036899328231811523e-01 4.350911080837249756e-02 -9.670357704162597656e-01 -2.219059169292449951e-01 -1.170753613114356995e-01
1.413394902455760479e+09 -1.520713567733764648e-01 -4.376484453678131104e-02 -7.003745436668395996e-01 4.429834429174661636e-03 -9.634760618209838867e-01 -2.094638943672180176e-01 -1.667905747890472412e-01
1.413394902655760527e+09 -9.351384639739990234e-02 -4.702201485633850098e-02 -6.845768690109252930e-01 -6.482820212841033936e-02 -9.501875638961791992e-01 -2.377894520759582520e-01 -1.907803714275360107e-01
1.413394902855760574e+09 -3.385868668556213379e-02 -4.347774386405944824e-02 -6.381058692932128906e-01 -5.496860668063163757e-02 -9.395421147346496582e-01 -2.936614453792572021e-01 -1.673383265733718872e-01
1.413394903355760574e+09 -3.144915401935577393e-02 -7.627606391906738281e-03 -6.101634502410888672e-01 -2.553651481866836548e-02 -9.498940706253051758e-01 -2.997199892997741699e-01 -8.495352417230606079e-02
1.413394903755760431e+09 -6.230966746807098389e-02 -2.051192522048950195e-02 -6.153836846351623535e-01 5.050664767622947693e-03 -9.529263377189636230e-01 -3.027631640434265137e-01 -1.550272386521100998e-02
1.413394904255760431e+09 -7.859835773706436157e-02 -4.712253808975219727e-03 -6.209336519241333008e-01 -1.598361320793628693e-02 -9.345870614051818848e-01 -3.418446779251098633e-01 9.712818264961242676e-02
1.413394904555760384e+09 -9.717655181884765625e-02 1.199972629547119141e-02 -6.354516148567199707e-01 -6.037500686943531036e-03 -9.314763545989990234e-01 -3.104451000690460205e-01 1.895763576030731201e-01
1.413394904755760431e+09 -1.167499721050262451e-01 2.524298429489135742e-02 -6.579966545104980469e-01 1.114571467041969299e-03 -9.196321964263916016e-01 -2.760574519634246826e-01 2.794059813022613525e-01
1.413394904955760479e+09 -1.346367597579956055e-01 3.261555731296539307e-02 -6.790575981140136719e-01 1.114177238196134567e-02 -9.050191044807434082e-01 -2.217223644256591797e-01 3.628438413143157959e-01
1.413394905155760527e+09 -1.450608968734741211e-01 3.967510163784027100e-02 -6.880899071693420410e-01 -4.871552065014839172e-02 -8.518873453140258789e-01 -2.533635497093200684e-01 4.557649195194244385e-01
1.413394905455760479e+09 -1.541455388069152832e-01 4.043768346309661865e-02 -6.873799562454223633e-01 -1.051215380430221558e-01 -7.990207672119140625e-01 -3.546610176563262939e-01 4.740580022335052490e-01
1.413394905755760431e+09 -2.166095376014709473e-01 3.291355073451995850e-02 -7.096762061119079590e-01 6.612945813685655594e-03 -8.397605419158935547e-01 -2.506617009639739990e-01 4.815882146358489990e-01
1.413394905955760479e+09 -2.596666812896728516e-01 2.035760879516601562e-02 -7.349011898040771484e-01 6.047837063670158386e-02 -8.704205155372619629e-01 -1.385141760110855103e-01 4.685341417789459229e-01
1.413394906155760527e+09 -2.702359557151794434e-01 -1.292894780635833740e-02 -7.206910848617553711e-01 -5.097158998250961304e-02 -8.356782197952270508e-01 -2.327221482992172241e-01 4.948579370975494385e-01
1.413394906555760384e+09 -2.707419395446777344e-01 -2.064295113086700439e-02 -6.888051033020019531e-01 -6.395278126001358032e-02 -7.715633511543273926e-01 -3.269326686859130859e-01 5.419549345970153809e-01
1.413394906755760431e+09 -2.903754115104675293e-01 -2.605536580085754395e-02 -6.675544977188110352e-01 -2.486021257936954498e-04 -7.616865038871765137e-01 -2.593813538551330566e-01 5.937634110450744629e-01
1.413394906955760479e+09 -3.064753413200378418e-01 -2.767337858676910400e-02 -6.562618613243103027e-01 8.847949653863906860e-02 -7.682154178619384766e-01 -1.348375678062438965e-01 6.195443868637084961e-01
1.413394907155760527e+09 -2.456084489822387695e-01 -3.073255717754364014e-02 -6.147699356079101562e-01 -8.783838897943496704e-02 -7.387689948081970215e-01 -2.185260951519012451e-01 6.314675211906433105e-01
1.413394907555760384e+09 -2.126986980438232422e-01 -3.050863556563854218e-02 -5.820150971412658691e-01 -1.941354721784591675e-01 -6.943195462226867676e-01 -2.473086118698120117e-01 6.473564505577087402e-01
1.413394907755760431e+09 -2.122784852981567383e-01 -3.086923062801361084e-02 -5.305241346359252930e-01 -5.785128474235534668e-02 -6.880035996437072754e-01 -2.348385304212570190e-01 6.842186450958251953e-01
1.413394907955760479e+09 -2.193666994571685791e-01 -2.680630981922149658e-02 -4.785073995590209961e-01 6.158024072647094727e-02 -7.006192803382873535e-01 -1.761725693941116333e-01 6.886970996856689453e-01
1.413394908155760527e+09 -2.113251686096191406e-01 -1.463525742292404175e-02 -4.341878890991210938e-01 6.450370419770479202e-03 -6.862654089927673340e-01 -2.407744526863098145e-01 6.863132715225219727e-01
1.413394908355760574e+09 -2.040151953697204590e-01 -4.195295274257659912e-03 -3.998212516307830811e-01 -8.050099015235900879e-02 -6.655672192573547363e-01 -3.088832795619964600e-01 6.746339797973632812e-01
1.413394908655760527e+09 -2.459699511528015137e-01 -2.329217642545700073e-02 -3.757179677486419678e-01 1.128127146512269974e-02 -7.070227861404418945e-01 -2.322966754436492920e-01 6.678546071052551270e-01
1.413394908855760574e+09 -2.781681716442108154e-01 -5.523778498172760010e-02 -3.740269839763641357e-01 8.990583568811416626e-02 -7.367148995399475098e-01 -1.416175961494445801e-01 6.550669074058532715e-01
1.413394909155760527e+09 -2.735625505447387695e-01 -9.747338294982910156e-02 -3.709706068038940430e-01 -2.702932059764862061e-02 -7.225931286811828613e-01 -2.037191241979598999e-01 6.600205898284912109e-01
1.413394909355760574e+09 -2.643443048000335693e-01 -1.273314952850341797e-01 -3.519221544265747070e-01 -8.418931066989898682e-02 -6.603513956069946289e-01 -2.097736597061157227e-01 7.161307930946350098e-01
1.413394909655760527e+09 -2.716590762138366699e-01 -1.499144583940505981e-01 -3.275536000728607178e-01 -2.364038489758968353e-02 -6.491692066192626953e-01 -1.353610605001449585e-01 7.481296658515930176e-01
1.413394909855760574e+09 -2.697592377662658691e-01 -1.772593110799789429e-01 -2.976424098014831543e-01 5.561617016792297363e-02 -6.402586102485656738e-01 -1.107101589441299438e-01 7.581022977828979492e-01
1.413394910055760384e+09 -2.470932006835937500e-01 -1.934322416782379150e-01 -2.707766294479370117e-01 -4.869298078119754791e-03 -6.156309843063354492e-01 -1.972979605197906494e-01 7.629208564758300781e-01
1.413394910255760431e+09 -2.238794714212417603e-01 -2.025588303804397583e-01 -2.449942529201507568e-01 -9.089316427707672119e-02 -5.975988507270812988e-01 -2.568050622940063477e-01 7.540990114212036133e-01
1.413394910455760479e+09 -2.294970899820327759e-01 -2.059532403945922852e-01 -2.009831070899963379e-01 -2.341648750007152557e-02 -6.239343285560607910e-01 -2.106011062860488892e-01 7.521999478340148926e-01
1.413394910755760431e+09 -2.417834848165512085e-01 -2.073664367198944092e-01 -1.734071671962738037e-01 6.219952553510665894e-02 -6.554023027420043945e-01 -1.171711310744285583e-01 7.435388565063476562e-01
1.413394910955760479e+09 -1.966462731361389160e-01 -2.018420398235321045e-01 -1.198883354663848877e-01 -3.541135415434837341e-02 -6.375032663345336914e-01 -2.150586992502212524e-01 7.389758825302124023e-01
1.413394911355760574e+09 -1.668576002120971680e-01 -1.915428638458251953e-01 -8.939391374588012695e-02 -8.709876239299774170e-02 -6.076775789260864258e-01 -2.755010426044464111e-01 7.397573590278625488e-01
1.413394911655760527e+09 -1.644973754882812500e-01 -1.716966629028320312e-01 -4.617346823215484619e-02 4.740881267935037613e-03 -6.205931901931762695e-01 -1.954713016748428345e-01 7.593633532524108887e-01
1.413394911855760574e+09 -1.382591575384140015e-01 -1.650253087282180786e-01 -1.766928285360336304e-02 -5.245027318596839905e-02 -5.771597623825073242e-01 -2.398491352796554565e-01 7.788503766059875488e-01
1.413394912355760574e+09 -1.483936011791229248e-01 -1.856484413146972656e-01 -1.440799236297607422e-02 -5.654212459921836853e-02 -5.101947784423828125e-01 -1.767921447753906250e-01 8.397909402847290039e-01
1.413394912755760431e+09 -1.949371546506881714e-01 -2.157292515039443970e-01 -1.942738890647888184e-04 -2.286505512893199921e-02 -4.582528769969940186e-01 -1.427908986806869507e-01 8.769791126251220703e-01
1.413394913355760574e+09 -2.546857297420501709e-01 -2.451486289501190186e-01 2.299144864082336426e-03 2.203371562063694000e-02 -5.378946065902709961e-01 -1.873124837875366211e-01 8.216434121131896973e-01
1.413394913655760527e+09 -2.885234355926513672e-01 -2.287444472312927246e-01 -1.841291785240173340e-02 1.562733203172683716e-02 -6.353113651275634766e-01 -2.468338310718536377e-01 7.315793633460998535e-01
1.413394913955760479e+09 -3.116655051708221436e-01 -2.012782841920852661e-01 -4.126009345054626465e-02 -1.142669655382633209e-02 -7.024356722831726074e-01 -2.445437908172607422e-01 6.683202981948852539e-01
1.413394914155760527e+09 -3.368360996246337891e-01 -1.725683361291885376e-01 -6.935578584671020508e-02 6.532013881951570511e-03 -7.536425590515136719e-01 -2.602600455284118652e-01 6.035271286964416504e-01
1.413394914355760574e+09 -3.607621192932128906e-01 -1.599698662757873535e-01 -1.069164574146270752e-01 2.855176664888858795e-02 -7.969266772270202637e-01 -2.774564027786254883e-01 5.358270406723022461e-01
1.413394914555760384e+09 -3.801532387733459473e-01 -1.557764112949371338e-01 -1.578996777534484863e-01 1.907268911600112915e-02 -8.300653696060180664e-01 -2.755400836467742920e-01 4.844639599323272705e-01
1.413394914755760431e+09 -3.961178064346313477e-01 -1.412678807973861694e-01 -2.111355960369110107e-01 2.625782741233706474e-03 -8.545575737953186035e-01 -2.687965929508209229e-01 4.443792700767517090e-01
1.413394914955760479e+09 -4.136776924133300781e-01 -1.010621488094329834e-01 -2.879987359046936035e-01 4.885052144527435303e-02 -8.825127482414245605e-01 -2.789426743984222412e-01 3.754676580429077148e-01
1.413394915255760431e+09 -4.099258184432983398e-01 -7.188272476196289062e-02 -3.442942500114440918e-01 8.209437876939773560e-02 -9.016162157058715820e-01 -2.918288111686706543e-01 3.085202872753143311e-01
1.413394915455760479e+09 -3.873419761657714844e-01 -4.402434825897216797e-02 -4.089674353599548340e-01 9.294401854276657104e-02 -9.257133007049560547e-01 -2.814371883869171143e-01 2.349667847156524658e-01
1.413394915655760527e+09 -3.433161675930023193e-01 -2.473509311676025391e-02 -4.783071875572204590e-01 3.712346032261848450e-02 -9.576595425605773926e-01 -2.478771358728408813e-01 1.416581273078918457e-01
1.413394915855760574e+09 -2.909706532955169678e-01 -9.930223226547241211e-03 -5.342236757278442383e-01 2.481126040220260620e-02 -9.759225845336914062e-01 -2.120738923549652100e-01 4.454430565237998962e-02
1.413394916055760384e+09 -2.365973889827728271e-01 -5.899369716644287109e-04 -5.724645256996154785e-01 1.546322833746671677e-02 -9.775080084800720215e-01 -2.074893265962600708e-01 -3.445732593536376953e-02
1.413394916255760431e+09 -1.807740628719329834e-01 5.185186862945556641e-03 -5.920242071151733398e-01 6.755768787115812302e-03 -9.611921310424804688e-01 -2.586641013622283936e-01 -9.569222480058670044e-02
1.413394916455760479e+09 -1.267174184322357178e-01 1.016280055046081543e-02 -6.027942895889282227e-01 -5.780819430947303772e-02 -9.427877664566040039e-01 -2.866690754890441895e-01 -1.600950062274932861e-01
1.413394916655760527e+09 -8.580130338668823242e-02 2.545723319053649902e-02 -6.137305498123168945e-01 -1.072681993246078491e-01 -9.215538501739501953e-01 -2.846014499664306641e-01 -2.413174211978912354e-01
1.413394916955760479e+09 -7.069307565689086914e-02 5.633717775344848633e-02 -6.244181394577026367e-01 -6.094067916274070740e-02 -8.943963646888732910e-01 -2.991505265235900879e-01 -3.268798291683197021e-01
1.413394917155760527e+09 -6.807875633239746094e-02 9.415775537490844727e-02 -6.449917554855346680e-01 1.657521352171897888e-02 -8.617612123489379883e-01 -2.910033762454986572e-01 -4.152228534221649170e-01
1.413394917355760574e+09 -4.356718063354492188e-02 1.572158187627792358e-01 -7.027822136878967285e-01 7.630659639835357666e-02 -8.048733472824096680e-01 -2.638862133026123047e-01 -5.260421633720397949e-01
1.413394917755760431e+09 3.395915031433105469e-02 1.904076635837554932e-01 -7.522625327110290527e-01 1.159871295094490051e-01 -8.088217973709106445e-01 -1.983959823846817017e-01 -5.412886142730712891e-01
1.413394918155760527e+09 8.977913856506347656e-02 1.961347460746765137e-01 -7.552999258041381836e-01 8.912441879510879517e-02 -7.886749505996704102e-01 -2.131741940975189209e-01 -5.697416663169860840e-01
1.413394918355760574e+09 1.526728868484497070e-01 1.994616687297821045e-01 -7.455158233642578125e-01 3.000143542885780334e-02 -7.510573863983154297e-01 -2.567895054817199707e-01 -6.075129508972167969e-01
1.413394918555760384e+09 2.200704813003540039e-01 2.031591236591339111e-01 -7.403433322906494141e-01 -3.740668063983321190e-03 -7.150982022285461426e-01 -2.715372443199157715e-01 -6.441181302070617676e-01
1.413394918755760431e+09 3.598065376281738281e-01 2.116459012031555176e-01 -7.582707405090332031e-01 3.126032650470733643e-02 -6.784666776657104492e-01 -1.655374318361282349e-01 -7.150546908378601074e-01
1.413394919155760527e+09 4.229362607002258301e-01 1.955287009477615356e-01 -7.693973779678344727e-01 -1.723488443531095982e-03 -6.498649120330810547e-01 -1.409299373626708984e-01 -7.468677759170532227e-01
1.413394919355760574e+09 4.701960682868957520e-01 1.638076752424240112e-01 -7.805058360099792480e-01 -2.298511750996112823e-02 -6.094712018966674805e-01 -1.084673479199409485e-01 -7.850168943405151367e-01
1.413394919555760384e+09 4.975391626358032227e-01 1.284239292144775391e-01 -7.894532680511474609e-01 9.410473518073558807e-03 -5.691092610359191895e-01 -6.645562499761581421e-02 -8.195180296897888184e-01
1.413394919755760431e+09 5.080571174621582031e-01 9.691718220710754395e-02 -7.902350425720214844e-01 4.467077925801277161e-02 -5.031683444976806641e-01 -1.095372810959815979e-01 -8.560535907745361328e-01
1.413394919955760479e+09 5.150452852249145508e-01 7.483783364295959473e-02 -7.818002104759216309e-01 6.189229339361190796e-02 -4.301978349685668945e-01 -1.461911648511886597e-01 -8.886659741401672363e-01
1.413394920155760527e+09 5.499946475028991699e-01 6.076790392398834229e-02 -7.424507737159729004e-01 8.486001938581466675e-02 -2.820295989513397217e-01 -9.061177074909210205e-02 -9.513399004936218262e-01
1.413394920555760384e+09 5.991727709770202637e-01 5.102065950632095337e-02 -6.657170057296752930e-01 7.078985124826431274e-02 -2.179836183786392212e-01 2.090429514646530151e-02 -9.731572866439819336e-01
1.413394920955760479e+09 6.077324748039245605e-01 2.967473119497299194e-02 -5.471158027648925781e-01 6.113139167428016663e-02 -2.089099436998367310e-01 -4.012605175375938416e-02 -9.751971960067749023e-01
1.413394921355760574e+09 6.057575941085815430e-01 2.882875315845012665e-02 -4.746434092521667480e-01 4.127591475844383240e-02 -2.052497714757919312e-01 -1.187887117266654968e-01 -9.705967903137207031e-01
1.413394921555760384e+09 6.464178562164306641e-01 5.526514351367950439e-02 -3.320071399211883545e-01 4.505347460508346558e-02 -2.494259029626846313e-01 -7.360973209142684937e-02 -9.645406007766723633e-01
1.413394921955760479e+09 6.763590574264526367e-01 6.418451666831970215e-02 -2.634133100509643555e-01 -3.007218008860945702e-03 -2.369388639926910400e-01 -3.831477090716362000e-02 -9.707641005516052246e-01
1.413394922155760527e+09 6.967301368713378906e-01 6.386587768793106079e-02 -2.063227593898773193e-01 -3.055887483060359955e-02 -1.744569838047027588e-01 -3.993966430425643921e-02 -9.833797812461853027e-01
1.413394922355760574e+09 7.284933924674987793e-01 2.441314980387687683e-02 -1.360007524490356445e-01 4.361482337117195129e-02 -8.595261722803115845e-02 2.598656713962554932e-02 -9.950048327445983887e-01
1.413394922755760431e+09 7.472996115684509277e-01 -8.913450688123703003e-02 -2.814583294093608856e-02 7.854751497507095337e-02 -5.589903891086578369e-02 -7.988397963345050812e-03 -9.953098893165588379e-01
1.413394923355760574e+09 7.565836906433105469e-01 -1.238808259367942810e-01 2.368785440921783447e-02 5.182478576898574829e-02 -6.566405296325683594e-02 2.021814137697219849e-02 -9.962900280952453613e-01
1.413394923555760384e+09 7.587733268737792969e-01 -1.895068287849426270e-01 1.379926651716232300e-01 5.852479860186576843e-02 6.576569750905036926e-03 3.828533738851547241e-02 -9.975299239158630371e-01
1.413394923955760479e+09 7.526507973670959473e-01 -2.123104631900787354e-01 2.036810368299484253e-01 3.628613427281379700e-02 6.456039100885391235e-02 6.807553768157958984e-02 -9.949277043342590332e-01
1.413394924155760527e+09 7.369496822357177734e-01 -2.304505258798599243e-01 2.711974382400512695e-01 2.664950676262378693e-02 1.316204965114593506e-01 7.881166040897369385e-02 -9.878029227256774902e-01
1.413394924355760574e+09 7.158740758895874023e-01 -2.487425804138183594e-01 3.338431119918823242e-01 3.547367453575134277e-02 2.107860743999481201e-01 6.545337289571762085e-02 -9.746931791305541992e-01
1.413394924555760384e+09 6.985871195793151855e-01 -2.680447697639465332e-01 3.974882364273071289e-01 2.938116900622844696e-02 2.800045609474182129e-01 8.323637396097183228e-02 -9.559320211410522461e-01
1.413394924755760431e+09 6.700259447097778320e-01 -3.058942258358001709e-01 5.022590160369873047e-01 -1.173809822648763657e-02 3.846751451492309570e-01 1.568707525730133057e-01 -9.095487594604492188e-01
1.413394925005760670e+09 6.387084126472473145e-01 -3.377269804477691650e-01 5.660124421119689941e-01 -3.331181406974792480e-02 4.254937469959259033e-01 2.130366861820220947e-01 -8.788975477218627930e-01
1.413394925405760527e+09 5.723515748977661133e-01 -3.552996218204498291e-01 5.863750576972961426e-01 -1.118601299822330475e-02 4.595762193202972412e-01 2.205975204706192017e-01 -8.602333068847656250e-01
1.413394925705760717e+09 5.256352424621582031e-01 -3.476610481739044189e-01 5.775825977325439453e-01 1.679546013474464417e-02 4.777108728885650635e-01 1.782068759202957153e-01 -8.600887060165405273e-01
1.413394925905760527e+09 4.764030277729034424e-01 -3.380273878574371338e-01 5.647044181823730469e-01 3.102550096809864044e-02 4.867748320102691650e-01 1.623520702123641968e-01 -8.577468395233154297e-01
1.413394926105760574e+09 4.005629122257232666e-01 -3.245020508766174316e-01 5.434330701828002930e-01 2.502179332077503204e-02 4.920458495616912842e-01 1.950211524963378906e-01 -8.480752110481262207e-01
1.413394926405760527e+09 3.437573313713073730e-01 -3.170017302036285400e-01 5.254707932472229004e-01 4.552933201193809509e-02 5.021906495094299316e-01 1.894226968288421631e-01 -8.425264358520507812e-01
1.413394926605760574e+09 2.810797989368438721e-01 -3.120079040527343750e-01 5.048897862434387207e-01 5.686631798744201660e-02 5.490068793296813965e-01 1.688055694103240967e-01 -8.166164755821228027e-01
1.413394926805760622e+09 2.178065478801727295e-01 -3.090278506278991699e-01 4.888285398483276367e-01 8.373207598924636841e-02 6.182904839515686035e-01 1.378720402717590332e-01 -7.692186236381530762e-01
1.413394927005760670e+09 1.279866695404052734e-01 -2.969695627689361572e-01 4.981946945190429688e-01 4.417145252227783203e-02 6.642115116119384766e-01 1.823741942644119263e-01 -7.236101031303405762e-01
1.413394927405760527e+09 1.043748855590820312e-02 -3.090887963771820068e-01 5.242014527320861816e-01 3.135014325380325317e-02 6.656982898712158203e-01 2.216977179050445557e-01 -7.118378281593322754e-01
1.413394927805760622e+09 -1.107023954391479492e-01 -3.419804871082305908e-01 5.348505973815917969e-01 2.304088510572910309e-02 6.729220747947692871e-01 2.208524197340011597e-01 -7.055984735488891602e-01
1.413394928205760717e+09 -2.017550766468048096e-01 -3.437387347221374512e-01 5.424735546112060547e-01 -3.537430241703987122e-02 6.740720272064208984e-01 2.152307927608489990e-01 -7.057275772094726562e-01
1.413394928505760670e+09 -3.180702924728393555e-01 -3.471927940845489502e-01 5.219955444335937500e-01 5.666569806635379791e-03 6.746388077735900879e-01 1.938304305076599121e-01 -7.122220396995544434e-01
1.413394929205760717e+09 -4.086863398551940918e-01 -3.205977082252502441e-01 4.877473413944244385e-01 -6.585730239748954773e-03 6.774301528930664062e-01 1.651349663734436035e-01 -7.167813777923583984e-01
1.413394929605760574e+09 -4.457065463066101074e-01 -2.650810480117797852e-01 4.529657363891601562e-01 3.993264213204383850e-02 6.669741272926330566e-01 1.852798610925674438e-01 -7.205708026885986328e-01
1.413394930605760574e+09 -4.372336864471435547e-01 -2.457091063261032104e-01 4.557679891586303711e-01 1.197268664836883545e-01 6.419515609741210938e-01 2.466824203729629517e-01 -7.160387039184570312e-01
1.413394930905760527e+09 -4.592322111129760742e-01 -2.224993854761123657e-01 4.683673679828643799e-01 4.017236176878213882e-03 6.543973088264465332e-01 2.094143182039260864e-01 -7.265629172325134277e-01
1.413394931105760574e+09 -4.483307301998138428e-01 -2.388571500778198242e-01 4.229292571544647217e-01 -6.874298211187124252e-03 6.674365997314453125e-01 2.620327472686767578e-01 -6.970078945159912109e-01
1.413394932005760670e+09 -4.387163519859313965e-01 -2.347813844680786133e-01 3.921811282634735107e-01 -4.299276624806225300e-04 7.309070825576782227e-01 2.423309087753295898e-01 -6.380050778388977051e-01
1.413394932205760717e+09 -4.270337820053100586e-01 -2.430165559053421021e-01 3.517901599407196045e-01 1.068751607090234756e-02 7.992497682571411133e-01 2.080961763858795166e-01 -5.637211799621582031e-01
1.413394932405760527e+09 -4.106875061988830566e-01 -2.531134784221649170e-01 3.178332746028900146e-01 -7.518153637647628784e-03 8.510819673538208008e-01 1.935150623321533203e-01 -4.880112111568450928e-01
1.413394932605760574e+09 -3.876382112503051758e-01 -2.581304609775543213e-01 2.974293828010559082e-01 -2.207515016198158264e-02 8.849822878837585449e-01 2.024309933185577393e-01 -4.187371432781219482e-01
1.413394932805760622e+09 -3.377641439437866211e-01 -2.631626427173614502e-01 2.830622494220733643e-01 6.095546763390302658e-03 9.022119641304016113e-01 2.752376794815063477e-01 -3.319950103759765625e-01
1.413394933105760574e+09 -2.886057496070861816e-01 -2.567963600158691406e-01 2.739838361740112305e-01 9.918952360749244690e-03 9.242086410522460938e-01 2.880466878414154053e-01 -2.505377829074859619e-01
1.413394933405760527e+09 -2.430360615253448486e-01 -2.276086360216140747e-01 2.693471610546112061e-01 1.655276864767074585e-03 9.443055391311645508e-01 2.778021991252899170e-01 -1.763808727264404297e-01
1.413394933705760717e+09 -1.837566196918487549e-01 -1.895412206649780273e-01 2.716255187988281250e-01 -1.896747387945652008e-03 9.571328163146972656e-01 2.741494774818420410e-01 -9.346283227205276489e-02
1.413394934105760574e+09 -1.375211328268051147e-01 -1.709753274917602539e-01 2.818911075592041016e-01 -2.401949372142553329e-03 9.646726250648498535e-01 2.633075118064880371e-01 -8.374223485589027405e-03
1.413394934405760527e+09 -1.071306392550468445e-01 -1.481262296438217163e-01 2.956156432628631592e-01 9.582127444446086884e-03 9.581472277641296387e-01 2.809277772903442383e-01 5.423790588974952698e-02
1.413394934605760574e+09 -6.790799647569656372e-02 -1.102184131741523743e-01 3.160763680934906006e-01 2.063169842585921288e-03 9.536082148551940918e-01 2.843649685382843018e-01 9.881119430065155029e-02
1.413394935105760574e+09 2.268560230731964111e-03 -9.677103161811828613e-02 3.580563962459564209e-01 6.687649874947965145e-04 9.634553790092468262e-01 2.624135613441467285e-01 5.378229543566703796e-02
1.413394936005760670e+09 3.324722498655319214e-02 -9.634657204151153564e-02 4.185111224651336670e-01 -6.711716763675212860e-03 9.521435499191284180e-01 3.020081818103790283e-01 4.656970500946044922e-02
1.413394936255760431e+09 5.567508935928344727e-02 -8.531907200813293457e-02 4.569576680660247803e-01 -1.299055665731430054e-02 9.450884461402893066e-01 2.878689765930175781e-01 1.541772633790969849e-01
1.413394936605760574e+09 7.463055849075317383e-02 -7.858885824680328369e-02 4.808292388916015625e-01 -3.235590830445289612e-02 9.270784854888916016e-01 2.614926993846893311e-01 2.666461169719696045e-01
1.413394936805760622e+09 9.955173730850219727e-02 -7.678099721670150757e-02 5.080736875534057617e-01 -3.398533165454864502e-02 8.972619175910949707e-01 2.613531053066253662e-01 3.542043864727020264e-01
1.413394937005760670e+09 1.256289482116699219e-01 -7.834161072969436646e-02 5.352249145507812500e-01 -4.267895221710205078e-02 8.658114671707153320e-01 2.612736225128173828e-01 4.245999455451965332e-01
1.413394937205760717e+09 1.574126482009887695e-01 -8.110477775335311890e-02 5.606184005737304688e-01 -5.199265480041503906e-02 8.288859128952026367e-01 2.587052285671234131e-01 4.932713508605957031e-01
1.413394937305760622e+09 2.095977067947387695e-01 -8.748707920312881470e-02 5.917564034461975098e-01 -3.502304106950759888e-02 7.940838932991027832e-01 2.676408886909484863e-01 5.445848107337951660e-01
1.413394937655760527e+09 2.592234015464782715e-01 -9.059700369834899902e-02 6.101363301277160645e-01 -2.623257227241992950e-02 7.894037365913391113e-01 2.594071030616760254e-01 5.557532310485839844e-01
1.413394937855760574e+09 3.675747513771057129e-01 -1.005788445472717285e-01 6.285437941551208496e-01 5.547686945647001266e-03 8.039020299911499023e-01 2.828724682331085205e-01 5.231577754020690918e-01
1.413394938255760431e+09 4.766644239425659180e-01 -1.410121172666549683e-01 5.932878255844116211e-01 8.623729459941387177e-03 8.416357040405273438e-01 2.843025624752044678e-01 4.590719938278198242e-01
1.413394938655760527e+09 5.298722386360168457e-01 -1.646612137556076050e-01 5.584379434585571289e-01 -1.150786690413951874e-02 8.680677413940429688e-01 2.775172591209411621e-01 4.114731252193450928e-01
1.413394938855760574e+09 5.832872390747070312e-01 -1.763172298669815063e-01 5.244964361190795898e-01 -9.043804369866847992e-03 8.884747028350830078e-01 3.011932671070098877e-01 3.461409807205200195e-01
1.413394939055760384e+09 6.362988948822021484e-01 -1.779136955738067627e-01 4.867541193962097168e-01 5.202433839440345764e-02 9.105226397514343262e-01 3.156031370162963867e-01 2.619859278202056885e-01
1.413394939255760431e+09 6.800075173377990723e-01 -1.648735255002975464e-01 4.444042444229125977e-01 7.414722442626953125e-02 9.314439296722412109e-01 3.110016584396362305e-01 1.737598925828933716e-01
1.413394939455760479e+09 7.335497736930847168e-01 -1.362846046686172485e-01 3.464339375495910645e-01 1.358745619654655457e-02 9.521616101264953613e-01 2.926118373870849609e-01 8.707421272993087769e-02
1.413394939855760574e+09 7.609993815422058105e-01 -1.387768238782882690e-01 2.380679696798324585e-01 2.534337528049945831e-02 9.457046389579772949e-01 3.234183788299560547e-01 2.002405188977718353e-02
1.413394940255760431e+09 7.611789107322692871e-01 -1.000790223479270935e-01 1.246322989463806152e-01 3.299822658300399780e-02 9.476628899574279785e-01 3.009229898452758789e-01 -1.014476045966148376e-01
1.413394940655760527e+09 7.545772790908813477e-01 -7.329432666301727295e-02 6.878209114074707031e-02 2.079462865367531776e-03 9.392664432525634766e-01 2.951266765594482422e-01 -1.751415431499481201e-01
1.413394940855760574e+09 7.533225417137145996e-01 -5.160194635391235352e-02 -3.741216659545898438e-02 1.898479647934436798e-02 9.253427386283874512e-01 2.961983978748321533e-01 -2.358961850404739380e-01
1.413394941305760622e+09 7.468780279159545898e-01 -4.949553310871124268e-02 -1.336542963981628418e-01 8.869921416044235229e-02 9.066915512084960938e-01 3.137990236282348633e-01 -2.675316631793975830e-01
1.413394941505760670e+09 6.899179816246032715e-01 -5.068452656269073486e-02 -2.704662382602691650e-01 -6.759979296475648880e-03 9.005315303802490234e-01 3.279697597026824951e-01 -2.853649556636810303e-01
1.413394941805760622e+09 6.568457484245300293e-01 -5.178823694586753845e-02 -3.531663417816162109e-01 2.561657316982746124e-02 9.045283794403076172e-01 2.967063188552856445e-01 -3.051846027374267578e-01
1.413394942005760670e+09 6.211196780204772949e-01 -5.388812720775604248e-02 -4.326400160789489746e-01 1.191352307796478271e-01 9.025282859802246094e-01 2.647427618503570557e-01 -3.180577754974365234e-01
1.413394942305760622e+09 5.258491039276123047e-01 -6.875406205654144287e-02 -5.263417959213256836e-01 1.801740229129791260e-01 8.799360394477844238e-01 2.442905306816101074e-01 -3.654751777648925781e-01
1.413394942505760670e+09 4.253581166267395020e-01 -8.122324943542480469e-02 -5.615165233612060547e-01 1.548269689083099365e-01 8.585606813430786133e-01 2.316439300775527954e-01 -4.303989708423614502e-01
1.413394942705760717e+09 3.110806345939636230e-01 -7.991299778223037720e-02 -5.748214125633239746e-01 8.196038752794265747e-02 8.298951983451843262e-01 2.130472064018249512e-01 -5.090848803520202637e-01
1.413394942905760527e+09 1.948031187057495117e-01 -6.377376616001129150e-02 -5.698225498199462891e-01 -4.891192167997360229e-02 7.885633707046508789e-01 1.939678192138671875e-01 -5.815083384513854980e-01
1.413394943105760574e+09 1.015468239784240723e-01 -3.491080552339553833e-02 -5.611506104469299316e-01 -1.008785218000411987e-01 7.361249923706054688e-01 1.737985014915466309e-01 -6.463263034820556641e-01
1.413394943305760622e+09 3.934505581855773926e-02 1.137852668762207031e-04 -5.577893257141113281e-01 -1.098204925656318665e-01 6.799764633178710938e-01 1.595733314752578735e-01 -7.071830034255981445e-01
1.413394943505760670e+09 5.063593387603759766e-03 3.736343234777450562e-02 -5.810135006904602051e-01 -5.315452441573143005e-02 6.018226742744445801e-01 1.855475604534149170e-01 -7.749556899070739746e-01
1.413394943805760622e+09 6.782829761505126953e-03 7.640487700700759888e-02 -6.309305429458618164e-01 1.769701950252056122e-02 5.828247666358947754e-01 1.582090556621551514e-01 -7.968513965606689453e-01
1.413394944205760717e+09 2.664723992347717285e-02 1.173533126711845398e-01 -6.907733082771301270e-01 4.311290383338928223e-02 5.600938200950622559e-01 1.905434727668762207e-01 -8.050648570060729980e-01
1.413394944605760574e+09 3.001803159713745117e-02 1.381347626447677612e-01 -7.308684587478637695e-01 1.191553026437759399e-01 4.605366587638854980e-01 1.907482892274856567e-01 -8.586752414703369141e-01
1.413394944905760527e+09 -1.545712351799011230e-03 1.627484411001205444e-01 -7.216042280197143555e-01 1.074481233954429626e-01 3.429549634456634521e-01 1.511429250240325928e-01 -9.208651781082153320e-01
1.413394945205760717e+09 -3.672745823860168457e-02 1.752115190029144287e-01 -6.975852251052856445e-01 6.640409678220748901e-02 2.598721683025360107e-01 1.291514635086059570e-01 -9.546605944633483887e-01
1.413394945405760527e+09 -7.912535965442657471e-02 1.805918067693710327e-01 -6.699402928352355957e-01 1.386178750544786453e-02 1.865190714597702026e-01 7.507410645484924316e-02 -9.794806838035583496e-01
1.413394945605760574e+09 -1.350547373294830322e-01 1.867325901985168457e-01 -6.341849565505981445e-01 9.398018009960651398e-03 7.362420111894607544e-02 -3.949887305498123169e-02 -9.964592456817626953e-01
1.413394945905760527e+09 -1.507228463888168335e-01 1.938590109348297119e-01 -6.003501415252685547e-01 8.599665947258472443e-03 -1.184789910912513733e-01 -8.103437721729278564e-02 -9.896071553230285645e-01
1.413394946255760431e+09 -1.272654235363006592e-01 1.970511376857757568e-01 -5.885019302368164062e-01 -1.394911669194698334e-03 -2.791002392768859863e-01 -1.309537291526794434e-01 -9.512897729873657227e-01
1.413394946655760527e+09 -1.011910587549209595e-01 2.006171047687530518e-01 -5.917116999626159668e-01 -9.917060844600200653e-03 -3.839580416679382324e-01 -1.535487174987792969e-01 -9.104399085044860840e-01
1.413394946855760574e+09 -6.765848398208618164e-02 2.052706032991409302e-01 -6.040067672729492188e-01 -1.505380216985940933e-02 -4.979752302169799805e-01 -1.439281702041625977e-01 -8.550314903259277344e-01
1.413394947055760384e+09 -3.536418080329895020e-02 2.094465047121047974e-01 -6.241577863693237305e-01 -1.717026159167289734e-02 -5.987348556518554688e-01 -1.518959850072860718e-01 -7.862247824668884277e-01
1.413394947255760431e+09 -1.114434003829956055e-02 2.054260671138763428e-01 -6.487338542938232422e-01 -1.654447638429701328e-03 -6.812921762466430664e-01 -1.786310076713562012e-01 -7.098796963691711426e-01
1.413394947455760479e+09 4.931092262268066406e-03 1.841534376144409180e-01 -6.734660267829895020e-01 -7.517330814152956009e-03 -7.418115139007568359e-01 -1.819611340761184692e-01 -6.454064249992370605e-01
1.413394947655760527e+09 2.023643255233764648e-02 1.365076750516891479e-01 -7.077862620353698730e-01 5.718893557786941528e-02 -7.315820455551147461e-01 -2.585584819316864014e-01 -6.282234787940979004e-01
1.413394948055760384e+09 8.033287525177001953e-02 8.929768204689025879e-02 -7.340407967567443848e-01 7.744193077087402344e-02 -6.643130779266357422e-01 -2.373925745487213135e-01 -7.045109272003173828e-01
1.413394948455760479e+09 1.372635960578918457e-01 6.856698542833328247e-02 -7.442577481269836426e-01 5.267136730253696442e-03 -6.710572838783264160e-01 -1.486615836620330811e-01 -7.263292074203491211e-01
1.413394948655760527e+09 1.859534382820129395e-01 4.661507904529571533e-02 -7.475976347923278809e-01 -6.694793701171875000e-02 -6.788460612297058105e-01 -8.287499099969863892e-02 -7.265106439590454102e-01
1.413394949055760384e+09 1.927677392959594727e-01 9.784519672393798828e-03 -7.445553541183471680e-01 2.838209085166454315e-02 -6.704604625701904297e-01 -1.691970080137252808e-01 -7.218376994132995605e-01
1.413394949255760431e+09 2.685112357139587402e-01 -3.503475338220596313e-02 -6.534621715545654297e-01 -4.274109005928039551e-02 -6.923645138740539551e-01 -1.212649345397949219e-01 -7.099996209144592285e-01
1.413394950055760384e+09 2.831391096115112305e-01 -6.310963630676269531e-02 -5.875072479248046875e-01 -4.876085370779037476e-02 -6.175268888473510742e-01 -2.055808752775192261e-01 -7.576406598091125488e-01
1.413394950455760479e+09 3.237365484237670898e-01 -1.024909913539886475e-01 -5.430723428726196289e-01 1.540304347872734070e-02 -6.068927645683288574e-01 -1.325709372758865356e-01 -7.834978699684143066e-01
1.413394951055760384e+09 3.484866917133331299e-01 -1.298188865184783936e-01 -5.205090045928955078e-01 -8.361131697893142700e-02 -5.882346034049987793e-01 -4.642175510525703430e-02 -8.030157685279846191e-01
1.413394951255760431e+09 2.938205003738403320e-01 -1.708965003490447998e-01 -4.785311222076416016e-01 2.856779471039772034e-02 -4.810101687908172607e-01 -1.566189527511596680e-01 -8.621390461921691895e-01
1.413394951655760527e+09 2.676452696323394775e-01 -2.037960588932037354e-01 -4.728925228118896484e-01 1.369048953056335449e-01 -4.484186470508575439e-01 -2.256031483411788940e-01 -8.539795279502868652e-01
1.413394951855760574e+09 3.073905706405639648e-01 -2.731380462646484375e-01 -4.245051145553588867e-01 9.770286269485950470e-03 -4.961947798728942871e-01 -1.218389049172401428e-01 -8.595641851425170898e-01
1.413394952255760431e+09 3.423249125480651855e-01 -3.119316995143890381e-01 -3.918966054916381836e-01 -4.698971286416053772e-02 -5.043131113052368164e-01 -9.241767227649688721e-02 -8.572743535041809082e-01
1.413394952455760479e+09 3.821073770523071289e-01 -3.401344716548919678e-01 -3.309744596481323242e-01 3.885797411203384399e-02 -4.463213682174682617e-01 -1.499131172895431519e-01 -8.813701868057250977e-01
1.413394952855760574e+09 4.391376972198486328e-01 -3.877259194850921631e-01 -2.853919267654418945e-01 -7.679705321788787842e-02 -4.458564817905426025e-01 -5.175266787409782410e-02 -8.903011083602905273e-01
1.413394953255760431e+09 3.555993437767028809e-01 -4.097734391689300537e-01 -2.989477813243865967e-01 3.269090130925178528e-02 -4.448340237140655518e-01 -1.081278994679450989e-01 -8.884607553482055664e-01
1.413394953855760574e+09 3.041315674781799316e-01 -3.700453042984008789e-01 -3.033110499382019043e-01 1.294202953577041626e-01 -4.341460168361663818e-01 -1.541204154491424561e-01 -8.780744075775146484e-01
1.413394954055760384e+09 2.441131174564361572e-01 -2.808121740818023682e-01 -2.651018798351287842e-01 -2.079336158931255341e-02 -4.501305520534515381e-01 -6.848546117544174194e-02 -8.900898694992065430e-01
1.413394954455760479e+09 1.448429971933364868e-01 -2.163155674934387207e-01 -2.414641231298446655e-01 3.291036933660507202e-02 -4.316153824329376221e-01 -1.354101598262786865e-01 -8.912290930747985840e-01
1.413394954855760574e+09 9.308929741382598877e-02 -1.852267682552337646e-01 -2.314839363098144531e-01 1.184688955545425415e-01 -4.240231513977050781e-01 -2.031049281358718872e-01 -8.745959401130676270e-01
1.413394955055760384e+09 3.588251397013664246e-02 -1.310004144906997681e-01 -1.884512901306152344e-01 -2.166663855314254761e-02 -4.297962188720703125e-01 -6.809936463832855225e-02 -9.000934958457946777e-01
1.413394955455760479e+09 -3.755005076527595520e-03 -1.107992976903915405e-01 -1.712462455034255981e-01 -7.622391451150178909e-03 -3.530834913253784180e-01 -1.240047290921211243e-01 -9.273062348365783691e-01
1.413394955655760527e+09 -3.196507319808006287e-02 -1.020868271589279175e-01 -1.640513539314270020e-01 9.142094105482101440e-02 -2.955898940563201904e-01 -1.855155676603317261e-01 -9.326590895652770996e-01
1.413394955855760574e+09 -1.356310024857521057e-02 -1.311761289834976196e-01 -1.236824840307235718e-01 5.258501041680574417e-03 -3.310739994049072266e-01 -5.773141607642173767e-02 -9.418224692344665527e-01
1.413394956305760622e+09 -1.478361152112483978e-02 -1.653257459402084351e-01 -8.709132671356201172e-02 -3.986343368887901306e-02 -2.443546652793884277e-01 -6.059386581182479858e-02 -9.669695496559143066e-01
1.413394956655760527e+09 -2.433163486421108246e-02 -1.607770174741744995e-01 -8.169773221015930176e-02 9.962527453899383545e-02 -1.838307827711105347e-01 -5.739375576376914978e-02 -9.762105345726013184e-01
1.413394957055760384e+09 -2.189473062753677368e-02 -1.841821670532226562e-01 -2.940031141042709351e-02 2.108239941298961639e-02 -1.662223190069198608e-01 -2.964930795133113861e-02 -9.854169487953186035e-01
1.413394957255760431e+09 -1.975545845925807953e-02 -2.092105001211166382e-01 1.375922234728932381e-03 -7.774316519498825073e-02 -1.629951745271682739e-01 -2.743817307054996490e-02 -9.831763505935668945e-01
1.413394957455760479e+09 -2.829691022634506226e-02 -2.276444286108016968e-01 -7.763409521430730820e-04 4.356342554092407227e-02 -1.353247314691543579e-01 -4.817758128046989441e-02 -9.886700510978698730e-01
1.413394957855760574e+09 -2.627284266054630280e-02 -2.357207983732223511e-01 -2.815065439790487289e-03 -5.897222086787223816e-02 -2.724785543978214264e-02 -2.038287371397018433e-02 -9.976795315742492676e-01
1.413394958355760574e+09 -5.860102362930774689e-03 -2.320611029863357544e-01 -3.114440105855464935e-02 1.224730629473924637e-02 4.974211007356643677e-02 2.040325477719306946e-02 -9.984785914421081543e-01
1.413394958655760527e+09 1.072008814662694931e-02 -2.273785024881362915e-01 -5.903505533933639526e-02 1.440609097480773926e-01 8.807322382926940918e-02 4.017796739935874939e-02 -9.848224520683288574e-01
1.413394958955760479e+09 2.415439672768115997e-02 -2.525564134120941162e-01 -4.476331919431686401e-02 1.494959462434053421e-02 1.597081720829010010e-01 9.417369216680526733e-02 -9.825482964515686035e-01
1.413394959255760431e+09 2.329538017511367798e-02 -2.833552956581115723e-01 -4.069337993860244751e-02 1.137934029102325439e-01 2.470167726278305054e-01 1.216730624437332153e-01 -9.545833468437194824e-01
1.413394959755760431e+09 -1.313818618655204773e-02 -3.081126213073730469e-01 -1.323538180440664291e-02 4.768175538629293442e-03 3.430148363113403320e-01 1.430660933256149292e-01 -9.283589124679565430e-01
1.413394960155760527e+09 -4.892047494649887085e-02 -3.077906668186187744e-01 6.012111902236938477e-03 -3.558785840868949890e-02 4.466196298599243164e-01 1.334097236394882202e-01 -8.840058445930480957e-01
1.413394960455760479e+09 -6.183288991451263428e-02 -2.975055575370788574e-01 5.508027970790863037e-03 6.112588569521903992e-02 4.932909011840820312e-01 1.982141435146331787e-01 -8.447715044021606445e-01
1.413394960655760527e+09 -1.228265985846519470e-01 -2.743232846260070801e-01 1.940123736858367920e-02 1.218838710337877274e-02 5.865169763565063477e-01 2.054453492164611816e-01 -7.833527326583862305e-01
1.413394961055760384e+09 -2.094618678092956543e-01 -2.575834393501281738e-01 2.924138307571411133e-02 6.523746997117996216e-02 5.789203047752380371e-01 2.596696913242340088e-01 -7.701733112335205078e-01
1.413394961555760384e+09 -2.772211134433746338e-01 -2.512823939323425293e-01 2.303937077522277832e-02 -3.391991555690765381e-02 6.024819612503051758e-01 1.971191763877868652e-01 -7.726635336875915527e-01
1.413394961855760574e+09 -3.430599570274353027e-01 -2.372246533632278442e-01 -2.249836921691894531e-02 3.047705814242362976e-02 5.899007916450500488e-01 2.046917229890823364e-01 -7.805060148239135742e-01
1.413394962455760479e+09 -3.652286529541015625e-01 -2.429267764091491699e-01 -5.721434950828552246e-02 -5.906585231423377991e-02 6.021118164062500000e-01 1.469161957502365112e-01 -7.825524210929870605e-01
1.413394962655760527e+09 -3.543284535408020020e-01 -2.411425709724426270e-01 -1.046246141195297241e-01 1.715708523988723755e-02 6.001503467559814453e-01 1.802564561367034912e-01 -7.791231870651245117e-01
1.413394962955760479e+09 -3.177479207515716553e-01 -2.214829474687576294e-01 -1.645599305629730225e-01 -5.034105852246284485e-02 6.323338150978088379e-01 1.552757322788238525e-01 -7.573038935661315918e-01
1.413394963355760574e+09 -2.849639654159545898e-01 -1.876643896102905273e-01 -1.942844539880752563e-01 1.727188937366008759e-02 6.177732348442077637e-01 2.165676802396774292e-01 -7.557489275932312012e-01
1.413394963555760384e+09 -2.453480809926986694e-01 -1.373217552900314331e-01 -2.388289868831634521e-01 1.818326115608215332e-02 6.108056306838989258e-01 2.256224155426025391e-01 -7.587361335754394531e-01
1.413394963855760574e+09 -2.144701331853866577e-01 -9.234457463026046753e-02 -2.912275791168212891e-01 2.358261123299598694e-02 6.128419041633605957e-01 1.984221190214157104e-01 -7.645241618156433105e-01
1.413394964155760527e+09 -1.920312345027923584e-01 -6.282918155193328857e-02 -3.272314667701721191e-01 7.087413966655731201e-02 5.893269777297973633e-01 2.515488862991333008e-01 -7.644565701484680176e-01
1.413394964355760574e+09 -1.855523884296417236e-01 -4.706961289048194885e-02 -3.651768863201141357e-01 -6.068083923310041428e-03 6.113938689231872559e-01 1.839415282011032104e-01 -7.696273326873779297e-01
1.413394964555760384e+09 -1.638871431350708008e-01 -2.496524527668952942e-02 -4.258093833923339844e-01 7.889942824840545654e-02 6.108965873718261719e-01 1.919725835323333740e-01 -7.640201449394226074e-01
1.413394964855760574e+09 -1.534611880779266357e-01 -1.726264134049415588e-02 -4.561220109462738037e-01 1.546528637409210205e-01 5.931338667869567871e-01 2.203928232192993164e-01 -7.587500810623168945e-01
1.413394965055760384e+09 -1.751438677310943604e-01 -3.087244369089603424e-02 -4.760502874851226807e-01 7.507261820137500763e-03 6.308774352073669434e-01 1.557205766439437866e-01 -7.600582242012023926e-01
1.413394965355760574e+09 -1.806132197380065918e-01 -5.335777252912521362e-02 -4.966418147087097168e-01 -1.957197906449437141e-03 7.133430242538452148e-01 1.910658478736877441e-01 -6.742639541625976562e-01
1.413394965755760431e+09 -1.587771177291870117e-01 -6.668874621391296387e-02 -5.101590156555175781e-01 -7.227262482047080994e-03 7.840190529823303223e-01 2.223469913005828857e-01 -5.795029997825622559e-01
1.413394966055760384e+09 -1.121390461921691895e-01 -6.357526779174804688e-02 -5.121210813522338867e-01 -1.146840979345142841e-03 8.346014618873596191e-01 2.348549365997314453e-01 -4.982793033123016357e-01
1.413394966355760574e+09 -7.128041982650756836e-02 -4.953408241271972656e-02 -5.071865916252136230e-01 7.227534800767898560e-02 8.195206522941589355e-01 3.524307012557983398e-01 -4.460434317588806152e-01
1.413394966555760384e+09 -4.606360197067260742e-02 -3.855663537979125977e-02 -5.226190686225891113e-01 1.219199690967798233e-02 8.862626552581787109e-01 2.484433799982070923e-01 -3.907245993614196777e-01
1.413394966855760574e+09 -1.946014165878295898e-02 -2.932608127593994141e-02 -5.345308780670166016e-01 1.522354409098625183e-02 9.005840420722961426e-01 2.895502448081970215e-01 -3.238479197025299072e-01
1.413394967155760527e+09 7.055401802062988281e-03 -2.933208644390106201e-02 -5.511783361434936523e-01 2.309353090822696686e-03 9.301350116729736328e-01 2.709616720676422119e-01 -2.478375434875488281e-01
1.413394967455760479e+09 2.621403336524963379e-02 -3.974202275276184082e-02 -5.656784772872924805e-01 3.266072599217295647e-03 9.566357731819152832e-01 2.153275310993194580e-01 -1.961412429809570312e-01
1.413394967655760527e+09 5.047142505645751953e-02 -4.556933045387268066e-02 -5.631831884384155273e-01 1.808108016848564148e-02 9.403191208839416504e-01 3.090114891529083252e-01 -1.413681358098983765e-01
1.413394967855760574e+09 8.330231904983520508e-02 -7.258334755897521973e-02 -5.706553459167480469e-01 2.996242605149745941e-03 9.663487076759338379e-01 2.522691190242767334e-01 -5.021323636174201965e-02
1.413394968155760527e+09 1.259757578372955322e-01 -7.687720656394958496e-02 -5.625679492950439453e-01 4.054944496601819992e-03 9.498695135116577148e-01 3.105302155017852783e-01 3.609110414981842041e-02
1.413394968655760527e+09 1.773298084735870361e-01 -6.496575474739074707e-02 -5.886333584785461426e-01 -1.398853585124015808e-02 9.505189061164855957e-01 2.988558113574981689e-01 8.368580788373947144e-02
1.413394969055760384e+09 2.175297588109970093e-01 -5.561640858650207520e-02 -6.153277754783630371e-01 1.125112827867269516e-02 9.577766656875610352e-01 2.601760327816009521e-01 1.218431219458580017e-01
1.413394969455760479e+09 2.589291334152221680e-01 -7.900774478912353516e-03 -6.231392621994018555e-01 -3.424809128046035767e-02 9.555137157440185547e-01 2.605671286582946777e-01 1.338859349489212036e-01
1.413394969855760574e+09 3.231647610664367676e-01 1.799276471138000488e-02 -6.133211255073547363e-01 -3.226663172245025635e-02 9.412901997566223145e-01 3.118858039379119873e-01 1.251356899738311768e-01
1.413394970255760431e+09 4.173443317413330078e-01 3.577321767807006836e-03 -6.331752538681030273e-01 4.183377698063850403e-02 9.606338143348693848e-01 2.449735701084136963e-01 1.241800785064697266e-01
1.413394970655760527e+09 4.731981158256530762e-01 1.643598079681396484e-02 -6.181780695915222168e-01 -1.752190291881561279e-02 9.501078724861145020e-01 2.888849377632141113e-01 1.163341179490089417e-01
1.413394971255760431e+09 5.130022764205932617e-01 6.325244903564453125e-04 -6.349771022796630859e-01 2.104581333696842194e-02 9.225463271141052246e-01 3.711432516574859619e-01 1.035280525684356689e-01
1.413394971855760574e+09 5.293108224868774414e-01 1.446574926376342773e-03 -6.787310838699340820e-01 5.373039841651916504e-02 9.493531584739685059e-01 2.975028753280639648e-01 8.563753217458724976e-02
1.413394972055760384e+09 5.228465795516967773e-01 1.942978799343109131e-02 -7.575624585151672363e-01 6.428256630897521973e-02 9.736075401306152344e-01 2.154528647661209106e-01 -3.919527679681777954e-02
1.413394972455760479e+09 4.987010359764099121e-01 3.456880152225494385e-02 -7.741080522537231445e-01 6.750385463237762451e-02 9.635413289070129395e-01 2.166811525821685791e-01 -1.417062729597091675e-01
1.413394972655760527e+09 4.640659093856811523e-01 5.113287270069122314e-02 -7.729356288909912109e-01 6.064761430025100708e-02 9.289054274559020996e-01 2.629863023757934570e-01 -2.535642087459564209e-01
1.413394972855760574e+09 4.192940592765808105e-01 5.976268276572227478e-02 -7.655882835388183594e-01 1.281000487506389618e-02 8.887292742729187012e-01 2.803815901279449463e-01 -3.624672293663024902e-01
1.413394973005760670e+09 3.911306858062744141e-01 6.502504646778106689e-02 -7.606384754180908203e-01 -4.331761505454778671e-03 8.550994396209716797e-01 2.719780206680297852e-01 -4.413774311542510986e-01
1.413394973105760574e+09 3.528003692626953125e-01 6.878317892551422119e-02 -7.572587132453918457e-01 1.513956021517515182e-02 8.052288293838500977e-01 2.564396858215332031e-01 -5.344305634498596191e-01
1.413394973305760622e+09 3.167648911476135254e-01 7.331447303295135498e-02 -7.575693130493164062e-01 3.610388934612274170e-02 7.484824657440185547e-01 2.357897311449050903e-01 -6.187679767608642578e-01
1.413394973505760670e+09 2.796560525894165039e-01 7.537335157394409180e-02 -7.554096579551696777e-01 4.554172977805137634e-02 6.811463236808776855e-01 2.143437713384628296e-01 -6.985860466957092285e-01
1.413394973705760717e+09 2.415449321269989014e-01 7.515094429254531860e-02 -7.506728768348693848e-01 3.687965497374534607e-02 6.052824258804321289e-01 1.917048543691635132e-01 -7.717009782791137695e-01
1.413394973905760527e+09 2.042175084352493286e-01 7.290934771299362183e-02 -7.440643310546875000e-01 3.774085268378257751e-02 5.261678099632263184e-01 1.611523330211639404e-01 -8.341181874275207520e-01
1.413394974105760574e+09 1.547350585460662842e-01 6.510238349437713623e-02 -7.306483983993530273e-01 4.408470541238784790e-02 4.049314856529235840e-01 1.053177565336227417e-01 -9.071909189224243164e-01
1.413394974405760527e+09 1.203237995505332947e-01 5.044531822204589844e-02 -7.078430652618408203e-01 4.984516277909278870e-02 2.794109880924224854e-01 5.272030830383300781e-02 -9.574265480041503906e-01
1.413394974705760717e+09 1.051080077886581421e-01 3.372324258089065552e-02 -6.755038499832153320e-01 3.238723427057266235e-02 1.589083820581436157e-01 4.206519946455955505e-02 -9.858649969100952148e-01
1.413394975005760670e+09 9.862835705280303955e-02 5.422170832753181458e-02 -6.173445582389831543e-01 -1.412654644809663296e-03 2.716408297419548035e-02 2.942703291773796082e-02 -9.991968274116516113e-01
1.413394975605760574e+09 1.681031472980976105e-02 9.310366213321685791e-02 -5.783297419548034668e-01 -4.232479631900787354e-02 -1.227950211614370346e-02 3.385217860341072083e-02 -9.984547495841979980e-01
1.413394976855760574e+09 -2.563408575952053070e-02 1.058184131979942322e-01 -6.219361424446105957e-01 5.385864153504371643e-02 3.104543313384056091e-03 -2.672523632645606995e-02 -9.981860518455505371e-01
1.413394977105760574e+09 -3.731035813689231873e-02 1.076750978827476501e-01 -6.499456763267517090e-01 1.643876880407333374e-01 -8.450624532997608185e-03 -6.261270493268966675e-02 -9.843702912330627441e-01
1.413394977405760527e+09 -1.385825127363204956e-02 5.862947180867195129e-02 -6.041510701179504395e-01 1.695246845483779907e-01 -4.522374644875526428e-02 2.250854671001434326e-02 -9.842305183410644531e-01
1.413394977805760622e+09 -3.204754786565899849e-03 9.962392039597034454e-03 -5.376156568527221680e-01 1.474973410367965698e-01 -4.817967116832733154e-02 2.966243401169776917e-02 -9.874429106712341309e-01
1.413394978005760670e+09 3.036532551050186157e-03 -4.908829927444458008e-02 -4.488635063171386719e-01 7.536578923463821411e-02 -4.952291026711463928e-02 3.964477404952049255e-02 -9.951360821723937988e-01
1.413394978155760527e+09 2.629659837111830711e-03 -8.782862871885299683e-02 -3.786075115203857422e-01 3.698253259062767029e-02 -5.208555608987808228e-02 4.874426499009132385e-02 -9.967665076255798340e-01
1.413394978255760431e+09 -1.433528587222099304e-02 -1.508417576551437378e-01 -2.341912239789962769e-01 2.507337741553783417e-02 -5.108074098825454712e-02 5.412155017256736755e-02 -9.969117641448974609e-01
1.413394978655760527e+09 -6.696347147226333618e-02 -2.122715711593627930e-01 -4.908141866326332092e-02 2.409387566149234772e-02 -3.017683885991573334e-02 5.812052171677350998e-03 -9.992372989654541016e-01
1.413394979055760384e+09 -1.079717203974723816e-01 -2.546710968017578125e-01 8.060964941978454590e-02 -1.912264525890350342e-02 -3.300927206873893738e-02 -1.080974750220775604e-02 -9.992136955261230469e-01
1.413394979255760431e+09 -1.366873681545257568e-01 -2.760839760303497314e-01 1.846678406000137329e-01 -1.025553494691848755e-01 -1.895086094737052917e-02 -4.812252521514892578e-02 -9.933819174766540527e-01
1.413394979555760384e+09 -1.443695574998855591e-01 -2.955194115638732910e-01 1.015961766242980957e-01 -2.497289329767227173e-02 -5.978874117136001587e-02 3.974071890115737915e-02 -9.971070289611816406e-01
1.413394980555760384e+09 -1.852355301380157471e-01 -2.694185376167297363e-01 -1.473357842769473791e-04 2.154708281159400940e-02 -5.255366861820220947e-02 -2.355140168219804764e-03 -9.983828663825988770e-01
1.413394981055760384e+09 -2.376422137022018433e-01 -2.216325551271438599e-01 -1.442603021860122681e-01 3.773711994290351868e-02 -4.579529538750648499e-02 -2.590802870690822601e-02 -9.979015588760375977e-01
1.413394981655760527e+09 -2.488760948181152344e-01 -1.697255373001098633e-01 -2.308323383331298828e-01 6.144764274358749390e-02 -8.102606236934661865e-02 -2.164494246244430542e-02 -9.945806264877319336e-01
1.413394982055760384e+09 -2.354693263769149780e-01 -1.500455141067504883e-01 -2.694477736949920654e-01 4.038912057876586914e-02 -1.499982923269271851e-01 -9.610164910554885864e-02 -9.831753373146057129e-01
1.413394982355760574e+09 -1.911749094724655151e-01 -1.466977149248123169e-01 -2.931538224220275879e-01 2.372576855123043060e-02 -2.372131794691085815e-01 -1.395259350538253784e-01 -9.610929489135742188e-01
1.413394982655760527e+09 -1.412945687770843506e-01 -1.501727402210235596e-01 -3.160754442214965820e-01 1.535598654299974442e-02 -3.007404506206512451e-01 -1.566351503133773804e-01 -9.406300783157348633e-01
1.413394982855760574e+09 -6.077859550714492798e-02 -1.545028984546661377e-01 -3.534211814403533936e-01 1.274763699620962143e-02 -3.791060745716094971e-01 -1.545815914869308472e-01 -9.122613072395324707e-01
1.413394983205760717e+09 1.391842216253280640e-02 -1.579431146383285522e-01 -3.891455233097076416e-01 1.579064317047595978e-02 -4.164028763771057129e-01 -1.379597485065460205e-01 -8.985134363174438477e-01
1.413394983405760527e+09 8.657614886760711670e-02 -1.620489060878753662e-01 -4.252550601959228516e-01 1.854148879647254944e-02 -4.289618432521820068e-01 -1.215767189860343933e-01 -8.949117660522460938e-01
1.413394983605760574e+09 1.585840880870819092e-01 -1.625041514635086060e-01 -4.593725204467773438e-01 3.557179868221282959e-02 -4.335993230342864990e-01 -8.736373484134674072e-02 -8.961550593376159668e-01
1.413394983805760622e+09 2.816964089870452881e-01 -1.393688470125198364e-01 -5.018925666809082031e-01 3.942812606692314148e-02 -4.305492937564849854e-01 -6.319169700145721436e-02 -8.994885087013244629e-01
1.413394984405760527e+09 3.712903857231140137e-01 -1.053786724805831909e-01 -5.087792873382568359e-01 5.253065004944801331e-02 -3.976695239543914795e-01 -6.158541515469551086e-02 -9.139512181282043457e-01
1.413394984605760574e+09 4.509786069393157959e-01 -9.420953691005706787e-02 -4.534700810909271240e-01 5.976427718997001648e-02 -2.890700399875640869e-01 -3.889898955821990967e-02 -9.546484351158142090e-01
1.413394985205760717e+09 4.781458973884582520e-01 -1.237529367208480835e-01 -3.809927701950073242e-01 5.499626323580741882e-02 -2.254610955715179443e-01 -5.372461676597595215e-02 -9.712139368057250977e-01
1.413394985605760574e+09 5.107328295707702637e-01 -1.989783048629760742e-01 -3.010125160217285156e-01 5.763022229075431824e-02 -2.213131785392761230e-01 -2.833898738026618958e-02 -9.730859398841857910e-01
1.413394986005760670e+09 5.400519967079162598e-01 -2.479943484067916870e-01 -1.960460245609283447e-01 5.227078869938850403e-02 -2.256902009248733521e-01 -2.958498150110244751e-02 -9.723458290100097656e-01
1.413394986405760527e+09 5.482415556907653809e-01 -2.766533195972442627e-01 -1.370854079723358154e-01 4.339043796062469482e-02 -2.173754870891571045e-01 -7.059556245803833008e-02 -9.725643992424011230e-01
1.413394986605760574e+09 5.777133703231811523e-01 -3.420646488666534424e-01 -1.849487610161304474e-02 5.327827110886573792e-02 -2.346751540899276733e-01 -1.583468914031982422e-02 -9.704835414886474609e-01
1.413394987005760670e+09 5.908669829368591309e-01 -4.016860127449035645e-01 1.128343865275382996e-01 2.012210153043270111e-02 -2.227638512849807739e-01 -6.916741281747817993e-02 -9.722074270248413086e-01
1.413394987405760527e+09 5.984871387481689453e-01 -4.342531561851501465e-01 2.395098805427551270e-01 3.749925876036286354e-03 -2.477976977825164795e-01 4.523428156971931458e-03 -9.687939882278442383e-01
1.413394987805760622e+09 5.595179200172424316e-01 -4.734530746936798096e-01 3.398770093917846680e-01 -3.498059883713722229e-02 -2.493890672922134399e-01 1.615048013627529144e-02 -9.676366448402404785e-01
1.413394988205760717e+09 5.144079327583312988e-01 -4.964177608489990234e-01 3.730692267417907715e-01 -4.753851518034934998e-02 -2.410794496536254883e-01 -1.059185247868299484e-02 -9.692825675010681152e-01
1.413394988405760527e+09 4.602067172527313232e-01 -5.135065913200378418e-01 3.943113982677459717e-01 -5.183450505137443542e-02 -2.413412779569625854e-01 -7.578885555267333984e-02 -9.660867452621459961e-01
1.413394988605760574e+09 3.667804300785064697e-01 -5.138056278228759766e-01 3.963532447814941406e-01 -2.903698571026325226e-02 -3.665656745433807373e-01 -1.254343688488006592e-01 -9.214405417442321777e-01
1.413394989005760670e+09 2.759545445442199707e-01 -4.858267307281494141e-01 3.701032996177673340e-01 -3.186635440215468407e-03 -4.350878000259399414e-01 -9.758143126964569092e-02 -8.950789570808410645e-01
1.413394989405760527e+09 1.687750071287155151e-01 -4.647123515605926514e-01 3.276984393596649170e-01 4.309086129069328308e-03 -4.208672940731048584e-01 -1.267740130424499512e-01 -8.982096910476684570e-01
1.413394989805760622e+09 6.656721234321594238e-02 -4.137904942035675049e-01 2.799548804759979248e-01 2.852409705519676208e-02 -3.187721371650695801e-01 -1.334179937839508057e-01 -9.379608035087585449e-01
1.413394990155760527e+09 1.961635798215866089e-02 -3.631734251976013184e-01 2.506667971611022949e-01 4.877560585737228394e-02 -2.140484452247619629e-01 -5.844023451209068298e-02 -9.738526344299316406e-01
1.413394990405760527e+09 -7.167330011725425720e-03 -3.338431119918823242e-01 2.414433658123016357e-01 5.822665989398956299e-02 -1.515390127897262573e-01 -1.896925643086433411e-02 -9.865525364875793457e-01
1.413394990505760670e+09 -3.908856213092803955e-02 -3.000137209892272949e-01 2.284240722656250000e-01 6.512768566608428955e-02 -9.144159406423568726e-02 -6.147705484181642532e-03 -9.936594367027282715e-01
1.413394990705760717e+09 -8.620025217533111572e-02 -2.613793909549713135e-01 2.264388501644134521e-01 6.727948784828186035e-02 -6.985677033662796021e-02 -6.046027876436710358e-03 -9.952672719955444336e-01
1.413394991305760622e+09 -1.454730629920959473e-01 -2.315180003643035889e-01 2.528979480266571045e-01 5.903732776641845703e-02 -9.055770188570022583e-02 -2.938245236873626709e-02 -9.937054514884948730e-01
1.413394991505760670e+09 -1.853504180908203125e-01 -2.207418680191040039e-01 3.028512597084045410e-01 4.449053481221199036e-02 -1.884763240814208984e-01 -6.013095751404762268e-02 -9.792249798774719238e-01
1.413394991805760622e+09 -2.201854586601257324e-01 -2.211952209472656250e-01 3.698613047599792480e-01 1.290558371692895889e-02 -2.769861221313476562e-01 -1.198617890477180481e-01 -9.532813429832458496e-01
1.413394992405760527e+09 -2.170852869749069214e-01 -2.316244840621948242e-01 3.974236845970153809e-01 1.045875996351242065e-02 -3.732937872409820557e-01 -1.255056262016296387e-01 -9.191250205039978027e-01
1.413394993305760622e+09 -2.129303067922592163e-01 -1.768783628940582275e-01 4.314301609992980957e-01 2.653709799051284790e-02 -3.994355797767639160e-01 -1.058789193630218506e-01 -9.102399349212646484e-01
1.413394994005760670e+09 -2.132143676280975342e-01 -1.446713060140609741e-01 4.511903822422027588e-01 1.077632512897253036e-02 -4.594555199146270752e-01 -1.590845882892608643e-01 -8.737714886665344238e-01
1.413394994205760717e+09 -2.055732905864715576e-01 -1.256555020809173584e-01 4.540344178676605225e-01 1.892563514411449432e-02 -5.519887208938598633e-01 -1.627496778964996338e-01 -8.175958395004272461e-01
1.413394994605760574e+09 -2.206174731254577637e-01 -1.194712594151496887e-01 4.864110946655273438e-01 2.912055887281894684e-02 -5.876315236091613770e-01 -2.013378590345382690e-01 -7.831374406814575195e-01
1.413394995605760574e+09 -2.233216464519500732e-01 -9.835515171289443970e-02 4.978492856025695801e-01 4.181493818759918213e-02 -5.881301164627075195e-01 -1.980495303869247437e-01 -7.830267548561096191e-01
1.413394995805760622e+09 -2.188929021358489990e-01 -8.327367156744003296e-02 5.076974630355834961e-01 1.945738121867179871e-02 -5.931443572044372559e-01 -1.817898005247116089e-01 -7.840623259544372559e-01
1.413394996005760670e+09 -2.132315933704376221e-01 -6.610270589590072632e-02 5.167137980461120605e-01 1.493126433342695236e-02 -5.997579693794250488e-01 -1.698297113180160522e-01 -7.818090319633483887e-01
1.413394996205760717e+09 -2.177407741546630859e-01 -6.742927432060241699e-02 5.171012282371520996e-01 8.528538048267364502e-03 -5.983863472938537598e-01 -1.580943167209625244e-01 -7.854089140892028809e-01
