1.413393212255760431e+09 -0.000000000000000000e+00 -0.000000000000000000e+00 -0.000000000000000000e+00 -0.000000000000000000e+00 -0.000000000000000000e+00 -0.000000000000000000e+00 1.000000000000000000e+00
1.413393218055760384e+09 -6.571753323078155518e-02 -6.946418434381484985e-02 -8.619087934494018555e-02 -1.369635574519634247e-02 1.773934625089168549e-02 -9.638460353016853333e-03 9.997024536132812500e-01
1.413393218355760574e+09 -1.007153019309043884e-01 -7.382329553365707397e-02 -1.175052598118782043e-01 -1.707322522997856140e-02 8.248914033174514771e-03 2.035456523299217224e-02 9.996129870414733887e-01
1.413393218855760574e+09 -1.454759985208511353e-01 -4.895070940256118774e-02 -1.683719754219055176e-01 -2.839477360248565674e-02 1.775927096605300903e-02 -3.288189182057976723e-03 9.994336366653442383e-01
1.413393219055760384e+09 -1.645361185073852539e-01 -4.444819688796997070e-02 -1.892940253019332886e-01 -5.167292058467864990e-02 1.399542018771171570e-02 7.602558936923742294e-03 9.985370635986328125e-01
1.413393219555760384e+09 -1.984512507915496826e-01 -5.511771887540817261e-02 -2.113108783960342407e-01 -4.004949703812599182e-02 8.277357555925846100e-03 8.242379873991012573e-03 9.991294145584106445e-01
1.413393219955760479e+09 -2.116849124431610107e-01 -8.079034090042114258e-02 -2.106402516365051270e-01 -1.978575624525547028e-02 1.021904125809669495e-02 -2.750714542344212532e-03 9.997482895851135254e-01
1.413393221655760527e+09 -2.485391199588775635e-01 -2.017800807952880859e-01 -2.410558611154556274e-01 -3.885143622756004333e-02 2.012473344802856445e-02 -7.569189183413982391e-03 9.990137219429016113e-01
1.413393222055760384e+09 -2.492641061544418335e-01 -2.260144203901290894e-01 -2.293871939182281494e-01 -1.992811262607574463e-02 1.469441037625074387e-02 -6.980615202337503433e-03 9.996690750122070312e-01
1.413393222555760384e+09 -2.554855942726135254e-01 -2.008019089698791504e-01 -2.023548334836959839e-01 -4.209768772125244141e-02 7.398216053843498230e-03 -5.520482081919908524e-03 9.990708827972412109e-01
1.413393223255760431e+09 -2.681000828742980957e-01 -2.551527619361877441e-01 -1.346697956323623657e-01 -4.362124577164649963e-02 -2.354527357965707779e-03 -1.253937836736440659e-02 9.989666938781738281e-01
1.413393223655760527e+09 -2.787731289863586426e-01 -2.592429220676422119e-01 -5.803110077977180481e-02 -2.301544882357120514e-02 5.080707487650215626e-04 -1.614944264292716980e-02 9.996045231819152832e-01
1.413393224255760431e+09 -3.140411674976348877e-01 -2.585210800170898438e-01 5.339716002345085144e-02 -1.826540194451808929e-02 1.848785579204559326e-02 -1.229337323457002640e-02 9.995867013931274414e-01
1.413393224755760431e+09 -3.588311970233917236e-01 -2.095940262079238892e-01 1.438759118318557739e-01 -1.558397430926561356e-02 5.803366750478744507e-02 2.375475317239761353e-02 9.979103803634643555e-01
1.413393224955760479e+09 -3.926522731781005859e-01 -2.002508938312530518e-01 2.499529421329498291e-01 -3.026220574975013733e-02 1.607545912265777588e-01 7.140377908945083618e-02 9.839429259300231934e-01
1.413393225755760431e+09 -3.759809732437133789e-01 -2.125139087438583374e-01 2.804037928581237793e-01 -2.679623849689960480e-02 2.550180554389953613e-01 7.494517415761947632e-02 9.636550545692443848e-01
1.413393226055760384e+09 -3.362920880317687988e-01 -2.043827027082443237e-01 3.678595125675201416e-01 -3.710568323731422424e-02 3.619411587715148926e-01 1.160049587488174438e-01 9.242103099822998047e-01
1.413393227255760431e+09 -2.651786804199218750e-01 -2.260775715112686157e-01 5.057054758071899414e-01 -2.125882357358932495e-02 3.774734735488891602e-01 1.246222928166389465e-01 9.173500537872314453e-01
1.413393227955760479e+09 -2.208814322948455811e-01 -2.355888634920120239e-01 5.475041270256042480e-01 -1.776711083948612213e-02 4.545970857143402100e-01 1.506173759698867798e-01 8.776903152465820312e-01
1.413393228355760574e+09 -1.422040760517120361e-01 -2.457738816738128662e-01 5.893147587776184082e-01 -2.384499832987785339e-02 5.478440523147583008e-01 1.703567951917648315e-01 8.187043666839599609e-01
1.413393229255760431e+09 -1.814243197441101074e-02 -2.382338196039199829e-01 6.592057943344116211e-01 -2.367675304412841797e-02 5.543125867843627930e-01 1.644672453403472900e-01 8.155535459518432617e-01
1.413393229855760574e+09 9.343248605728149414e-02 -2.430802583694458008e-01 7.212415337562561035e-01 -4.301460459828376770e-02 5.460569858551025391e-01 1.668156534433364868e-01 8.198440074920654297e-01
1.413393230455760479e+09 2.124220430850982666e-01 -2.517056465148925781e-01 7.813211679458618164e-01 -2.420645393431186676e-02 5.551136136054992676e-01 1.831700652837753296e-01 8.109942078590393066e-01
1.413393230855760574e+09 2.926318645477294922e-01 -2.656205892562866211e-01 8.101055026054382324e-01 -2.338409982621669769e-02 6.057696342468261719e-01 1.995805203914642334e-01 7.698466777801513672e-01
1.413393231055760384e+09 4.622466862201690674e-01 -2.886840701103210449e-01 8.704134821891784668e-01 -4.632385447621345520e-03 6.552891731262207031e-01 1.917716711759567261e-01 7.306150197982788086e-01
1.413393231855760574e+09 6.175308823585510254e-01 -2.726662755012512207e-01 9.152871370315551758e-01 -3.079401503782719374e-04 7.081857323646545410e-01 2.300739586353302002e-01 6.674870848655700684e-01
1.413393232355760574e+09 6.932925581932067871e-01 -2.411309033632278442e-01 8.989698886871337891e-01 -2.418568124994635582e-03 7.551024556159973145e-01 2.475967109203338623e-01 6.070505976676940918e-01
1.413393232955760479e+09 8.089072704315185547e-01 -1.930383741855621338e-01 8.349606394767761230e-01 -2.234517224133014679e-02 7.700352072715759277e-01 2.356938123703002930e-01 5.924481749534606934e-01
1.413393233455760479e+09 8.729719519615173340e-01 -2.020755559206008911e-01 7.881883382797241211e-01 -5.915802437812089920e-03 7.966118454933166504e-01 2.212687730789184570e-01 5.625075101852416992e-01
1.413393233655760527e+09 9.279099702835083008e-01 -2.336144000291824341e-01 7.399104833602905273e-01 -1.622743532061576843e-02 8.292511701583862305e-01 2.284666299819946289e-01 5.097864866256713867e-01
1.413393233955760479e+09 9.921036958694458008e-01 -2.856708168983459473e-01 6.881862282752990723e-01 1.388306729495525360e-02 8.585347533226013184e-01 2.460657358169555664e-01 4.496410191059112549e-01
1.413393234355760574e+09 1.015179514884948730e+00 -3.019152283668518066e-01 6.555876731872558594e-01 7.561987638473510742e-02 8.821681737899780273e-01 2.333108037710189819e-01 4.020285308361053467e-01
1.413393234655760527e+09 1.001987218856811523e+00 -3.119305372238159180e-01 6.309708356857299805e-01 8.464267477393150330e-03 9.055952429771423340e-01 2.245641946792602539e-01 3.597171604633331299e-01
1.413393234855760574e+09 9.684451818466186523e-01 -3.282373845577239990e-01 6.071945428848266602e-01 -2.794075524434447289e-03 9.181447625160217285e-01 2.650842368602752686e-01 2.945042848587036133e-01
1.413393235155760527e+09 9.364497661590576172e-01 -2.996311187744140625e-01 5.992013216018676758e-01 -1.509669795632362366e-02 9.326737523078918457e-01 2.820324897766113281e-01 2.243869602680206299e-01
1.413393235455760479e+09 9.592648744583129883e-01 -2.693288922309875488e-01 5.678448081016540527e-01 5.298056566971354187e-05 9.545950293540954590e-01 2.799490988254547119e-01 1.018671467900276184e-01
1.413393236555760384e+09 9.856068491935729980e-01 -2.751434743404388428e-01 5.329248309135437012e-01 1.780427806079387665e-02 9.556677341461181641e-01 2.934337556362152100e-01 -1.670002751052379608e-02
1.413393237255760431e+09 1.046812057495117188e+00 -2.626586556434631348e-01 3.981624245643615723e-01 8.245987817645072937e-03 9.535075426101684570e-01 3.009644746780395508e-01 -1.325993519276380539e-02
1.413393238855760574e+09 1.068006753921508789e+00 -2.235281020402908325e-01 1.894337832927703857e-01 2.205021865665912628e-02 9.552341699600219727e-01 2.941415607929229736e-01 -2.285465970635414124e-02
1.413393240155760527e+09 1.077996969223022461e+00 -1.828398704528808594e-01 2.678725123405456543e-02 1.574796810746192932e-02 9.576267004013061523e-01 2.869828343391418457e-01 -1.854689046740531921e-02
1.413393240855760574e+09 1.075119495391845703e+00 -1.200443357229232788e-01 -1.097045019268989563e-01 2.884827554225921631e-02 9.592879414558410645e-01 2.783997952938079834e-01 -3.779014199972152710e-02
1.413393241655760527e+09 1.068125247955322266e+00 -4.427477717399597168e-02 -2.172602117061614990e-01 3.057559393346309662e-02 9.581851363182067871e-01 2.832156121730804443e-01 -2.711626887321472168e-02
1.413393243155760527e+09 1.040454387664794922e+00 -5.512650310993194580e-02 -2.602202594280242920e-01 -4.490711260586977005e-03 9.594140052795410156e-01 2.729766666889190674e-01 7.062894105911254883e-02
1.413393244255760431e+09 1.031289815902709961e+00 -2.884760499000549316e-02 -2.376493215560913086e-01 6.552098202519118786e-04 9.500171542167663574e-01 2.667243480682373047e-01 1.622505187988281250e-01
1.413393245055760384e+09 1.033329486846923828e+00 -2.162420749664306641e-02 -1.211153268814086914e-01 8.486598730087280273e-03 9.445119500160217285e-01 2.909123599529266357e-01 1.522996425628662109e-01
1.413393246455760479e+09 1.042869329452514648e+00 1.292905211448669434e-02 -5.264651775360107422e-02 -8.966483175754547119e-03 9.356114268302917480e-01 2.737713456153869629e-01 2.227109670639038086e-01
1.413393247455760479e+09 1.062111377716064453e+00 5.025085806846618652e-02 -2.625823020935058594e-02 1.647486537694931030e-02 9.194669723510742188e-01 3.122616410255432129e-01 2.383313179016113281e-01
1.413393248055760384e+09 1.049823403358459473e+00 8.858531713485717773e-02 -7.323336601257324219e-02 4.046153277158737183e-03 9.334547519683837891e-01 2.593856155872344971e-01 2.477196455001831055e-01
1.413393248555760384e+09 1.002939820289611816e+00 6.695677340030670166e-02 -9.628295898437500000e-02 -1.217317651025950909e-03 9.387844204902648926e-01 2.570860981941223145e-01 2.293232530355453491e-01
1.413393249055760384e+09 9.542099833488464355e-01 6.509575247764587402e-02 -9.255981445312500000e-02 -1.361823268234729767e-02 9.348927140235900879e-01 2.880430519580841064e-01 2.069336771965026855e-01
1.413393250255760431e+09 1.006610155105590820e+00 1.168371215462684631e-01 -7.281565666198730469e-02 9.970007464289665222e-03 9.431960582733154297e-01 2.611321508884429932e-01 2.051629722118377686e-01
1.413393250855760574e+09 1.044500827789306641e+00 1.135129556059837341e-01 -6.151130795478820801e-02 8.507941849529743195e-03 9.580965638160705566e-01 2.711152732372283936e-01 9.206044673919677734e-02
1.413393251555760384e+09 1.039489150047302246e+00 9.092953801155090332e-02 -5.847499519586563110e-02 1.056190393865108490e-02 9.655146002769470215e-01 2.584280371665954590e-01 -2.974861487746238708e-02
1.413393251955760479e+09 1.032444596290588379e+00 5.896386504173278809e-02 -3.460559248924255371e-02 6.424491759389638901e-03 9.473019838333129883e-01 2.917158007621765137e-01 -1.322106570005416870e-01
1.413393252455760479e+09 1.024899482727050781e+00 3.978022933006286621e-02 -1.132130622863769531e-02 1.027465704828500748e-02 9.300185441970825195e-01 2.857453227043151855e-01 -2.308888137340545654e-01
1.413393253055760384e+09 1.009069442749023438e+00 1.551210880279541016e-02 -1.001554131507873535e-01 1.793823763728141785e-02 9.144089818000793457e-01 2.773629128932952881e-01 -2.942860126495361328e-01
1.413393254355760574e+09 9.915721416473388672e-01 -1.076766848564147949e-02 -1.729230284690856934e-01 7.063696160912513733e-03 8.884216547012329102e-01 2.922482788562774658e-01 -3.539039492607116699e-01
1.413393254855760574e+09 9.843227863311767578e-01 -2.795165777206420898e-02 -2.631797790527343750e-01 2.050135098397731781e-02 9.000400304794311523e-01 2.586452364921569824e-01 -3.501575887203216553e-01
1.413393256055760384e+09 8.800226449966430664e-01 -1.404057443141937256e-02 -4.137290716171264648e-01 1.552910264581441879e-02 8.874111771583557129e-01 2.850933074951171875e-01 -3.619144260883331299e-01
1.413393257255760431e+09 7.463537454605102539e-01 7.958744466304779053e-02 -5.697228908538818359e-01 1.819989643990993500e-02 8.906278610229492188e-01 2.752418518066406250e-01 -3.615145683288574219e-01
1.413393258255760431e+09 6.752439737319946289e-01 1.212897747755050659e-01 -6.689788699150085449e-01 1.655358355492353439e-03 9.099678993225097656e-01 2.546730637550354004e-01 -3.272573053836822510e-01
1.413393258555760384e+09 6.585617065429687500e-01 1.388726234436035156e-01 -7.236410975456237793e-01 1.566607505083084106e-02 9.388312697410583496e-01 2.712823450565338135e-01 -2.115569412708282471e-01
1.413393258955760479e+09 6.483463048934936523e-01 1.486393064260482788e-01 -7.666427493095397949e-01 9.317882359027862549e-03 9.538497924804687500e-01 2.892756760120391846e-01 -8.002056926488876343e-02
1.413393259355760574e+09 6.389883756637573242e-01 1.527063548564910889e-01 -8.037076592445373535e-01 7.256873883306980133e-03 9.564182758331298828e-01 2.911985516548156738e-01 2.036649174988269806e-02
1.413393259655760527e+09 6.274656653404235840e-01 1.550891399383544922e-01 -8.451639413833618164e-01 1.665688818320631981e-03 9.495090246200561523e-01 2.875572144985198975e-01 1.254622340202331543e-01
1.413393259955760479e+09 6.113761067390441895e-01 1.581339836120605469e-01 -9.066717624664306641e-01 -1.605467288754880428e-03 9.303214550018310547e-01 2.741123139858245850e-01 2.436428517103195190e-01
1.413393260455760479e+09 5.914790034294128418e-01 1.774000078439712524e-01 -9.581453800201416016e-01 -4.407131299376487732e-02 9.331313371658325195e-01 1.879681497812271118e-01 3.033013343811035156e-01
1.413393260855760574e+09 6.116155385971069336e-01 1.727094948291778564e-01 -9.046340584754943848e-01 -1.938575319945812225e-02 9.041107296943664551e-01 2.729416489601135254e-01 3.281935155391693115e-01
1.413393261655760527e+09 6.400309801101684570e-01 1.647906005382537842e-01 -8.913249969482421875e-01 9.124653413891792297e-03 8.762907385826110840e-01 2.839395701885223389e-01 3.891140222549438477e-01
1.413393261855760574e+09 6.894547939300537109e-01 1.553205251693725586e-01 -9.208230972290039062e-01 -1.259070169180631638e-02 8.471698760986328125e-01 2.437343597412109375e-01 4.719516038894653320e-01
1.413393262855760574e+09 7.710759043693542480e-01 2.002210617065429688e-01 -9.808283448219299316e-01 -2.657892415300011635e-03 8.403495550155639648e-01 2.546558380126953125e-01 4.784934818744659424e-01
1.413393263655760527e+09 8.323013186454772949e-01 2.669048607349395752e-01 -1.035537242889404297e+00 -1.818392309360206127e-03 8.408845067024230957e-01 2.100476175546646118e-01 4.987885355949401855e-01
1.413393264155760527e+09 8.768203258514404297e-01 3.337956666946411133e-01 -1.052162647247314453e+00 -1.904752664268016815e-02 8.183423876762390137e-01 2.408773154020309448e-01 5.214701294898986816e-01
1.413393265255760431e+09 9.180202484130859375e-01 3.410329520702362061e-01 -1.043967366218566895e+00 -2.212412282824516296e-02 7.757701277732849121e-01 2.173225879669189453e-01 5.919985175132751465e-01
1.413393266155760527e+09 9.179663658142089844e-01 3.158572316169738770e-01 -1.030796289443969727e+00 -2.350771985948085785e-02 7.046374082565307617e-01 1.972014158964157104e-01 6.812085509300231934e-01
1.413393266455760479e+09 9.150739908218383789e-01 2.950040400028228760e-01 -1.021782875061035156e+00 -2.214171551167964935e-02 6.288470029830932617e-01 1.743220090866088867e-01 7.574120759963989258e-01
1.413393266655760527e+09 9.112728834152221680e-01 2.815426588058471680e-01 -1.014646410942077637e+00 -8.342848159372806549e-03 5.548689961433410645e-01 1.498347222805023193e-01 8.182911872863769531e-01
1.413393266855760574e+09 8.883344531059265137e-01 2.386195212602615356e-01 -1.042546272277832031e+00 -1.846966892480850220e-02 4.946687519550323486e-01 1.437719017267227173e-01 8.569080829620361328e-01
1.413393267755760431e+09 8.720881342887878418e-01 2.886306941509246826e-01 -1.069699883460998535e+00 -2.486837469041347504e-02 5.074611306190490723e-01 1.435455977916717529e-01 8.492699265480041504e-01
1.413393269355760574e+09 8.407338261604309082e-01 3.285014033317565918e-01 -1.047864556312561035e+00 -2.924571745097637177e-02 4.638874828815460205e-01 1.248536184430122375e-01 8.765641450881958008e-01
1.413393270255760431e+09 8.353850841522216797e-01 3.908612728118896484e-01 -1.038054227828979492e+00 -3.747265413403511047e-02 4.829144775867462158e-01 1.370867639780044556e-01 8.640581965446472168e-01
1.413393270855760574e+09 8.659281134605407715e-01 3.741972446441650391e-01 -1.001819372177124023e+00 -2.553891390562057495e-02 5.596650838851928711e-01 1.253128647804260254e-01 8.187915086746215820e-01
1.413393271855760574e+09 8.454263806343078613e-01 3.337538242340087891e-01 -9.190593957901000977e-01 -1.493103709071874619e-02 6.354807615280151367e-01 1.723914444446563721e-01 7.524775862693786621e-01
1.413393272655760527e+09 8.259093165397644043e-01 2.968613207340240479e-01 -8.738217949867248535e-01 -3.131296113133430481e-02 7.088893055915832520e-01 1.803502589464187622e-01 6.811528801918029785e-01
1.413393273055760384e+09 8.084675073623657227e-01 2.623193562030792236e-01 -8.284490108489990234e-01 -2.650965563952922821e-02 7.655658721923828125e-01 2.184481173753738403e-01 6.045548915863037109e-01
1.413393273455760479e+09 8.009577393531799316e-01 2.270457893610000610e-01 -7.872942090034484863e-01 -1.774762943387031555e-02 8.270683884620666504e-01 2.311276793479919434e-01 5.120770931243896484e-01
1.413393273855760574e+09 7.963994741439819336e-01 1.893077790737152100e-01 -7.480474710464477539e-01 -6.111355032771825790e-03 8.681113123893737793e-01 2.543892264366149902e-01 4.261826276779174805e-01
1.413393274255760431e+09 7.795847058296203613e-01 1.431536674499511719e-01 -7.152915000915527344e-01 5.947922822088003159e-03 9.144399762153625488e-01 2.737959027290344238e-01 2.979933321475982666e-01
1.413393274855760574e+09 7.543560266494750977e-01 1.504661738872528076e-01 -6.911332607269287109e-01 2.601457061246037483e-03 9.508346319198608398e-01 2.607630193233489990e-01 1.670610904693603516e-01
1.413393275455760479e+09 7.281538844108581543e-01 1.427127718925476074e-01 -6.673486828804016113e-01 1.640512607991695404e-02 9.596298336982727051e-01 2.716064155101776123e-01 7.121416926383972168e-02
1.413393275755760431e+09 6.786093115806579590e-01 1.173608303070068359e-01 -6.463818550109863281e-01 6.966975517570972443e-03 9.545871615409851074e-01 2.978088259696960449e-01 4.973453003913164139e-03
1.413393276355760574e+09 5.805428028106689453e-01 1.331735849380493164e-01 -7.096133232116699219e-01 1.237040758132934570e-02 9.619774818420410156e-01 2.726628482341766357e-01 1.006598584353923798e-02
1.413393277955760479e+09 5.414103865623474121e-01 1.644840538501739502e-01 -7.294567823410034180e-01 2.532518655061721802e-02 9.577497243881225586e-01 2.728258967399597168e-01 -8.740857988595962524e-02
1.413393278355760574e+09 4.604836106300354004e-01 1.689855456352233887e-01 -7.363759279251098633e-01 4.271698370575904846e-02 9.446689486503601074e-01 2.910499572753906250e-01 -1.451402157545089722e-01
1.413393278955760479e+09 3.457376956939697266e-01 1.611542403697967529e-01 -7.535351514816284180e-01 -8.153421804308891296e-03 9.471945762634277344e-01 2.892812490463256836e-01 -1.381031274795532227e-01
1.413393279755760431e+09 2.145504355430603027e-01 1.972615569829940796e-01 -8.302968144416809082e-01 1.508640591055154800e-02 9.565418362617492676e-01 2.717202901840209961e-01 -1.047299131751060486e-01
1.413393280955760479e+09 1.253425478935241699e-01 2.094283849000930786e-01 -8.500877022743225098e-01 5.610547214746475220e-02 9.523712992668151855e-01 2.866301536560058594e-01 -8.765935897827148438e-02
1.413393281155760527e+09 2.474507689476013184e-02 2.145062386989593506e-01 -8.557755351066589355e-01 -1.884254859760403633e-03 9.524061083793640137e-01 2.907036542892456055e-01 -9.170874208211898804e-02
1.413393281555760384e+09 -6.311729550361633301e-02 2.065053880214691162e-01 -8.777695894241333008e-01 -7.282243110239505768e-03 9.543208479881286621e-01 2.794891893863677979e-01 -1.053780764341354370e-01
1.413393281955760479e+09 -1.418150663375854492e-01 1.819025278091430664e-01 -9.055681228637695312e-01 2.803662605583667755e-02 9.505274891853332520e-01 2.856514751911163330e-01 -1.188054904341697693e-01
1.413393282455760479e+09 -2.204450219869613647e-01 1.639663577079772949e-01 -9.277461767196655273e-01 -1.044034585356712341e-02 9.557390809059143066e-01 2.711021304130554199e-01 -1.138304248452186584e-01
1.413393283055760384e+09 -2.637385129928588867e-01 1.629204452037811279e-01 -9.323516488075256348e-01 -1.003997400403022766e-02 9.553738832473754883e-01 2.948374450206756592e-01 -1.519652828574180603e-02
1.413393283455760479e+09 -2.723014354705810547e-01 1.785093545913696289e-01 -9.455732107162475586e-01 -1.098912768065929413e-02 9.508655667304992676e-01 2.839565575122833252e-01 1.228928416967391968e-01
1.413393283855760574e+09 -2.579694986343383789e-01 2.148506492376327515e-01 -9.535225033760070801e-01 -1.834962330758571625e-02 9.314222931861877441e-01 2.739914357662200928e-01 2.388399392366409302e-01
1.413393284255760431e+09 -2.333047389984130859e-01 2.262743562459945679e-01 -9.602158665657043457e-01 -1.931755430996417999e-02 9.079023599624633789e-01 2.570222020149230957e-01 3.305746912956237793e-01
1.413393284555760384e+09 -2.015665769577026367e-01 2.323761582374572754e-01 -9.600917100906372070e-01 -8.935863152146339417e-03 8.675639629364013672e-01 2.555212676525115967e-01 4.265699088573455811e-01
1.413393284855760574e+09 -1.691659688949584961e-01 2.345580756664276123e-01 -9.609293341636657715e-01 -3.483417676761746407e-03 8.143492341041564941e-01 2.506443262100219727e-01 5.234506726264953613e-01
1.413393285155760527e+09 -1.378756761550903320e-01 2.362576872110366821e-01 -9.732055664062500000e-01 -3.753830445930361748e-03 7.578649520874023438e-01 2.315755337476730347e-01 6.099175810813903809e-01
1.413393285455760479e+09 -9.042185544967651367e-02 2.400972545146942139e-01 -1.016173005104064941e+00 -2.340166643261909485e-02 6.643798947334289551e-01 1.707967966794967651e-01 7.272415161132812500e-01
1.413393286055760384e+09 -1.263093948364257812e-02 2.732585668563842773e-01 -1.107742905616760254e+00 -3.395771235227584839e-02 6.522936820983886719e-01 1.707477420568466187e-01 7.377026081085205078e-01
1.413393287255760431e+09 1.851373910903930664e-02 2.593805789947509766e-01 -1.119012355804443359e+00 -2.624402754008769989e-02 5.709399580955505371e-01 1.583340167999267578e-01 8.051517009735107422e-01
1.413393287555760384e+09 3.576427698135375977e-02 2.361747324466705322e-01 -1.107131481170654297e+00 -2.233572304248809814e-02 4.642748534679412842e-01 1.379565298557281494e-01 8.745958805084228516e-01
1.413393287955760479e+09 1.075799465179443359e-01 2.254281044006347656e-01 -1.099062204360961914e+00 -2.131283655762672424e-02 3.845217525959014893e-01 1.044721603393554688e-01 9.169375300407409668e-01
1.413393289555760384e+09 2.458775043487548828e-01 2.564826905727386475e-01 -1.097955942153930664e+00 -2.408781833946704865e-02 3.655014634132385254e-01 9.090650081634521484e-02 9.260477423667907715e-01
1.413393290555760384e+09 3.467289805412292480e-01 3.601912558078765869e-01 -1.049593806266784668e+00 -2.078636176884174347e-02 3.511177301406860352e-01 9.782928973436355591e-02 9.309745430946350098e-01
1.413393292155760527e+09 3.863461613655090332e-01 2.995125055313110352e-01 -1.068915009498596191e+00 -1.797005906701087952e-02 2.912988364696502686e-01 5.022170767188072205e-02 9.551438689231872559e-01
1.413393293255760431e+09 2.959277629852294922e-01 2.774490714073181152e-01 -1.091319918632507324e+00 -2.391857653856277466e-02 2.676327228546142578e-01 6.503825634717941284e-02 9.610258936882019043e-01
1.413393294155760527e+09 1.141300350427627563e-01 2.734260559082031250e-01 -1.116740345954895020e+00 -3.481273725628852844e-02 2.745935618877410889e-01 5.589243769645690918e-02 9.593031406402587891e-01
1.413393295055760384e+09 -6.178692355751991272e-02 2.534466385841369629e-01 -1.109583377838134766e+00 -3.375016897916793823e-02 2.733110487461090088e-01 8.110090345144271851e-02 9.579064249992370605e-01
1.413393295955760479e+09 -2.228981107473373413e-01 2.549000382423400879e-01 -1.051782369613647461e+00 -4.438006505370140076e-02 2.808761894702911377e-01 7.481999695301055908e-02 9.557933807373046875e-01
1.413393297155760527e+09 -3.003983497619628906e-01 2.768990993499755859e-01 -8.818662166595458984e-01 -1.980252563953399658e-02 3.353208005428314209e-01 1.102230995893478394e-01 9.354243874549865723e-01
1.413393298555760384e+09 -2.088501751422882080e-01 2.567344903945922852e-01 -7.095285654067993164e-01 -1.030226889997720718e-02 3.430866003036499023e-01 7.382494211196899414e-02 9.363415241241455078e-01
1.413393300255760431e+09 -2.275099307298660278e-01 2.044424116611480713e-01 -6.339272260665893555e-01 -2.157310396432876587e-02 2.994745373725891113e-01 1.023483723402023315e-01 9.483535885810852051e-01
1.413393300555760384e+09 -2.404433786869049072e-01 1.839869767427444458e-01 -6.145719289779663086e-01 -2.248472347855567932e-02 2.004830390214920044e-01 4.486124590039253235e-02 9.784112572669982910e-01
1.413393301155760527e+09 -2.622373700141906738e-01 2.304306924343109131e-01 -5.986255407333374023e-01 -1.380327995866537094e-02 1.018314883112907410e-01 1.305700186640024185e-02 9.946202635765075684e-01
1.413393301655760527e+09 -3.171883523464202881e-01 2.582540214061737061e-01 -6.106772422790527344e-01 -3.214788064360618591e-02 2.990658022463321686e-02 -1.844665408134460449e-02 9.988652467727661133e-01
1.413393302555760384e+09 -4.366033077239990234e-01 2.299708575010299683e-01 -6.182081699371337891e-01 -3.480575978755950928e-02 4.571947455406188965e-02 1.815773360431194305e-02 9.981826543807983398e-01
1.413393303555760384e+09 -5.120944976806640625e-01 1.497354805469512939e-01 -6.144552826881408691e-01 -2.729311212897300720e-02 5.590270459651947021e-02 7.764808367937803268e-03 9.980329275131225586e-01
1.413393304555760384e+09 -5.775499939918518066e-01 1.413304507732391357e-01 -5.566177368164062500e-01 -3.866120055317878723e-02 4.298771917819976807e-02 -8.862739428877830505e-03 9.982879757881164551e-01
1.413393305555760384e+09 -6.611596941947937012e-01 8.723087608814239502e-02 -4.549033045768737793e-01 -3.835947811603546143e-02 8.788384497165679932e-02 -1.186320744454860687e-02 9.953212141990661621e-01
1.413393306155760527e+09 -7.663993835449218750e-01 3.125383704900741577e-02 -3.720088005065917969e-01 -4.266336932778358459e-02 1.120972782373428345e-01 2.007422782480716705e-02 9.925780296325683594e-01
1.413393306655760527e+09 -8.476912379264831543e-01 1.845915243029594421e-02 -2.830426692962646484e-01 -2.686385996639728546e-02 1.952925920486450195e-01 8.380634337663650513e-02 9.767884612083435059e-01
1.413393307155760527e+09 -8.738596439361572266e-01 1.220459118485450745e-03 -2.116343975067138672e-01 -3.473086282610893250e-02 3.074719607830047607e-01 9.010876715183258057e-02 9.466442465782165527e-01
1.413393307555760384e+09 -8.712994456291198730e-01 -2.573046460747718811e-02 -1.587356030941009521e-01 -4.338184744119644165e-02 4.115094244480133057e-01 1.182739511132240295e-01 9.026567935943603516e-01
1.413393307955760479e+09 -8.572427630424499512e-01 -7.037267833948135376e-02 -7.805290818214416504e-02 -3.222630545496940613e-02 5.290812253952026367e-01 1.366011202335357666e-01 8.368839621543884277e-01
1.413393308555760384e+09 -8.493191599845886230e-01 -9.209434688091278076e-02 -3.672838211059570312e-03 -1.934822276234626770e-02 6.057161688804626465e-01 1.938984245061874390e-01 7.714511752128601074e-01
1.413393308955760479e+09 -8.329087495803833008e-01 -7.022266089916229248e-02 6.127816438674926758e-02 -4.008953925222158432e-03 6.866869330406188965e-01 2.017153650522232056e-01 6.983952522277832031e-01
1.413393309455760479e+09 -8.152774572372436523e-01 -6.047478318214416504e-02 1.574797630310058594e-01 -1.711249537765979767e-02 6.957429647445678711e-01 2.283941656351089478e-01 6.807973384857177734e-01
1.413393310555760384e+09 -6.251133680343627930e-01 -1.262120902538299561e-02 1.761814057826995850e-01 -3.128330409526824951e-02 7.139632105827331543e-01 1.938957720994949341e-01 6.720731854438781738e-01
1.413393312155760527e+09 -4.593664109706878662e-01 -1.867762207984924316e-02 1.928994953632354736e-01 -7.728703320026397705e-03 6.878190040588378906e-01 1.857852488756179810e-01 7.016617655754089355e-01
1.413393313455760479e+09 -3.901622295379638672e-01 -1.275295391678810120e-02 1.218084245920181274e-01 -4.954969510436058044e-02 6.116549372673034668e-01 1.741255670785903931e-01 7.701320648193359375e-01
1.413393315055760384e+09 -3.048354387283325195e-01 -4.990771412849426270e-05 1.615478694438934326e-01 -3.448658809065818787e-02 5.766469240188598633e-01 1.299498230218887329e-01 8.058549165725708008e-01
1.413393315955760479e+09 -2.553063631057739258e-01 -8.176679909229278564e-02 2.269494831562042236e-01 -2.071790955960750580e-02 5.735167860984802246e-01 1.441235691308975220e-01 8.061498403549194336e-01
1.413393316555760384e+09 -2.322122454643249512e-01 -1.745836436748504639e-01 2.953895330429077148e-01 -3.053485043346881866e-02 5.571979880332946777e-01 1.531968861818313599e-01 8.155542612075805664e-01
1.413393317155760527e+09 -2.130799591541290283e-01 -1.878107637166976929e-01 3.945741653442382812e-01 -1.204793900251388550e-02 5.560569763183593750e-01 1.334669142961502075e-01 8.202695846557617188e-01
1.413393317855760574e+09 -2.454278767108917236e-01 -1.671783626079559326e-01 5.226981639862060547e-01 -2.238390967249870300e-02 5.672865509986877441e-01 1.530943810939788818e-01 8.088554739952087402e-01
1.413393318455760479e+09 -3.000317811965942383e-01 -1.273648589849472046e-01 6.336961984634399414e-01 -4.787269514054059982e-03 5.704467892646789551e-01 1.736101955175399780e-01 8.027620911598205566e-01
1.413393319255760431e+09 -3.572987318038940430e-01 -1.182370558381080627e-01 6.663761138916015625e-01 -2.116913348436355591e-02 5.613910555839538574e-01 1.834504008293151855e-01 8.066833019256591797e-01
1.413393319655760527e+09 -3.756120204925537109e-01 -7.616618275642395020e-02 6.769028306007385254e-01 -3.815866261720657349e-02 5.593921542167663574e-01 1.705800890922546387e-01 8.102634549140930176e-01
1.413393320155760527e+09 -3.667203187942504883e-01 -3.161179274320602417e-02 6.934505701065063477e-01 -2.158812992274761200e-02 5.669394731521606445e-01 1.521412432193756104e-01 8.093000054359436035e-01
1.413393320555760384e+09 -3.653672337532043457e-01 -1.906348764896392822e-02 7.144967913627624512e-01 -3.876175731420516968e-02 5.696961283683776855e-01 1.637755334377288818e-01 8.044385910034179688e-01
1.413393320855760574e+09 -3.652306795120239258e-01 -7.794899400323629379e-03 7.215490937232971191e-01 -2.094977349042892456e-02 5.747213959693908691e-01 1.539922952651977539e-01 8.034567832946777344e-01
1.413393320955760479e+09 -3.677960038185119629e-01 -1.556134503334760666e-02 7.156849503517150879e-01 -3.890030831098556519e-02 5.766848921775817871e-01 1.526761502027511597e-01 8.016304969787597656e-01
1.413393321055760384e+09 -3.716754317283630371e-01 -5.948762409389019012e-03 7.138904333114624023e-01 -1.156566292047500610e-02 5.740834474563598633e-01 1.537068039178848267e-01 8.041571378707885742e-01
1.413393321255760431e+09 -3.723202943801879883e-01 -6.063687149435281754e-03 7.127923369407653809e-01 -2.008179761469364166e-02 5.794562101364135742e-01 1.586195081472396851e-01 7.991665005683898926e-01
