1.413393218055760384e+18 -8.986800988442368299e-01 2.892354111236976055e-01 1.588957329141885033e+00 -5.666689126128657827e-01 -5.677082119349465827e-01 4.199028411715403086e-01 4.245884284290457611e-01
1.413393219055760384e+18 -6.110875880657440362e-01 3.517567255269682391e-02 1.601819543505540677e+00 -5.899638504916926429e-01 -5.757579748739765080e-01 4.072750466189097307e-01 3.931570244617259013e-01
1.413393219555760384e+18 -5.598446165085075865e-01 -5.237403295022446947e-02 1.646245270428886354e+00 -5.832701050248466634e-01 -5.729912202998316273e-01 4.175528951817219503e-01 3.963920102234355092e-01
1.413393219955760384e+18 -5.783698575846883960e-01 -8.646789207969984847e-02 1.712183922919142898e+00 -5.698025558709923777e-01 -5.697197908916561415e-01 4.235709978240116969e-01 4.139227186222370625e-01
1.413393222055760384e+18 -6.281296642055449464e-01 -1.788147306450094121e-01 2.098536894836912747e+00 -5.694095358503604709e-01 -5.702301269515345217e-01 4.191867864341676242e-01 4.182018900943769157e-01
1.413393222555760384e+18 -6.793793250729560640e-01 -1.984621853278795145e-01 2.015823025284260162e+00 -5.759451293276039996e-01 -5.819198777571369385e-01 4.111089987424087488e-01 4.008065057205809079e-01
1.413393223255760384e+18 -8.890152713417451835e-01 -2.353018404111515971e-01 2.108862819112790721e+00 -5.682584969577160194e-01 -5.905332716520704794e-01 4.127182062692202891e-01 3.975127896322028231e-01
1.413393224255760384e+18 -1.368810184175656364e+00 -3.721585976775003135e-01 1.990576039294055466e+00 -5.673482168833346995e-01 -5.708314605698862065e-01 4.157471973231647300e-01 4.235820019085846377e-01
1.413393224755760384e+18 -1.563173850142589805e+00 -4.999886874157484784e-01 1.805777321056859286e+00 -6.030838469415816805e-01 -5.320271674848580101e-01 4.094960582970392227e-01 4.307550868595393934e-01
1.413393224955760384e+18 -1.825488431337176198e+00 -5.985442479926286197e-01 1.710780115810350610e+00 -6.736561466416625121e-01 -4.610648342138202183e-01 3.575815668856189289e-01 4.535879603416687056e-01
1.413393225755760384e+18 -1.912928750540936695e+00 -5.564427416668562554e-01 1.720173675912594069e+00 -7.045048256816085486e-01 -4.067037605941872802e-01 2.993896841043382495e-01 4.986289389533834493e-01
1.413393226055760384e+18 -2.133564213474987703e+00 -4.588714557410378259e-01 1.636811186982202182e+00 -7.571567970086785504e-01 -3.213706325890797744e-01 2.335824799603342383e-01 5.185303523502102774e-01
1.413393227255760384e+18 -2.505743120061051599e+00 -2.811095774111918022e-01 1.593139048090286725e+00 -7.584178405020015612e-01 -2.991941888415885487e-01 2.344126350266456105e-01 5.294675940145620041e-01
1.413393227955760384e+18 -2.622191993903118856e+00 -1.669262271774232809e-01 1.586065885551469989e+00 -7.835225936251902779e-01 -2.285199726608567738e-01 1.866429349557827966e-01 5.468412769762609482e-01
1.413393229255760384e+18 -2.923487898974709953e+00 3.606124165614161825e-01 1.504021442056272528e+00 -8.031306369513825372e-01 -1.466643046722324040e-01 1.059439014054718159e-01 5.676677298209442668e-01
1.413393230455760384e+18 -3.260793864600516123e+00 9.613590218073111426e-01 1.440853655041012704e+00 -8.117043759148937498e-01 -1.335431340312486781e-01 1.110035910110285656e-01 5.576562025624582919e-01
1.413393231055760384e+18 -3.531262038394679337e+00 1.616686915192943719e+00 1.459404886126500767e+00 -8.077092664091848340e-01 -3.288511112882405024e-02 3.416474537598570421e-02 5.876708948009723432e-01
1.413393232955760384e+18 -3.398550036114011519e+00 2.533408464239071733e+00 1.219081896296510870e+00 -8.133691671071127116e-01 1.097132801796119189e-01 -8.259623211538306975e-02 5.653065156108261213e-01
1.413393233455760384e+18 -3.289676266625984447e+00 2.707142072078395856e+00 1.270668764155562958e+00 -7.933770218948357211e-01 1.369048389773660779e-01 -1.074368957687787535e-01 5.833243348442027632e-01
1.413393233955760384e+18 -3.100041204583397825e+00 3.033840580353865501e+00 1.546310464281210217e+00 -7.633727807371637475e-01 2.490352140590788022e-01 -1.703551307142106008e-01 5.711589876973864888e-01
1.413393235455760384e+18 -2.778936416615144012e+00 2.956151227153709371e+00 1.589369979996003490e+00 -6.363862276963792031e-01 4.981158516892329469e-01 -3.712672159345225542e-01 4.572240390295673196e-01
1.413393236555760384e+18 -2.695524630237317254e+00 3.028951422549513772e+00 1.626755717371636489e+00 -5.707971430378890876e-01 5.807941310561759440e-01 -4.085902210580924510e-01 4.122169696727488453e-01
1.413393237255760384e+18 -2.346719094322886612e+00 3.201493287295531953e+00 1.684118532774159682e+00 -5.800076271974086151e-01 5.779368129744023586e-01 -4.081047087918708294e-01 4.037706518108087339e-01
1.413393244255760384e+18 -5.592831304812492244e-01 3.203480323839843713e+00 1.525409205032489890e+00 -6.603921647479034096e-01 4.550313789012558896e-01 -3.472280598340788393e-01 4.860671840586048842e-01
1.413393245055760384e+18 -8.522614107178060339e-01 3.199061294140326694e+00 1.426531175330247869e+00 -6.627651898931322672e-01 4.753136746309511995e-01 -3.340186291156428955e-01 4.724942001532394520e-01
1.413393246455760384e+18 -1.004048776893772921e+00 3.217377910440780475e+00 1.290468389949925188e+00 -6.958053264746415500e-01 4.146044933730600457e-01 -3.149530950497080872e-01 4.947348882411627402e-01
1.413393247455760384e+18 -1.047049692098088958e+00 3.264711220399981073e+00 1.175755628989698209e+00 -7.084674633214863571e-01 4.317889729207337046e-01 -2.685952666294172952e-01 4.893758463830727434e-01
1.413393248055760384e+18 -8.996808258612667419e-01 3.234562308864321167e+00 1.110844232578581225e+00 -6.952731096858313364e-01 3.973116625505288546e-01 -3.013793268498000111e-01 5.175995045367508540e-01
1.413393248555760384e+18 -8.524696073966683274e-01 3.113195148716945138e+00 1.184753906412029156e+00 -6.882530799041032266e-01 4.063033541610443500e-01 -3.164119950598084374e-01 5.109879957320648813e-01
1.413393249055760384e+18 -8.599058676311918115e-01 2.983990414915779876e+00 1.189792284680022627e+00 -6.966650713792265082e-01 4.291191699399795612e-01 -3.181761737233910758e-01 4.788302818169941077e-01
1.413393250255760384e+18 -8.782598326440876901e-01 3.119072154524572760e+00 1.040859464292235970e+00 -6.743070824074877123e-01 4.289728452273402493e-01 -3.215486266797898951e-01 5.078373138643944573e-01
1.413393251555760384e+18 -9.350667868513414804e-01 3.205912950934007632e+00 1.095286523593488326e+00 -5.511459615693397041e-01 5.695118073643196110e-01 -4.385750392609117920e-01 4.237291177813060084e-01
1.413393251955760384e+18 -1.017652931874456712e+00 3.186542029051197655e+00 1.160966551113154388e+00 -5.063545617191068660e-01 6.364417097568003667e-01 -4.620719024772592110e-01 3.536050973178103130e-01
1.413393252455760384e+18 -1.089884206912666409e+00 3.165403470414075660e+00 1.194403821985563940e+00 -4.386119501134503884e-01 6.832207527249849477e-01 -4.963268010453841250e-01 3.073900890198582037e-01
1.413393253055760384e+18 -8.785142152531465465e-01 3.131711102186161444e+00 1.318573740496252533e+00 -3.883660597282586058e-01 7.111430411451489242e-01 -5.147916160382874917e-01 2.800660113949283159e-01
1.413393256055760384e+18 -8.861298381477888952e-02 2.816973005223680993e+00 1.617714281578004565e+00 -3.440227678571370351e-01 7.412428776797737040e-01 -5.277053642697829838e-01 2.318067729938408650e-01
1.413393257255760384e+18 3.839282724889951925e-01 2.472370847815382078e+00 1.493659272083805112e+00 -3.389954626058596654e-01 7.380378930269216875e-01 -5.319389091321889973e-01 2.396312620262182058e-01
1.413393258255760384e+18 6.712964121275631912e-01 2.290691071838643733e+00 1.459596435441226969e+00 -3.619972154658434582e-01 7.080082103654671277e-01 -5.455416822675526189e-01 2.647010822772594141e-01
1.413393258555760384e+18 8.242871767782123937e-01 2.250338302254750733e+00 1.453286227517802898e+00 -4.428961504554557727e-01 6.703057864609495153e-01 -4.957187591165136409e-01 3.298424842385980216e-01
1.413393258955760384e+18 9.416341657954426791e-01 2.226446668744851642e+00 1.458544721614247308e+00 -5.358201418023382789e-01 6.096663033695225442e-01 -4.420667492593869374e-01 3.818124714750705806e-01
1.413393259955760384e+18 1.308612163862751920e+00 2.139697705531818261e+00 1.532914450525692196e+00 -7.022781712344723370e-01 4.040319772522865116e-01 -2.984588538183435835e-01 5.044658998808682071e-01
1.413393260455760384e+18 1.454837867127707352e+00 2.090510535041531170e+00 1.520292284638732561e+00 -7.060330253687450153e-01 3.046813461245093113e-01 -3.336397532437650471e-01 5.453174850193726053e-01
1.413393265255760384e+18 1.764606146218978822e+00 2.955495108774521817e+00 1.142051452998536831e+00 -8.051997832507630237e-01 1.021981024461702803e-01 -9.355544969321721860e-02 5.765901791931823395e-01
1.413393266455760384e+18 1.676333808185185514e+00 2.947649233473219166e+00 1.244603389722938935e+00 -8.084831547971305099e-01 -7.653356763258965800e-02 4.360582898901366883e-02 5.818901383533559013e-01
1.413393267755760384e+18 1.797361780236834683e+00 2.838047696364490058e+00 1.296421978765680327e+00 -7.899754732393343692e-01 -1.974798449711044901e-01 1.375932924999465901e-01 5.639224666295025168e-01
1.413393270255760384e+18 1.789600715515339502e+00 2.734389944387753957e+00 1.015426181896002866e+00 -7.890236540999445713e-01 -2.252573131279784480e-01 1.480321577867288185e-01 5.520754444948082762e-01
1.413393273055760384e+18 1.167025459660095521e+00 2.650926630017630625e+00 1.201173468563220048e+00 -8.101762055206688240e-01 8.954339777421396751e-02 -8.431035577394384306e-02 5.731389533371910039e-01
1.413393273455760384e+18 1.038011460722933377e+00 2.629036534959104721e+00 1.263426857913326540e+00 -7.891596981001705036e-01 1.783566370233773402e-01 -1.492776363536105211e-01 5.684470672004900971e-01
1.413393274255760384e+18 7.975496366622517597e-01 2.569797033682503340e+00 1.429520576607206550e+00 -7.222928447832298593e-01 3.699054021012685989e-01 -2.614524815444805861e-01 5.225951011686588155e-01
1.413393275455760384e+18 6.782685173711425763e-01 2.429769415853111347e+00 1.400618450296785555e+00 -6.099430306910461619e-01 5.200664604441395111e-01 -3.818873994330998500e-01 4.600678104222794551e-01
1.413393275755760384e+18 6.106005522258376450e-01 2.297899128316410966e+00 1.453873905966612812e+00 -5.894270704186627130e-01 5.657791533156890651e-01 -4.026948331243244694e-01 4.126821412492037711e-01
1.413393277955760384e+18 8.649197569512088180e-01 1.939770861041137495e+00 1.398664721135173927e+00 -5.174468662231607174e-01 6.133423969472123760e-01 -4.453607956022686554e-01 3.971317243477193171e-01
1.413393278955760384e+18 9.376648537428738939e-01 1.423990729784009757e+00 1.435196279523057061e+00 -5.077372939849745803e-01 6.319200578226604748e-01 -4.738523444942652207e-01 3.440113899793279528e-01
1.413393279755760384e+18 1.167828708357709466e+00 1.081679682638996720e+00 1.403446354655189632e+00 -5.108932550309456255e-01 6.174639790111927651e-01 -4.585722129318399731e-01 3.839763561918179136e-01
1.413393280955760384e+18 1.232966287504381420e+00 8.467295304257436150e-01 1.391190679120718920e+00 -5.098454075966903920e-01 6.325432585481953751e-01 -4.193392893563231416e-01 4.050941209397257436e-01
1.413393281555760384e+18 1.314703805182749097e+00 3.503186969078279644e-01 1.428743826518403814e+00 -5.232831489805505054e-01 6.113612300895366891e-01 -4.669821715311663901e-01 3.665240016812589818e-01
1.413393281955760384e+18 1.374194514231237063e+00 1.452530565775886351e-01 1.515387201370781645e+00 -5.028132705693055815e-01 6.363895555213616717e-01 -4.483023338320420437e-01 3.757820725413424379e-01
1.413393282455760384e+18 1.423919095019653192e+00 -6.034928358103808232e-02 1.581111721549335991e+00 -5.157785281764761809e-01 6.106393236413097947e-01 -4.767953644841437244e-01 3.657298274702570628e-01
1.413393283055760384e+18 1.437955505865680772e+00 -1.745152530286318004e-01 1.589487363941147091e+00 -5.839406672366250772e-01 5.683089977054870401e-01 -4.228752623577526348e-01 3.965030803916804181e-01
1.413393283455760384e+18 1.483099691643702478e+00 -1.966948292812498167e-01 1.559246923880702518e+00 -6.533625642503847475e-01 4.820627594784098746e-01 -3.644471734927824391e-01 4.559727111279185952e-01
1.413393284255760384e+18 1.550807736626107047e+00 -9.411969762085586888e-02 1.444954948920635696e+00 -7.387143614192374086e-01 3.282694380128557410e-01 -2.646680816183243357e-01 5.258241862753822993e-01
1.413393284555760384e+18 1.552512355992088366e+00 -1.036407011459283822e-02 1.427417365091885770e+00 -7.693432371556454541e-01 2.610230082809832930e-01 -1.945035170199795604e-01 5.496784100341547408e-01
1.413393285455760384e+18 1.693497209775974621e+00 2.880926921724024092e-01 1.439828516576972639e+00 -8.058604952561099211e-01 -4.719123888929202537e-02 8.242696206803365108e-03 5.901643051870497647e-01
1.413393286055760384e+18 1.945046611720173679e+00 5.002013394529428725e-01 1.413606306679844549e+00 -8.107525917236154678e-01 -6.283311259693537265e-02 1.364338046908971855e-02 5.818471389842843067e-01
1.413393287255760384e+18 1.962116294392417304e+00 5.840863158455866788e-01 1.455028773549435606e+00 -8.022784363127392071e-01 -1.384077891972608221e-01 8.804766688283578724e-02 5.739688169871267620e-01
1.413393287555760384e+18 1.914540035292043640e+00 6.296613388302896297e-01 1.505156970073177058e+00 -7.808396311858312178e-01 -2.318204959653174524e-01 1.719994732431041895e-01 5.540441401405344912e-01
1.413393287955760384e+18 1.881540286825807984e+00 8.194852086408084268e-01 1.522874325534611550e+00 -7.499613058351626282e-01 -3.072965448758002149e-01 2.218371508722971064e-01 5.421394209520962182e-01
1.413393289555760384e+18 1.890606932912599181e+00 1.184228603372506017e+00 1.434648332760210643e+00 -7.401612014709092469e-01 -3.291908640335524661e-01 2.292513444267971767e-01 5.396652591676519561e-01
1.413393290555760384e+18 1.831648880217740416e+00 1.443205856280460608e+00 1.130321919475361980e+00 -7.390837106067055240e-01 -3.326567415221183266e-01 2.442198248159979379e-01 5.324015760706887201e-01
1.413393293255760384e+18 1.884668104160608371e+00 1.315346109286584131e+00 1.373555615126021978e+00 -7.018184956379595052e-01 -4.042110375587996685e-01 2.886609280831343716e-01 5.106261890015958427e-01
1.413393295055760384e+18 1.939465040594502865e+00 3.710137609304186568e-01 1.468391530603818662e+00 -7.157514388696996077e-01 -3.954462356220984631e-01 2.852827990206976971e-01 4.999358729589051809e-01
1.413393295955760384e+18 1.803868433223905443e+00 -6.018048063781450407e-02 1.434260849541926675e+00 -7.188152613886236164e-01 -3.992961569631738872e-01 2.715029374937782958e-01 5.001533304512673084e-01
1.413393298555760384e+18 9.294709269489626058e-01 -5.108870677741250699e-02 1.192933347266246003e+00 -7.206163663295491739e-01 -3.478213950179172009e-01 2.469526345861669525e-01 5.465772827485040342e-01
1.413393300255760384e+18 7.014421193425732781e-01 -1.046551852054489196e-01 1.275608855146694420e+00 -7.288598061556118557e-01 -3.618709731387471651e-01 2.821953933695790506e-01 5.081127254177052466e-01
1.413393300555760384e+18 6.387460126233084345e-01 -1.396844663604056569e-01 1.315319141939311987e+00 -6.698954702513743031e-01 -4.527292808494452481e-01 3.262294427212568126e-01 4.897454521483713408e-01
1.413393302555760384e+18 6.933280235557498505e-01 -6.603216898456842898e-01 1.211732035673221963e+00 -6.026776662131776430e-01 -5.489466887462001177e-01 4.033178855681507913e-01 4.156583293322241857e-01
1.413393303555760384e+18 6.335521040549816352e-01 -8.573467262498369879e-01 1.418663980145184800e+00 -5.980907065490536079e-01 -5.470928841702272782e-01 3.974530266423909608e-01 4.301255333536471159e-01
1.413393304555760384e+18 4.844526821578234443e-01 -1.034997176143419351e+00 1.404122373295379589e+00 -5.879061531078977332e-01 -5.669477205064155090e-01 3.914193254861033089e-01 4.239428605206795875e-01
1.413393305555760384e+18 1.929224564895262173e-01 -1.262532449796430534e+00 1.477219873217179957e+00 -6.042611393770924710e-01 -5.480466889987453127e-01 3.639407047386624128e-01 4.495113630939001625e-01
1.413393307555760384e+18 -6.274747235510169663e-01 -1.838607563830027658e+00 1.574197234297892489e+00 -7.709124015843712430e-01 -2.899972255127524767e-01 1.937779674551741160e-01 5.329594521230149873e-01
1.413393307955760384e+18 -8.654667008871546052e-01 -1.806294538979078990e+00 1.631905085059506710e+00 -7.917655302015417229e-01 -1.885863465100567904e-01 1.129907556392891893e-01 5.698908880081542394e-01
1.413393308555760384e+18 -1.071103030427864145e+00 -1.790577988597981562e+00 1.635721210879172549e+00 -8.159804459939588028e-01 -8.194937823130594989e-02 7.249039469743241704e-02 5.676313538200765674e-01
1.413393308955760384e+18 -1.223129821650601246e+00 -1.753302485857126003e+00 1.534099258364738816e+00 -8.089223332109458653e-01 4.240830156189805134e-03 6.900195474278202241e-03 5.878597294376974869e-01
1.413393309455760384e+18 -1.463478204478911859e+00 -1.714888042726501194e+00 1.441866389476606392e+00 -8.236119967250120633e-01 2.706778261162793783e-02 -2.166436475319920892e-03 5.665032396625165889e-01
1.413393310555760384e+18 -1.491361817710981752e+00 -1.214957224344496600e+00 1.295543684857611177e+00 -8.132582690159795291e-01 1.407120354451507106e-02 -3.861396445372167890e-02 5.804497832346126041e-01
1.413393313455760384e+18 -1.368710948039609132e+00 -5.886651628498511535e-01 1.319620834600886194e+00 -8.193448604112616440e-01 -1.031097378897325584e-01 4.329321995793099925e-02 5.622882523898528051e-01
1.413393315055760384e+18 -1.467392281746991101e+00 -3.665752064961749768e-01 1.254782723509161979e+00 -7.926336848823520853e-01 -1.559173881699622566e-01 6.865453049646180750e-02 5.854128159669823583e-01
1.413393315955760384e+18 -1.694376229818015389e+00 -2.377039088563651092e-01 1.415722725529327874e+00 -7.936511887079912286e-01 -1.433918414847138167e-01 8.422334012787882629e-02 5.852033829667417919e-01
1.413393316555760384e+18 -1.934964237379936502e+00 -1.786193669300303877e-01 1.604488436909623283e+00 -8.009180676659189979e-01 -1.547843601877731123e-01 9.575293276272420218e-02 5.704414313449620577e-01
1.413393318455760384e+18 -2.762288753811184883e+00 -3.876230158025968930e-01 1.254644938150903499e+00 -8.003679936991928701e-01 -1.192542637458228472e-01 1.057533479099673351e-01 5.779322837895485288e-01
1.413393319255760384e+18 -2.835553319202655409e+00 -5.422150396166853792e-01 1.212139252725626282e+00 -8.109566839517025061e-01 -1.269895515928094742e-01 1.074220378533325970e-01 5.609665019622409599e-01
1.413393320555760384e+18 -2.889506714271600885e+00 -5.713180704719320602e-01 9.259340988993257637e-01 -8.096326257491163192e-01 -1.410145927332679683e-01 8.364453142990549428e-02 5.635720790819341852e-01
1.413393320955760384e+18 -2.889957721064543961e+00 -5.779779772638012902e-01 9.163046492019983891e-01 -8.049500413432471024e-01 -1.427716881611992561e-01 7.378068387107990234e-02 5.711638002260135405e-01
1.413393321055760384e+18 -2.878466975709395026e+00 -5.884678030649708180e-01 8.931947397662821642e-01 -7.943650661615088149e-01 -1.326345455360675718e-01 9.219393381349411110e-02 5.855702328164024140e-01
1.413393321255760384e+18 -2.875695406998350023e+00 -5.900802321763960467e-01 8.942827977055090027e-01 -8.002806189796336511e-01 -1.285909485014043174e-01 8.423991045846714043e-02 5.795851415754488256e-01
