1.403636579763555765e+09 -0.000000000000000000e+00 -0.000000000000000000e+00 -0.000000000000000000e+00 -0.000000000000000000e+00 -0.000000000000000000e+00 -0.000000000000000000e+00 1.000000000000000000e+00
1.403636579963555574e+09 2.937445970019325614e-06 1.085559353232383728e-01 3.824472427368164062e-02 -1.258545182645320892e-02 5.824374035000801086e-03 -2.738400362432003021e-03 9.999001026153564453e-01
1.403636580163555622e+09 -3.326912876218557358e-03 2.455060631036758423e-01 7.657521963119506836e-02 -2.631979249417781830e-02 5.106532946228981018e-03 3.632448147982358932e-03 9.996340274810791016e-01
1.403636580263555765e+09 -4.698756616562604904e-03 3.062951266765594482e-01 9.169305115938186646e-02 -3.136793524026870728e-02 4.391402471810579300e-03 3.244511317461729050e-03 9.994930028915405273e-01
1.403636580363555670e+09 -6.890776567161083221e-03 3.580175638198852539e-01 1.007977724075317383e-01 -4.110113903880119324e-02 3.421553876250982285e-03 2.874337660614401102e-04 9.991491436958312988e-01
1.403636580463555574e+09 -8.799289353191852570e-03 3.968962728977203369e-01 1.054655835032463074e-01 -5.758218839764595032e-02 2.716262126341462135e-03 -9.775358485057950020e-04 9.983366131782531738e-01
1.403636580663555622e+09 -1.354851201176643372e-02 3.646904826164245605e-01 9.240914136171340942e-02 -7.410404831171035767e-02 -9.936986316461116076e-05 3.637603949755430222e-04 9.972504973411560059e-01
1.403636580763555765e+09 -1.497063972055912018e-02 2.879653871059417725e-01 7.578691840171813965e-02 -6.450990587472915649e-02 3.599688876420259476e-03 -5.068339407444000244e-03 9.978977441787719727e-01
1.403636580863555670e+09 -1.630688272416591644e-02 1.874958872795104980e-01 5.591166764497756958e-02 -5.035257712006568909e-02 1.232324540615081787e-02 -1.257075928151607513e-02 9.985764026641845703e-01
1.403636580963555574e+09 -1.970566995441913605e-02 8.360852301120758057e-02 3.428725525736808777e-02 -3.465559706091880798e-02 2.003687433898448944e-02 -1.868704333901405334e-02 9.990236759185791016e-01
1.403636581063555717e+09 -2.457209303975105286e-02 -1.069575175642967224e-02 1.212539151310920715e-02 -2.059761993587017059e-02 1.946566998958587646e-02 -1.984934136271476746e-02 9.994012713432312012e-01
1.403636581163555622e+09 -2.675770036876201630e-02 -9.142987430095672607e-02 -5.452682729810476303e-03 -5.580811761319637299e-03 2.061335183680057526e-02 -1.623028889298439026e-02 9.996402859687805176e-01
1.403636581263555765e+09 -2.647224441170692444e-02 -1.559125185012817383e-01 -2.305606193840503693e-02 1.159788854420185089e-02 2.122473903000354767e-02 -1.222755294293165207e-02 9.996327161788940430e-01
1.403636581763555765e+09 -4.950570873916149139e-03 3.903815522789955139e-02 2.369574829936027527e-02 -5.950109101831912994e-03 2.306433580815792084e-02 -1.548567228019237518e-02 9.995963573455810547e-01
1.403636581963555574e+09 1.264291116967797279e-03 2.162839919328689575e-01 6.413517147302627563e-02 -2.183160744607448578e-02 1.900549046695232391e-02 -1.056204177439212799e-02 9.995252490043640137e-01
1.403636582063555717e+09 -7.388463709503412247e-04 3.433336913585662842e-01 9.182558953762054443e-02 -5.485004931688308716e-02 2.021839842200279236e-02 -9.053675457835197449e-03 9.982488751411437988e-01
1.403636582363555670e+09 -1.558404602110385895e-02 2.451204657554626465e-01 6.610058993101119995e-02 -4.833249375224113464e-02 1.481524482369422913e-02 -8.832194842398166656e-03 9.986823797225952148e-01
1.403636582563555717e+09 -1.999760046601295471e-02 7.203050702810287476e-02 2.384535036981105804e-02 -3.061154857277870178e-02 2.384713478386402130e-02 -1.429234258830547333e-02 9.991446733474731445e-01
1.403636582763555765e+09 -1.026725396513938904e-02 -1.767337024211883545e-01 -3.599038720130920410e-02 4.593644291162490845e-03 4.038404673337936401e-02 -5.294940900057554245e-03 9.991596341133117676e-01
1.403636583563555717e+09 1.812385022640228271e-02 1.448820084333419800e-01 5.715034157037734985e-02 -1.551197562366724014e-02 3.551016002893447876e-02 -1.517633721232414246e-02 9.991337060928344727e-01
1.403636583763555765e+09 2.062253840267658234e-02 2.992264628410339355e-01 9.280253946781158447e-02 -5.590602010488510132e-02 3.112875483930110931e-02 -3.459060098975896835e-03 9.979446530342102051e-01
1.403636583963555574e+09 8.356758393347263336e-03 1.366319805383682251e-01 5.373888462781906128e-02 -5.449769645929336548e-02 2.610309980809688568e-02 -2.127020992338657379e-02 9.979460239410400391e-01
1.403636584563555717e+09 4.927770234644412994e-03 -6.036928296089172363e-02 1.715480908751487732e-02 -2.268881537020206451e-02 3.646086901426315308e-02 -2.055653184652328491e-02 9.988659620285034180e-01
1.403636584763555765e+09 2.521218731999397278e-02 1.338425725698471069e-01 4.246325790882110596e-02 -4.763397201895713806e-02 2.723310701549053192e-02 -1.662886887788772583e-02 9.983550906181335449e-01
1.403636585963555574e+09 7.348093204200267792e-03 1.461782902479171753e-01 -2.404927462339401245e-02 -1.681198775768280029e-01 4.419860616326332092e-02 1.265170797705650330e-02 9.846940040588378906e-01
1.403636586563555717e+09 1.264229118824005127e-01 1.220724433660507202e-01 -1.556184049695730209e-02 -1.981438547372817993e-01 2.976434677839279175e-02 9.822182357311248779e-03 9.796717166900634766e-01
1.403636587663555622e+09 2.160473316907882690e-01 1.136458367109298706e-01 -3.734520636498928070e-03 -1.969830840826034546e-01 3.573337942361831665e-02 1.722662709653377533e-02 9.796040654182434082e-01
1.403636587763555765e+09 3.189543485641479492e-01 1.022124290466308594e-01 8.639483712613582611e-03 -1.859394609928131104e-01 4.914963245391845703e-02 2.606611698865890503e-02 9.809849262237548828e-01
1.403636587963555574e+09 4.093143343925476074e-01 1.080795973539352417e-01 1.670756936073303223e-02 -2.008069604635238647e-01 6.649272888898849487e-02 2.986548468470573425e-02 9.769152402877807617e-01
1.403636588263555765e+09 3.067792952060699463e-01 1.226120814681053162e-01 -6.223714910447597504e-03 -2.027893960475921631e-01 5.030458420515060425e-02 3.012822382152080536e-02 9.774651527404785156e-01
1.403636589063555717e+09 1.889903247356414795e-01 1.177120208740234375e-01 -2.326886169612407684e-02 -1.934811770915985107e-01 3.851274028420448303e-02 2.466550469398498535e-02 9.800374507904052734e-01
1.403636589263555765e+09 5.868960544466972351e-02 1.156043410301208496e-01 -3.814738616347312927e-02 -1.958678811788558960e-01 2.863156981766223907e-02 1.986966654658317566e-02 9.800108075141906738e-01
1.403636589463555574e+09 -7.166714221239089966e-02 1.221772432327270508e-01 -4.809445887804031372e-02 -1.963036805391311646e-01 2.150057442486286163e-02 1.530212257057428360e-02 9.801880717277526855e-01
1.403636589663555622e+09 -1.982551515102386475e-01 1.327922642230987549e-01 -5.696253851056098938e-02 -1.935151815414428711e-01 1.366280857473611832e-02 1.218213513493537903e-02 9.809265136718750000e-01
1.403636589863555670e+09 -3.014864325523376465e-01 1.493849605321884155e-01 -6.395751982927322388e-02 -2.038048803806304932e-01 -3.392773680388927460e-03 1.037114206701517105e-02 9.789507389068603516e-01
1.403636590163555622e+09 -1.792192459106445312e-01 1.367934644222259521e-01 -8.659506589174270630e-02 -1.899045258760452271e-01 1.052021142095327377e-02 5.246126558631658554e-03 9.817322492599487305e-01
1.403636590863555670e+09 -5.283436924219131470e-02 1.360765248537063599e-01 -7.961329072713851929e-02 -1.994015723466873169e-01 1.613185182213783264e-02 1.076553855091333389e-02 9.797260165214538574e-01
1.403636591063555717e+09 7.134885340929031372e-02 1.342737078666687012e-01 -6.704029440879821777e-02 -1.976379007101058960e-01 1.530129555612802505e-02 1.403314806520938873e-02 9.800552129745483398e-01
1.403636591263555765e+09 1.721476912498474121e-01 1.373075842857360840e-01 -5.230431631207466125e-02 -2.022213339805603027e-01 2.151583321392536163e-02 1.707843504846096039e-02 9.789545536041259766e-01
1.403636591563555717e+09 2.524544596672058105e-01 1.569035798311233521e-01 -1.437463145703077316e-02 -1.828114539384841919e-01 4.869594424962997437e-02 2.101589925587177277e-02 9.817163944244384766e-01
1.403636591763555765e+09 2.960978150367736816e-01 1.451839506626129150e-01 3.724335506558418274e-02 -1.435200721025466919e-01 8.964867144823074341e-02 3.017751313745975494e-02 9.851164221763610840e-01
1.403636592263555765e+09 3.457058072090148926e-01 1.078222990036010742e-01 1.652229726314544678e-01 -1.711877882480621338e-01 9.311669319868087769e-02 4.580407217144966125e-02 9.797581434249877930e-01
1.403636592563555717e+09 3.061298131942749023e-01 8.046378195285797119e-02 2.476941943168640137e-01 -1.556867957115173340e-01 6.112120300531387329e-02 3.056480921804904938e-02 9.854398369789123535e-01
1.403636592763555765e+09 2.093833684921264648e-01 6.672874838113784790e-02 3.073975741863250732e-01 -1.550405323505401611e-01 1.186586171388626099e-02 1.543088909238576889e-02 9.877163171768188477e-01
1.403636592963555574e+09 1.386879980564117432e-01 6.919188052415847778e-02 3.148968517780303955e-01 -1.607930958271026611e-01 -1.740491949021816254e-02 8.855459280312061310e-03 9.867949485778808594e-01
1.403636593063555717e+09 5.741695687174797058e-02 7.674035429954528809e-02 3.019943535327911377e-01 -1.663247495889663696e-01 -4.643576219677925110e-02 1.878007780760526657e-03 9.849753379821777344e-01
1.403636593163555622e+09 -2.675514481961727142e-02 8.745309710502624512e-02 2.693949639797210693e-01 -1.692579388618469238e-01 -7.302880287170410156e-02 -4.978248383849859238e-03 9.828497767448425293e-01
1.403636593263555765e+09 -1.066674068570137024e-01 9.985366463661193848e-02 2.215649038553237915e-01 -1.703536510467529297e-01 -9.647385776042938232e-02 -3.058233531191945076e-03 9.806442260742187500e-01
1.403636593363555670e+09 -1.700362861156463623e-01 1.166323572397232056e-01 1.644527614116668701e-01 -1.745572835206985474e-01 -1.092605590820312500e-01 -3.977028653025627136e-03 9.785582423210144043e-01
1.403636593463555574e+09 -2.235694229602813721e-01 1.645196825265884399e-01 4.215458780527114868e-02 -1.820746064186096191e-01 -1.037335544824600220e-01 -3.454436315223574638e-03 9.777914881706237793e-01
1.403636593663555622e+09 -1.851373463869094849e-01 2.144903391599655151e-01 -6.542021781206130981e-02 -1.983139514923095703e-01 -6.629581749439239502e-02 1.764537021517753601e-02 9.777347445487976074e-01
1.403636593863555670e+09 -1.352690458297729492e-01 2.335360795259475708e-01 -1.074428036808967590e-01 -1.972504556179046631e-01 -3.153974190354347229e-02 3.191860392689704895e-02 9.793257117271423340e-01
1.403636593963555574e+09 -7.122467458248138428e-02 2.446556836366653442e-01 -1.394709795713424683e-01 -1.870580166578292847e-01 8.493360131978988647e-03 4.592505842447280884e-02 9.812380671501159668e-01
1.403636594063555717e+09 1.599546987563371658e-03 2.482832372188568115e-01 -1.589723527431488037e-01 -1.769334524869918823e-01 4.940136894583702087e-02 5.672819912433624268e-02 9.813440442085266113e-01
1.403636594163555622e+09 7.889426499605178833e-02 2.458292841911315918e-01 -1.613695770502090454e-01 -1.741327047348022461e-01 8.442997932434082031e-02 6.814191490411758423e-02 9.787267446517944336e-01
1.403636594263555765e+09 1.585476845502853394e-01 2.407879531383514404e-01 -1.429639905691146851e-01 -1.752612143754959106e-01 1.108649522066116333e-01 7.386806607246398926e-02 9.754670858383178711e-01
1.403636594363555670e+09 2.377276420593261719e-01 2.299810945987701416e-01 -1.053913682699203491e-01 -1.755709648132324219e-01 1.290935128927230835e-01 7.291132956743240356e-02 9.732387661933898926e-01
1.403636594463555574e+09 3.117873966693878174e-01 2.133618444204330444e-01 -5.167853459715843201e-02 -1.692710071802139282e-01 1.397356092929840088e-01 6.689502298831939697e-02 9.733172059059143066e-01
1.403636594563555717e+09 3.709559142589569092e-01 1.934191286563873291e-01 1.080257818102836609e-02 -1.578183621168136597e-01 1.421915739774703979e-01 6.329181790351867676e-02 9.751251339912414551e-01
1.403636594663555622e+09 3.989372253417968750e-01 1.554871499538421631e-01 1.344379931688308716e-01 -1.448746323585510254e-01 1.299802660942077637e-01 6.194924935698509216e-02 9.789171218872070312e-01
1.403636594863555670e+09 2.827867865562438965e-01 1.406978070735931396e-01 2.255935221910476685e-01 -1.376912146806716919e-01 7.881543785333633423e-02 3.843168914318084717e-02 9.865862131118774414e-01
1.403636595063555717e+09 1.821698695421218872e-01 1.416107416152954102e-01 2.430453747510910034e-01 -1.370224207639694214e-01 3.822073340415954590e-02 2.400004491209983826e-02 9.895393252372741699e-01
1.403636595163555622e+09 7.525610923767089844e-02 1.487661153078079224e-01 2.434934377670288086e-01 -1.421276330947875977e-01 -1.722218701615929604e-03 1.196054182946681976e-02 9.897745847702026367e-01
1.403636595263555765e+09 -2.212527021765708923e-02 1.594070196151733398e-01 2.273031473159790039e-01 -1.477932184934616089e-01 -3.824986144900321960e-02 4.708150401711463928e-03 9.882671833038330078e-01
1.403636595363555670e+09 -9.588825702667236328e-02 1.731289029121398926e-01 1.961316466331481934e-01 -1.525539457798004150e-01 -6.491345167160034180e-02 -2.416649367660284042e-03 9.861580729484558105e-01
1.403636595463555574e+09 -1.055759415030479431e-01 2.185494005680084229e-01 7.308891415596008301e-02 -1.646914333105087280e-01 -7.802702486515045166e-02 -8.010562509298324585e-03 9.832214117050170898e-01
1.403636595763555765e+09 -4.631790518760681152e-02 2.362554222345352173e-01 3.580080345273017883e-02 -1.665232032537460327e-01 -6.016784161329269409e-02 -7.755478378385305405e-03 9.841696023941040039e-01
1.403636595863555670e+09 2.938324958086013794e-02 2.546062469482421875e-01 3.742102999240159988e-03 -1.659933626651763916e-01 -2.993652038276195526e-02 -5.504428874701261520e-03 9.856570959091186523e-01
1.403636595963555574e+09 1.053165793418884277e-01 2.714535892009735107e-01 -2.787570841610431671e-02 -1.672638058662414551e-01 2.175254980102181435e-03 2.399024553596973419e-03 9.859068393707275391e-01
1.403636596063555717e+09 1.662627309560775757e-01 2.876858115196228027e-01 -6.483929604291915894e-02 -1.720222681760787964e-01 3.277779370546340942e-02 1.092246267944574356e-02 9.844869971275329590e-01
1.403636596163555622e+09 1.486926972866058350e-01 3.112629354000091553e-01 -2.004292011260986328e-01 -1.700566560029983521e-01 6.625994294881820679e-02 3.233056142926216125e-02 9.826724529266357422e-01
1.403636596463555574e+09 4.344937577843666077e-02 3.139583468437194824e-01 -3.035891950130462646e-01 -1.596967130899429321e-01 6.309677660465240479e-02 2.251029759645462036e-02 9.848904013633728027e-01
1.403636596763555765e+09 5.418861284852027893e-03 2.918259799480438232e-01 -2.220407873392105103e-01 -1.620123535394668579e-01 6.280386447906494141e-02 3.868948202580213547e-03 9.847805500030517578e-01
1.403636597163555622e+09 5.546115711331367493e-02 2.406053394079208374e-01 -5.981699377298355103e-02 -1.766336858272552490e-01 4.190561547875404358e-02 -1.789983827620744705e-03 9.833825826644897461e-01
1.403636597363555670e+09 7.440069317817687988e-02 2.061429321765899658e-01 2.528465352952480316e-02 -1.731944233179092407e-01 2.637550793588161469e-02 -8.376136422157287598e-03 9.844987988471984863e-01
1.403636597463555574e+09 8.419203013181686401e-02 1.751753091812133789e-01 1.062874495983123779e-01 -1.692172735929489136e-01 1.009436603635549545e-02 -1.759050227701663971e-02 9.853701591491699219e-01
1.403636597563555717e+09 6.061368063092231750e-02 1.427516490221023560e-01 2.062898874282836914e-01 -1.554454118013381958e-01 -3.537015616893768311e-02 -2.742925286293029785e-02 9.868299365043640137e-01
1.403636597763555765e+09 -1.395386876538395882e-03 1.537897437810897827e-01 1.895105242729187012e-01 -1.396282911300659180e-01 -6.902166455984115601e-02 -3.518992662429809570e-02 9.871684908866882324e-01
1.403636598063555717e+09 -3.987773135304450989e-02 1.950260400772094727e-01 9.310060739517211914e-02 -1.438884139060974121e-01 -7.918412983417510986e-02 -4.744477570056915283e-02 9.852791428565979004e-01
1.403636598163555622e+09 -4.103223234415054321e-02 2.528593540191650391e-01 -8.119471371173858643e-03 -1.766832321882247925e-01 -7.250263541936874390e-02 -5.043091624975204468e-02 9.802974462509155273e-01
1.403636598363555670e+09 -1.278231013566255569e-02 3.015133142471313477e-01 -2.813120745122432709e-02 -1.904256194829940796e-01 -5.785680189728736877e-02 -5.632960423827171326e-02 9.783749580383300781e-01
1.403636598663555622e+09 1.869634911417961121e-02 3.156332671642303467e-01 4.489909112453460693e-02 -1.667995005846023560e-01 -6.806018203496932983e-02 -5.600479617714881897e-02 9.820434451103210449e-01
1.403636598763555765e+09 4.242353513836860657e-02 3.338794708251953125e-01 1.476732343435287476e-01 -1.228683590888977051e-01 -9.107086807489395142e-02 -5.056551098823547363e-02 9.869410991668701172e-01
1.403636598963555574e+09 6.047154590487480164e-02 3.706775903701782227e-01 2.337310463190078735e-01 -8.666403591632843018e-02 -9.592623263597488403e-02 -4.664372652769088745e-02 9.905109405517578125e-01
1.403636599263555765e+09 6.709068268537521362e-02 3.876748681068420410e-01 2.843692302703857422e-01 -3.258386626839637756e-02 -1.055230796337127686e-01 -3.657344356179237366e-02 9.932097792625427246e-01
1.403636599463555574e+09 7.343363761901855469e-02 4.212392568588256836e-01 3.449790179729461670e-01 -1.127399783581495285e-02 -8.438628166913986206e-02 -3.130286931991577148e-02 9.958775043487548828e-01
1.403636600163555622e+09 1.148907616734504700e-01 4.324454069137573242e-01 3.282351791858673096e-01 -5.455605685710906982e-03 -7.154980301856994629e-02 -2.248071320354938507e-02 9.971687793731689453e-01
1.403636624763555765e+09 1.534053832292556763e-01 4.412121474742889404e-01 3.051164746284484863e-01 -8.730137720704078674e-03 -6.492265313863754272e-02 -4.378677159547805786e-02 9.968909621238708496e-01
1.403636624963555574e+09 1.931525617837905884e-01 4.201115369796752930e-01 2.585435211658477783e-01 -3.331781923770904541e-02 -5.777290463447570801e-02 -6.860689073801040649e-02 9.954121708869934082e-01
1.403636625163555622e+09 2.056523263454437256e-01 3.542942106723785400e-01 2.128465622663497925e-01 -3.624051064252853394e-02 -6.282735615968704224e-02 -5.771322175860404968e-02 9.956950545310974121e-01
1.403636625763555765e+09 1.831200271844863892e-01 2.594956457614898682e-01 2.308625578880310059e-01 -1.650759764015674591e-02 -7.204351574182510376e-02 -5.315619707107543945e-02 9.958472251892089844e-01
1.403636625963555574e+09 1.555971950292587280e-01 1.235903352499008179e-01 2.294110655784606934e-01 -6.243259645998477936e-03 -7.596111297607421875e-02 -4.594695568084716797e-02 9.960320591926574707e-01
1.403636626163555622e+09 2.920454144477844238e-01 -8.215302973985671997e-02 1.628395915031433105e-01 -1.265477854758501053e-02 -7.174282521009445190e-02 -4.341915994882583618e-02 9.963973164558410645e-01
1.403636627863555670e+09 4.393604993820190430e-01 -2.071001231670379639e-01 2.058470249176025391e-01 -5.301889963448047638e-03 -2.697878144681453705e-02 -1.431369408965110779e-02 9.995195269584655762e-01
1.403636628963555574e+09 6.838194131851196289e-01 -3.039171099662780762e-01 2.824081480503082275e-01 -2.629359997808933258e-02 1.676145754754543304e-02 -1.858878508210182190e-02 9.993409514427185059e-01
1.403636629463555574e+09 9.106990694999694824e-01 -3.048450648784637451e-01 4.339868128299713135e-01 -3.007552772760391235e-02 8.085469901561737061e-02 1.521759945899248123e-02 9.961558580398559570e-01
1.403636629863555670e+09 1.155832409858703613e+00 -2.807763218879699707e-01 6.250744462013244629e-01 -2.406670898199081421e-02 1.465693563222885132e-01 3.092442080378532410e-02 9.884240031242370605e-01
1.403636630363555670e+09 1.521766662597656250e+00 -4.879609644412994385e-01 8.960116505622863770e-01 -1.925847120583057404e-02 1.538423299789428711e-01 1.908733323216438293e-02 9.877233505249023438e-01
1.403636631163555622e+09 2.130887985229492188e+00 -6.078589558601379395e-01 1.581416249275207520e+00 -1.512954756617546082e-02 1.399750858545303345e-01 1.338011771440505981e-02 9.899489879608154297e-01
1.403636632763555765e+09 2.485600471496582031e+00 -7.418435215950012207e-01 2.362412929534912109e+00 -2.009688690304756165e-02 3.341080248355865479e-02 -2.256074920296669006e-02 9.989849925041198730e-01
1.403636633863555670e+09 2.833523035049438477e+00 -9.777253270149230957e-01 3.307785034179687500e+00 -2.201158925890922546e-02 3.493590652942657471e-02 -7.492965087294578552e-03 9.991190433502197266e-01
1.403636634663555622e+09 3.148794889450073242e+00 -1.237567782402038574e+00 4.046598434448242188e+00 -2.164437994360923767e-02 5.995738320052623749e-04 -3.436937555670738220e-02 9.991746544837951660e-01
1.403636635663555622e+09 3.358436822891235352e+00 -1.524762630462646484e+00 4.702149868011474609e+00 -1.617636345326900482e-02 -1.039982959628105164e-02 -7.465842645615339279e-03 9.997872114181518555e-01
1.403636636163555622e+09 3.599845409393310547e+00 -1.902644395828247070e+00 5.160734176635742188e+00 -7.758585736155509949e-03 -1.026566489599645138e-03 -2.957897633314132690e-02 9.995318055152893066e-01
1.403636636563555717e+09 3.815254926681518555e+00 -2.166447162628173828e+00 5.579817295074462891e+00 9.788814000785350800e-03 9.525000117719173431e-03 -6.391853094100952148e-02 9.978616237640380859e-01
1.403636637263555765e+09 3.890244007110595703e+00 -2.438377141952514648e+00 6.239481449127197266e+00 -1.348335482180118561e-02 -1.322388648986816406e-02 -3.367334976792335510e-02 9.992544651031494141e-01
1.403636638563555717e+09 4.003513336181640625e+00 -2.688362121582031250e+00 7.116298675537109375e+00 -2.356613613665103912e-02 -2.754674293100833893e-02 -3.662928240373730659e-03 9.993360638618469238e-01
1.403636639463555574e+09 4.222350597381591797e+00 -2.697926998138427734e+00 7.644740104675292969e+00 -1.632798835635185242e-02 -1.541358418762683868e-02 -4.398236051201820374e-02 9.987800121307373047e-01
1.403636639963555574e+09 4.475379943847656250e+00 -2.859786272048950195e+00 8.264887809753417969e+00 -4.072192125022411346e-03 -4.483345150947570801e-02 -4.572391510009765625e-02 9.979392886161804199e-01
1.403636641363555670e+09 4.898291110992431641e+00 -3.065296173095703125e+00 9.166668891906738281e+00 -2.615027828142046928e-03 -4.022571817040443420e-02 -4.193935915827751160e-02 9.983066320419311523e-01
1.403636642363555670e+09 5.336071014404296875e+00 -3.316713809967041016e+00 9.699759483337402344e+00 -4.896855354309082031e-02 -6.606381502933800220e-04 -2.804569900035858154e-02 9.984063506126403809e-01
1.403636644363555670e+09 5.777260780334472656e+00 -3.255500316619873047e+00 1.050790691375732422e+01 -2.533434145152568817e-02 4.231813363730907440e-03 -2.590581402182579041e-02 9.993343949317932129e-01
1.403636645263555765e+09 6.258292675018310547e+00 -3.413596868515014648e+00 1.142936611175537109e+01 -3.251796215772628784e-02 7.676492910832166672e-03 -2.125474624335765839e-02 9.992157220840454102e-01
1.403636646163555622e+09 6.494265079498291016e+00 -3.670382976531982422e+00 1.191556930541992188e+01 -1.251164008863270283e-03 7.264216244220733643e-02 2.493757940828800201e-02 9.970455169677734375e-01
1.403636646463555574e+09 6.790241718292236328e+00 -3.883346796035766602e+00 1.233571815490722656e+01 8.757337927818298340e-03 1.491332799196243286e-01 2.851073630154132843e-02 9.883671998977661133e-01
1.403636647263555765e+09 7.402970790863037109e+00 -4.291956901550292969e+00 1.292372798919677734e+01 1.445576734840869904e-02 1.486124992370605469e-01 3.790955618023872375e-02 9.880629181861877441e-01
1.403636647963555574e+09 7.783903121948242188e+00 -4.361717224121093750e+00 1.310238265991210938e+01 6.542982999235391617e-03 2.070917189121246338e-01 4.986781999468803406e-02 9.770278334617614746e-01
1.403636648263555765e+09 8.034156799316406250e+00 -4.292776107788085938e+00 1.318094253540039062e+01 8.207723498344421387e-03 2.843751311302185059e-01 7.587624341249465942e-02 9.556705355644226074e-01
1.403636648563555717e+09 8.406352996826171875e+00 -4.225386142730712891e+00 1.320464134216308594e+01 -2.434087172150611877e-02 3.497059643268585205e-01 1.029436066746711731e-01 9.308683872222900391e-01
1.403636649263555765e+09 8.946659088134765625e+00 -4.635300636291503906e+00 1.307325267791748047e+01 1.222941465675830841e-02 3.493781089782714844e-01 9.126014262437820435e-02 9.324467778205871582e-01
1.403636650063555717e+09 9.254820823669433594e+00 -4.724690437316894531e+00 1.289293861389160156e+01 1.341075729578733444e-02 4.164504706859588623e-01 1.088626012206077576e-01 9.025176763534545898e-01
1.403636650463555574e+09 9.398545265197753906e+00 -4.596900463104248047e+00 1.275726699829101562e+01 -2.227187855169177055e-03 4.865720272064208984e-01 1.405780017375946045e-01 8.622531294822692871e-01
1.403636651163555622e+09 9.513924598693847656e+00 -4.483034133911132812e+00 1.214659214019775391e+01 2.808701805770397186e-02 5.236089825630187988e-01 1.563471853733062744e-01 8.370187282562255859e-01
1.403636652163555622e+09 9.491325378417968750e+00 -4.320645332336425781e+00 1.194542312622070312e+01 5.482837150339037180e-05 6.049264073371887207e-01 1.880089491605758667e-01 7.737677693367004395e-01
1.403636652463555574e+09 9.515135765075683594e+00 -4.116676330566406250e+00 1.144268512725830078e+01 -1.715508103370666504e-02 6.582115888595581055e-01 2.131686061620712280e-01 7.218188047409057617e-01
1.403636653363555670e+09 9.697467803955078125e+00 -3.905013322830200195e+00 1.068046569824218750e+01 9.156299754977226257e-03 6.655920147895812988e-01 1.912507712841033936e-01 7.213366627693176270e-01
1.403636654563555717e+09 9.566289901733398438e+00 -3.854457616806030273e+00 1.029466056823730469e+01 7.201746106147766113e-03 7.268790006637573242e-01 2.133407294750213623e-01 6.527486443519592285e-01
1.403636655463555574e+09 9.222970962524414062e+00 -3.622178792953491211e+00 9.984764099121093750e+00 1.013497076928615570e-02 7.665405273437500000e-01 2.534756362438201904e-01 5.899688005447387695e-01
1.403636656063555717e+09 9.002349853515625000e+00 -3.437818050384521484e+00 9.793590545654296875e+00 5.421778187155723572e-03 7.980459928512573242e-01 2.660559117794036865e-01 5.406546592712402344e-01
1.403636656563555717e+09 8.507545471191406250e+00 -3.261859178543090820e+00 9.111892700195312500e+00 2.674588933587074280e-02 8.008423447608947754e-01 2.390028834342956543e-01 5.484650135040283203e-01
1.403636657563555717e+09 8.047115325927734375e+00 -3.021370172500610352e+00 8.737915992736816406e+00 2.236501872539520264e-02 7.942964434623718262e-01 2.706566452980041504e-01 5.434501171112060547e-01
1.403636658063555717e+09 7.734566688537597656e+00 -2.844585418701171875e+00 8.379032135009765625e+00 2.739130286499857903e-03 8.010717034339904785e-01 2.682337760925292969e-01 5.350955128669738770e-01
1.403636658463555574e+09 7.476320266723632812e+00 -2.648060798645019531e+00 7.981081485748291016e+00 -1.922780275344848633e-02 8.069372177124023438e-01 2.574955523014068604e-01 5.312049984931945801e-01
1.403636658863555670e+09 7.269529342651367188e+00 -2.358573436737060547e+00 7.605026721954345703e+00 1.680885674431920052e-03 8.138700127601623535e-01 2.374072819948196411e-01 5.303307771682739258e-01
1.403636659463555574e+09 6.988491058349609375e+00 -2.027936458587646484e+00 7.305131912231445312e+00 -4.902678541839122772e-03 8.143055438995361328e-01 2.437123060226440430e-01 5.267701148986816406e-01
1.403636660063555717e+09 6.830344200134277344e+00 -1.683436870574951172e+00 7.228724956512451172e+00 -3.344777971506118774e-02 8.046038150787353516e-01 2.817284166812896729e-01 5.216540694236755371e-01
1.403636660763555765e+09 7.070740699768066406e+00 -1.189990878105163574e+00 7.373877048492431641e+00 -1.969784032553434372e-03 8.179549574851989746e-01 2.364853322505950928e-01 5.244239568710327148e-01
1.403636661863555670e+09 7.038007259368896484e+00 -1.315375924110412598e+00 7.825636863708496094e+00 -1.437863428145647049e-02 8.125045299530029297e-01 2.532891929149627686e-01 5.248563289642333984e-01
1.403636662863555670e+09 7.274488449096679688e+00 -9.874880313873291016e-01 8.190136909484863281e+00 -5.450924113392829895e-02 8.163034915924072266e-01 2.353468835353851318e-01 5.246801972389221191e-01
1.403636664263555765e+09 7.675153732299804688e+00 -1.005859971046447754e+00 8.378257751464843750e+00 -1.340301521122455597e-02 8.114436268806457520e-01 2.291554212570190430e-01 5.374638438224792480e-01
1.403636664663555622e+09 8.050067901611328125e+00 -9.742944240570068359e-01 8.690191268920898438e+00 -3.866000333800911903e-03 8.005530834197998047e-01 2.334393858909606934e-01 5.519111156463623047e-01
1.403636665063555717e+09 8.372318267822265625e+00 -1.097067356109619141e+00 8.998619079589843750e+00 -5.357129266485571861e-04 7.883476614952087402e-01 2.547077834606170654e-01 5.600281953811645508e-01
1.403636665463555574e+09 8.764905929565429688e+00 -1.319209098815917969e+00 9.338615417480468750e+00 -1.728134416043758392e-02 7.970407009124755859e-01 2.360972762107849121e-01 5.555948615074157715e-01
1.403636665963555574e+09 9.065774917602539062e+00 -1.511480450630187988e+00 9.644018173217773438e+00 1.357878185808658600e-02 7.971265912055969238e-01 2.441527396440505981e-01 5.520817637443542480e-01
1.403636666363555670e+09 9.289681434631347656e+00 -1.607268095016479492e+00 9.955732345581054688e+00 1.754383184015750885e-02 7.933861017227172852e-01 2.489018142223358154e-01 5.552284121513366699e-01
1.403636666863555670e+09 9.496367454528808594e+00 -1.776247262954711914e+00 1.026869583129882812e+01 7.781755644828081131e-03 7.771087288856506348e-01 2.840020954608917236e-01 5.615909099578857422e-01
1.403636667263555765e+09 9.884414672851562500e+00 -1.851611137390136719e+00 1.067131519317626953e+01 2.216492081061005592e-03 7.825817465782165527e-01 2.635874450206756592e-01 5.639881491661071777e-01
1.403636668363555670e+09 1.051213359832763672e+01 -1.759489059448242188e+00 1.111919879913330078e+01 -2.415899373590946198e-02 8.034444451332092285e-01 2.360120564699172974e-01 5.460694432258605957e-01
1.403636669163555622e+09 1.094791984558105469e+01 -1.854910373687744141e+00 1.154996299743652344e+01 3.424153197556734085e-03 8.060836195945739746e-01 2.322672158479690552e-01 5.443064570426940918e-01
1.403636669763555765e+09 1.115645980834960938e+01 -1.948464632034301758e+00 1.204687976837158203e+01 5.372341722249984741e-02 7.957819104194641113e-01 2.469192594289779663e-01 5.503416061401367188e-01
1.403636670263555765e+09 1.087769126892089844e+01 -2.148688793182373047e+00 1.235819721221923828e+01 9.886278212070465088e-02 7.409791946411132812e-01 2.725367844104766846e-01 6.057225465774536133e-01
1.403636670863555670e+09 1.037372016906738281e+01 -2.171412467956542969e+00 1.203340721130371094e+01 1.162953302264213562e-01 6.666936278343200684e-01 2.547144889831542969e-01 6.907355189323425293e-01
1.403636671263555765e+09 9.686496734619140625e+00 -2.110341548919677734e+00 1.123771667480468750e+01 1.475034561008214951e-02 6.134177446365356445e-01 1.980554461479187012e-01 7.643789052963256836e-01
1.403636671663555622e+09 9.056974411010742188e+00 -1.967373132705688477e+00 1.036038589477539062e+01 -5.246135592460632324e-02 5.759149193763732910e-01 2.041831016540527344e-01 7.898601293563842773e-01
1.403636672063555717e+09 8.726647377014160156e+00 -1.942308902740478516e+00 9.619564056396484375e+00 -9.228236973285675049e-02 5.860708355903625488e-01 1.874465495347976685e-01 7.828593254089355469e-01
1.403636672463555574e+09 8.682752609252929688e+00 -1.975493431091308594e+00 9.256412506103515625e+00 -5.438640341162681580e-02 6.015397906303405762e-01 1.473192274570465088e-01 7.832553982734680176e-01
1.403636673063555717e+09 9.082626342773437500e+00 -1.857516288757324219e+00 9.507740020751953125e+00 -5.168408970348536968e-04 5.155621170997619629e-01 1.599564999341964722e-01 8.417894244194030762e-01
1.403636674663555622e+09 9.399829864501953125e+00 -1.700772047042846680e+00 1.003730010986328125e+01 -4.567477852106094360e-02 4.742089807987213135e-01 1.657635718584060669e-01 8.634593486785888672e-01
1.403636675463555574e+09 1.000454711914062500e+01 -1.886634349822998047e+00 1.066050624847412109e+01 1.565959537401795387e-03 4.372835457324981689e-01 1.057745814323425293e-01 8.930802941322326660e-01
1.403636675963555574e+09 1.025770950317382812e+01 -1.872420072555541992e+00 1.111313247680664062e+01 -1.785810478031635284e-02 3.589406907558441162e-01 8.414851874113082886e-02 9.293878674507141113e-01
1.403636676463555574e+09 1.048740005493164062e+01 -1.935794711112976074e+00 1.169502449035644531e+01 -2.004903554916381836e-02 2.620505392551422119e-01 5.574030801653862000e-02 9.632344841957092285e-01
1.403636677063555717e+09 1.074338245391845703e+01 -2.087440252304077148e+00 1.256295585632324219e+01 8.333537727594375610e-03 2.321918308734893799e-01 2.670772187411785126e-02 9.722675681114196777e-01
1.403636677663555622e+09 1.075129508972167969e+01 -2.209356307983398438e+00 1.292948436737060547e+01 4.898068029433488846e-03 1.460866630077362061e-01 3.643858432769775391e-02 9.885883331298828125e-01
1.403636677963555574e+09 1.079941463470458984e+01 -2.344576120376586914e+00 1.323196315765380859e+01 -1.154995150864124298e-02 5.126545205712318420e-02 -8.190203458070755005e-03 9.985846877098083496e-01
1.403636678563555717e+09 1.088126659393310547e+01 -2.524061918258666992e+00 1.351297187805175781e+01 -1.446755416691303253e-02 -6.175694614648818970e-02 -9.557101875543594360e-02 9.933997392654418945e-01
1.403636679163555622e+09 1.078812694549560547e+01 -2.533899068832397461e+00 1.367006111145019531e+01 -7.338264258578419685e-04 -1.666518151760101318e-01 -8.396949619054794312e-02 9.824336171150207520e-01
1.403636679463555574e+09 1.065969848632812500e+01 -2.706857204437255859e+00 1.372350120544433594e+01 6.691399961709976196e-03 -2.451436221599578857e-01 -1.155834197998046875e-01 9.625489115715026855e-01
1.403636680963555574e+09 1.022273445129394531e+01 -2.831037521362304688e+00 1.318852710723876953e+01 -2.319580875337123871e-02 -2.306436598300933838e-01 -1.019223704934120178e-01 9.674074649810791016e-01
1.403636681163555622e+09 9.661605834960937500e+00 -2.629020690917968750e+00 1.275167083740234375e+01 -4.520402289927005768e-03 -2.324053198099136353e-01 -1.130450293421745300e-01 9.660166501998901367e-01
1.403636681963555574e+09 9.157160758972167969e+00 -2.529330015182495117e+00 1.230284214019775391e+01 -1.041601784527301788e-02 -2.426692992448806763e-01 -1.082545518875122070e-01 9.639938473701477051e-01
1.403636682763555765e+09 8.355677604675292969e+00 -2.312701702117919922e+00 1.150503826141357422e+01 -7.957877242006361485e-04 -2.339835613965988159e-01 -1.107248291373252869e-01 9.659147262573242188e-01
1.403636683563555717e+09 7.892272949218750000e+00 -2.017604351043701172e+00 1.094444465637207031e+01 -2.016295120120048523e-02 -2.443749904632568359e-01 -1.063066124916076660e-01 9.636250734329223633e-01
1.403636684163555622e+09 7.462160110473632812e+00 -1.934526562690734863e+00 1.036479282379150391e+01 -5.438609514385461807e-03 -2.553530931472778320e-01 -1.053652465343475342e-01 9.610741138458251953e-01
1.403636684863555670e+09 7.051173210144042969e+00 -1.604851841926574707e+00 9.535817146301269531e+00 -9.741811081767082214e-03 -2.443914413452148438e-01 -1.226389557123184204e-01 9.618407487869262695e-01
1.403636685863555670e+09 6.672318458557128906e+00 -1.256749272346496582e+00 8.741490364074707031e+00 -1.566487178206443787e-02 -2.441596239805221558e-01 -1.081477478146553040e-01 9.635584354400634766e-01
1.403636686563555717e+09 6.273257732391357422e+00 -1.011602759361267090e+00 8.033011436462402344e+00 -1.767231337726116180e-02 -2.475363910198211670e-01 -1.033726036548614502e-01 9.631861448287963867e-01
1.403636687263555765e+09 5.988384246826171875e+00 -8.642853498458862305e-01 7.544048786163330078e+00 -8.127536624670028687e-03 -2.525736987590789795e-01 -1.008125692605972290e-01 9.622771143913269043e-01
1.403636687963555574e+09 5.834743499755859375e+00 -4.851799011230468750e-01 7.221397876739501953e+00 -5.856539588421583176e-03 -2.505897879600524902e-01 -1.119765490293502808e-01 9.615777730941772461e-01
1.403636688563555717e+09 5.679993629455566406e+00 -1.199652850627899170e-01 6.863308429718017578e+00 -9.665301069617271423e-03 -2.514438331127166748e-01 -1.262740343809127808e-01 9.595506787300109863e-01
1.403636689063555717e+09 5.503835678100585938e+00 3.342747688293457031e-02 6.582105159759521484e+00 -2.607462368905544281e-02 -2.802430391311645508e-01 -1.193389520049095154e-01 9.521251320838928223e-01
1.403636689463555574e+09 5.245817184448242188e+00 -1.542180776596069336e-02 6.261486530303955078e+00 -4.738671332597732544e-02 -2.929893434047698975e-01 -1.117325648665428162e-01 9.483816027641296387e-01
1.403636690263555765e+09 4.836719512939453125e+00 -2.142091095447540283e-01 6.266571998596191406e+00 -4.115692898631095886e-02 -2.904168963432312012e-01 -9.424728900194168091e-02 9.513577222824096680e-01
1.403636690863555670e+09 4.834897994995117188e+00 -2.789627909660339355e-01 6.663341999053955078e+00 2.576398290693759918e-02 -3.040366470813751221e-01 -6.192252039909362793e-02 9.502965807914733887e-01
1.403636691463555574e+09 5.185364723205566406e+00 -4.683814048767089844e-01 6.831077575683593750e+00 -4.213212523609399796e-03 -2.978501021862030029e-01 -1.088718175888061523e-01 9.483746290206909180e-01
1.403636691863555670e+09 5.586511611938476562e+00 -6.665711402893066406e-01 6.931305885314941406e+00 -1.029721461236476898e-03 -2.988838553428649902e-01 -1.107129454612731934e-01 9.478449821472167969e-01
1.403636692263555765e+09 6.088922500610351562e+00 -9.602357149124145508e-01 6.966147422790527344e+00 -5.672795698046684265e-03 -2.886132895946502686e-01 -1.266044676303863525e-01 9.490213394165039062e-01
1.403636692863555670e+09 6.704854011535644531e+00 -1.494190216064453125e+00 6.849674701690673828e+00 -5.505490303039550781e-02 -2.863629460334777832e-01 -1.315113455057144165e-01 9.474545121192932129e-01
1.403636693963555574e+09 6.776433944702148438e+00 -1.715323925018310547e+00 7.398458003997802734e+00 -1.996148191392421722e-02 -2.918136715888977051e-01 -1.100420504808425903e-01 9.499142169952392578e-01
1.403636695663555622e+09 6.468439102172851562e+00 -1.752043724060058594e+00 7.326150417327880859e+00 -1.583725959062576294e-02 -1.711667329072952271e-01 -9.032190591096878052e-02 9.809654355049133301e-01
1.403636698563555717e+09 6.190256118774414062e+00 -1.562283754348754883e+00 7.164390087127685547e+00 -1.965792104601860046e-02 -6.851624697446823120e-02 -5.577353388071060181e-02 9.958958029747009277e-01
1.403636698963555574e+09 5.955886363983154297e+00 -1.399235844612121582e+00 7.076701641082763672e+00 -1.812531985342502594e-02 3.718298301100730896e-02 -3.113998565822839737e-03 9.991393089294433594e-01
1.403636699363555670e+09 5.776525020599365234e+00 -1.372367978096008301e+00 6.981122493743896484e+00 -2.076570503413677216e-02 1.419088393449783325e-01 5.571581423282623291e-02 9.880923628807067871e-01
1.403636699763555765e+09 5.761992454528808594e+00 -1.105995535850524902e+00 6.864787101745605469e+00 -9.437342174351215363e-03 2.431832551956176758e-01 8.488145470619201660e-02 9.662131667137145996e-01
1.403636700663555622e+09 6.018665790557861328e+00 -7.469409704208374023e-01 6.710641384124755859e+00 -2.682551927864551544e-02 2.914179563522338867e-01 8.587818592786788940e-02 9.523555040359497070e-01
1.403636701963555574e+09 6.512925624847412109e+00 -6.456559896469116211e-01 6.572039604187011719e+00 -1.153098326176404953e-02 3.729605376720428467e-01 1.107051894068717957e-01 9.211470484733581543e-01
1.403636702563555717e+09 7.528325557708740234e+00 -1.745014190673828125e-01 6.862933158874511719e+00 -4.581622779369354248e-03 3.817611634731292725e-01 1.148745194077491760e-01 9.170830249786376953e-01
1.403636704663555622e+09 8.253828048706054688e+00 -1.057698726654052734e-01 7.154509067535400391e+00 -4.311373829841613770e-02 3.758296072483062744e-01 1.048605814576148987e-01 9.197269082069396973e-01
1.403636705363555670e+09 8.714429855346679688e+00 -1.660302281379699707e-01 7.564301013946533203e+00 -3.449879586696624756e-02 3.770581483840942383e-01 1.007065102458000183e-01 9.200517535209655762e-01
1.403636705863555670e+09 9.083372116088867188e+00 -2.342927455902099609e-01 7.966974258422851562e+00 5.660556489601731300e-04 3.687971830368041992e-01 1.188913285732269287e-01 9.218748807907104492e-01
1.403636706363555670e+09 9.649002075195312500e+00 -3.020213246345520020e-01 8.495126724243164062e+00 -2.182960323989391327e-02 3.741343915462493896e-01 8.886591345071792603e-02 9.228487610816955566e-01
1.403636706963555574e+09 1.015488529205322266e+01 -5.503970384597778320e-01 9.063161849975585938e+00 -2.419300004839897156e-02 3.855045437812805176e-01 9.483167529106140137e-02 9.175009131431579590e-01
1.403636707563555717e+09 1.061561298370361328e+01 -9.860979318618774414e-01 9.724350929260253906e+00 -2.222844026982784271e-02 3.824307918548583984e-01 1.174191832542419434e-01 9.162234067916870117e-01
1.403636708163555622e+09 1.115552997589111328e+01 -1.086717128753662109e+00 1.051871013641357422e+01 6.931282114237546921e-03 3.675322830677032471e-01 1.259727627038955688e-01 9.214135408401489258e-01
1.403636708863555670e+09 1.189230346679687500e+01 -1.243534088134765625e+00 1.137940597534179688e+01 -8.057310245931148529e-03 3.992199897766113281e-01 8.803964406251907349e-02 9.125829339027404785e-01
1.403636709863555670e+09 1.207772541046142578e+01 -1.447811961174011230e+00 1.226991653442382812e+01 -1.192867662757635117e-02 3.880171179771423340e-01 8.438568562269210815e-02 9.177033305168151855e-01
1.403636710463555574e+09 1.203556919097900391e+01 -1.421404600143432617e+00 1.293992805480957031e+01 1.922279014252126217e-03 3.120295703411102295e-01 8.356375247240066528e-02 9.463883638381958008e-01
1.403636711063555717e+09 1.190294075012207031e+01 -1.534578323364257812e+00 1.349245357513427734e+01 2.296306379139423370e-02 2.710933387279510498e-01 4.327766969799995422e-02 9.613054394721984863e-01
1.403636712163555622e+09 1.128284835815429688e+01 -1.842938184738159180e+00 1.370642089843750000e+01 1.118702441453933716e-02 2.476295530796051025e-01 3.850941359996795654e-02 9.680245518684387207e-01
1.403636712663555622e+09 1.081626319885253906e+01 -2.022313594818115234e+00 1.358948421478271484e+01 1.609191857278347015e-02 2.105075269937515259e-01 3.240453451871871948e-02 9.769225120544433594e-01
1.403636713363555670e+09 9.975102424621582031e+00 -2.246595382690429688e+00 1.307893466949462891e+01 1.602778793312609196e-03 2.034783512353897095e-01 6.049211695790290833e-02 9.772076010704040527e-01
1.403636714463555574e+09 9.294705390930175781e+00 -2.131789207458496094e+00 1.238264179229736328e+01 -2.321236021816730499e-02 1.987351328134536743e-01 5.626650899648666382e-02 9.781613945960998535e-01
1.403636714863555670e+09 9.093309402465820312e+00 -2.103352069854736328e+00 1.210181331634521484e+01 -3.145911544561386108e-02 1.168266460299491882e-01 1.156419236212968826e-02 9.925866127014160156e-01
1.403636715263555765e+09 8.699916839599609375e+00 -1.991709589958190918e+00 1.119433879852294922e+01 -4.812721163034439087e-03 7.254670560359954834e-02 8.054214413277804852e-05 9.973534345626831055e-01
1.403636717063555717e+09 8.517234802246093750e+00 -1.788203120231628418e+00 1.054779911041259766e+01 -7.218826096504926682e-03 -1.788539439439773560e-02 -5.395506322383880615e-02 9.983571171760559082e-01
1.403636718063555717e+09 8.215899467468261719e+00 -1.653050541877746582e+00 1.016470050811767578e+01 -1.119480933994054794e-02 -8.753988891839981079e-02 -6.778567284345626831e-02 9.937889575958251953e-01
1.403636718463555574e+09 7.916253089904785156e+00 -1.464255094528198242e+00 9.892508506774902344e+00 -1.807257533073425293e-02 -1.517809182405471802e-01 -6.082826852798461914e-02 9.863751530647277832e-01
1.403636718863555670e+09 7.559081077575683594e+00 -1.194392085075378418e+00 9.559967994689941406e+00 8.186188060790300369e-04 -1.690107434988021851e-01 -8.422924578189849854e-02 9.820082187652587891e-01
1.403636719763555765e+09 7.118532657623291016e+00 -8.049095273017883301e-01 8.840549468994140625e+00 -1.598896272480487823e-02 -1.542043387889862061e-01 -6.868767738342285156e-02 9.855188727378845215e-01
1.403636721163555622e+09 7.006271839141845703e+00 -5.698317885398864746e-01 8.387454032897949219e+00 -5.033858586102724075e-03 -8.112332224845886230e-02 -3.952104598283767700e-02 9.959074854850769043e-01
1.403636721663555622e+09 7.084487438201904297e+00 -3.323515951633453369e-01 7.778069019317626953e+00 -7.717524189502000809e-03 -2.937006577849388123e-02 -3.937073051929473877e-02 9.987630844116210938e-01
1.403636723663555622e+09 6.909100055694580078e+00 -8.896189928054809570e-02 6.890693664550781250e+00 -2.371717244386672974e-02 5.890539288520812988e-02 -4.532684572041034698e-03 9.979714751243591309e-01
1.403636724463555574e+09 6.596518039703369141e+00 -5.230166316032409668e-01 5.617953777313232422e+00 -5.906547885388135910e-03 9.900628030300140381e-02 -9.973429143428802490e-03 9.950193166732788086e-01
1.403636728663555622e+09 6.118092536926269531e+00 -7.377406358718872070e-01 4.820268154144287109e+00 -7.293472881428897381e-04 5.543754622340202332e-02 -1.613900624215602875e-02 9.983314871788024902e-01
1.403636729263555765e+09 5.675543785095214844e+00 -6.000850200653076172e-01 4.152304172515869141e+00 -1.159859728068113327e-02 2.938901074230670929e-02 -2.049739845097064972e-02 9.992905855178833008e-01
1.403636730563555717e+09 5.136715888977050781e+00 -4.914703965187072754e-01 3.542669773101806641e+00 -1.700072549283504486e-02 1.778119429945945740e-02 1.125130616128444672e-02 9.996340870857238770e-01
1.403636732563555717e+09 4.469851970672607422e+00 -5.491468310356140137e-02 2.197886466979980469e+00 -4.474078305065631866e-03 2.032333053648471832e-02 -2.543779462575912476e-02 9.994598031044006348e-01
1.403636734863555670e+09 3.643897056579589844e+00 -9.648707509040832520e-02 1.235527396202087402e+00 -1.160875987261533737e-02 1.159160118550062180e-02 -1.979630440473556519e-02 9.996694922447204590e-01
1.403636736463555574e+09 3.049614667892456055e+00 -3.574554994702339172e-02 8.528162240982055664e-01 -1.805498078465461731e-02 -4.679331928491592407e-02 -3.975242003798484802e-02 9.979499578475952148e-01
1.403636738763555765e+09 2.762265205383300781e+00 -2.920969128608703613e-01 6.625490188598632812e-01 -1.161377690732479095e-02 4.283246770501136780e-02 1.562236528843641281e-02 9.988926053047180176e-01
1.403636739063555717e+09 2.883724927902221680e+00 -1.601930409669876099e-01 7.409043312072753906e-01 -8.365554735064506531e-03 1.599857807159423828e-01 3.641662001609802246e-02 9.864118695259094238e-01
1.403636739463555574e+09 3.185939550399780273e+00 3.177232667803764343e-02 8.201749920845031738e-01 -9.708247147500514984e-03 2.442898899316787720e-01 4.783303663134574890e-02 9.684731364250183105e-01
1.403636741463555574e+09 3.548375129699707031e+00 9.702871441841125488e-01 9.597281217575073242e-01 -2.854116447269916534e-02 2.485585957765579224e-01 5.315052717924118042e-02 9.667363166809082031e-01
1.403636742863555670e+09 4.159497737884521484e+00 1.530285716056823730e+00 1.780018448829650879e+00 2.737891627475619316e-03 2.887643575668334961e-01 7.421454042196273804e-02 9.545155763626098633e-01
1.403636744763555765e+09 4.490233421325683594e+00 2.229835748672485352e+00 2.258411169052124023e+00 -4.341850988566875458e-03 2.896201908588409424e-01 7.816086709499359131e-02 9.539350867271423340e-01
1.403636746063555717e+09 4.437613487243652344e+00 1.399365186691284180e+00 2.931895494461059570e+00 5.976721295155584812e-04 3.156339228153228760e-01 9.440338611602783203e-02 9.441731572151184082e-01
1.403636749463555574e+09 4.404706954956054688e+00 6.455036997795104980e-01 2.710430145263671875e+00 -2.328721107915043831e-03 3.034607768058776855e-01 7.104567438364028931e-02 9.501887559890747070e-01
1.403636751663555622e+09 4.101536273956298828e+00 -2.237760126590728760e-01 2.328461885452270508e+00 -2.094051800668239594e-03 2.646117806434631348e-01 6.505692750215530396e-02 9.621558785438537598e-01
1.403636752563555717e+09 4.094645977020263672e+00 -4.991217851638793945e-01 2.234068870544433594e+00 -1.012111455202102661e-02 1.454863250255584717e-01 1.245409809052944183e-02 9.892301559448242188e-01
1.403636753163555622e+09 4.001380920410156250e+00 -4.900963008403778076e-01 2.223369598388671875e+00 -9.422909468412399292e-03 1.866355538368225098e-02 -3.430290520191192627e-02 9.991927742958068848e-01
1.403636754463555574e+09 3.345019340515136719e+00 -5.150392651557922363e-01 1.914308071136474609e+00 1.822073361836373806e-03 -4.068816453218460083e-02 -5.350050330162048340e-02 9.977368712425231934e-01
1.403636755263555765e+09 2.734380483627319336e+00 -4.297988116741180420e-01 1.463756442070007324e+00 -1.819767244160175323e-02 -5.575161054730415344e-02 -5.714061856269836426e-02 9.966421723365783691e-01
1.403636756263555765e+09 1.945148348808288574e+00 -3.089942634105682373e-01 9.952868819236755371e-01 -1.390180317685008049e-03 -6.052331626415252686e-02 -5.294286087155342102e-02 9.967607855796813965e-01
1.403636756963555574e+09 1.413295269012451172e+00 -2.352951616048812866e-01 5.720863342285156250e-01 -4.003065114375203848e-04 -6.616012006998062134e-02 -5.140206217765808105e-02 9.964841008186340332e-01
1.403636757563555717e+09 9.757270812988281250e-01 -1.036617085337638855e-01 1.857026666402816772e-01 -3.631127253174781799e-02 -8.244678378105163574e-02 -6.798224896192550659e-02 9.936108589172363281e-01
1.403636757963555574e+09 5.833358168601989746e-01 -1.628375649452209473e-01 -7.643476128578186035e-02 -1.303177420049905777e-02 -1.029485017061233521e-01 -6.243038177490234375e-02 9.926400184631347656e-01
1.403636758363555670e+09 2.078838497400283813e-01 -1.246646642684936523e-01 -2.655446231365203857e-01 -4.545110091567039490e-02 -1.115833297371864319e-01 -4.152602329850196838e-02 9.918463230133056641e-01
1.403636758863555670e+09 -1.967018097639083862e-01 -3.553972579538822174e-03 -3.327886164188385010e-01 -8.030818775296211243e-03 -1.139676645398139954e-01 -3.005431592464447021e-02 9.929973483085632324e-01
1.403636759563555717e+09 -3.139800727367401123e-01 2.400390505790710449e-01 -3.787729442119598389e-01 -1.332399249076843262e-02 -1.087730228900909424e-01 -5.922653526067733765e-02 9.922112822532653809e-01
1.403636760163555622e+09 -3.152901530265808105e-01 3.737016618251800537e-01 -4.432356357574462891e-01 -8.966905996203422546e-03 -1.070106551051139832e-01 -6.196652725338935852e-02 9.922845363616943359e-01
1.403636760763555765e+09 -3.370676636695861816e-01 5.003170371055603027e-01 -4.968211054801940918e-01 -2.073236927390098572e-02 -1.066510081291198730e-01 -7.083302736282348633e-02 9.915535449981689453e-01
1.403636761163555622e+09 -3.687201142311096191e-01 5.482722520828247070e-01 -5.142302513122558594e-01 -4.682396352291107178e-02 -1.077302619814872742e-01 -6.947232782840728760e-02 9.906439185142517090e-01
1.403636761463555574e+09 -4.395578503608703613e-01 5.635342597961425781e-01 -4.985562264919281006e-01 -1.651096530258655548e-02 -1.083930581808090210e-01 -6.642384827136993408e-02 9.917491078376770020e-01
1.403636761663555622e+09 -4.919773042201995850e-01 5.509091615676879883e-01 -4.880360662937164307e-01 -9.246982634067535400e-03 -1.131938770413398743e-01 -4.768892750144004822e-02 9.923847317695617676e-01
1.403636761963555574e+09 -5.527153611183166504e-01 5.065640807151794434e-01 -4.922651946544647217e-01 -1.901517249643802643e-02 -9.669066220521926880e-02 -8.577702939510345459e-02 9.914291501045227051e-01
1.403636762463555574e+09 -6.335518360137939453e-01 5.271561145782470703e-01 -4.792362153530120850e-01 -3.377781435847282410e-02 -1.107863336801528931e-01 -3.968979418277740479e-02 9.924768209457397461e-01
1.403636762663555622e+09 -6.734947562217712402e-01 5.901280641555786133e-01 -4.274516701698303223e-01 -1.482946146279573441e-02 -1.150615215301513672e-01 -2.824248746037483215e-02 9.928460717201232910e-01
1.403636762863555670e+09 -6.561965346336364746e-01 6.240198612213134766e-01 -4.197016656398773193e-01 2.610057359561324120e-03 -1.032357811927795410e-01 -4.705225676298141479e-02 9.935400485992431641e-01
1.403636763063555717e+09 -6.216641664505004883e-01 6.287894248962402344e-01 -4.353841841220855713e-01 1.701141335070133209e-02 -7.199656218290328979e-02 -1.523015461862087250e-02 9.971435070037841797e-01
