1.403636580863555584e+18 4.577410082484687059e+00 -1.731646376475969307e+00 7.680260173444454219e-01 -6.848011451860854804e-01 -4.799663441132485664e-01 3.153563681892230797e-01 4.485867375579570826e-01
1.403636580963555584e+18 4.570121842916667454e+00 -1.729021309096057779e+00 8.424191433274055285e-01 -6.775888992163616731e-01 -4.750412012682674878e-01 3.147326632596827434e-01 4.649220272624516315e-01
1.403636581163555584e+18 4.559640941046620100e+00 -1.726183177884936137e+00 9.685021674404901137e-01 -6.655930688263969053e-01 -4.631549601631033131e-01 3.291127148118397905e-01 4.838989259708621482e-01
1.403636581963555584e+18 4.581837588859112742e+00 -1.720834126053297997e+00 7.465407737658674714e-01 -6.752375082919443994e-01 -4.658405993271936829e-01 3.253366425656120109e-01 4.703221368576037120e-01
1.403636582363555584e+18 4.582334684569459249e+00 -1.734259917837776221e+00 7.271755232140607594e-01 -6.865178897319527129e-01 -4.756440402209355378e-01 3.164372014786975273e-01 4.498037701049447668e-01
1.403636583963555584e+18 4.574545908301455910e+00 -1.711053235918359894e+00 8.020260931171531160e-01 -6.872035877467393972e-01 -4.803994529374589484e-01 2.999733647677632065e-01 4.549544757833537401e-01
1.403636585963555584e+18 4.625695450562585798e+00 -1.729137141090719920e+00 8.123040707399510341e-01 -7.541101151762397148e-01 -4.833708559205353028e-01 2.470159068973183381e-01 3.696670009281635694e-01
1.403636587663555584e+18 4.654459603921380584e+00 -1.582977783413048067e+00 8.248494193658116869e-01 -7.634892937865425111e-01 -4.921862908819817917e-01 2.397095670121315858e-01 3.426019218043300230e-01
1.403636587963555584e+18 4.684852005321274326e+00 -1.449522042100384489e+00 8.196441702596382051e-01 -7.801932754111755575e-01 -4.693791939568742189e-01 2.225669609720996589e-01 3.484904204812815376e-01
1.403636589463555584e+18 4.618128983172833379e+00 -1.784635963066817821e+00 8.354165819345862332e-01 -7.576433615673445754e-01 -5.002175666927174413e-01 2.487609582777915440e-01 3.374565279879253032e-01
1.403636589663555584e+18 4.596703963391557402e+00 -1.871723032576257051e+00 8.331832203964283368e-01 -7.526114656162611327e-01 -5.053462675083008060e-01 2.540304898229145958e-01 3.371492873768274223e-01
1.403636589863555584e+18 4.580629901023479000e+00 -1.943415904158772189e+00 8.259879865301006374e-01 -7.493062862042723093e-01 -5.173316169103968631e-01 2.590547943878249715e-01 3.221780580739746491e-01
1.403636590163555584e+18 4.620730645313694929e+00 -1.865722942065645151e+00 8.363955762149237749e-01 -7.471370957062060114e-01 -5.105283128145639004e-01 2.547842342696428064e-01 3.409281390587206584e-01
1.403636590863555584e+18 4.645241119797965723e+00 -1.780075840375677565e+00 8.323985373244475738e-01 -7.548164866064078771e-01 -5.066454087910011728e-01 2.485895236751934911e-01 3.343138495741663774e-01
1.403636592963555584e+18 4.425139742738839033e+00 -1.562639424057620019e+00 7.882617942028319336e-01 -7.285386490911607282e-01 -5.133796842563685958e-01 2.902035665083019800e-01 3.485034096807655968e-01
1.403636593163555584e+18 4.419582567470815349e+00 -1.684068911861855922e+00 7.896614531584040808e-01 -7.039098621887370788e-01 -5.500152331025937036e-01 3.152767502479356110e-01 3.203041055335280607e-01
1.403636593363555584e+18 4.459096692278620822e+00 -1.804388136106270579e+00 7.959431824363547570e-01 -6.912325737872553333e-01 -5.663682926423122543e-01 3.358304975198406761e-01 2.977286733931674423e-01
1.403636593463555584e+18 4.533970680729629166e+00 -1.870387351121512998e+00 7.912748799695469293e-01 -6.964687530658244530e-01 -5.657116967202270308e-01 3.286797659029809249e-01 2.947391451484167590e-01
1.403636593663555584e+18 4.621049668935775401e+00 -1.872251909693816607e+00 7.798858473814717085e-01 -7.270389357715270062e-01 -5.397319502000660352e-01 3.063193935147561220e-01 2.937213593904784426e-01
1.403636593863555584e+18 4.662997247225108666e+00 -1.849744048690758813e+00 7.749325798057900005e-01 -7.464363245546689063e-01 -5.141960675817329740e-01 2.910589314059086608e-01 3.061370868053225336e-01
1.403636593963555584e+18 4.700299321908711470e+00 -1.814954472223404114e+00 7.728209946757554905e-01 -7.634738411578431139e-01 -4.832675409749530582e-01 2.764874703835437653e-01 3.272840607616261388e-01
1.403636594163555584e+18 4.749027369258667086e+00 -1.719828456995127652e+00 7.731800904638568284e-01 -7.927442327479833351e-01 -4.269246862936110776e-01 2.416737249971385171e-01 3.617812934963896554e-01
1.403636594363555584e+18 4.746864679975956847e+00 -1.600789721458425907e+00 7.680745183427963862e-01 -8.077517398405065219e-01 -4.006366081143674651e-01 2.116981798144133287e-01 3.771091561955425830e-01
1.403636594463555584e+18 4.726478022937279810e+00 -1.538571028439581045e+00 7.659720290260811915e-01 -8.058155733073694149e-01 -3.974100747943708489e-01 2.047230743387582208e-01 3.883490145481706679e-01
1.403636594663555584e+18 4.616768072649079180e+00 -1.435720722522235038e+00 7.628800617500511860e-01 -7.922802017533809860e-01 -3.992630602530756745e-01 2.220653668586026752e-01 4.044354874005554601e-01
1.403636594863555584e+18 4.529114923222690159e+00 -1.492273782366881241e+00 7.560215151751796814e-01 -7.650784926474855085e-01 -4.400356434307583497e-01 2.509092076691781248e-01 3.975777937782175586e-01
1.403636595163555584e+18 4.471519091949829772e+00 -1.627295884677697924e+00 7.516746914111438471e-01 -7.286626682165233682e-01 -4.986887859569711368e-01 2.909116146424961524e-01 3.684163991659907822e-01
1.403636595363555584e+18 4.467024050092097021e+00 -1.753471556241679163e+00 7.495145694367483236e-01 -7.022561390105482859e-01 -5.401047773706081356e-01 3.199611818404676788e-01 3.357796700199320861e-01
1.403636595463555584e+18 4.551984258324798027e+00 -1.790228934047719989e+00 7.456255075804912869e-01 -6.988374851356491391e-01 -5.529471171653577155e-01 3.193928815634404228e-01 3.222791370759259255e-01
1.403636595863555584e+18 4.634234142146151036e+00 -1.718464681941699546e+00 7.331049225785032375e-01 -7.192053771204405255e-01 -5.301403158574911068e-01 2.889354172613844973e-01 3.438185505111007734e-01
1.403636595963555584e+18 4.675129584836018815e+00 -1.676199825646774055e+00 7.267830073281342784e-01 -7.349500038591518791e-01 -5.102865226126086506e-01 2.708711113887486421e-01 3.550844937228163078e-01
1.403636596163555584e+18 4.802728567360528444e+00 -1.687664171453048700e+00 7.360073225041044997e-01 -7.705339760411532568e-01 -4.596445163442421933e-01 2.400745279637148122e-01 3.706326097146322440e-01
1.403636596463555584e+18 4.844696966552231920e+00 -1.779875921178978748e+00 7.587736836689843445e-01 -7.614721548186323963e-01 -4.650162279449804315e-01 2.430845584611508181e-01 3.805653197828701706e-01
1.403636597163555584e+18 4.677966412530490281e+00 -1.713349487899765933e+00 7.554909147703496863e-01 -7.498057549510911413e-01 -4.964378520059968825e-01 2.373303893085908500e-01 3.674439756595950235e-01
1.403636597363555584e+18 4.621427136059539365e+00 -1.679504298422813013e+00 7.599360830958092894e-01 -7.404047563332213366e-01 -5.074450168574645703e-01 2.464979277874252972e-01 3.654300524890855550e-01
1.403636597463555584e+18 4.566073078641401217e+00 -1.652937027270332981e+00 7.631307763542800604e-01 -7.291120256833257818e-01 -5.202478913970742802e-01 2.550828380207795787e-01 3.642396618273747166e-01
1.403636598163555584e+18 4.625233948420447661e+00 -1.767682229818740236e+00 7.384785683472976370e-01 -6.849883773708600465e-01 -5.813666163991366709e-01 2.891296057210367421e-01 3.304661121795288703e-01
1.403636598363555584e+18 4.653970436542288702e+00 -1.757582095790797494e+00 7.094625017014362101e-01 -6.926639303821845450e-01 -5.823270390557486742e-01 2.696214636563756817e-01 3.292661013038886142e-01
1.403636598663555584e+18 4.617482162969459125e+00 -1.722395792086427013e+00 6.836101072548805835e-01 -6.804791046973753810e-01 -5.802781723383283463e-01 2.887148989972839197e-01 3.418612845511115883e-01
1.403636598963555584e+18 4.517631968264995912e+00 -1.659470045351626677e+00 6.052672852106378842e-01 -6.426964280751671366e-01 -5.628340169353046596e-01 3.515030035957190102e-01 3.828900745423926000e-01
1.403636599463555584e+18 4.459663039219533331e+00 -1.631805130383960245e+00 5.472248398047258044e-01 -6.217680633373964261e-01 -5.230500440492935610e-01 3.876959309770170448e-01 4.353331964571039991e-01
1.403636600163555584e+18 4.482052410800417164e+00 -1.608802985773065686e+00 5.423153624088765667e-01 -6.284694568542037452e-01 -5.096712659948645641e-01 3.864836517467487575e-01 4.425965763006665665e-01
1.403636624963555584e+18 4.542027071912643876e+00 -1.570420668078413406e+00 5.636647748608035746e-01 -6.241028419248390025e-01 -5.427914657933796683e-01 3.421013148609732268e-01 4.459145184153650576e-01
1.403636625163555584e+18 4.561151726080268531e+00 -1.565811299908005605e+00 6.173020832397848601e-01 -6.289012319107630811e-01 -5.391156096317586410e-01 3.493566895116471671e-01 4.379355014679264801e-01
1.403636625963555584e+18 4.494066386470684016e+00 -1.574532569332336429e+00 7.696807085721183439e-01 -6.157276590888577372e-01 -5.270779243106564760e-01 3.775570625545568437e-01 4.477934524448733411e-01
1.403636626163555584e+18 4.527709602493362517e+00 -1.479110971952410702e+00 9.187178677170790841e-01 -6.216530508637713170e-01 -5.258400603643205162e-01 3.731308468694181646e-01 4.447618310762787019e-01
1.403636627863555584e+18 4.509863764542938469e+00 -1.360533953834413001e+00 9.898396305159242736e-01 -6.494561205255671155e-01 -4.842191283531785406e-01 3.616761142671075513e-01 4.614422733315774461e-01
1.403636628963555584e+18 4.498510461513284042e+00 -1.172750359557913180e+00 1.032615322447459238e+00 -6.727363545438796999e-01 -4.737167600615118657e-01 3.209132032905712695e-01 4.690766935860485876e-01
1.403636629463555584e+18 4.454065959447533807e+00 -9.894667583777870812e-01 9.954244201851655260e-01 -7.106071868291282678e-01 -4.208722257150569468e-01 2.915041476209561666e-01 4.826275246691041909e-01
1.403636629863555584e+18 4.393550335743174884e+00 -7.879179425744884391e-01 9.325758481594006444e-01 -7.330760505569705598e-01 -3.737178487030468066e-01 2.553676997618224975e-01 5.076630886512395469e-01
1.403636630363555584e+18 4.264888199801621482e+00 -4.678947220047682265e-01 1.004890344053274820e+00 -7.274587001221975990e-01 -3.761129922179234919e-01 2.469151980953045167e-01 5.180499412710704021e-01
1.403636631163555584e+18 3.945397357395314053e+00 9.411075348159059217e-02 9.241649649645355957e-01 -7.194596576260317011e-01 -3.860184522615460745e-01 2.561042355660040903e-01 5.174728747358516845e-01
1.403636633863555584e+18 2.935992967876759785e+00 9.625170976779007237e-01 7.859892956444423096e-01 -6.820917548399486607e-01 -4.561532812306702267e-01 3.159926300463518078e-01 4.762600967520182471e-01
1.403636634663555584e+18 2.487548692345299184e+00 1.353128003994443107e+00 7.946299211557847908e-01 -6.574572809702851073e-01 -4.901042775286813535e-01 3.262590770528687734e-01 4.702156265883331576e-01
1.403636635663555584e+18 2.062453535411234995e+00 1.658244301422877376e+00 8.419395801402227431e-01 -6.637796018917516694e-01 -4.758055627061028581e-01 3.490025987753521131e-01 4.595681588822345676e-01
1.403636636163555584e+18 1.752362341331285212e+00 1.950894315477840202e+00 9.915057228669985623e-01 -6.527633558381195078e-01 -4.829554435648597543e-01 3.361196440244509920e-01 4.771557667124042279e-01
1.403636639463555584e+18 1.591971931791085204e-01 2.965929206866288137e+00 9.783302734122980571e-01 -6.446030192757886690e-01 -5.019892468349478332e-01 3.346472421884675308e-01 4.695795639700178215e-01
1.403636639963555584e+18 -2.089152715298983054e-01 3.280944275192481108e+00 9.481286516741103121e-01 -6.270624259421380131e-01 -5.123317743312407746e-01 3.586857298144897066e-01 4.643849849097300697e-01
1.403636641363555584e+18 -7.257210786255328117e-01 3.772872084829337780e+00 8.828878017899497443e-01 -6.299869296501166005e-01 -5.072982945081884187e-01 3.582179373516156673e-01 4.663097878220620607e-01
1.403636642363555584e+18 -1.013358750102044681e+00 4.200485429800803416e+00 9.270391605380865485e-01 -6.723255175882328905e-01 -4.958006792283954356e-01 3.172340386576654181e-01 4.489127416250549008e-01
1.403636644363555584e+18 -1.414305146482077724e+00 4.660313348936607980e+00 7.025130788073408183e-01 -6.644856578108778722e-01 -4.841499057449064058e-01 3.262067977209812675e-01 4.665263169977297286e-01
1.403636646163555584e+18 -2.226301063592242890e+00 5.474620407109616949e+00 6.624396091039681522e-01 -6.991504564685355749e-01 -4.085350852853822379e-01 3.151281310765162158e-01 4.949565479059002127e-01
1.403636646463555584e+18 -2.467182315404902404e+00 5.780350302008485208e+00 7.083299098906419289e-01 -7.173217640661163630e-01 -3.624894303840561216e-01 2.676158770995619163e-01 5.314439217651751868e-01
1.403636647963555584e+18 -2.819826643578755121e+00 6.648238290214491641e+00 8.415729877867517139e-01 -7.411451596629318184e-01 -3.164953771847193176e-01 2.342355121143317453e-01 5.437538536814672252e-01
1.403636650463555584e+18 -2.274317684546948826e+00 7.670713197016430840e+00 1.035115826482974288e+00 -8.096049376149291321e-01 -7.451462547794902858e-02 4.712717325733833951e-02 5.803158149836867841e-01
1.403636651163555584e+18 -1.836789340093481826e+00 7.607235048843293157e+00 1.086785461337327785e+00 -7.988783870098192796e-01 -2.423018699754008257e-02 3.505184839117848894e-02 5.999813236518413140e-01
1.403636652163555584e+18 -1.682243308193041464e+00 7.534594025529369965e+00 1.021474321945177621e+00 -8.134574228586448630e-01 5.441664383149616424e-02 -3.917235844800303485e-02 5.777468099469776908e-01
1.403636652463555584e+18 -1.316924506420294350e+00 7.424910938421473539e+00 9.917555537965090373e-01 -8.175271029637007913e-01 1.141227526998467717e-01 -8.889985077154467785e-02 5.574246583788566856e-01
1.403636653363555584e+18 -7.484287493747938669e-01 7.364829424827160409e+00 1.008699011075291363e+00 -7.972909319762651048e-01 1.125842772471405129e-01 -9.221172971014916786e-02 5.857891661758694024e-01
1.403636655463555584e+18 -3.595969428348859687e-01 6.875337851340066031e+00 9.791627519609851227e-01 -7.739746288895500426e-01 2.623839909629249734e-01 -1.757176023405190579e-01 5.488544792104277370e-01
1.403636658463555584e+18 7.039086911548828596e-01 5.198101886837722674e+00 7.960609077813707302e-01 -7.649836478371417892e-01 3.008210513776211070e-01 -2.348855860058478573e-01 5.187826857910078360e-01
1.403636658863555584e+18 9.521833532659083055e-01 4.954106727952045652e+00 6.872955149008379561e-01 -7.477244907097165827e-01 2.985572479400819823e-01 -2.396613906001988925e-01 5.425256432196714496e-01
1.403636659463555584e+18 1.142912921905687718e+00 4.673144857729695900e+00 5.363727886352223084e-01 -7.515296908057262915e-01 3.022598013180224363e-01 -2.412589228028191868e-01 5.344495004326060839e-01
1.403636661863555584e+18 9.620077101867781089e-01 4.751718308828121629e+00 -5.420437180150616818e-02 -7.585104366956666455e-01 3.052964121000972808e-01 -2.405764641975432216e-01 5.230477827663213564e-01
1.403636662863555584e+18 8.483925311390057011e-01 4.956646310308649106e+00 -3.577691399517313187e-01 -7.704396145959060416e-01 2.810977437589048389e-01 -2.701105359641821635e-01 5.044275538430738060e-01
1.403636664663555584e+18 7.111835111392137421e-01 5.577848643584550459e+00 -4.920038651202696123e-01 -7.581324014130009781e-01 2.777392636075956545e-01 -2.276343777755834852e-01 5.443149395645775490e-01
1.403636665463555584e+18 3.956630203301849669e-01 6.222878879866767576e+00 -4.163758245942572600e-01 -7.668986240443176339e-01 2.714092967929440658e-01 -2.289227882804090453e-01 5.346006463325825298e-01
1.403636665963555584e+18 2.329921192095634197e-01 6.505574695358037118e+00 -3.599090874693855469e-01 -7.537235953936547439e-01 2.893092847957589586e-01 -2.122081781146269164e-01 5.506074541986324400e-01
1.403636666363555584e+18 6.741288289419955504e-02 6.729592602889952424e+00 -3.676937671635363003e-01 -7.548025067013892642e-01 2.906439804394814197e-01 -2.045461596496823409e-01 5.513257848896240265e-01
1.403636666863555584e+18 -1.172080952445506696e-01 6.949099636488936582e+00 -3.262464836949043878e-01 -7.740454292146636828e-01 2.998608094123808021e-01 -1.794080905138948356e-01 5.279677126004934662e-01
1.403636668363555584e+18 -4.215193573135298521e-01 7.804318461388632500e+00 -5.435849474614711241e-01 -7.660518803878614280e-01 2.763347597260119581e-01 -2.397410799871986242e-01 5.285147412210570161e-01
1.403636669163555584e+18 -6.140363622954945200e-01 8.194603857145708048e+00 -5.821090883095649815e-01 -7.510561233093042688e-01 2.856502506073393954e-01 -2.311869354091814210e-01 5.485173058925983947e-01
1.403636670863555584e+18 -1.115735859350687420e+00 7.944226862273058742e+00 -4.597871762060794509e-01 -7.559648255684384699e-01 2.071286876694748147e-01 -2.444096717524725515e-02 6.204978069027642373e-01
1.403636671663555584e+18 -3.140232616298330726e-01 6.693672964259378411e+00 -2.073130203232804725e-01 -8.461492494202190739e-01 2.548301137133846331e-02 -3.077480920474769122e-02 5.314461166999525643e-01
1.403636672463555584e+18 3.010188121192602928e-01 6.210652716701121179e+00 4.336771467939604108e-02 -8.255511514883443480e-01 2.229834900142814002e-03 -7.786367496625956619e-02 5.589253726870301309e-01
1.403636674663555584e+18 2.259949626855561888e-02 6.828767429387232468e+00 -3.250424014516268834e-01 -8.381637699554871368e-01 -7.954793190390127555e-02 4.765612978967805058e-02 5.374779200648961419e-01
1.403636675463555584e+18 -2.711821575222419511e-01 7.380639115522758864e+00 -3.480994459421720144e-01 -7.948355459389329081e-01 -1.337449368226380220e-01 7.601086616126062623e-02 5.870017845046827665e-01
1.403636675963555584e+18 -4.982643207940355978e-01 7.644044447368318451e+00 -4.605327271601686867e-01 -7.904783011077632926e-01 -2.086852180400956824e-01 1.216437823690148939e-01 5.628475152830487716e-01
1.403636676463555584e+18 -8.281788487076324756e-01 7.926403012750458998e+00 -5.480499775974374543e-01 -7.666729878995942604e-01 -2.896704555248066915e-01 1.834395358465182591e-01 5.428199457551032836e-01
1.403636677663555584e+18 -1.606650676650254184e+00 8.389476217684398662e+00 -6.351312657045009580e-01 -7.218656303057008339e-01 -3.601346005181427778e-01 2.716848562496133046e-01 5.247860708685189168e-01
1.403636677963555584e+18 -1.814512302922577369e+00 8.498160936242014074e+00 -6.103402284200138972e-01 -6.822395002063886826e-01 -4.449587543217718433e-01 3.094573909361785780e-01 4.907108053686278226e-01
1.403636679163555584e+18 -2.132941243262449937e+00 8.601093922222620591e+00 -5.768988709705862306e-01 -5.545727912244899915e-01 -5.869521347828047242e-01 4.174862264723390171e-01 4.167030854376689852e-01
1.403636679463555584e+18 -2.230276080245281456e+00 8.542792094422797078e+00 -4.693000541879981391e-01 -4.956004961535200315e-01 -6.332400637422042067e-01 4.510130699405844323e-01 3.872652587399539881e-01
1.403636680963555584e+18 -2.014541766983407811e+00 8.149613362435385255e+00 -2.611351918457507360e-01 -5.243560676646225049e-01 -6.301168719374180549e-01 4.358076007574223087e-01 3.715846836525378283e-01
1.403636681163555584e+18 -1.826202093701771112e+00 7.664897451947883411e+00 -2.898472414870729708e-01 -5.088661625864464577e-01 -6.310924307831481395e-01 4.398257811760402092e-01 3.864335060468328531e-01
1.403636681963555584e+18 -1.637158272323921970e+00 7.224695149723405763e+00 -2.486980795681512646e-01 -5.088906409989235602e-01 -6.339156376698155126e-01 4.454702430059808704e-01 3.751500265461387151e-01
1.403636684163555584e+18 -6.775592274464585785e-01 5.630415311275404733e+00 -1.926484647549542295e-01 -5.014523490113699244e-01 -6.348908381181916916e-01 4.565099435499540004e-01 3.702132315093244475e-01
1.403636684863555584e+18 -1.801268507612370229e-01 5.150566827859325514e+00 -2.265629862679463535e-01 -4.999140608098939786e-01 -6.430426451235181640e-01 4.393653204912330024e-01 3.788669997594761307e-01
1.403636685863555584e+18 3.062417432416850716e-01 4.697784897967371975e+00 -2.810157770232322161e-01 -5.106049863771067177e-01 -6.362022457593655700e-01 4.439394276121009786e-01 3.707384994696588110e-01
1.403636687963555584e+18 1.231653434648016354e+00 3.746776814696690217e+00 -4.532685544267667233e-01 -5.006227910478110443e-01 -6.374052099042673003e-01 4.502113366028444585e-01 3.747014436383683256e-01
1.403636689463555584e+18 1.798809759317544277e+00 3.107894896336245161e+00 -5.489057955643887876e-01 -4.966325295420599972e-01 -6.658712899374600314e-01 4.546763221602789784e-01 3.213113721991186500e-01
1.403636690863555584e+18 1.396971518707738724e+00 2.943980945984025155e+00 -4.484899532626429597e-01 -4.823628531925521212e-01 -6.130965442051148351e-01 5.198919937319662621e-01 3.480675511981646819e-01
1.403636691463555584e+18 1.333912059507811776e+00 3.230144866102565793e+00 -3.656276759442840252e-01 -4.758265523806526343e-01 -6.510204499562862734e-01 4.791240816104613276e-01 3.467009953968813174e-01
1.403636691863555584e+18 1.323782450982181391e+00 3.536477245048590401e+00 -2.636224233902597636e-01 -4.727582102046152812e-01 -6.513622146977419147e-01 4.802181887117742964e-01 3.487369082540083265e-01
1.403636692863555584e+18 1.471705857728313305e+00 4.338830380310336743e+00 2.825877841650827893e-01 -4.928766158284643706e-01 -6.781422382478542454e-01 4.370767395849157189e-01 3.258215308838422475e-01
1.403636693963555584e+18 1.095685452835784002e+00 4.523344895710524227e+00 3.117085025409589427e-01 -4.858828437659552524e-01 -6.552145020287827304e-01 4.678610111410479444e-01 3.401733274658069184e-01
1.403636695663555584e+18 1.063647352749800490e+00 4.306380576694564866e+00 3.590911874619362454e-01 -5.562173222654915872e-01 -5.979577315668038739e-01 4.100085558379906181e-01 4.061549283351541528e-01
1.403636698963555584e+18 1.173292972364092357e+00 3.880070422328025792e+00 1.879590988413635255e-01 -6.830780015614511536e-01 -4.508233321322430709e-01 3.183673130079284208e-01 4.783356781551080239e-01
1.403636699363555584e+18 1.198089639595238509e+00 3.737945346449675021e+00 1.946377131571674912e-01 -7.410623449830313625e-01 -3.581554953080382520e-01 2.715770202488403395e-01 4.987957137964054155e-01
1.403636700663555584e+18 1.548057739943688560e+00 3.784449280011476624e+00 -1.726614283819030149e-01 -7.869026226710852390e-01 -2.531851029268599729e-01 1.712379535983184764e-01 5.360588860719902593e-01
1.403636701963555584e+18 1.769836480554712210e+00 4.074611907540489852e+00 -2.225836933344618185e-01 -7.991974096968146313e-01 -1.784149276851508814e-01 1.248948391491746662e-01 5.602257518776747602e-01
1.403636704663555584e+18 1.905162782067870264e+00 5.307582233930628668e+00 -7.505278987599854901e-01 -8.115025814982881336e-01 -1.914362022044139022e-01 1.051898531082238880e-01 5.419878555006883980e-01
1.403636705363555584e+18 1.738570491675564877e+00 5.706709879440552413e+00 -8.087308464070874781e-01 -8.061687173583160781e-01 -1.907185457078502955e-01 1.064922271482502542e-01 5.498889351795828162e-01
1.403636705863555584e+18 1.553847003052756026e+00 6.044064026367973241e+00 -8.578788793212552832e-01 -7.962617221686253410e-01 -1.710146792604839983e-01 1.373506987678623781e-01 5.637872247882785848e-01
1.403636706363555584e+18 1.334629000205755478e+00 6.538928066689429386e+00 -9.388967076858376615e-01 -7.955543325937231014e-01 -1.967684190827896640e-01 1.096562247248126371e-01 5.624508916537664938e-01
1.403636706963555584e+18 1.041017912485115549e+00 7.019010869259215468e+00 -9.058760975573645347e-01 -7.998850673249205956e-01 -1.858107471183330917e-01 1.019560146293502362e-01 5.614830508633664730e-01
1.403636708163555584e+18 2.401382480670291031e-01 8.043323076103868985e+00 -8.814439247718102166e-01 -7.957608539391743951e-01 -1.644544242089711616e-01 1.443032956376842368e-01 5.647087431271050617e-01
1.403636708863555584e+18 -1.687579263780749628e-01 8.730913878109994641e+00 -9.779550384906712246e-01 -7.907147041319105840e-01 -1.758730072787880461e-01 9.533863648574487926e-02 5.785753938540243446e-01
1.403636709863555584e+18 -7.328212577465693656e-01 9.062306883910633104e+00 -1.036003856015099700e+00 -7.903026630315629353e-01 -1.873151570982710123e-01 1.010699964234142989e-01 5.745603436971971067e-01
1.403636710463555584e+18 -1.163894324895019317e+00 9.174318326572652893e+00 -1.196195992081230841e+00 -7.755730274046442885e-01 -2.320812634288483001e-01 1.675967962701055691e-01 5.626153927930352960e-01
1.403636712163555584e+18 -1.907370701750075170e+00 8.874930743444846115e+00 -1.059822248571002934e+00 -7.420654507421863277e-01 -2.990897161555352568e-01 2.009340743352076852e-01 5.652518963045153333e-01
1.403636712663555584e+18 -1.975344133198673191e+00 8.555974330780349746e+00 -9.034538283594466535e-01 -7.297304613460670053e-01 -3.230454116627031746e-01 2.280756279988323809e-01 5.577782926040316669e-01
1.403636713363555584e+18 -1.887740879494669066e+00 7.908174060986318921e+00 -6.238366720699994872e-01 -7.472134461508037617e-01 -3.129822613706943479e-01 2.394424779212394050e-01 5.351462134086937272e-01
1.403636714463555584e+18 -1.578720950472343176e+00 7.296890933470167262e+00 -5.356821938220530654e-01 -7.559523213365424432e-01 -3.272294595336560641e-01 2.295060784686471234e-01 5.184437564723367586e-01
1.403636714863555584e+18 -1.440763357103284292e+00 7.100568489427746321e+00 -4.898672960035539425e-01 -7.199150774322805590e-01 -4.051428976656443748e-01 2.640170575108780060e-01 4.978719786250845325e-01
1.403636718463555584e+18 -1.806085098956184964e-01 5.789206287196469347e+00 -4.176661271860311331e-01 -5.812851328096827475e-01 -5.725109203142667580e-01 4.119670050897497604e-01 4.057364011433073347e-01
1.403636718863555584e+18 1.517356513848433508e-03 5.456191383606483924e+00 -5.190372280021948725e-01 -5.526043600266669076e-01 -5.874951036976346908e-01 4.194927677318828207e-01 4.165378040844166518e-01
1.403636721163555584e+18 7.425344918537493122e-01 4.781999687728177406e+00 -6.738342312778613508e-01 -6.162084910339606925e-01 -5.247700459967082898e-01 3.845309068547933529e-01 4.438912885782873019e-01
1.403636721663555584e+18 1.194807123104290714e+00 4.682781015426826343e+00 -7.044777118003848759e-01 -6.377170517769708002e-01 -5.024765533329844658e-01 3.500426667694437333e-01 4.672305712005896394e-01
1.403636723663555584e+18 1.766816297871625530e+00 4.355161197767286829e+00 -6.735715050439683438e-01 -6.919640572426495329e-01 -4.429367732109137923e-01 3.003001134172009201e-01 4.845746591634881861e-01
1.403636724463555584e+18 2.420369901879543040e+00 3.916157155822241442e+00 -1.025114365618957635e-01 -6.932464327927937431e-01 -4.199475478551945029e-01 2.782827923275465465e-01 5.153757153425635451e-01
1.403636728663555584e+18 2.776129642096292649e+00 3.447792615506591218e+00 2.236201567007005675e-01 -6.747725887584342663e-01 -4.443224543580700514e-01 3.078250201069237524e-01 5.024970318416156490e-01
1.403636734863555584e+18 4.613678017989994551e+00 9.806338695993026544e-01 6.195213779234866047e-01 -6.636333961151618110e-01 -4.719260852854908483e-01 3.306480134640566448e-01 4.770203106577763363e-01
1.403636736463555584e+18 4.732350842988998885e+00 4.982691761254673946e-01 6.747577430206068705e-01 -6.357338133395308288e-01 -5.142395182137345921e-01 3.563748994873869314e-01 4.521030496462499770e-01
1.403636739463555584e+18 4.797687774491370405e+00 5.758747955498502158e-01 6.332424607804890693e-01 -7.553495940223934335e-01 -3.020684418917496394e-01 1.980952798484231780e-01 5.467722627612626729e-01
1.403636741463555584e+18 4.975419095316326867e+00 7.610296710569028900e-01 -3.470270975943395841e-02 -7.670521747295663273e-01 -3.023751090136952424e-01 1.884936597104698297e-01 5.335451198732422684e-01
1.403636742863555584e+18 4.703191260938384133e+00 1.290974761091820300e+00 -6.003991192948736622e-01 -7.680591882858929242e-01 -2.527304835622440904e-01 1.818582200842357444e-01 5.595891115414981520e-01
1.403636749463555584e+18 3.994703839620912689e+00 1.732764714460896860e+00 -2.119558306344873633e-01 -7.713144889436749363e-01 -2.476854290450175855e-01 1.667510698325517238e-01 5.620675832086762247e-01
1.403636751663555584e+18 3.998444087448470796e+00 1.529175942816169309e+00 4.600613095309348255e-01 -7.626659819414122188e-01 -2.754422584385325945e-01 1.940272061923534186e-01 5.521101389331773968e-01
1.403636753163555584e+18 3.990320533349978938e+00 1.464499885230023279e+00 6.635633150066505559e-01 -6.581040096420383012e-01 -4.772163468906828188e-01 3.199393366538741401e-01 4.866235625356239436e-01
1.403636754463555584e+18 4.031098105417173727e+00 9.643115971090705507e-01 7.619664629937983324e-01 -6.220270132141689778e-01 -5.133570689405938525e-01 3.549027772180606277e-01 4.728540296153670441e-01
1.403636756963555584e+18 4.495426840766878485e+00 -6.320210964468919723e-01 9.073396471940601282e-01 -6.142165812919465617e-01 -5.242099293492631373e-01 3.713266955424012195e-01 4.583213135074941658e-01
1.403636757963555584e+18 4.731342152191211348e+00 -1.328798808404954457e+00 1.017199595483326391e+00 -5.995669784672460478e-01 -5.516016738476374748e-01 3.833480584505715716e-01 4.350853914145113022e-01
1.403636758363555584e+18 4.772743566290617245e+00 -1.622324272739001927e+00 1.040951851943261008e+00 -6.209335162715358125e-01 -5.528979771442288360e-01 3.837509340353507103e-01 4.018465078453240524e-01
1.403636758863555584e+18 4.746043602051589261e+00 -1.916893660637333463e+00 9.836652663129586971e-01 -6.084527967501941470e-01 -5.337293029287198953e-01 4.083855687015295333e-01 4.220656970169669453e-01
1.403636760163555584e+18 4.862666988613577601e+00 -2.053732171691259989e+00 7.570712140135039681e-01 -5.961892152859009641e-01 -5.516143316339627845e-01 3.880076138781140549e-01 4.355802340389315352e-01
1.403636761163555584e+18 4.929625364052933278e+00 -2.120319549218620647e+00 6.564418335516887248e-01 -6.092810183239965038e-01 -5.695477618864113190e-01 3.669322476839244063e-01 4.120105741966781920e-01
1.403636761463555584e+18 4.906318112823647049e+00 -2.165515731928100429e+00 6.445203271625078445e-01 -5.968589741039711516e-01 -5.576422619122506363e-01 3.831565841562398211e-01 4.312603677346968367e-01
1.403636761663555584e+18 4.885090148247968500e+00 -2.197006136576903135e+00 6.519730255379182493e-01 -6.007767526598449814e-01 -5.452097126276940209e-01 3.987628404697708406e-01 4.275533414445484848e-01
1.403636761963555584e+18 4.865146830410952639e+00 -2.234272066984859251e+00 6.840565546658162743e-01 -5.930540839816587084e-01 -5.656879931053258037e-01 3.649822757510057247e-01 4.416694310417710878e-01
1.403636762463555584e+18 4.842261641024986574e+00 -2.287170502231565372e+00 6.693623368064745005e-01 -6.169623163578761282e-01 -5.474710345608139184e-01 3.896861014362480446e-01 4.096067734530935422e-01
1.403636762663555584e+18 4.812388830074811885e+00 -2.308486373768375621e+00 6.169776982755007522e-01 -6.120129009253204577e-01 -5.353756131997065015e-01 4.067844179534956806e-01 4.163407248903808755e-01
