1.403636858651666403e+09 -0.000000000000000000e+00 -0.000000000000000000e+00 -0.000000000000000000e+00 -0.000000000000000000e+00 -0.000000000000000000e+00 -0.000000000000000000e+00 1.000000000000000000e+00
1.403636858851666451e+09 9.669736959040164948e-03 -9.820069186389446259e-03 -5.349566694349050522e-03 -5.573772359639406204e-03 7.859289646148681641e-03 -5.554154049605131149e-04 9.999534487724304199e-01
1.403636858951666594e+09 1.886131800711154938e-02 -2.317235805094242096e-02 -9.800055995583534241e-03 -7.286304607987403870e-03 1.291430834680795670e-02 2.629163209348917007e-04 9.998900294303894043e-01
1.403636859051666498e+09 2.929298393428325653e-02 -3.986617177724838257e-02 -1.466510072350502014e-02 -9.233840741217136383e-03 1.796716265380382538e-02 -1.446634414605796337e-04 9.997959733009338379e-01
1.403636859151666403e+09 3.993184864521026611e-02 -5.556438863277435303e-02 -2.061261609196662903e-02 -1.484068203717470169e-02 2.159217558801174164e-02 -1.511411624960601330e-03 9.996556043624877930e-01
1.403636859351666451e+09 5.571895465254783630e-02 -9.210263937711715698e-02 -3.282243013381958008e-02 -1.826834119856357574e-02 3.231528401374816895e-02 -3.476124722510576248e-03 9.993047118186950684e-01
1.403636859451666594e+09 5.994134023785591125e-02 -1.232044026255607605e-01 -4.100307077169418335e-02 -1.740903407335281372e-02 3.739958629012107849e-02 -4.432707559317350388e-03 9.991388916969299316e-01
1.403636859551666498e+09 6.350489705801010132e-02 -1.623335182666778564e-01 -4.930175095796585083e-02 -2.422313578426837921e-02 4.242704808712005615e-02 -6.237780675292015076e-03 9.987863898277282715e-01
1.403636859651666403e+09 6.627676635980606079e-02 -2.064011693000793457e-01 -5.616507679224014282e-02 -2.328165620565414429e-02 5.209943279623985291e-02 -1.121641509234905243e-02 9.983074665069580078e-01
1.403636859751666546e+09 6.683437526226043701e-02 -2.517228424549102783e-01 -6.307262182235717773e-02 -1.270959246903657913e-02 5.911107361316680908e-02 -1.461553480476140976e-02 9.980635046958923340e-01
1.403636859951666594e+09 6.491284817457199097e-02 -3.304924964904785156e-01 -8.055910468101501465e-02 -3.543153798091225326e-05 6.996627897024154663e-02 -2.414688095450401306e-02 9.972571134567260742e-01
1.403636860351666451e+09 8.164234459400177002e-02 -2.591897249221801758e-01 -6.660376489162445068e-02 -3.345399722456932068e-02 7.259122282266616821e-02 -9.030024521052837372e-03 9.967597126960754395e-01
1.403636860451666594e+09 8.570610731840133667e-02 -2.025332450866699219e-01 -5.573785305023193359e-02 -5.601644515991210938e-02 7.322092354297637939e-02 -2.241075038909912109e-03 9.957388639450073242e-01
1.403636860551666498e+09 8.795031905174255371e-02 -1.524618715047836304e-01 -4.725059866905212402e-02 -7.720030099153518677e-02 7.052717357873916626e-02 5.058912560343742371e-03 9.945051670074462891e-01
1.403636860651666403e+09 8.834508061408996582e-02 -2.392549514770507812e-01 -8.164148032665252686e-02 -6.552648544311523438e-02 5.957608297467231750e-02 -1.260839868336915970e-02 9.959909915924072266e-01
1.403636861251666546e+09 8.844722062349319458e-02 -3.568798899650573730e-01 -1.070374101400375366e-01 -1.897181011736392975e-02 6.021933257579803467e-02 -1.541724521666765213e-02 9.978857636451721191e-01
1.403636861451666594e+09 9.722611308097839355e-02 -2.256178110837936401e-01 -6.945383548736572266e-02 -4.514451697468757629e-02 5.673458427190780640e-02 -9.027360938489437103e-03 9.973272681236267090e-01
1.403636862051666498e+09 9.086061269044876099e-02 -1.264092773199081421e-01 -4.851370304822921753e-02 -7.695634663105010986e-02 5.136706307530403137e-02 2.180631738156080246e-03 9.957080483436584473e-01
1.403636862251666546e+09 9.142460674047470093e-02 -2.523207068443298340e-01 -7.902105897665023804e-02 -7.268048822879791260e-02 6.488745659589767456e-02 -1.869679801166057587e-02 9.950666427612304688e-01
1.403636862751666546e+09 8.751662820577621460e-02 -3.849881887435913086e-01 -1.066745445132255554e-01 -5.268809944391250610e-02 7.314979285001754761e-02 -1.025256700813770294e-02 9.958754777908325195e-01
1.403636863051666498e+09 9.661696106195449829e-02 -2.300351858139038086e-01 -6.722995638847351074e-02 -4.550061747431755066e-02 8.376864343881607056e-02 -1.830554567277431488e-02 9.952775835990905762e-01
1.403636863651666403e+09 9.846737235784530640e-02 -1.211232244968414307e-01 -4.725532978773117065e-02 -7.444809377193450928e-02 7.259930670261383057e-02 1.203982741571962833e-03 9.945780634880065918e-01
1.403636863851666451e+09 9.739702194929122925e-02 -2.202509790658950806e-01 -8.192142099142074585e-02 -8.490920811891555786e-02 6.767018884420394897e-02 -7.303805556148290634e-03 9.940612912178039551e-01
1.403636864251666546e+09 8.989871293306350708e-02 -3.536162078380584717e-01 -1.127662286162376404e-01 -7.266905903816223145e-02 7.156673073768615723e-02 -1.086638215929269791e-02 9.947257637977600098e-01
1.403636864451666594e+09 9.283663332462310791e-02 -2.286627739667892456e-01 -6.316369771957397461e-02 -6.191960722208023071e-02 8.508888632059097290e-02 -5.839424207806587219e-03 9.944304227828979492e-01
1.403636865251666546e+09 9.512066841125488281e-02 -1.343060582876205444e-01 -3.781118243932723999e-02 -7.391563057899475098e-02 7.470158487558364868e-02 1.230991166085004807e-02 9.943865537643432617e-01
1.403636865751666546e+09 8.313529193401336670e-02 -2.274576276540756226e-01 -6.373587995767593384e-02 -8.493664860725402832e-02 6.895806640386581421e-02 2.601972781121730804e-03 9.939938783645629883e-01
1.403636865851666451e+09 7.303973287343978882e-02 -3.572274744510650635e-01 -9.457789361476898193e-02 -4.698313772678375244e-02 6.799460202455520630e-02 6.196221336722373962e-03 9.965595602989196777e-01
1.403636866051666498e+09 9.098126739263534546e-02 -2.451891303062438965e-01 -8.248835057020187378e-02 -6.474357098340988159e-02 7.047738134860992432e-02 -1.590067404322326183e-03 9.954088330268859863e-01
1.403636867151666403e+09 8.279237151145935059e-02 -2.073286771774291992e-01 -1.159659028053283691e-01 -1.078544408082962036e-01 4.918817803263664246e-02 4.926816560328006744e-03 9.929369688034057617e-01
1.403636867651666403e+09 7.885266840457916260e-02 -1.966437697410583496e-01 -1.454973369836807251e-01 -2.313275039196014404e-01 5.244831740856170654e-02 7.888883352279663086e-03 9.714291691780090332e-01
1.403636867851666451e+09 2.499290555715560913e-02 -2.024152725934982300e-01 -1.997584551572799683e-01 -2.530755102634429932e-01 6.110012903809547424e-02 2.136756479740142822e-02 9.652787446975708008e-01
1.403636869751666546e+09 9.566776454448699951e-02 -2.034284472465515137e-01 -1.887113451957702637e-01 -2.576881051063537598e-01 6.655640155076980591e-02 2.233979664742946625e-02 9.636742472648620605e-01
1.403636869951666594e+09 1.803364753723144531e-01 -2.125154584646224976e-01 -1.764737516641616821e-01 -2.481620460748672485e-01 8.158253878355026245e-02 3.044122271239757538e-02 9.647970199584960938e-01
1.403636870151666403e+09 2.296607345342636108e-01 -2.164558768272399902e-01 -1.699409484863281250e-01 -2.529845237731933594e-01 9.058747440576553345e-02 3.369321674108505249e-02 9.626305103302001953e-01
1.403636870251666546e+09 2.804633378982543945e-01 -2.217587232589721680e-01 -1.644554734230041504e-01 -2.567014694213867188e-01 9.650386869907379150e-02 3.328399732708930969e-02 9.610846042633056641e-01
1.403636870351666451e+09 3.305997252464294434e-01 -2.275209426879882812e-01 -1.589681059122085571e-01 -2.508977055549621582e-01 1.016671359539031982e-01 3.512203320860862732e-02 9.620190262794494629e-01
1.403636870451666594e+09 3.793658912181854248e-01 -2.306278049945831299e-01 -1.535379737615585327e-01 -2.450546324253082275e-01 1.088961064815521240e-01 3.283828124403953552e-02 9.628143310546875000e-01
1.403636870551666498e+09 4.529425501823425293e-01 -2.280600219964981079e-01 -1.468283534049987793e-01 -2.559380233287811279e-01 1.214302703738212585e-01 4.037126898765563965e-02 9.581861495971679688e-01
1.403636870751666546e+09 5.031741261482238770e-01 -2.228229939937591553e-01 -1.373450458049774170e-01 -2.321987152099609375e-01 1.228433474898338318e-01 4.779809340834617615e-02 9.636952877044677734e-01
1.403636871451666594e+09 4.539537131786346436e-01 -2.197454273700714111e-01 -1.387443989515304565e-01 -2.460874617099761963e-01 1.260871440172195435e-01 4.917871952056884766e-02 9.597523212432861328e-01
1.403636871551666498e+09 3.729852437973022461e-01 -2.208734452724456787e-01 -1.393460631370544434e-01 -2.480971068143844604e-01 1.182111129164695740e-01 4.947015270590782166e-02 9.602222442626953125e-01
1.403636871751666546e+09 3.211101591587066650e-01 -2.222017049789428711e-01 -1.400673836469650269e-01 -2.492289245128631592e-01 1.089162006974220276e-01 5.225666984915733337e-02 9.608805179595947266e-01
1.403636871851666451e+09 2.673391401767730713e-01 -2.211754024028778076e-01 -1.390355080366134644e-01 -2.495188713073730469e-01 1.017448082566261292e-01 4.948288574814796448e-02 9.617378711700439453e-01
1.403636871951666594e+09 2.107258290052413940e-01 -2.192660421133041382e-01 -1.355721950531005859e-01 -2.456714212894439697e-01 9.384076297283172607e-02 4.787944629788398743e-02 9.636114835739135742e-01
1.403636872051666498e+09 1.526518762111663818e-01 -2.172293663024902344e-01 -1.301229149103164673e-01 -2.386329621076583862e-01 8.224935084581375122e-02 4.922110587358474731e-02 9.663677811622619629e-01
1.403636872151666403e+09 9.809051454067230225e-02 -2.132305502891540527e-01 -1.247035041451454163e-01 -2.346359193325042725e-01 7.281920313835144043e-02 4.731404408812522888e-02 9.681966900825500488e-01
1.403636872251666546e+09 4.897482693195343018e-02 -2.073930054903030396e-01 -1.207749098539352417e-01 -2.378723919391632080e-01 6.498362123966217041e-02 4.455360397696495056e-02 9.680954813957214355e-01
1.403636872351666451e+09 6.127255037426948547e-03 -2.001861333847045898e-01 -1.186923086643218994e-01 -2.460960298776626587e-01 5.589808523654937744e-02 4.175359755754470825e-02 9.667310714721679688e-01
1.403636872451666594e+09 6.058467179536819458e-02 -1.993973255157470703e-01 -1.162566766142845154e-01 -2.477017492055892944e-01 6.317535787820816040e-02 3.521418944001197815e-02 9.661328792572021484e-01
1.403636873151666403e+09 1.129778847098350525e-01 -2.008880376815795898e-01 -1.148564070463180542e-01 -2.480789721012115479e-01 7.001905143260955811e-02 3.788891807198524475e-02 9.654629230499267578e-01
1.403636873251666546e+09 1.709638833999633789e-01 -2.037349641323089600e-01 -1.136917695403099060e-01 -2.492907345294952393e-01 7.809095084667205811e-02 4.209698736667633057e-02 9.643567204475402832e-01
1.403636873351666451e+09 2.308444231748580933e-01 -2.070028632879257202e-01 -1.128179877996444702e-01 -2.502449154853820801e-01 8.672175556421279907e-02 4.590052738785743713e-02 9.631978273391723633e-01
1.403636873451666594e+09 2.898769378662109375e-01 -2.084766775369644165e-01 -1.129841282963752747e-01 -2.512152493000030518e-01 9.324669092893600464e-02 4.987235367298126221e-02 9.621375799179077148e-01
1.403636873551666498e+09 3.454484045505523682e-01 -2.076984345912933350e-01 -1.148279011249542236e-01 -2.547787725925445557e-01 1.012100055813789368e-01 5.148657783865928650e-02 9.603090882301330566e-01
1.403636873651666403e+09 3.938417732715606689e-01 -2.040417194366455078e-01 -1.170096546411514282e-01 -2.586495876312255859e-01 1.106621697545051575e-01 5.225295946002006531e-02 9.581878185272216797e-01
1.403636873751666546e+09 4.677781462669372559e-01 -1.923989355564117432e-01 -1.229691654443740845e-01 -2.618480920791625977e-01 1.177898123860359192e-01 5.706223845481872559e-02 9.561930894851684570e-01
1.403636874351666451e+09 4.236265420913696289e-01 -1.922969371080398560e-01 -1.180377677083015442e-01 -2.668989300727844238e-01 1.123111620545387268e-01 5.486757308244705200e-02 9.555839896202087402e-01
1.403636874451666594e+09 3.837986886501312256e-01 -1.933930069208145142e-01 -1.142560020089149475e-01 -2.676631808280944824e-01 1.037184670567512512e-01 5.433231592178344727e-02 9.563717842102050781e-01
1.403636874551666498e+09 3.358587026596069336e-01 -1.943663656711578369e-01 -1.094243600964546204e-01 -2.638267278671264648e-01 9.835650026798248291e-02 5.162695795297622681e-02 9.581525325775146484e-01
1.403636874651666403e+09 2.794488966464996338e-01 -1.936749219894409180e-01 -1.052440628409385681e-01 -2.603767216205596924e-01 9.087858349084854126e-02 4.906418547034263611e-02 9.599675536155700684e-01
1.403636874751666546e+09 2.199829220771789551e-01 -1.909874379634857178e-01 -1.005367785692214966e-01 -2.586823105812072754e-01 8.206904679536819458e-02 4.701946675777435303e-02 9.613206386566162109e-01
1.403636874851666451e+09 1.629560887813568115e-01 -1.859976202249526978e-01 -9.471757709980010986e-02 -2.588734328746795654e-01 7.281892001628875732e-02 4.808732494711875916e-02 9.619613289833068848e-01
1.403636874951666594e+09 1.124114319682121277e-01 -1.815521419048309326e-01 -8.924228698015213013e-02 -2.608456015586853027e-01 6.409657001495361328e-02 4.973985254764556885e-02 9.619652032852172852e-01
1.403636875051666498e+09 7.407985627651214600e-02 -1.788520216941833496e-01 -8.203256130218505859e-02 -2.544374763965606689e-01 6.204351037740707397e-02 4.986927285790443420e-02 9.638077020645141602e-01
1.403636875151666403e+09 4.644841887056827545e-03 -1.711169481277465820e-01 -6.335223466157913208e-02 -2.121649384498596191e-01 1.128411665558815002e-01 8.156005293130874634e-02 9.672646522521972656e-01
1.403636875551666498e+09 -2.312995493412017822e-02 -1.576896309852600098e-01 -9.533377736806869507e-02 -2.173068821430206299e-01 1.323473006486892700e-01 1.191668584942817688e-01 9.597193598747253418e-01
1.403636875651666403e+09 -1.242390181869268417e-02 -1.366123706102371216e-01 -1.647064685821533203e-01 -2.178518027067184448e-01 1.541209071874618530e-01 1.361172348260879517e-01 9.540752172470092773e-01
1.403636875851666451e+09 6.140090525150299072e-03 -1.242279857397079468e-01 -2.025398910045623779e-01 -2.174370735883712769e-01 1.730745285749435425e-01 1.417239457368850708e-01 9.500951170921325684e-01
1.403636875951666594e+09 3.212167695164680481e-02 -1.142525449395179749e-01 -2.394118010997772217e-01 -2.195943146944046021e-01 1.954980045557022095e-01 1.500657945871353149e-01 9.439486861228942871e-01
1.403636876051666498e+09 6.744789332151412964e-02 -1.087616160511970520e-01 -2.723065018653869629e-01 -2.158612608909606934e-01 2.229198068380355835e-01 1.568083316087722778e-01 9.376149177551269531e-01
1.403636876151666403e+09 1.110326722264289856e-01 -1.080030798912048340e-01 -2.963088750839233398e-01 -2.072449326515197754e-01 2.517102062702178955e-01 1.614674478769302368e-01 9.314611554145812988e-01
1.403636876251666546e+09 1.594726145267486572e-01 -1.097889393568038940e-01 -3.082026839256286621e-01 -2.023271620273590088e-01 2.740236818790435791e-01 1.673116683959960938e-01 9.251927733421325684e-01
1.403636876351666451e+09 2.135415971279144287e-01 -1.126706525683403015e-01 -3.072834014892578125e-01 -2.050092220306396484e-01 2.893974483013153076e-01 1.737672835588455200e-01 9.187085032463073730e-01
1.403636876451666594e+09 2.730501592159271240e-01 -1.180708557367324829e-01 -2.934623062610626221e-01 -2.092209905385971069e-01 3.021134138107299805e-01 1.758281588554382324e-01 9.132571220397949219e-01
1.403636876551666498e+09 3.331874012947082520e-01 -1.278376877307891846e-01 -2.678322792053222656e-01 -2.055828720331192017e-01 3.105985820293426514e-01 1.681561768054962158e-01 9.126815795898437500e-01
1.403636876651666403e+09 3.875338137149810791e-01 -1.431035250425338745e-01 -2.313786298036575317e-01 -1.967881619930267334e-01 3.106021583080291748e-01 1.541401445865631104e-01 9.170832037925720215e-01
1.403636876751666546e+09 4.269165694713592529e-01 -1.625500321388244629e-01 -1.867184042930603027e-01 -1.901878118515014648e-01 2.997313439846038818e-01 1.416243910789489746e-01 9.240846037864685059e-01
1.403636876851666451e+09 4.472372531890869141e-01 -1.813542097806930542e-01 -1.379382461309432983e-01 -1.871172487735748291e-01 2.818427979946136475e-01 1.252537518739700317e-01 9.326646924018859863e-01
1.403636876951666594e+09 4.459011554718017578e-01 -1.981522887945175171e-01 -8.625975251197814941e-02 -1.819634139537811279e-01 2.569041848182678223e-01 1.083479002118110657e-01 9.429476857185363770e-01
1.403636877051666498e+09 4.238589704036712646e-01 -2.114300131797790527e-01 -3.489564359188079834e-02 -1.771512329578399658e-01 2.232357114553451538e-01 9.158965200185775757e-02 9.541460871696472168e-01
1.403636877151666403e+09 3.834060132503509521e-01 -2.222088128328323364e-01 1.074597239494323730e-02 -1.757023930549621582e-01 1.829092949628829956e-01 7.338869571685791016e-02 9.645138978958129883e-01
1.403636877251666546e+09 3.274424672126770020e-01 -2.308345735073089600e-01 4.751539975404739380e-02 -1.769794672727584839e-01 1.402486115694046021e-01 5.839449912309646606e-02 9.724189639091491699e-01
1.403636877351666451e+09 2.616028785705566406e-01 -2.361307442188262939e-01 7.129241526126861572e-02 -1.795023977756500244e-01 1.006383970379829407e-01 4.370315745472908020e-02 9.776200056076049805e-01
1.403636877451666594e+09 1.919424682855606079e-01 -2.358365654945373535e-01 7.980398088693618774e-02 -1.842995285987854004e-01 6.378991901874542236e-02 2.995394542813301086e-02 9.803404211997985840e-01
1.403636877551666498e+09 1.251012533903121948e-01 -2.291530817747116089e-01 7.400180399417877197e-02 -1.931104063987731934e-01 3.295249491930007935e-02 2.312140911817550659e-02 9.803509712219238281e-01
1.403636877651666403e+09 6.606132537126541138e-02 -2.164048552513122559e-01 5.394545570015907288e-02 -2.048074305057525635e-01 1.145777665078639984e-02 2.070977166295051575e-02 9.785160422325134277e-01
1.403636877751666546e+09 1.812336780130863190e-02 -2.019565254449844360e-01 2.176286280155181885e-02 -2.151564359664916992e-01 -1.444698311388492584e-03 2.511499263346195221e-02 9.762555360794067383e-01
1.403636877851666451e+09 -1.722127571702003479e-02 -1.857857406139373779e-01 -1.814593002200126648e-02 -2.246976643800735474e-01 -6.562773487530648708e-04 3.184793889522552490e-02 9.739077687263488770e-01
1.403636877951666594e+09 -3.847346454858779907e-02 -1.675206124782562256e-01 -6.136505305767059326e-02 -2.348603457212448120e-01 1.046764105558395386e-02 3.885863721370697021e-02 9.711957573890686035e-01
1.403636878051666498e+09 -4.477826878428459167e-02 -1.474278122186660767e-01 -1.051005795598030090e-01 -2.415111958980560303e-01 2.999568730592727661e-02 4.539241641759872437e-02 9.688716530799865723e-01
1.403636878151666403e+09 -3.509489446878433228e-02 -1.289831697940826416e-01 -1.454222947359085083e-01 -2.420319467782974243e-01 5.729130655527114868e-02 5.504049360752105713e-02 9.670102596282958984e-01
1.403636878251666546e+09 -1.030628010630607605e-02 -1.131474524736404419e-01 -1.826856732368469238e-01 -2.381026148796081543e-01 8.464446663856506348e-02 6.606727838516235352e-02 9.652862548828125000e-01
1.403636878351666451e+09 2.709534205496311188e-02 -1.007889062166213989e-01 -2.148420959711074829e-01 -2.324371784925460815e-01 1.092396900057792664e-01 8.220373094081878662e-02 9.629549980163574219e-01
1.403636878451666594e+09 7.681372016668319702e-02 -9.283215552568435669e-02 -2.407857030630111694e-01 -2.279836982488632202e-01 1.359331309795379639e-01 9.590695798397064209e-02 9.593474268913269043e-01
1.403636878551666498e+09 1.343732327222824097e-01 -9.275747835636138916e-02 -2.573701739311218262e-01 -2.245754301548004150e-01 1.644319146871566772e-01 1.050314083695411682e-01 9.547231793403625488e-01
1.403636878651666403e+09 1.966320872306823730e-01 -1.001566797494888306e-01 -2.624737024307250977e-01 -2.204543352127075195e-01 1.910513043403625488e-01 1.098744347691535950e-01 9.501720666885375977e-01
1.403636878751666546e+09 2.593253552913665771e-01 -1.131542026996612549e-01 -2.569807469844818115e-01 -2.152618765830993652e-01 2.144238948822021484e-01 1.084757000207901001e-01 9.465293288230895996e-01
1.403636878851666451e+09 3.181567788124084473e-01 -1.291367113590240479e-01 -2.419887632131576538e-01 -2.091660648584365845e-01 2.289782464504241943e-01 1.082049012184143066e-01 9.445158839225769043e-01
1.403636878951666594e+09 3.697129487991333008e-01 -1.439989805221557617e-01 -2.199739515781402588e-01 -2.080126255750656128e-01 2.338373214006423950e-01 1.102141812443733215e-01 9.433470964431762695e-01
1.403636879051666498e+09 4.115087687969207764e-01 -1.591463387012481689e-01 -1.913012266159057617e-01 -2.089681923389434814e-01 2.339313030242919922e-01 1.117541491985321045e-01 9.429313540458679199e-01
1.403636879151666403e+09 4.405951499938964844e-01 -1.784173399209976196e-01 -1.559028327465057373e-01 -2.002263367176055908e-01 2.306551635265350342e-01 1.107330992817878723e-01 9.457514286041259766e-01
1.403636879251666546e+09 4.552916288375854492e-01 -2.180861532688140869e-01 -7.782517373561859131e-02 -1.750539690256118774e-01 2.130548954010009766e-01 9.272604435682296753e-02 9.567474126815795898e-01
1.403636879451666594e+09 4.023297131061553955e-01 -2.450327128171920776e-01 -1.636264286935329437e-02 -1.687587052583694458e-01 1.632436662912368774e-01 6.530715525150299072e-02 9.698489904403686523e-01
1.403636879651666403e+09 3.550347089767456055e-01 -2.543785274028778076e-01 2.007713541388511658e-03 -1.704323887825012207e-01 1.346950680017471313e-01 5.779974535107612610e-02 9.744070768356323242e-01
1.403636879751666546e+09 2.984607517719268799e-01 -2.612312734127044678e-01 9.665891528129577637e-03 -1.735892146825790405e-01 1.076102629303932190e-01 5.480131134390830994e-02 9.773861765861511230e-01
1.403636879851666451e+09 2.389823794364929199e-01 -2.610863745212554932e-01 6.727068684995174408e-03 -1.810063719749450684e-01 8.557401597499847412e-02 5.156590044498443604e-02 9.783940315246582031e-01
1.403636879951666594e+09 1.845732480287551880e-01 -2.548389136791229248e-01 -8.510136976838111877e-03 -1.911416947841644287e-01 7.164072245359420776e-02 4.893346503376960754e-02 9.777208566665649414e-01
1.403636880051666498e+09 1.215347871184349060e-01 -2.342073321342468262e-01 -7.341852784156799316e-02 -2.042346447706222534e-01 6.324151158332824707e-02 4.626648128032684326e-02 9.757807850837707520e-01
1.403636880251666546e+09 1.303601115942001343e-01 -2.112676203250885010e-01 -1.582980602979660034e-01 -1.955087929964065552e-01 1.027706488966941833e-01 5.510284751653671265e-02 9.737444519996643066e-01
1.403636880451666594e+09 1.493941098451614380e-01 -1.971251666545867920e-01 -2.490589022636413574e-01 -1.855802983045578003e-01 1.597618162631988525e-01 6.520502269268035889e-02 9.673594832420349121e-01
1.403636880651666403e+09 1.189177632331848145e-01 -1.855495423078536987e-01 -3.286042213439941406e-01 -1.982814222574234009e-01 1.840996295213699341e-01 7.673674076795578003e-02 9.596371054649353027e-01
1.403636880851666451e+09 4.785355553030967712e-02 -1.777759939432144165e-01 -3.626329302787780762e-01 -2.003064751625061035e-01 1.674594134092330933e-01 7.946129888296127319e-02 9.620398283004760742e-01
1.403636881051666498e+09 -2.247007377445697784e-02 -1.831570863723754883e-01 -3.433095216751098633e-01 -1.788026243448257446e-01 1.343021094799041748e-01 6.175693497061729431e-02 9.727171659469604492e-01
1.403636881251666546e+09 -6.737007200717926025e-02 -2.024632692337036133e-01 -2.909617424011230469e-01 -1.699331402778625488e-01 8.400873839855194092e-02 4.250602051615715027e-02 9.809477925300598145e-01
1.403636881451666594e+09 -4.994809627532958984e-02 -2.294560670852661133e-01 -2.114815860986709595e-01 -1.626751869916915894e-01 6.454907357692718506e-02 1.676295883953571320e-02 9.844232797622680664e-01
1.403636881651666403e+09 2.604874968528747559e-02 -2.524723708629608154e-01 -1.287080347537994385e-01 -1.584649533033370972e-01 5.894797667860984802e-02 -4.461070988327264786e-03 9.855932593345642090e-01
1.403636881851666451e+09 1.313270628452301025e-01 -2.634190618991851807e-01 -6.416616588830947876e-02 -1.639747917652130127e-01 7.456132024526596069e-02 6.202399381436407566e-04 9.836425185203552246e-01
1.403636882051666498e+09 2.319425940513610840e-01 -2.533205449581146240e-01 -4.421425238251686096e-02 -1.608825027942657471e-01 9.471681714057922363e-02 1.514196209609508514e-02 9.823015332221984863e-01
1.403636882251666546e+09 2.865458428859710693e-01 -1.983104944229125977e-01 -7.976511120796203613e-02 -1.456664055585861206e-01 1.051890105009078979e-01 2.033197507262229919e-02 9.835157394409179688e-01
1.403636882651666403e+09 2.390915751457214355e-01 -1.636300235986709595e-01 -6.809769570827484131e-02 -1.020406410098075867e-01 6.085349246859550476e-02 1.656643673777580261e-02 9.927790164947509766e-01
1.403636882851666451e+09 2.106688171625137329e-01 -1.396438926458358765e-01 -1.746419258415699005e-02 -5.438465997576713562e-02 1.088941749185323715e-02 1.780744758434593678e-03 9.984591603279113770e-01
1.403636883051666498e+09 1.887230277061462402e-01 -1.037727668881416321e-01 3.156352788209915161e-02 -5.023317039012908936e-02 -2.915218286216259003e-02 -1.371611095964908600e-02 9.982178211212158203e-01
1.403636883351666451e+09 1.684308052062988281e-01 -5.653269588947296143e-02 9.226859360933303833e-02 -1.945109106600284576e-02 -6.013640761375427246e-02 -3.055711463093757629e-02 9.975327253341674805e-01
1.403636883851666451e+09 1.810743510723114014e-01 -3.605234995484352112e-02 9.333671629428863525e-02 8.636846323497593403e-04 -8.630378544330596924e-02 -4.279104620218276978e-02 9.953491687774658203e-01
1.403636897551666498e+09 2.040897756814956665e-01 -2.991760149598121643e-02 6.856564432382583618e-02 -2.361886762082576752e-02 -7.052794098854064941e-02 -5.238929763436317444e-02 9.958531260490417480e-01
1.403636897751666546e+09 2.293721735477447510e-01 -4.362456128001213074e-02 3.435949236154556274e-02 -5.365476757287979126e-02 -6.201394647359848022e-02 -6.691947579383850098e-02 9.943828582763671875e-01
1.403636897951666594e+09 2.451963722705841064e-01 -8.053096383810043335e-02 1.383007783442735672e-02 -4.248610138893127441e-02 -6.561517715454101562e-02 -6.965129822492599487e-02 9.945040345191955566e-01
1.403636898251666546e+09 2.567470669746398926e-01 -1.433102339506149292e-01 8.746549487113952637e-03 -3.287160769104957581e-02 -8.046727627515792847e-02 -7.053526490926742554e-02 9.937149286270141602e-01
1.403636898651666403e+09 2.477287352085113525e-01 -2.289236485958099365e-01 2.526289410889148712e-02 -3.569893911480903625e-02 -9.067958593368530273e-02 -7.086380571126937866e-02 9.927139878273010254e-01
1.403636899051666498e+09 2.417765408754348755e-01 -2.989511787891387939e-01 9.074032306671142578e-02 -2.370670437812805176e-02 -6.856925785541534424e-02 -4.897297918796539307e-02 9.961615800857543945e-01
1.403636899351666451e+09 2.786292135715484619e-01 -3.553595840930938721e-01 1.665105670690536499e-01 -2.107973210513591766e-02 8.791368454694747925e-03 -1.345079671591520309e-02 9.996487498283386230e-01
1.403636899851666451e+09 4.373554885387420654e-01 -4.661405086517333984e-01 2.688467502593994141e-01 -2.032791078090667725e-02 3.119943477213382721e-02 -2.745814807713031769e-02 9.989291429519653320e-01
1.403636901051666498e+09 7.143874764442443848e-01 -5.928233265876770020e-01 4.378345012664794922e-01 -2.639178559184074402e-02 1.591986045241355896e-02 -1.853299327194690704e-02 9.993531107902526855e-01
1.403636901751666546e+09 9.842962622642517090e-01 -6.437790393829345703e-01 5.978130698204040527e-01 -2.018051594495773315e-02 1.897685229778289795e-02 -2.889812551438808441e-02 9.991984367370605469e-01
1.403636902451666594e+09 1.304614782333374023e+00 -6.170821785926818848e-01 7.864375710487365723e-01 -2.011884003877639771e-02 3.135023638606071472e-02 -3.511978313326835632e-02 9.986886978149414062e-01
1.403636903251666546e+09 1.718624591827392578e+00 -7.973935604095458984e-01 9.989647865295410156e-01 -3.299719840288162231e-02 1.291461195796728134e-02 -2.242597751319408417e-02 9.991204142570495605e-01
1.403636904351666451e+09 2.044410705566406250e+00 -1.019899368286132812e+00 1.168111562728881836e+00 -2.230652421712875366e-02 2.225261740386486053e-02 -2.740809321403503418e-02 9.991276860237121582e-01
1.403636905151666403e+09 2.528356790542602539e+00 -1.211498975753784180e+00 1.545368313789367676e+00 -4.077516496181488037e-02 1.314244326204061508e-02 -4.566053673624992371e-02 9.980379939079284668e-01
1.403636906551666498e+09 2.801349401473999023e+00 -1.476015925407409668e+00 2.227912187576293945e+00 -4.085180163383483887e-02 -6.786441430449485779e-03 -2.257473580539226532e-02 9.988871812820434570e-01
1.403636908051666498e+09 2.998481750488281250e+00 -1.644583821296691895e+00 2.642747640609741211e+00 -2.430491894483566284e-02 -1.126383803784847260e-02 -4.385446384549140930e-02 9.986787438392639160e-01
1.403636908951666594e+09 3.237565517425537109e+00 -1.908530116081237793e+00 3.190910577774047852e+00 -4.147095978260040283e-02 -2.079400792717933655e-02 -3.551698103547096252e-02 9.982917308807373047e-01
1.403636909651666403e+09 3.400409936904907227e+00 -1.994930982589721680e+00 3.582060575485229492e+00 -1.610282808542251587e-02 -1.207395829260349274e-02 -4.472784698009490967e-02 9.987965226173400879e-01
1.403636910051666498e+09 3.619967460632324219e+00 -2.078090190887451172e+00 4.318183898925781250e+00 -2.567311376333236694e-02 -1.880481094121932983e-02 -4.327280074357986450e-02 9.985563158988952637e-01
1.403636911351666451e+09 3.737468481063842773e+00 -2.247952222824096680e+00 4.781939983367919922e+00 -2.589184045791625977e-02 -1.800715364515781403e-02 -3.947078436613082886e-02 9.987229108810424805e-01
1.403636912451666594e+09 3.976757287979125977e+00 -2.345975875854492188e+00 5.376651287078857422e+00 -2.190837077796459198e-02 -1.487246621400117874e-02 -2.611534856259822845e-02 9.993082284927368164e-01
1.403636913251666546e+09 4.331721782684326172e+00 -2.383564710617065430e+00 5.793572902679443359e+00 -2.132088132202625275e-02 -9.632063098251819611e-03 -3.934110328555107117e-02 9.989519715309143066e-01
1.403636914451666594e+09 4.776360511779785156e+00 -2.579276800155639648e+00 6.144233703613281250e+00 -2.007525600492954254e-02 -3.838255768641829491e-03 -4.599175974726676941e-02 9.987327456474304199e-01
1.403636915351666451e+09 5.169785976409912109e+00 -2.738549470901489258e+00 6.530032157897949219e+00 -1.779883727431297302e-02 -4.821859765797853470e-03 -4.520701989531517029e-02 9.988074302673339844e-01
1.403636916551666498e+09 5.377329826354980469e+00 -2.857478857040405273e+00 6.691766262054443359e+00 -1.733953319489955902e-02 3.548998758196830750e-02 -4.082481935620307922e-02 9.983852505683898926e-01
1.403636917051666498e+09 5.558308601379394531e+00 -2.780358791351318359e+00 6.930593967437744141e+00 -1.221773587167263031e-02 1.121970266103744507e-01 -9.708434343338012695e-03 9.935634732246398926e-01
1.403636917851666451e+09 5.600396633148193359e+00 -3.104621648788452148e+00 7.168252468109130859e+00 -8.444303530268371105e-04 1.698941141366958618e-01 3.765789791941642761e-02 9.847422242164611816e-01
1.403636919851666451e+09 5.912536621093750000e+00 -2.996960639953613281e+00 6.751279830932617188e+00 -3.782637417316436768e-02 1.838799715042114258e-01 3.421016409993171692e-02 9.816246628761291504e-01
1.403636922151666403e+09 6.062376976013183594e+00 -2.805802345275878906e+00 6.625621795654296875e+00 -1.902978838188573718e-04 2.671986818313598633e-01 5.757217481732368469e-02 9.619200825691223145e-01
1.403636923451666594e+09 6.581641674041748047e+00 -2.741129636764526367e+00 6.935031890869140625e+00 -2.620563469827175140e-02 3.189353048801422119e-01 6.298965960741043091e-02 9.453179240226745605e-01
1.403636925551666498e+09 7.305717468261718750e+00 -2.796238422393798828e+00 7.536026000976562500e+00 -5.361519288271665573e-03 3.302525579929351807e-01 8.885160833597183228e-02 9.396860003471374512e-01
1.403636927151666403e+09 7.544114589691162109e+00 -2.771541118621826172e+00 7.602490901947021484e+00 -1.934001035988330841e-02 4.213420152664184570e-01 1.137648671865463257e-01 8.995301127433776855e-01
1.403636927651666403e+09 8.599857330322265625e+00 -2.858455181121826172e+00 8.064410209655761719e+00 -4.584250506013631821e-03 4.423868060111999512e-01 1.073101684451103210e-01 8.903693556785583496e-01
1.403636929651666403e+09 9.360191345214843750e+00 -3.157466888427734375e+00 8.215737342834472656e+00 -1.805498148314654827e-03 4.390237927436828613e-01 1.027840599417686462e-01 8.925751447677612305e-01
1.403636931151666403e+09 9.727887153625488281e+00 -3.154246091842651367e+00 8.010900497436523438e+00 3.019053256139159203e-03 4.893878102302551270e-01 8.388254791498184204e-02 8.680173754692077637e-01
1.403636932451666594e+09 9.475107192993164062e+00 -3.115379333496093750e+00 7.589175701141357422e+00 5.825407803058624268e-03 5.473628640174865723e-01 1.304827034473419189e-01 8.266403675079345703e-01
1.403636933251666546e+09 9.013822555541992188e+00 -2.984253406524658203e+00 7.398353576660156250e+00 7.645509671419858932e-03 5.839442014694213867e-01 1.559895277023315430e-01 7.966291308403015137e-01
1.403636934351666451e+09 8.866520881652832031e+00 -2.893383502960205078e+00 7.329676628112792969e+00 1.902797818183898926e-02 6.575373411178588867e-01 1.941796988248825073e-01 7.277203202247619629e-01
1.403636934651666403e+09 8.534544944763183594e+00 -2.950796127319335938e+00 7.064788818359375000e+00 1.201719511300325394e-02 7.059853076934814453e-01 2.051995992660522461e-01 6.777414083480834961e-01
1.403636935951666594e+09 8.188707351684570312e+00 -2.737962722778320312e+00 6.648086071014404297e+00 3.241766011342406273e-03 7.025271654129028320e-01 2.038185596466064453e-01 6.818380355834960938e-01
1.403636937351666451e+09 8.147492408752441406e+00 -2.536819458007812500e+00 6.267324447631835938e+00 -4.505073186010122299e-03 7.221433520317077637e-01 1.800408810377120972e-01 6.678878068923950195e-01
1.403636938451666594e+09 7.716580867767333984e+00 -2.265079498291015625e+00 5.954208850860595703e+00 1.054781489074230194e-02 7.302739620208740234e-01 2.130402326583862305e-01 6.490011811256408691e-01
1.403636939851666451e+09 7.324037551879882812e+00 -2.121068477630615234e+00 5.617455482482910156e+00 2.341467887163162231e-02 7.368507385253906250e-01 2.126538008451461792e-01 6.413121223449707031e-01
1.403636940351666451e+09 7.071542263031005859e+00 -1.971427083015441895e+00 5.451144695281982422e+00 2.313580550253391266e-02 7.469236850738525391e-01 2.240189909934997559e-01 6.256079673767089844e-01
1.403636940751666546e+09 6.808730125427246094e+00 -1.880143880844116211e+00 5.242145061492919922e+00 -5.023635923862457275e-03 7.488943338394165039e-01 2.331269681453704834e-01 6.203095912933349609e-01
1.403636941251666546e+09 6.474452972412109375e+00 -1.860065221786499023e+00 4.898112773895263672e+00 6.313678342849016190e-03 7.491769790649414062e-01 2.121516466140747070e-01 6.274437904357910156e-01
1.403636941951666594e+09 6.102157115936279297e+00 -1.793069601058959961e+00 4.551201820373535156e+00 1.102857198566198349e-02 7.411589026451110840e-01 2.199996113777160645e-01 6.341624259948730469e-01
1.403636942551666498e+09 5.841334342956542969e+00 -1.683231115341186523e+00 4.301670551300048828e+00 8.391178213059902191e-03 7.423172593116760254e-01 2.337266057729721069e-01 6.279065012931823730e-01
1.403636942951666594e+09 5.608234405517578125e+00 -1.593687176704406738e+00 4.010537624359130859e+00 9.860417805612087250e-03 7.530071735382080078e-01 2.160858958959579468e-01 6.214417219161987305e-01
1.403636943551666498e+09 5.316859245300292969e+00 -1.424735546112060547e+00 3.717634677886962891e+00 7.771904114633798599e-03 7.597813606262207031e-01 2.098819911479949951e-01 6.153222918510437012e-01
1.403636944051666498e+09 5.127892494201660156e+00 -1.258996963500976562e+00 3.577476978302001953e+00 -2.476568147540092468e-02 7.292612791061401367e-01 2.406687587499618530e-01 6.400337815284729004e-01
1.403636944551666498e+09 4.736093044281005859e+00 -1.197628974914550781e+00 3.243957042694091797e+00 -1.929204352200031281e-02 7.176605463027954102e-01 2.127134501934051514e-01 6.628305315971374512e-01
1.403636946851666451e+09 4.499845027923583984e+00 -7.759747505187988281e-01 3.464189052581787109e+00 1.130840042605996132e-03 7.231225967407226562e-01 2.405375093221664429e-01 6.474829316139221191e-01
1.403636947451666594e+09 5.184535026550292969e+00 -6.024922132492065430e-01 3.681163787841796875e+00 1.404639892280101776e-02 7.176507115364074707e-01 2.004262357950210571e-01 6.667905449867248535e-01
1.403636949851666451e+09 5.574899673461914062e+00 -6.205611228942871094e-01 3.997884273529052734e+00 -1.700614951550960541e-02 7.214403748512268066e-01 1.936876922845840454e-01 6.646199226379394531e-01
1.403636950951666594e+09 5.841331958770751953e+00 -7.240439653396606445e-01 4.173550605773925781e+00 -7.276654709130525589e-03 7.097215652465820312e-01 2.224574685096740723e-01 6.683973670005798340e-01
1.403636951751666546e+09 6.127366542816162109e+00 -7.562298774719238281e-01 4.312333583831787109e+00 -1.752670109272003174e-02 7.180023789405822754e-01 2.005144059658050537e-01 6.663028597831726074e-01
1.403636952151666403e+09 6.348614692687988281e+00 -7.924220561981201172e-01 4.433924198150634766e+00 6.503946147859096527e-03 7.176750302314758301e-01 1.995856016874313354e-01 6.671326160430908203e-01
1.403636952651666403e+09 6.616379261016845703e+00 -7.648856639862060547e-01 4.656690120697021484e+00 -4.772577900439500809e-03 7.142185568809509277e-01 2.088844925165176392e-01 6.680093407630920410e-01
1.403636953151666403e+09 6.829308032989501953e+00 -7.113943099975585938e-01 4.826149940490722656e+00 -2.749989507719874382e-03 7.113124728202819824e-01 2.177624106407165527e-01 6.682863235473632812e-01
1.403636953751666546e+09 7.072103500366210938e+00 -7.637703418731689453e-01 4.937438488006591797e+00 -2.341427654027938843e-02 7.124116420745849609e-01 2.013062834739685059e-01 6.718611121177673340e-01
1.403636954151666403e+09 7.298905849456787109e+00 -8.549981117248535156e-01 5.062706470489501953e+00 -1.799726672470569611e-02 7.100724577903747559e-01 2.082211077213287354e-01 6.723966598510742188e-01
1.403636954551666498e+09 7.555167198181152344e+00 -9.573154449462890625e-01 5.211328506469726562e+00 -1.681886427104473114e-02 7.172394990921020508e-01 2.074528187513351440e-01 6.650173664093017578e-01
1.403636954951666594e+09 7.836089134216308594e+00 -9.505925178527832031e-01 5.413337707519531250e+00 -7.639521267265081406e-03 7.302883863449096680e-01 2.003766596317291260e-01 6.530464887619018555e-01
1.403636955351666451e+09 8.153220176696777344e+00 -1.008055210113525391e+00 5.682717800140380859e+00 -7.964137941598892212e-03 7.422676682472229004e-01 2.027643620967864990e-01 6.386407613754272461e-01
1.403636955851666451e+09 8.383718490600585938e+00 -1.085669517517089844e+00 5.917374610900878906e+00 1.177687477320432663e-02 7.399944067001342773e-01 2.202676981687545776e-01 6.354146003723144531e-01
1.403636956551666498e+09 8.713922500610351562e+00 -1.196248054504394531e+00 6.256354331970214844e+00 2.306466363370418549e-02 7.238891124725341797e-01 2.073267400264739990e-01 6.576231718063354492e-01
1.403636956851666451e+09 8.807285308837890625e+00 -1.227855920791625977e+00 6.382965087890625000e+00 1.284480653703212738e-02 6.674235463142395020e-01 1.900660544633865356e-01 7.198997735977172852e-01
1.403636957151666403e+09 8.887706756591796875e+00 -1.315066576004028320e+00 6.499154567718505859e+00 -4.060830455273389816e-03 6.048064231872558594e-01 1.591830998659133911e-01 7.802906632423400879e-01
1.403636957651666403e+09 8.967226028442382812e+00 -1.301712512969970703e+00 6.663244724273681641e+00 -6.648462731391191483e-04 5.294365882873535156e-01 1.470752507448196411e-01 8.355031013488769531e-01
1.403636958051666498e+09 9.016446113586425781e+00 -1.323438286781311035e+00 6.746971607208251953e+00 -9.355108253657817841e-03 4.351042807102203369e-01 1.139926984906196594e-01 8.930858969688415527e-01
1.403636958651666403e+09 9.353673934936523438e+00 -1.370544791221618652e+00 7.274828433990478516e+00 -1.403213758021593094e-02 4.249596595764160156e-01 6.801830232143402100e-02 9.025441408157348633e-01
1.403636960851666451e+09 9.287497520446777344e+00 -1.351124048233032227e+00 7.476837158203125000e+00 -1.227187458425760269e-02 3.393751084804534912e-01 6.868686527013778687e-02 9.380598068237304688e-01
1.403636961251666546e+09 9.210557937622070312e+00 -1.419858217239379883e+00 7.594823837280273438e+00 -1.523801032453775406e-02 2.592190504074096680e-01 4.142294079065322876e-02 9.648095965385437012e-01
1.403636961751666546e+09 9.121255874633789062e+00 -1.554786086082458496e+00 7.672291755676269531e+00 -1.532228570431470871e-02 1.876631826162338257e-01 1.658320613205432892e-02 9.819738864898681641e-01
1.403636962151666403e+09 9.018230438232421875e+00 -1.651067018508911133e+00 7.737059593200683594e+00 -1.790103316307067871e-02 9.751715511083602905e-02 -1.447452511638402939e-02 9.949675798416137695e-01
1.403636962451666594e+09 8.895660400390625000e+00 -1.792888164520263672e+00 7.759729862213134766e+00 -1.908899284899234772e-02 1.135733164846897125e-02 -6.915260851383209229e-02 9.973587989807128906e-01
1.403636962951666594e+09 8.185892105102539062e+00 -1.945073962211608887e+00 7.671158790588378906e+00 -9.766045957803726196e-03 5.564587190747261047e-03 -4.850559309124946594e-02 9.987596869468688965e-01
1.403636964651666403e+09 7.827661991119384766e+00 -1.927988767623901367e+00 7.511732101440429688e+00 -7.629908621311187744e-03 -3.369842469692230225e-02 -8.515488356351852417e-02 9.957685470581054688e-01
1.403636964951666594e+09 7.592777729034423828e+00 -1.906149744987487793e+00 7.387969493865966797e+00 -6.126630119979381561e-03 -1.046883165836334229e-01 -9.631580114364624023e-02 9.898111820220947266e-01
1.403636965351666451e+09 7.248667240142822266e+00 -1.948712468147277832e+00 7.185893058776855469e+00 -6.638883054256439209e-02 -1.370308101177215576e-01 -9.989230334758758545e-02 9.832785129547119141e-01
1.403636965651666403e+09 6.806794166564941406e+00 -2.100303411483764648e+00 7.013577938079833984e+00 -1.120782084763050079e-02 -1.340474784374237061e-01 -9.012465924024581909e-02 9.868045449256896973e-01
1.403636966451666594e+09 6.147706031799316406e+00 -2.007690906524658203e+00 6.691393375396728516e+00 -6.000695750117301941e-03 -1.247581765055656433e-01 -6.618819385766983032e-02 9.899588823318481445e-01
1.403636967551666498e+09 5.634081363677978516e+00 -1.701606273651123047e+00 6.078111648559570312e+00 5.001813406124711037e-04 -1.131522133946418762e-01 -8.082439005374908447e-02 9.902846217155456543e-01
1.403636968451666594e+09 5.268877506256103516e+00 -1.316468000411987305e+00 5.348589897155761719e+00 -2.877908525988459587e-03 -1.115246638655662537e-01 -8.380028605461120605e-02 9.902179241180419922e-01
1.403636969251666546e+09 5.051437854766845703e+00 -1.239877223968505859e+00 4.826187610626220703e+00 -3.413201123476028442e-02 -1.107533127069473267e-01 -7.825686782598495483e-02 9.901740550994873047e-01
1.403636969651666403e+09 4.874186992645263672e+00 -1.187335014343261719e+00 4.454344749450683594e+00 -3.909817337989807129e-02 -1.067025884985923767e-01 -7.904930412769317627e-02 9.903722405433654785e-01
1.403636970051666498e+09 4.684705257415771484e+00 -1.075378656387329102e+00 4.159883975982666016e+00 -1.160059869289398193e-02 -1.097130626440048218e-01 -7.595536857843399048e-02 9.909890890121459961e-01
1.403636970451666594e+09 4.492379665374755859e+00 -9.618964791297912598e-01 3.877353906631469727e+00 -4.278237372636795044e-02 -1.100971251726150513e-01 -7.953562587499618530e-02 9.898092746734619141e-01
1.403636970851666451e+09 4.278994560241699219e+00 -9.168922901153564453e-01 3.655919075012207031e+00 -6.531693041324615479e-02 -1.147722378373146057e-01 -7.357014715671539307e-02 9.885082244873046875e-01
1.403636971251666546e+09 4.048505783081054688e+00 -8.169578313827514648e-01 3.556452512741088867e+00 -3.555092215538024902e-02 -1.277241259813308716e-01 -3.848451748490333557e-02 9.904249906539916992e-01
1.403636972051666498e+09 3.952346563339233398e+00 -6.689177751541137695e-01 3.392778158187866211e+00 -2.860859781503677368e-02 -9.197890013456344604e-02 -6.422193348407745361e-02 9.932758808135986328e-01
1.403636973551666498e+09 3.976272344589233398e+00 -4.911385774612426758e-01 3.383803367614746094e+00 -2.499007247388362885e-02 -3.090218454599380493e-02 -4.433528333902359009e-02 9.982258677482604980e-01
1.403636974351666451e+09 3.998530626296997070e+00 -4.168790578842163086e-01 3.392791032791137695e+00 -1.512962486594915390e-02 8.517700433731079102e-02 -1.295117940753698349e-02 9.961668252944946289e-01
1.403636974751666546e+09 4.019102096557617188e+00 -3.805099129676818848e-01 3.395832538604736328e+00 -2.679025940597057343e-02 1.967659443616867065e-01 4.483690857887268066e-02 9.790583252906799316e-01
1.403636975351666451e+09 4.125172138214111328e+00 -3.891992270946502686e-01 3.480906009674072266e+00 5.265752319246530533e-03 3.001469373703002930e-01 9.754171967506408691e-02 9.488781690597534180e-01
1.403636976451666594e+09 4.299490451812744141e+00 -2.207881212234497070e-01 3.498840570449829102e+00 -1.652835868299007416e-02 3.922667503356933594e-01 1.132926046848297119e-01 9.126984477043151855e-01
1.403636978051666498e+09 4.834649085998535156e+00 -5.481576919555664062e-02 3.413149356842041016e+00 -2.109510265290737152e-02 3.993560373783111572e-01 1.039096042513847351e-01 9.106441140174865723e-01
1.403636978851666451e+09 5.430190086364746094e+00 -4.681110382080078125e-03 3.519731044769287109e+00 -3.912366926670074463e-02 4.020187556743621826e-01 1.089239642024040222e-01 9.082873463630676270e-01
1.403636979951666594e+09 5.828627109527587891e+00 -1.174706220626831055e-01 3.774951457977294922e+00 -1.305122114717960358e-02 4.160818159580230713e-01 9.995330125093460083e-02 9.037228822708129883e-01
1.403636980651666403e+09 6.238137245178222656e+00 -1.542671322822570801e-01 4.158016204833984375e+00 -4.245807882398366928e-03 4.079432189464569092e-01 1.094166263937950134e-01 9.064173698425292969e-01
1.403636981751666546e+09 6.590375423431396484e+00 -2.243230938911437988e-01 4.480231761932373047e+00 -5.195644870400428772e-02 4.226388931274414062e-01 1.200509294867515564e-01 8.968080878257751465e-01
1.403636982451666594e+09 6.873093128204345703e+00 -3.243501186370849609e-01 4.745635986328125000e+00 -1.023415289819240570e-02 4.184522628784179688e-01 1.208198368549346924e-01 9.001086950302124023e-01
1.403636982951666594e+09 7.216105937957763672e+00 -4.336866736412048340e-01 4.994560241699218750e+00 -1.410915795713663101e-02 4.181395471096038818e-01 1.075979769229888916e-01 9.018775224685668945e-01
1.403636983451666594e+09 7.621744155883789062e+00 -4.713906049728393555e-01 5.319711685180664062e+00 -2.559548430144786835e-02 4.253919124603271484e-01 1.029386743903160095e-01 8.987715244293212891e-01
1.403636984051666498e+09 8.000163078308105469e+00 -6.623453497886657715e-01 5.677118778228759766e+00 -2.350052073597908020e-02 4.341796338558197021e-01 1.039714813232421875e-01 8.944975137710571289e-01
1.403636984651666403e+09 8.355414390563964844e+00 -7.966783046722412109e-01 6.127187728881835938e+00 -9.652126580476760864e-03 4.331577122211456299e-01 1.080457046627998352e-01 8.947666883468627930e-01
1.403636985351666451e+09 8.680288314819335938e+00 -9.531018137931823730e-01 6.649835109710693359e+00 -1.812598668038845062e-02 4.167774319648742676e-01 8.500166237354278564e-02 9.048441052436828613e-01
1.403636985851666451e+09 8.793654441833496094e+00 -1.118151426315307617e+00 7.184209346771240234e+00 -1.009738445281982422e-02 4.025655388832092285e-01 7.193816453218460083e-02 9.125042557716369629e-01
1.403636986651666403e+09 8.696688652038574219e+00 -1.293050050735473633e+00 7.656581878662109375e+00 -3.400714369490742683e-03 3.941999077796936035e-01 9.878350794315338135e-02 9.136939644813537598e-01
1.403636987451666594e+09 8.572443962097167969e+00 -1.496343851089477539e+00 7.994172096252441406e+00 1.387649588286876678e-02 3.921754360198974609e-01 7.792507112026214600e-02 9.164788722991943359e-01
1.403636988051666498e+09 8.301027297973632812e+00 -1.643100023269653320e+00 8.159071922302246094e+00 3.352843597531318665e-02 3.783451914787292480e-01 1.054680496454238892e-01 9.190251827239990234e-01
1.403636989451666594e+09 7.757737159729003906e+00 -1.539742469787597656e+00 7.354570865631103516e+00 -1.302445889450609684e-04 3.905195593833923340e-01 8.933991938829421997e-02 9.162493348121643066e-01
1.403636990551666498e+09 7.178895950317382812e+00 -1.342236399650573730e+00 6.476565361022949219e+00 -1.130940578877925873e-02 3.827454745769500732e-01 8.415088057518005371e-02 9.199438095092773438e-01
1.403636991651666403e+09 6.575469970703125000e+00 -1.195983409881591797e+00 5.723649024963378906e+00 -3.431347431614995003e-03 3.998354673385620117e-01 9.369825571775436401e-02 9.117788076400756836e-01
1.403636992651666403e+09 6.119143962860107422e+00 -1.084523558616638184e+00 5.190166473388671875e+00 -1.624944270588457584e-03 3.878115713596343994e-01 9.238135814666748047e-02 9.170960783958435059e-01
1.403636993551666498e+09 5.741556644439697266e+00 -1.099375605583190918e+00 4.854203224182128906e+00 7.145227398723363876e-03 3.051649034023284912e-01 5.249116569757461548e-02 9.508249163627624512e-01
1.403636994751666546e+09 4.951406955718994141e+00 -8.918733000755310059e-01 4.087323188781738281e+00 3.725881455466151237e-03 3.019340932369232178e-01 6.026331335306167603e-02 9.514148831367492676e-01
1.403636996051666498e+09 4.271295547485351562e+00 -8.167001008987426758e-01 3.156839847564697266e+00 -1.675194315612316132e-02 2.658841609954833984e-01 5.254454538226127625e-02 9.624261260032653809e-01
1.403636996851666451e+09 4.030570507049560547e+00 -7.258559465408325195e-01 2.844287157058715820e+00 -2.600882202386856079e-02 1.613958775997161865e-01 2.221234142780303955e-02 9.862969517707824707e-01
1.403636997351666451e+09 3.698951244354248047e+00 -7.130879759788513184e-01 2.415926218032836914e+00 -3.261952474713325500e-02 1.463196426630020142e-01 1.251413486897945404e-02 9.886202812194824219e-01
1.403636998751666546e+09 3.266585350036621094e+00 -9.509531855583190918e-01 2.113345146179199219e+00 -6.548046949319541454e-04 1.591534912586212158e-01 9.144819341599941254e-03 9.872113466262817383e-01
1.403637000651666403e+09 2.528645992279052734e+00 -8.377544283866882324e-01 1.644282698631286621e+00 -2.312248805537819862e-03 1.624604165554046631e-01 1.089003495872020721e-02 9.866522550582885742e-01
1.403637001851666451e+09 1.880481719970703125e+00 -6.856874227523803711e-01 1.109033226966857910e+00 -1.689071580767631531e-02 1.672906577587127686e-01 1.336147822439670563e-02 9.856724143028259277e-01
1.403637003151666403e+09 1.513929128646850586e+00 -6.167942285537719727e-01 8.292256593704223633e-01 -1.609935238957405090e-02 1.723437607288360596e-01 1.608676463365554810e-02 9.847739934921264648e-01
1.403637003551666498e+09 1.150131106376647949e+00 -5.334660410881042480e-01 5.811289548873901367e-01 -1.278308313339948654e-02 1.749160587787628174e-01 2.257681638002395630e-02 9.842414855957031250e-01
1.403637004051666498e+09 9.607011079788208008e-01 -4.559173882007598877e-01 4.470803737640380859e-01 -2.558654360473155975e-02 1.711939722299575806e-01 1.482441928237676620e-02 9.847935438156127930e-01
1.403637004451666594e+09 7.283983230590820312e-01 -4.813405871391296387e-01 2.862584292888641357e-01 -8.262692019343376160e-03 1.704598069190979004e-01 3.886871039867401123e-02 9.845631122589111328e-01
1.403637005051666498e+09 5.533245205879211426e-01 -3.558921217918395996e-01 1.287395954132080078e-01 -2.544302120804786682e-02 1.826952248811721802e-01 2.733994461596012115e-02 9.824600219726562500e-01
1.403637005651666403e+09 3.894154429435729980e-01 -2.766660153865814209e-01 -2.200248837471008301e-02 -1.693760603666305542e-02 1.742057949304580688e-01 2.417880296707153320e-02 9.842666983604431152e-01
1.403637006451666594e+09 3.120700418949127197e-01 -2.319385558366775513e-01 -7.551217824220657349e-02 -1.778799481689929962e-02 1.151868775486946106e-01 1.222512684762477875e-02 9.931094050407409668e-01
1.403637007151666403e+09 3.034745752811431885e-01 -1.471842229366302490e-01 -9.746737778186798096e-02 -2.222619205713272095e-02 5.625528097152709961e-02 -2.590940892696380615e-02 9.978326559066772461e-01
1.403637007851666451e+09 2.621269524097442627e-01 -9.057152271270751953e-02 -1.147863566875457764e-01 -2.500981837511062622e-02 6.346073001623153687e-02 -1.428860705345869064e-02 9.975686073303222656e-01
1.403637008351666451e+09 2.068870812654495239e-01 -9.702347218990325928e-02 -1.007835641503334045e-01 -1.660349406301975250e-02 7.030224800109863281e-02 4.298041574656963348e-03 9.973782896995544434e-01
1.403637009051666498e+09 2.357954978942871094e-01 -4.803881794214248657e-02 -4.945015534758567810e-02 -2.588736265897750854e-02 8.166503161191940308e-02 -1.366255711764097214e-02 9.962298870086669922e-01
1.403637009351666451e+09 2.651050388813018799e-01 -2.631986513733863831e-02 -3.465643525123596191e-02 8.440412580966949463e-03 3.876973688602447510e-02 -8.258207701146602631e-03 9.991784691810607910e-01
1.403637009651666403e+09 2.731318473815917969e-01 -2.160123363137245178e-02 -4.461717605590820312e-02 2.314190194010734558e-02 4.575750976800918579e-02 1.661703735589981079e-02 9.985463023185729980e-01
