1.403636859551666432e+18 4.521180396080300312e+00 -1.789510331235601770e+00 7.128127389662911595e-01 -6.579919902050805902e-01 -4.866432294585287255e-01 3.532875787174849513e-01 4.532248832225211355e-01
1.403636859651666432e+18 4.516192960609838103e+00 -1.782841787635061515e+00 7.567149300529666389e-01 -6.586403438990523496e-01 -4.848812126402504696e-01 3.452078931604612433e-01 4.603418485395111004e-01
1.403636859751666432e+18 4.510458284267379270e+00 -1.778198215718540753e+00 8.019656746953243154e-01 -6.548708276951786811e-01 -4.796113306846438440e-01 3.443570160862264862e-01 4.717365959780178697e-01
1.403636860351666432e+18 4.514737205659300479e+00 -1.763470615251296225e+00 8.091967103807859996e-01 -6.713723924319533465e-01 -4.776195527818101749e-01 3.275622683962740034e-01 4.624301393765184454e-01
1.403636860551666432e+18 4.526877401895641029e+00 -1.766413941998003390e+00 7.012656085486979052e-01 -6.955672899832837652e-01 -4.857898113813920449e-01 3.127100390686191611e-01 4.270911328148178643e-01
1.403636860651666432e+18 4.535667910013642334e+00 -1.761901799843050398e+00 7.941003803163463326e-01 -6.782727283108136440e-01 -4.979933337818061578e-01 3.181186975856390986e-01 4.367484857273172261e-01
1.403636861251666432e+18 4.527538811684990172e+00 -1.752478580184425150e+00 9.137904405954005993e-01 -6.575928278143001737e-01 -4.820142770399636900e-01 3.401415564607020992e-01 4.685484298397806224e-01
1.403636862051666432e+18 4.535750176540630285e+00 -1.766846090862147944e+00 6.765696569987685871e-01 -6.872278472421181617e-01 -4.966523563500543359e-01 3.241753074893571895e-01 4.194814571838461625e-01
1.403636862251666432e+18 4.530265689298285103e+00 -1.756899054548012984e+00 8.056265506858903969e-01 -6.799762511073994542e-01 -5.018606382785707476e-01 3.081462393995649807e-01 4.368227247070123331e-01
1.403636862751666432e+18 4.519352831060282405e+00 -1.750028811868774792e+00 9.405871286434768219e-01 -6.790040481042413090e-01 -4.853153936671688595e-01 3.168383312536071639e-01 4.505950989260354422e-01
1.403636863051666432e+18 4.526292579050632092e+00 -1.752362737155949368e+00 7.806011373881902582e-01 -6.756524392326043182e-01 -4.825531909373525496e-01 3.098177687597490904e-01 4.633024384092335191e-01
1.403636863651666432e+18 4.537542727617403848e+00 -1.759809639261729952e+00 6.706820632746187671e-01 -6.933069600676002864e-01 -4.862588628705231675e-01 3.110619836671928429e-01 4.314142089902927579e-01
1.403636863851666432e+18 4.542936264060451812e+00 -1.755331755551439166e+00 7.754678141062886221e-01 -6.915023829880569961e-01 -4.977339291678204991e-01 3.050382212741750143e-01 4.254845163327203861e-01
1.403636864251666432e+18 4.534110370191535289e+00 -1.752450270203886440e+00 9.122439512083897473e-01 -6.862532934913013749e-01 -4.937442955131979283e-01 3.072711940896108440e-01 4.368722938150945145e-01
1.403636865251666432e+18 4.524391228499422546e+00 -1.759873829337521123e+00 6.807425505284099287e-01 -6.992504114754306555e-01 -4.779728462464035155e-01 3.148658050009283671e-01 4.283110378494471848e-01
1.403636865751666432e+18 4.520984576742705485e+00 -1.765227293165601896e+00 7.779674918500815162e-01 -6.968608428709756053e-01 -4.908546215012814518e-01 3.085968225859502811e-01 4.221548380793985755e-01
1.403636865851666432e+18 4.512610825757872313e+00 -1.765305402049328620e+00 9.114711901146999029e-01 -6.829595473482793500e-01 -4.752618515882074957e-01 3.305211819729028111e-01 4.454752264470130951e-01
1.403636866051666432e+18 4.535380608251448287e+00 -1.758778419784210900e+00 7.998486933752458894e-01 -6.872926064540341162e-01 -4.855490942534847476e-01 3.162714844051934260e-01 4.379991990122540924e-01
1.403636867151666432e+18 4.575533543317329865e+00 -1.777110030160676368e+00 7.739081402368077622e-01 -6.997347854847396631e-01 -5.067335445421822238e-01 3.104647721004397121e-01 3.964895586304431618e-01
1.403636867651666432e+18 4.605429887434258518e+00 -1.787408191404037838e+00 7.725115029995642812e-01 -7.438811429023347577e-01 -5.416265118727193739e-01 2.403881619867929975e-01 3.090228121798109795e-01
1.403636867851666432e+18 4.644024782488825664e+00 -1.848918936335390839e+00 7.971146649573843668e-01 -7.597353397917862017e-01 -5.347899951800499929e-01 2.277636397961978476e-01 2.914199699978856639e-01
1.403636869751666432e+18 4.647631511653218972e+00 -1.777779274125944386e+00 7.904708091703412931e-01 -7.634101039557695811e-01 -5.327745206351973684e-01 2.218296672193164065e-01 2.900826125115809062e-01
1.403636870151666432e+18 4.653489215981287508e+00 -1.641985318954053419e+00 7.891118538472484678e-01 -7.757460133141810266e-01 -5.124874161185301036e-01 2.135530121741050225e-01 2.999497993642831206e-01
1.403636870251666432e+18 4.657145638045542491e+00 -1.590744195476646361e+00 7.894167603394990351e-01 -7.785600434247935686e-01 -5.108177381186227439e-01 2.071757699297405719e-01 2.999794952322188957e-01
1.403636870351666432e+18 4.660540582043502411e+00 -1.540100040513155966e+00 7.902013841713987352e-01 -7.795125890175046424e-01 -5.055159237857137500e-01 2.079487506430948152e-01 3.058939219211113114e-01
1.403636870551666432e+18 4.673684687827156736e+00 -1.418323481711877054e+00 7.795649740437553543e-01 -7.897283279273737966e-01 -4.934815857125835481e-01 1.937552182553495261e-01 3.086486805908140174e-01
1.403636870751666432e+18 4.676335872905140079e+00 -1.368172962320451713e+00 7.686806995246735497e-01 -7.868578234719361131e-01 -4.814687781664828137e-01 2.100422800173898097e-01 3.239210118176621411e-01
1.403636871551666432e+18 4.652453228057537693e+00 -1.496000159177589772e+00 7.755200647797125812e-01 -7.907340264908548910e-01 -4.870482956173365352e-01 2.045205937269277963e-01 3.093460583673121600e-01
1.403636871751666432e+18 4.642292024383018578e+00 -1.546674031001233018e+00 7.802336236976956663e-01 -7.893537055877397624e-01 -4.901960724361508204e-01 2.113608626882064745e-01 3.032410324589545070e-01
1.403636871851666432e+18 4.630739939111836456e+00 -1.599168646900756885e+00 7.823085150339197380e-01 -7.858248031146632950e-01 -4.956890999941331866e-01 2.148691032163594361e-01 3.010032615102439801e-01
1.403636872051666432e+18 4.600265295636147833e+00 -1.710158860759170674e+00 7.831101170239872511e-01 -7.760715281998493698e-01 -5.025220636949991881e-01 2.343108543575211644e-01 3.004712667586005859e-01
1.403636872151666432e+18 4.585235728378104447e+00 -1.763002668870166989e+00 7.811234660096508797e-01 -7.707817350101017206e-01 -5.072558002936687904e-01 2.421340855934957237e-01 2.999302496198884560e-01
1.403636872251666432e+18 4.573209448124686993e+00 -1.811001696211771650e+00 7.774733277674780174e-01 -7.677023063848268380e-01 -5.137292843121223918e-01 2.442390340438821972e-01 2.950638667490194100e-01
1.403636872351666432e+18 4.564558841951624757e+00 -1.853359531981218611e+00 7.726596584513344412e-01 -7.655309760077926295e-01 -5.221345912277108869e-01 2.441628837696690202e-01 2.858710891386301300e-01
1.403636873151666432e+18 4.582341217458793636e+00 -1.748166656837593980e+00 7.655526188007515387e-01 -7.692900833723723686e-01 -5.184505566422780154e-01 2.320055308928515303e-01 2.925324282491883476e-01
1.403636873251666432e+18 4.592182369809357567e+00 -1.690952483355357749e+00 7.643167029519153388e-01 -7.743931359271990500e-01 -5.121175598163396625e-01 2.277273126230635603e-01 2.935832880837625503e-01
1.403636873351666432e+18 4.602565139155943008e+00 -1.631888392399772236e+00 7.634489682918668141e-01 -7.793696754960608430e-01 -5.056642127224932892e-01 2.230203403314409694e-01 2.952093167353529446e-01
1.403636873551666432e+18 4.627414719223359008e+00 -1.520146448167719377e+00 7.575470713182065330e-01 -7.880387970953118826e-01 -4.960324652707515103e-01 2.129454075101569199e-01 2.959744939861000956e-01
1.403636873651666432e+18 4.640237989967095800e+00 -1.473659269946466566e+00 7.516686583730772808e-01 -7.925336975120462757e-01 -4.918184867247584191e-01 2.045463301493377350e-01 2.969271177344553481e-01
1.403636873751666432e+18 4.663949851455197582e+00 -1.403807196560170611e+00 7.376653407086234404e-01 -7.978815624217165947e-01 -4.858728762919880539e-01 1.998049764745604140e-01 2.956188962282870203e-01
1.403636874351666432e+18 4.650420504247196440e+00 -1.446105476296700498e+00 7.388923427650357922e-01 -7.964994235461096972e-01 -4.914040804380426231e-01 1.995726135451401095e-01 2.903127106110217071e-01
1.403636874551666432e+18 4.624026024554618530e+00 -1.530131998234825819e+00 7.438463327251786383e-01 -7.896451001711981554e-01 -4.997305143326309373e-01 2.095079652061788145e-01 2.878132056310639952e-01
1.403636874651666432e+18 4.608887867657697868e+00 -1.584612677998415764e+00 7.454928236019295884e-01 -7.850393261188726157e-01 -5.042194274091431616e-01 2.155257360820475587e-01 2.881400398353443637e-01
1.403636874751666432e+18 4.593180369267273022e+00 -1.642221778676677735e+00 7.452709217310287126e-01 -7.806517090086250166e-01 -5.094398514018965152e-01 2.215715112161902867e-01 2.862865914479753027e-01
1.403636874851666432e+18 4.577546660740985374e+00 -1.697521201391582357e+00 7.423757347477167867e-01 -7.780119148264287299e-01 -5.132771050817400704e-01 2.280736979079658333e-01 2.814719561690079419e-01
1.403636875051666432e+18 4.549608114312460927e+00 -1.782995242135523517e+00 7.374179236613445099e-01 -7.738229324402684517e-01 -5.161057808489732945e-01 2.386177269863938855e-01 2.790958125297869352e-01
1.403636875151666432e+18 4.520116906421120184e+00 -1.848481932063861244e+00 7.289462479663426642e-01 -7.928684331023925225e-01 -4.583506277754926250e-01 2.427164252553057344e-01 3.199423177994029643e-01
1.403636875551666432e+18 4.548250884599527311e+00 -1.882829035366711645e+00 7.271277253379933025e-01 -8.166132036717003162e-01 -4.241190765235134386e-01 2.415917893404193884e-01 3.080572866224376982e-01
1.403636875651666432e+18 4.621416773376017417e+00 -1.887039189654054594e+00 7.264435580086531230e-01 -8.302354096241703063e-01 -4.010972800530265836e-01 2.328373972542548132e-01 3.092197971995234163e-01
1.403636875851666432e+18 4.664131506621592926e+00 -1.877001858996365735e+00 7.244270735471106670e-01 -8.377821741886677387e-01 -3.869676834875270810e-01 2.219457178136862718e-01 3.148287453397056734e-01
1.403636876051666432e+18 4.746360349434550763e+00 -1.831165310724888640e+00 7.260591024266734861e-01 -8.563033155468887658e-01 -3.484100413796045181e-01 1.928965740442517007e-01 3.288555709901511692e-01
1.403636876151666432e+18 4.777950542403139877e+00 -1.792876642220172512e+00 7.295747562437513434e-01 -8.622379209537904821e-01 -3.261829384720369429e-01 1.785242047571445889e-01 3.439179649783670745e-01
1.403636876251666432e+18 4.798437241420809407e+00 -1.747414251222446868e+00 7.317069290748152710e-01 -8.677714788912308519e-01 -3.074972860909578332e-01 1.669208918528169439e-01 3.529242062152747050e-01
1.403636876351666432e+18 4.807708557686525275e+00 -1.694067650893257726e+00 7.308197093864834404e-01 -8.741131555778341999e-01 -2.944158779554660321e-01 1.561625285318617717e-01 3.533535718455502739e-01
1.403636876551666432e+18 4.790630238856302014e+00 -1.568407894594535890e+00 7.264032478301132301e-01 -8.761648478113404082e-01 -2.857819562026148730e-01 1.375486673023508799e-01 3.629658346071768515e-01
1.403636876651666432e+18 4.763155394784400976e+00 -1.507087464760688222e+00 7.270235015680384105e-01 -8.681330702798136789e-01 -2.933611568043861806e-01 1.373713708967581326e-01 3.760496116510184672e-01
1.403636876751666432e+18 4.723799019163247515e+00 -1.458458773053496360e+00 7.301904989920353639e-01 -8.591678598724739047e-01 -3.069845271989873892e-01 1.447069978227226994e-01 3.829503537061976215e-01
1.403636876851666432e+18 4.676891561831006072e+00 -1.427811940139526392e+00 7.327386734034773141e-01 -8.481036557322503278e-01 -3.283544817433328711e-01 1.536606922047195900e-01 3.863831196155267378e-01
1.403636877051666432e+18 4.567040085205272604e+00 -1.429009860512163499e+00 7.330453720264191730e-01 -8.175297144258770743e-01 -3.824728709501608037e-01 1.892296991059106703e-01 3.867192650931319808e-01
1.403636877151666432e+18 4.512995957148358883e+00 -1.459256202043619499e+00 7.326301361559190983e-01 -7.985489719489565763e-01 -4.165275964702053746e-01 2.115069498357641520e-01 3.795907150460741675e-01
1.403636877251666432e+18 4.464751881834263081e+00 -1.506475698007228470e+00 7.336985081282634269e-01 -7.798781101505580793e-01 -4.494535512782220632e-01 2.343776164943091045e-01 3.672176077448290332e-01
1.403636877351666432e+18 4.427642521107313378e+00 -1.566023857419410747e+00 7.359699350494227632e-01 -7.614027818151819504e-01 -4.799881290875339102e-01 2.537655864444524068e-01 3.542318829744923736e-01
1.403636877551666432e+18 4.399423157304616083e+00 -1.699782050838198888e+00 7.370355040294026550e-01 -7.322995020817542056e-01 -5.299399885360759344e-01 2.818977870856802515e-01 3.216126325836641819e-01
1.403636877651666432e+18 4.409838509457219224e+00 -1.762510363131652991e+00 7.343584229269104480e-01 -7.266630266494404911e-01 -5.447721762408629376e-01 2.879683771416441940e-01 3.037405726288086583e-01
1.403636877751666432e+18 4.434367099266546930e+00 -1.816720015494243778e+00 7.328808680069026638e-01 -7.269110174199524543e-01 -5.507078592202534484e-01 2.921236844166434365e-01 2.880711362656456220e-01
1.403636877851666432e+18 4.469176923036646265e+00 -1.860181993501180076e+00 7.312127885896246848e-01 -7.333035261950066053e-01 -5.487018929856968263e-01 2.889964236865445457e-01 2.786991894503270673e-01
1.403636878051666432e+18 4.555861632329193611e+00 -1.906909268374572974e+00 7.215095637802779738e-01 -7.563959149922380165e-01 -5.306146553839773405e-01 2.653187756885022619e-01 2.755344888429618888e-01
1.403636878151666432e+18 4.600774270578377845e+00 -1.906700083867610251e+00 7.149808231369597644e-01 -7.709927347676007736e-01 -5.116168434056280745e-01 2.513144724290831133e-01 2.840060640671752679e-01
1.403636878251666432e+18 4.645150152293514800e+00 -1.890883176647245589e+00 7.091147094016621022e-01 -7.843949358228060609e-01 -4.900270731472622932e-01 2.401347659547156954e-01 2.948446140226030909e-01
1.403636878351666432e+18 4.686322147867501897e+00 -1.861432294235765728e+00 7.043019311409787209e-01 -7.980646586721252822e-01 -4.654401843849346188e-01 2.335971228933463040e-01 3.031346557459457802e-01
1.403636878551666432e+18 4.750186456563024961e+00 -1.765001451125592480e+00 7.022697780018550828e-01 -8.224069884578162348e-01 -4.191952504463783424e-01 2.093846389947551789e-01 3.226145692494059025e-01
1.403636878651666432e+18 4.765547374911643708e+00 -1.704179875474766348e+00 7.069321027372617028e-01 -8.305941307669915119e-01 -4.003861308361601479e-01 1.948904756276808037e-01 3.343980243349104486e-01
1.403636878751666432e+18 4.769502474302321104e+00 -1.640413352188393015e+00 7.138416410200799644e-01 -8.345213494667851339e-01 -3.870071340014218375e-01 1.805602413744680501e-01 3.481344492447353001e-01
1.403636878851666432e+18 4.762928271022130566e+00 -1.578400489098852333e+00 7.210887933316481035e-01 -8.361482630796868154e-01 -3.772890111551077119e-01 1.734150817892171903e-01 3.583800965713124231e-01
1.403636879051666432e+18 4.725925309089081594e+00 -1.474723566149533927e+00 7.292297140122465660e-01 -8.387618512698046258e-01 -3.719711537811161151e-01 1.713266347026065617e-01 3.588358982190540947e-01
1.403636879151666432e+18 4.693250055294263312e+00 -1.437808343848017589e+00 7.355566010473018057e-01 -8.348554248598676342e-01 -3.720119450427675223e-01 1.783708671985904104e-01 3.644274496554415488e-01
1.403636879251666432e+18 4.611961623510228314e+00 -1.405058764120201475e+00 7.498876151492760433e-01 -8.147792240674257558e-01 -3.867425851396493197e-01 1.982552678604667939e-01 3.837444952480223992e-01
1.403636879651666432e+18 4.506722892193595342e+00 -1.484751762675164066e+00 7.676558931591871415e-01 -7.757318585218695439e-01 -4.506970835131266506e-01 2.416462012863158371e-01 3.697557788471482199e-01
1.403636879751666432e+18 4.486224755847746160e+00 -1.537896599884867710e+00 7.755091177240100997e-01 -7.668423469301752782e-01 -4.673879762449547060e-01 2.571112321668561629e-01 3.569245143022641287e-01
1.403636879851666432e+18 4.477015195723441643e+00 -1.596564716353890523e+00 7.799329806692849587e-01 -7.604811188657033538e-01 -4.826921686240830400e-01 2.663904049736236512e-01 3.430931219592383563e-01
1.403636880051666432e+18 4.536010978731389365e+00 -1.728607503967924064e+00 7.848254575414219669e-01 -7.577373309351407293e-01 -5.039053264833014412e-01 2.657168341906576692e-01 3.182893703483373748e-01
1.403636880251666432e+18 4.623892303457218134e+00 -1.737601992881597335e+00 7.869757351099584408e-01 -7.725384919915501136e-01 -4.762268619458476238e-01 2.480773158110055332e-01 3.388951161239106002e-01
1.403636880651666432e+18 4.788801379151930604e+00 -1.781758933490013685e+00 8.125040862664995034e-01 -8.076406641713721468e-01 -4.203985873347592661e-01 1.991932937667561243e-01 3.623584096748886374e-01
1.403636880851666432e+18 4.808577349152055369e+00 -1.858114358974123581e+00 8.193788744143394309e-01 -8.048301091393895712e-01 -4.280724170126604666e-01 2.109144860369437380e-01 3.528704872830667472e-01
1.403636881051666432e+18 4.774728857933209447e+00 -1.922818681443655420e+00 8.233023181002169233e-01 -7.801851249248626941e-01 -4.508393600282863400e-01 2.388678779930172857e-01 3.619353245517421547e-01
1.403636881251666432e+18 4.711154861410919104e+00 -1.955232129997877655e+00 8.293639888186110642e-01 -7.520828919610756946e-01 -4.860160415092735775e-01 2.698092737741455971e-01 3.540659356681877812e-01
1.403636881651666432e+18 4.563762242956340920e+00 -1.829519897733179246e+00 8.242548967655162206e-01 -7.168715805324188395e-01 -5.247306769927535530e-01 2.722544030082301725e-01 3.696354875959698694e-01
1.403636881851666432e+18 4.521327528874247825e+00 -1.713984114818011051e+00 8.094297825991528805e-01 -7.267668568414837882e-01 -5.157654786692068560e-01 2.611309436461694000e-01 3.709535511089435134e-01
1.403636882051666432e+18 4.525631466513154066e+00 -1.613316791041123910e+00 7.877247126558556412e-01 -7.396608988545456675e-01 -4.956870979060547522e-01 2.558134508890236303e-01 3.765043612222939151e-01
1.403636882251666432e+18 4.585089419462613947e+00 -1.572650725702570806e+00 7.420902194807713625e-01 -7.403455628842282588e-01 -4.823089983109383194e-01 2.594606893966309724e-01 3.898033200522534325e-01
1.403636882651666432e+18 4.573975224316403576e+00 -1.621046202671905911e+00 7.085473567085033286e-01 -7.073893179624662908e-01 -4.917745080093270937e-01 3.110559752648727194e-01 4.012510016894657583e-01
1.403636882851666432e+18 4.527134823371012473e+00 -1.642732063389664265e+00 6.727333989226951250e-01 -6.627096755212316115e-01 -5.073800374089074694e-01 3.618774794661017147e-01 4.152421865185912941e-01
1.403636883051666432e+18 4.486350754106736893e+00 -1.659763232844238656e+00 6.256306211557610686e-01 -6.372398871526088193e-01 -5.332977980249912209e-01 3.823160767505824342e-01 4.041697691582943341e-01
1.403636883351666432e+18 4.438012154714534141e+00 -1.674457015605340882e+00 5.641816491231869124e-01 -6.025368212912846078e-01 -5.452826236369953117e-01 4.093540871966790951e-01 4.147836431721035888e-01
1.403636883851666432e+18 4.445139934973192375e+00 -1.664312497996186746e+00 5.435242480572243240e-01 -5.757232572998717268e-01 -5.555986139190752793e-01 4.296416859787624554e-01 4.186417715476500878e-01
1.403636897551666432e+18 4.474763056103301828e+00 -1.646893861482468635e+00 5.434115019963927651e-01 -5.884656469964855141e-01 -5.645825603277535576e-01 4.034958096346772383e-01 4.149046233606248357e-01
1.403636897751666432e+18 4.508315230070799373e+00 -1.626592874952713874e+00 5.648419193611680100e-01 -5.971305309051391230e-01 -5.811549236030605359e-01 3.762411126615261003e-01 4.051378888429024161e-01
1.403636898251666432e+18 4.510785585696344135e+00 -1.592654687669337488e+00 6.657613810898908024e-01 -5.783650283052761409e-01 -5.831275704445493258e-01 3.963076497665618536e-01 4.103612766299696291e-01
1.403636898651666432e+18 4.470105406947964433e+00 -1.588526310594418289e+00 7.432975421661689452e-01 -5.747908402742539780e-01 -5.885130860979954637e-01 4.008499456367145553e-01 4.032209797508972127e-01
1.403636899051666432e+18 4.388230205813627549e+00 -1.574615862314821868e+00 7.915627280992538761e-01 -5.911578705350623020e-01 -5.617293299491669112e-01 4.038550765181915247e-01 4.146005416660669129e-01
1.403636899351666432e+18 4.309027837398621053e+00 -1.518654105252874142e+00 8.211671894851625408e-01 -6.402851659329811262e-01 -5.053935960691084972e-01 3.732955333596152392e-01 4.418853517738173253e-01
1.403636899851666432e+18 4.214639299417855867e+00 -1.332525160803146980e+00 8.873937546752745931e-01 -6.414533153604158322e-01 -5.036375252770340927e-01 3.529248703186187441e-01 4.586184942373581763e-01
1.403636901051666432e+18 4.077112903674886546e+00 -1.017175379074344299e+00 9.421032082554475773e-01 -6.427805548863551044e-01 -5.073941469162439599e-01 3.637750571745917427e-01 4.439054468158159517e-01
1.403636901751666432e+18 3.967251006137102021e+00 -7.192510553242053017e-01 9.275484663035659105e-01 -6.360163655758936940e-01 -5.100736073182532415e-01 3.602143851359304039e-01 4.533802979598028360e-01
1.403636903251666432e+18 3.696348144467607177e+00 8.705689753083967197e-02 9.121425846377636537e-01 -6.424713898151201974e-01 -5.137000201596644278e-01 3.605998529497409510e-01 4.396709549306316300e-01
1.403636904351666432e+18 3.542417713628897236e+00 4.613215107796597714e-01 1.055277067115370393e+00 -6.389483790821817166e-01 -5.084740464535818516e-01 3.577255883937326963e-01 4.530248518124928014e-01
1.403636905151666432e+18 3.233073503230597723e+00 1.023156025421776638e+00 1.098693845164513405e+00 -6.338962893372187546e-01 -5.308773799126760284e-01 3.458386996279464998e-01 4.435541632103209286e-01
1.403636906551666432e+18 2.574060010746301863e+00 1.441055547947331705e+00 1.136396997789000718e+00 -6.379618519166551094e-01 -5.255671071768555080e-01 3.690676103417397380e-01 4.249388077705552602e-01
1.403636908051666432e+18 2.177705666642158810e+00 1.726468295766013128e+00 1.164814403340155069e+00 -6.182005626350017824e-01 -5.344147397008823797e-01 3.704906574197491809e-01 4.415491174409564290e-01
1.403636909651666432e+18 1.279800924664199258e+00 2.325619748202583992e+00 1.202000441893436911e+00 -6.138684856677735224e-01 -5.321447769997407207e-01 3.747022224273320878e-01 4.467501126176344761e-01
1.403636910051666432e+18 6.089912920606921354e-01 2.679453858113117093e+00 1.054303566728958641e+00 -6.160377318349715692e-01 -5.378879788464127065e-01 3.748104970357589161e-01 4.366819511726492964e-01
1.403636911351666432e+18 1.501782811408860496e-01 2.895792107606324883e+00 1.074740992450296195e+00 -6.184292120836556439e-01 -5.352894744746302669e-01 3.759574814626971406e-01 4.355071300110815447e-01
1.403636913251666432e+18 -7.184210807688655720e-01 3.670467577551760119e+00 8.738879080284058798e-01 -6.199122233367918566e-01 -5.297794222578605661e-01 3.730455877285019928e-01 4.425828607007496474e-01
1.403636915351666432e+18 -1.338662736896102601e+00 4.660758921260324428e+00 9.471091482291185137e-01 -6.172628296042068641e-01 -5.298919805260580151e-01 3.690577512197030230e-01 4.494412802890220826e-01
1.403636916551666432e+18 -1.481288810257802346e+00 4.906005988662161421e+00 1.000851572001462131e+00 -6.348880111636118206e-01 -5.087534227735724945e-01 3.455022610487042400e-01 4.676701355732705290e-01
1.403636917051666432e+18 -1.648402523580753787e+00 5.115864185817763143e+00 8.466697368006372848e-01 -6.752043843182656824e-01 -4.504239071661828020e-01 3.113370614286048443e-01 4.942535558107227778e-01
1.403636917851666432e+18 -1.951806104267958641e+00 5.236824185441470547e+00 1.084817404834681476e+00 -7.106860675753473577e-01 -3.858196242581931057e-01 2.979710428520446208e-01 5.072295225173909516e-01
1.403636919851666432e+18 -1.467166988026118446e+00 5.455939259026590271e+00 1.083418623922625112e+00 -7.290253875321471844e-01 -3.948585738497930597e-01 2.681128127217378698e-01 4.906365361908429090e-01
1.403636922151666432e+18 -1.266618177371601206e+00 5.557877249829186184e+00 9.279439057441463135e-01 -7.442027897045145890e-01 -3.183127484167839194e-01 2.364301370535705216e-01 5.375313872549223326e-01
1.403636925551666432e+18 -1.869335719471555635e+00 6.932142969828385404e+00 5.773042607604970122e-01 -7.727455094018098603e-01 -2.614580477404541692e-01 1.990421152223834367e-01 5.430343482127876209e-01
1.403636927151666432e+18 -1.876982209394299161e+00 7.173948364590871485e+00 5.195772338486364106e-01 -8.017958979920662976e-01 -1.907976004145401638e-01 1.296096316856961139e-01 5.512902656617907349e-01
1.403636927651666432e+18 -2.121962046865863982e+00 8.297276059089529809e+00 4.028039257068138923e-01 -7.945491487591713753e-01 -1.751635092975213914e-01 1.170313525623331852e-01 5.694849056244456476e-01
1.403636929651666432e+18 -2.192196835365548324e+00 9.102103048860143986e+00 5.970622783352736995e-01 -7.911502023481671309e-01 -1.795212796325597882e-01 1.193878306011019880e-01 5.723635325454490275e-01
1.403636931151666432e+18 -1.924351347178296479e+00 9.425079286126337053e+00 6.304368031272118422e-01 -7.840257995153626647e-01 -1.550541625438637550e-01 7.168504049501937814e-02 5.967604270905910724e-01
1.403636933251666432e+18 -1.446025129155392719e+00 8.599471137911219643e+00 6.902256666645594230e-01 -8.095926933209522947e-01 -3.017324655929752228e-02 1.790701404305052730e-02 5.859424758126521304e-01
1.403636934351666432e+18 -1.386417486752156591e+00 8.432763897780903406e+00 6.325431665332459374e-01 -8.087238424879908960e-01 6.530074634470424411e-02 -3.338519438269030304e-02 5.835983104107771435e-01
1.403636934651666432e+18 -1.219918681630295154e+00 8.068426356046000336e+00 7.848786103442164652e-01 -8.047338091936347970e-01 1.157351439759822659e-01 -8.241645790922533243e-02 5.763821651085833109e-01
1.403636937351666432e+18 -4.351200696030290693e-01 7.501306311646422031e+00 6.448723078190261582e-01 -7.998440481152939707e-01 1.053019087264430859e-01 -1.159149099354227497e-01 5.794175872095791435e-01
1.403636939851666432e+18 1.231656638269105208e-01 6.533401503378533981e+00 4.876025623628805761e-01 -7.924234556137064178e-01 1.566739434652532348e-01 -1.074595740193850513e-01 5.796298667113795045e-01
1.403636940351666432e+18 2.693836295288059013e-01 6.239813059350173496e+00 4.086606352794244224e-01 -7.921687046338682370e-01 1.759985038070742414e-01 -1.151289324710874917e-01 5.729211105941537374e-01
1.403636940751666432e+18 4.377804069737143422e-01 5.935473774244650613e+00 3.984716960755598780e-01 -8.066265099745714151e-01 1.741298864094189824e-01 -1.282856556554633765e-01 5.500684017632111455e-01
1.403636941251666432e+18 6.993776748072049187e-01 5.545879707413898352e+00 4.998911963674741443e-01 -7.958766445860496752e-01 1.619202698484694392e-01 -1.294091755287577472e-01 5.688720929203826548e-01
1.403636942551666432e+18 1.180766904225852620e+00 4.801418971417929171e+00 5.434279328136835119e-01 -8.031600338024376118e-01 1.731401127630627923e-01 -1.142346350368289992e-01 5.584862662705889491e-01
1.403636943551666432e+18 1.694673677363573550e+00 4.155754567000614408e+00 4.986027814183096041e-01 -7.906131974128574047e-01 1.717556053115246173e-01 -1.412212278707922486e-01 5.705149857097143729e-01
1.403636944051666432e+18 1.833504883182455192e+00 3.926972137174714383e+00 3.927425545458704814e-01 -8.238896191737632435e-01 1.526393342301285150e-01 -1.143978757556679410e-01 5.336855395137529712e-01
1.403636944551666432e+18 2.084841231192951838e+00 3.478164075193475924e+00 4.552705490648571995e-01 -8.175505752850819041e-01 1.206712755262220466e-01 -1.077913681859642564e-01 5.526576888621964612e-01
1.403636946851666432e+18 1.944798452656116172e+00 3.236559447299201864e+00 3.471066636506092706e-03 -8.145788012399690636e-01 1.563893390186144872e-01 -9.486039846402692655e-02 5.504591320116527520e-01
1.403636949851666432e+18 1.702206117431738441e+00 4.362977228253352990e+00 -3.667429485595870009e-01 -8.097886739466345629e-01 1.103112192549481896e-01 -1.168361707775281422e-01 5.642898613764757432e-01
1.403636951751666432e+18 1.481023309539398980e+00 4.974178247967770972e+00 -3.628058880430606870e-01 -8.130917019655272693e-01 1.120737333661360330e-01 -1.112034947291533349e-01 5.603170042433137654e-01
1.403636952151666432e+18 1.401467556568079420e+00 5.216058055837373253e+00 -3.772950504488239432e-01 -8.023190518742459032e-01 1.204314490823313738e-01 -9.924385618669806508e-02 5.761345867770264473e-01
1.403636952651666432e+18 1.253486773299748780e+00 5.513728667579558262e+00 -4.848806809236021476e-01 -8.111159199368814798e-01 1.198980840446192409e-01 -9.811483202739847143e-02 5.639936999680149610e-01
1.403636953151666432e+18 1.151647548513753172e+00 5.745382848807161658e+00 -5.983783902599228988e-01 -8.136144262761348944e-01 1.248968504900517945e-01 -9.120828838609375266e-02 5.604581966772369528e-01
1.403636953751666432e+18 1.081727187422825143e+00 6.008408252198039534e+00 -5.957690267586681632e-01 -8.174211111531373142e-01 1.050178514468493168e-01 -1.080071683115182840e-01 5.559931919654997889e-01
1.403636954151666432e+18 9.848422323691075064e-01 6.262816141113121127e+00 -5.591110055018602143e-01 -8.178275945456943141e-01 1.102389532956352669e-01 -1.005608696160422560e-01 5.557813511426518138e-01
1.403636954551666432e+18 8.689165507375506969e-01 6.551425558730649357e+00 -5.204707996637067957e-01 -8.150771917387094057e-01 1.170475682853630156e-01 -1.077863195917938000e-01 5.570737362097393230e-01
1.403636955351666432e+18 5.324354137637747897e-01 7.224831855870979425e+00 -6.459863704130692774e-01 -8.019867023516538129e-01 1.417251950053734777e-01 -1.318177160179158369e-01 5.651153759150679967e-01
1.403636955851666432e+18 3.370982606831387507e-01 7.500498282094314462e+00 -6.542743341032262183e-01 -7.988643744535330882e-01 1.612082434443617707e-01 -1.141243307183821554e-01 5.681577691210691894e-01
1.403636956551666432e+18 5.477945038091558416e-02 7.895832950413867124e+00 -6.675461741878672139e-01 -7.951758695102019159e-01 1.393438556799980188e-01 -9.533631277041378083e-02 5.823998745709583202e-01
1.403636956851666432e+18 -5.408108392328703218e-02 8.013063201093221011e+00 -6.798915005407997203e-01 -8.084022790947760218e-01 6.850631145090051166e-02 -4.762746742343047096e-02 5.826871071103205679e-01
1.403636957151666432e+18 -1.708979105831485157e-01 8.122330429538417107e+00 -6.353066975120784665e-01 -8.142699904362399321e-01 -1.542801064186800040e-02 -6.128363148547469851e-03 5.802489141116246030e-01
1.403636957651666432e+18 -3.055656392722161385e-01 8.227351399742943272e+00 -7.005939377699932358e-01 -8.120102134726203680e-01 -8.256061006162555838e-02 5.978200026366130987e-02 5.746731865389901328e-01
1.403636958051666432e+18 -3.803076626882715416e-01 8.292734397405661539e+00 -7.071901872754509100e-01 -7.988113819158256801e-01 -1.773959043818694181e-01 1.233530889250796792e-01 5.614401879834650666e-01
1.403636958651666432e+18 -8.216033215215041707e-01 8.720717164112372188e+00 -8.362767811988036648e-01 -7.802362486499919703e-01 -2.175863583660134493e-01 1.107294553445870300e-01 5.758702637440969996e-01
1.403636960851666432e+18 -1.019718486712720029e+00 8.689293986301809269e+00 -9.092628961009647792e-01 -7.684677812077655989e-01 -2.721124339794568914e-01 1.802201553270247614e-01 5.503933031326708747e-01
1.403636961251666432e+18 -1.164977558040019012e+00 8.642906419547919938e+00 -8.730284141580499924e-01 -7.416326517624962644e-01 -3.394857391732641338e-01 2.280222529707033874e-01 5.317295317056169868e-01
1.403636961751666432e+18 -1.292646879850027908e+00 8.585069000809092188e+00 -7.610594725389181470e-01 -7.120278736592731139e-01 -3.956263955823176026e-01 2.690798601245560362e-01 5.138989113883654092e-01
1.403636962151666432e+18 -1.400613214330069134e+00 8.507053250749123663e+00 -6.814608253537257632e-01 -6.704762175477195774e-01 -4.629294181049721790e-01 3.162788659635989430e-01 4.859276432769334964e-01
1.403636964651666432e+18 -1.504546928222249225e+00 7.336222052002080218e+00 -2.774021067320875389e-01 -5.797057897572345242e-01 -5.625837225811592957e-01 3.733736090717411082e-01 4.561062381259540777e-01
1.403636965351666432e+18 -1.320608537930707982e+00 6.715425059761834348e+00 -1.270251199683922749e-01 -5.498598295218465326e-01 -6.350727740634753982e-01 3.984597633502492409e-01 3.681936399673285676e-01
1.403636965651666432e+18 -1.289048575625972859e+00 6.270999898705447606e+00 9.526831914973810100e-02 -5.334899272589900265e-01 -6.074666187552483221e-01 4.294990091311093328e-01 4.023722229064265465e-01
1.403636967551666432e+18 -5.372786996639726809e-01 4.913491394736184681e+00 5.887299188150540985e-02 -5.433215309566737927e-01 -5.893386355808075683e-01 4.275352661640804408e-01 4.179656478667319042e-01
1.403636969251666432e+18 6.485519434870972155e-01 4.069659759655618103e+00 1.722172595107251958e-02 -5.609024092110039827e-01 -6.002795318758576970e-01 4.100539898927315630e-01 3.961170235236606274e-01
1.403636969651666432e+18 9.768717759306539961e-01 3.824845038376297524e+00 8.590582302980265261e-02 -5.644530931167661691e-01 -6.010376881959184070e-01 4.047634672927336585e-01 3.953643112171169594e-01
1.403636970051666432e+18 1.246108647019833260e+00 3.574721967149077528e+00 7.617660570820206090e-02 -5.529207448832500482e-01 -5.898488567222730516e-01 4.218417840709699496e-01 4.103735923679796005e-01
1.403636970851666432e+18 1.681435286989911404e+00 3.070948265897629259e+00 9.623885796234632473e-02 -5.744666536450120375e-01 -6.106080297762298548e-01 3.986712620264255547e-01 3.717621856199871400e-01
1.403636971251666432e+18 1.755674766396924102e+00 2.816455096012012937e+00 4.401534191671441221e-02 -5.745766130728380272e-01 -5.833030726868241311e-01 4.379472063295482553e-01 3.712431623235638023e-01
1.403636972051666432e+18 1.930553793314109701e+00 2.676321061730223327e+00 -4.391375740971281694e-02 -5.747447780266159434e-01 -5.823529153099832323e-01 4.083497465105603852e-01 4.047023680260104506e-01
1.403636973551666432e+18 1.992256164003530561e+00 2.677284049030204116e+00 -2.125859931610083464e-01 -6.102170886646206549e-01 -5.435215865909854838e-01 3.822156101239873038e-01 4.314285769265182036e-01
1.403636974351666432e+18 2.008525053900687141e+00 2.691913880738306730e+00 -2.874991210053495783e-01 -6.658726899908709029e-01 -4.669589675787432781e-01 3.266242094408780550e-01 4.815386891302065875e-01
1.403636974751666432e+18 2.019725782931712121e+00 2.708291434170239320e+00 -3.243972274745892115e-01 -7.328080598920143629e-01 -3.767465236333342737e-01 2.690986281429755267e-01 4.986384788793057909e-01
1.403636975351666432e+18 1.958750886196696683e+00 2.827948029128402485e+00 -3.473801482629725879e-01 -7.662158684430077082e-01 -2.696925056598313275e-01 2.308803601225894453e-01 5.356056895204838186e-01
1.403636978051666432e+18 2.256881493748357670e+00 3.470267996067131655e+00 -6.913336353361015929e-01 -7.960794296938292769e-01 -2.130178522233109051e-01 1.426911494063620445e-01 5.481972018659039270e-01
1.403636978851666432e+18 2.290561976054446891e+00 4.065220320725027037e+00 -8.072628371307638551e-01 -8.061441062401735191e-01 -2.146178406755557266e-01 1.334244442613319592e-01 5.350409144276240259e-01
1.403636980651666432e+18 1.812544202613899813e+00 4.984724280149812614e+00 -8.998587971862064272e-01 -7.919959406876568853e-01 -1.969528854489436265e-01 1.463285331974072956e-01 5.590527266903401182e-01
1.403636981751666432e+18 1.561485038638456224e+00 5.393895240935633772e+00 -9.483444470822798289e-01 -8.182179982602871826e-01 -1.977877964212467476e-01 1.144454043713576258e-01 5.275429312653451275e-01
1.403636984051666432e+18 6.009582527175090227e-01 7.033716885128512786e+00 -9.649735495271951624e-01 -8.007099359331800725e-01 -1.904524950508431069e-01 1.130622988995582251e-01 5.566043138481215902e-01
1.403636984651666432e+18 2.127212958966167022e-01 7.475859122247842770e+00 -9.893293595689889308e-01 -7.963105590152963487e-01 -1.829809852578434259e-01 1.224550216347240622e-01 5.633934862165650426e-01
1.403636985351666432e+18 -2.559466587167227303e-01 7.903667458957128744e+00 -1.011735629107682222e+00 -7.886510370377107781e-01 -2.132134673152408233e-01 1.223823487316697683e-01 5.635531207026327483e-01
1.403636985851666432e+18 -7.807176439776490895e-01 8.127822218006377497e+00 -1.016110055445539784e+00 -7.778761521329241591e-01 -2.284333844471013730e-01 1.325569822727354907e-01 5.702241026681216240e-01
1.403636986651666432e+18 -1.292327482085354085e+00 8.136646764848494584e+00 -9.799824617802019855e-01 -7.855625024756466290e-01 -2.130737891787965466e-01 1.535989564903293414e-01 5.602664327213180417e-01
1.403636988051666432e+18 -1.940313038932133693e+00 7.879359335167512413e+00 -7.666821313180283148e-01 -7.695063489353799469e-01 -2.039263015311460203e-01 1.869346418460332560e-01 5.756122672162788945e-01
1.403636990551666432e+18 -5.022016576922858633e-01 6.451350358944379693e+00 -4.962158133919478686e-01 -7.813146432162501043e-01 -2.336664806409041173e-01 1.529165342745932299e-01 5.581791268635949432e-01
1.403636991651666432e+18 1.240570490763222011e-01 5.711971862580886850e+00 -3.799603605867887257e-01 -7.840845383542804914e-01 -2.128556973071570602e-01 1.469853837051471324e-01 5.641801005128496138e-01
1.403636992651666432e+18 5.641188235149927621e-01 5.159047934309697325e+00 -3.032718938159928435e-01 -7.812490426577369806e-01 -2.209559334691101884e-01 1.570169336192143439e-01 5.622935989036179638e-01
1.403636993551666432e+18 7.998621343880349954e-01 4.732637277577586232e+00 -1.681308032760056026e-01 -7.464041149461704272e-01 -2.962454036454721384e-01 2.093113901132536703e-01 5.579500873547852402e-01
1.403636994751666432e+18 1.418226020900903439e+00 3.801117646500369318e+00 -9.467328598480517776e-02 -7.508538017174940515e-01 -2.943986097528084045e-01 2.133739338292492405e-01 5.513797161523359414e-01
1.403636996051666432e+18 2.176678742039414249e+00 2.963885249446558845e+00 1.457288123578841521e-01 -7.489098560973896923e-01 -3.288851482291228479e-01 2.270642495443980780e-01 5.285928615610828718e-01
1.403636996851666432e+18 2.446834211930831060e+00 2.662969737976954576e+00 1.646038451016706983e-01 -7.119205956215471920e-01 -4.101199849223252092e-01 2.846943375107659491e-01 4.938823723180238434e-01
1.403636997351666432e+18 2.786308683351196525e+00 2.261996679930537990e+00 2.972882093679813931e-01 -7.056024795112952885e-01 -4.267499407054412552e-01 2.875955768785679045e-01 4.871328496163010446e-01
1.403636998751666432e+18 2.918835051725436003e+00 1.814064284617068923e+00 6.391489419122952098e-01 -6.938747542335220730e-01 -4.098334963723486712e-01 2.931430088066349082e-01 5.144331900999185025e-01
1.403637000651666432e+18 3.241886048655068464e+00 9.970194499164910518e-01 7.130666361699544709e-01 -6.964262722227685387e-01 -4.076324145784250286e-01 2.907859765101339922e-01 5.140717632859334030e-01
1.403637001851666432e+18 3.655922992171769081e+00 2.515210572439456893e-01 7.634536478162735618e-01 -7.054306150970478528e-01 -4.091932110689537883e-01 2.812549471951453772e-01 5.057906859335542515e-01
1.403637003151666432e+18 3.863879019478273946e+00 -1.640446548631775414e-01 8.016476123283272637e-01 -7.078484763688905890e-01 -4.044566905149381553e-01 2.792993947274750033e-01 5.073038222848409440e-01
1.403637003551666432e+18 4.046491653528163646e+00 -5.730323113034672122e-01 8.166903971172445598e-01 -7.102466860032100593e-01 -3.976201428005881056e-01 2.819840354265409910e-01 5.078709194522377235e-01
1.403637004051666432e+18 4.155459384987826077e+00 -7.908532414931186416e-01 7.933105803798010669e-01 -7.110134527579353714e-01 -4.095306635226322878e-01 2.748001136195263872e-01 5.012278954593880620e-01
1.403637005051666432e+18 4.399899847638186756e+00 -1.256748583216594994e+00 8.154911983848431856e-01 -7.201823181972508703e-01 -3.952594451521648233e-01 2.722323279521635109e-01 5.009959672410371212e-01
1.403637005651666432e+18 4.530183678369668954e+00 -1.452758523022958936e+00 7.937572516167546999e-01 -7.126229335364114847e-01 -3.985757453098957570e-01 2.811119990058713602e-01 5.042637939249092760e-01
1.403637007151666432e+18 4.619088790180367887e+00 -1.565212713543514766e+00 6.973401733984648798e-01 -6.522738394784387550e-01 -4.916966752905466143e-01 3.363546174702914948e-01 4.686563657379387848e-01
1.403637007851666432e+18 4.642451153693761157e+00 -1.615309842624971015e+00 6.508746119259241070e-01 -6.619207755609671784e-01 -4.820846506359512951e-01 3.354889165232661230e-01 4.657278855641190374e-01
1.403637008351666432e+18 4.616362993084996980e+00 -1.666081676860788452e+00 6.564223988105100105e-01 -6.699140667907736990e-01 -4.638286322714795795e-01 3.435007190898300422e-01 4.669961445084799823e-01
1.403637009051666432e+18 4.587253725959240747e+00 -1.634539820465765292e+00 5.929552921675702581e-01 -6.689690879267015111e-01 -4.732602761206610165e-01 3.232600948915138050e-01 4.732948145663992134e-01
1.403637009351666432e+18 4.585172885332675641e+00 -1.605836755532134008e+00 5.660960214440655669e-01 -6.412390504749502229e-01 -4.768332473141203565e-01 3.709523334124514848e-01 4.731140462274531222e-01
