1.403638522277829376e+18 4.603423990514978748e+00 -1.406864847006907615e+00 5.653923590232138308e-01 -7.815752553341925868e-01 2.818671678561316396e-01 -1.834927755340017286e-01 5.253774084036005876e-01
1.403638522477829376e+18 4.607095557087308002e+00 -1.402391197702620440e+00 6.449629976608090010e-01 -7.790757636346078430e-01 2.774389542129702124e-01 -1.700042821401246684e-01 5.358797675378188519e-01
1.403638522577829376e+18 4.609331964359947520e+00 -1.400058524571492491e+00 6.912497773145385160e-01 -7.815817736155410422e-01 2.803059828105391449e-01 -1.576784928066446434e-01 5.345053601778265717e-01
1.403638522777829376e+18 4.616877139382461692e+00 -1.389417270712839159e+00 7.847671470367000301e-01 -7.775205409159062775e-01 2.670488616067296372e-01 -1.542388869714183264e-01 5.480484282563032883e-01
1.403638523077829376e+18 4.630492814945259994e+00 -1.385399958409689658e+00 9.196856525548875450e-01 -7.623970052996327240e-01 2.698304528625409260e-01 -1.391751781881282735e-01 5.714653119782956425e-01
1.403638523577829376e+18 4.647726265047761096e+00 -1.410211259024455765e+00 8.020000645733785793e-01 -7.725912613690951725e-01 2.665183200330880076e-01 -1.595399849838061435e-01 5.537307298084676033e-01
1.403638524077829376e+18 4.642225037020526912e+00 -1.450390813103500820e+00 6.107383016105535356e-01 -7.971604689713497338e-01 2.501410919296123136e-01 -1.784348572978855796e-01 5.197361085577197892e-01
1.403638524277829376e+18 4.645271499804353610e+00 -1.449517791481721884e+00 7.222953850775185591e-01 -8.012812329547510659e-01 2.474765500960670606e-01 -1.618760148972050450e-01 5.200960475412810258e-01
1.403638524477829376e+18 4.655922082067586842e+00 -1.439707439774628117e+00 8.442984449398613922e-01 -7.856666082985344080e-01 2.460287876336076651e-01 -1.607037365978460086e-01 5.444007028868576015e-01
1.403638525977829376e+18 4.688905616580896663e+00 -1.462816665988339704e+00 6.338002233380642947e-01 -7.952017649491978091e-01 2.682171477737962939e-01 -1.777437852765330339e-01 5.139269028347704937e-01
1.403638526277829376e+18 4.741721758988064472e+00 -1.520650370361646742e+00 6.614099297348411399e-01 -7.845546526061938364e-01 2.832218461215927352e-01 -1.859585902308228678e-01 5.193060616561452347e-01
1.403638526477829376e+18 4.805605074159339019e+00 -1.596680275401585636e+00 6.826354153282077064e-01 -7.672645707342569121e-01 3.005807582002344991e-01 -1.936488164915792509e-01 5.324062566942270314e-01
1.403638527077829376e+18 5.060745868513277124e+00 -1.900944816211196819e+00 7.009819001895574164e-01 -7.427160076560980206e-01 3.603970799911128120e-01 -2.422241998221823789e-01 5.097198384659652470e-01
1.403638528277829376e+18 4.876080893667689153e+00 -1.482399983917375819e+00 6.999399081342538853e-01 -7.526295378437061201e-01 3.203930474725563693e-01 -2.162641641403392490e-01 5.330355384072416047e-01
1.403638528777829376e+18 4.757024348758999821e+00 -1.421554395075564914e+00 6.998737353629319591e-01 -7.655492349345336400e-01 3.404262734098806309e-01 -2.329837710768307146e-01 4.937234890890139227e-01
1.403638529577829376e+18 4.709065019173008793e+00 -1.437901189002017022e+00 6.511387397978706248e-01 -7.807541492465445154e-01 3.400124511324089105e-01 -2.247022293883062238e-01 4.736279126246265014e-01
1.403638538977829376e+18 4.765948421681026836e+00 -1.364960051603611779e+00 5.288892272892202762e-01 -7.416404211845377681e-01 3.502877603341036927e-01 -2.496644436536842038e-01 5.147189876043386514e-01
1.403638539277829376e+18 4.779635880753697386e+00 -1.351381462764181585e+00 5.669806830396550978e-01 -7.395385763619285457e-01 3.481767963306092173e-01 -2.505699126812556132e-01 5.187198968889019657e-01
1.403638539477829376e+18 4.794613362043585347e+00 -1.338092679414549790e+00 6.299901046426323870e-01 -7.432327684879371787e-01 3.469904954604139946e-01 -2.485232067693409486e-01 5.152075927264428978e-01
1.403638539777829376e+18 4.904523191436283014e+00 -1.227556953899900494e+00 7.293012857149960837e-01 -7.541744463585008384e-01 3.437930629949718098e-01 -2.410629569233127545e-01 5.048919538829801379e-01
1.403638542077829376e+18 5.059205443016404402e+00 -2.442897607604098686e-01 9.743493658100177424e-01 -8.180923068067535997e-01 1.018451184327337639e-01 -8.354415849872350031e-02 5.597972159414221771e-01
1.403638543477829376e+18 4.536812246201284538e+00 6.495099417970975342e-01 1.163224595285695440e+00 -8.230550877426383583e-01 1.009731172179604251e-02 -2.451028568650349959e-02 5.673425885058488438e-01
1.403638543777829376e+18 4.303287488627425716e+00 9.048168269776133421e-01 1.219962834162908072e+00 -8.197453058798552794e-01 -6.864530708991799235e-02 3.043723708501053227e-02 5.677843163571043572e-01
1.403638544277829376e+18 3.631591566450751429e+00 1.761706902800605823e+00 1.352041095667956050e+00 -8.135748803327538248e-01 -9.084734940454818053e-02 5.612559137018795219e-02 5.715702854339609340e-01
1.403638545977829376e+18 2.992787565982985232e+00 2.564517785014066575e+00 1.372557255291534828e+00 -7.907919867929951163e-01 -2.251452037379605975e-01 1.467285341209711713e-01 5.499349126328411108e-01
1.403638546777829376e+18 2.476707203996273421e+00 3.106863154283312944e+00 1.422223363661917261e+00 -7.798733294692459239e-01 -2.633109689715237289e-01 1.466388349232063404e-01 5.486000143038594068e-01
1.403638547777829376e+18 1.694791284424887579e+00 3.672115597479113536e+00 1.315104151948559785e+00 -7.817374073048470873e-01 -2.617667514296122544e-01 1.626403203384949592e-01 5.421373627287413566e-01
1.403638549277829376e+18 5.754014889611358541e-02 4.655900690476651782e+00 1.682655365746518417e+00 -7.572477497930550916e-01 -3.166208849034084505e-01 2.205644705076363343e-01 5.269519665263840968e-01
1.403638551477829376e+18 -1.816163036193278124e+00 6.307710752701841450e+00 2.503318545084832092e+00 -7.740851441275964362e-01 -2.341848983405625528e-01 2.203856362354380261e-01 5.453254022794824518e-01
1.403638551777829376e+18 -1.896436046004263076e+00 6.678133054028901228e+00 2.582270985398952057e+00 -7.847857258650596801e-01 -1.800758952206043817e-01 1.665086734180616923e-01 5.691738733598957767e-01
1.403638554077829376e+18 -4.802935169747915012e-01 7.888363068041178927e+00 3.008038946879792341e+00 -7.846316257215114609e-01 -2.077361422639281419e-01 1.380254465675562758e-01 5.675807283679966675e-01
1.403638554977829376e+18 2.824729815949451606e-01 7.808225490096534216e+00 3.103171213456634714e+00 -7.914071391603807459e-01 -1.818367153621515131e-01 1.425535818254131115e-01 5.659404786203500182e-01
1.403638555977829376e+18 1.454254364701694335e+00 7.763548021051619230e+00 3.192622703138186857e+00 -8.093228216507125650e-01 -1.596444565223113510e-01 1.141012654338379589e-01 5.536164006633310652e-01
1.403638557577829376e+18 2.938134883213541215e+00 8.284562827629015302e+00 3.412067613304607505e+00 -7.993835392971270215e-01 -1.626757634769765426e-01 1.068284718445558501e-01 5.684278588188115267e-01
1.403638558777829376e+18 3.903457759982445374e+00 9.099806118356905671e+00 3.625257488076275791e+00 -8.091286341569464691e-01 -1.519610572892941547e-01 1.106515630506206133e-01 5.567539151629639083e-01
1.403638559977829376e+18 4.514290153000190209e+00 1.017224717900018938e+01 3.542352314780138567e+00 -8.051755563544137351e-01 -1.234124840105594034e-01 7.871944526484023208e-02 5.746868113824253888e-01
1.403638560277829376e+18 4.651973917042216300e+00 1.044908763233752680e+01 3.463426122973702448e+00 -8.036938090095421261e-01 -4.775070376569137687e-02 3.213347048211781520e-02 5.922529626134339642e-01
1.403638560577829376e+18 4.791161812119512753e+00 1.069400456045024583e+01 3.363138983637662172e+00 -8.008581184794087982e-01 3.756730606245015786e-02 -1.189290467585292716e-03 5.976734536258201391e-01
1.403638562777829376e+18 6.106215433874627507e+00 1.094002107822020164e+01 3.219153253245643942e+00 -7.481742989968539481e-01 2.985326396670020532e-01 -1.907608738813019733e-01 5.610024691300925515e-01
1.403638563077829376e+18 6.379323692193583639e+00 1.073096164131837327e+01 3.151849062585873273e+00 -7.055044927644982256e-01 3.600785738907724687e-01 -2.341843981299961408e-01 5.637060395156212600e-01
1.403638564777829376e+18 7.010214903906740957e+00 8.974382605697689641e+00 3.124330343979215385e+00 -7.156928567463134438e-01 3.486942918808113578e-01 -2.095561697425723513e-01 5.676990728677143716e-01
1.403638565277829376e+18 7.130075443357530851e+00 8.443647187642875807e+00 2.980003559362041532e+00 -7.177227822464445905e-01 3.496890879805379937e-01 -2.084711255223574977e-01 5.649171084461894754e-01
1.403638565477829376e+18 7.297911741360786131e+00 7.657317499208398104e+00 2.762075235320191169e+00 -7.194962259048950370e-01 3.392252989796274987e-01 -2.330867245317254088e-01 5.593942762380269551e-01
1.403638566277829376e+18 7.499036032039471777e+00 6.025355632740384770e+00 2.401082390823547463e+00 -7.295182273909320836e-01 3.370650279485989942e-01 -2.446238279930993131e-01 5.425398654628110773e-01
1.403638566977829376e+18 7.590421478949860301e+00 4.743544823155340318e+00 1.838948242298207525e+00 -7.492363003605938543e-01 3.309124088515295603e-01 -2.356002578501079359e-01 5.231008147489458748e-01
1.403638567477829376e+18 7.682127837017819871e+00 3.981147558778525664e+00 1.416607590462054755e+00 -7.468006056945399873e-01 3.305589769371270470e-01 -2.490662062043429714e-01 5.205628137194626692e-01
1.403638568577829376e+18 7.782177194930005371e+00 2.559317245284476794e+00 9.294593893824598663e-01 -7.576342719121846869e-01 3.350186512949904771e-01 -2.547627622312695905e-01 4.988474198478656252e-01
1.403638570577829376e+18 7.800471720447275104e+00 2.356261602931571719e+00 7.155424670786478814e-01 -6.901172248767046824e-01 4.313819797045461701e-01 -2.464079901238489245e-01 5.262422502211198116e-01
1.403638571277829376e+18 7.941124440182042221e+00 1.847568535395581968e+00 4.874298064271556097e-01 -6.263900317544099927e-01 5.209828714574046282e-01 -3.491049529897377601e-01 4.629666376368165581e-01
1.403638572477829376e+18 8.126196285481979587e+00 7.552005641238930256e-01 4.145633027071788934e-01 -5.317825503735761350e-01 6.400854994549848298e-01 -4.228515790241137440e-01 3.587400376630019982e-01
1.403638573477829376e+18 8.640287210862828360e+00 -4.170254958217213259e-01 5.215497115383720406e-01 -5.450471097483606808e-01 6.384105880971618907e-01 -4.291836679333585480e-01 3.334020820865746804e-01
1.403638574477829376e+18 9.462978113881835185e+00 -1.436020621205164494e+00 6.530692419848342922e-01 -3.650711534831303506e-01 7.258432749139263063e-01 -5.148348475128229351e-01 2.735318499611535947e-01
1.403638575477829376e+18 9.988315092436113929e+00 -2.503038350861776618e+00 6.843831300071159252e-01 -3.793391398476778642e-01 7.422793448167689379e-01 -4.945032272390090800e-01 2.461498516924531532e-01
1.403638576277829376e+18 1.058162675861863988e+01 -3.493174246065791522e+00 8.639752617047127270e-01 -3.988480056659594597e-01 7.323941428595025505e-01 -5.030348264567096050e-01 2.268811390421181795e-01
1.403638577077829376e+18 1.163298790235354474e+01 -4.416168088990427343e+00 9.457879811579812390e-01 -3.925351958556566601e-01 7.207537151305406509e-01 -5.208626054072165168e-01 2.348027862451629033e-01
1.403638579277829376e+18 1.451255379401434809e+01 -5.566835142634558586e+00 1.158269236406323177e+00 -3.778566717410972720e-01 7.211780844068801377e-01 -5.142935536860543388e-01 2.694970256402351994e-01
1.403638579777829376e+18 1.494341707699291710e+01 -5.671122131495548224e+00 1.149654706896230172e+00 -4.545458699249241286e-01 6.697474158036571534e-01 -5.003302869621478743e-01 3.074021065427039456e-01
1.403638580077829376e+18 1.520521555016908444e+01 -5.702506975578414128e+00 1.108091913879604151e+00 -5.373918492709501837e-01 5.900757170084750536e-01 -4.653324903809869517e-01 3.827353157600061895e-01
1.403638583577829376e+18 1.631409868860814427e+01 -5.366207384587044160e+00 1.764739235607339696e+00 -6.265415244873878686e-01 5.228510978394742548e-01 -3.939548053340202194e-01 4.229326884213506221e-01
1.403638584277829376e+18 1.579659539665269463e+01 -4.668538104409677203e+00 1.854997163021894435e+00 -6.225739885782978211e-01 5.249485875061004059e-01 -3.893409662949843253e-01 4.304000710798591145e-01
1.403638588477829376e+18 1.388481046546121256e+01 -2.453145619864038895e+00 1.840212349153607319e+00 -6.194981865432256374e-01 5.289249017631346694e-01 -3.888650243512409288e-01 4.304003229562236021e-01
1.403638589577829376e+18 1.303858781115576804e+01 -1.679387262697003003e+00 1.776170540656134333e+00 -6.191206231491765966e-01 5.322920509223935115e-01 -3.886666645544220589e-01 4.269579023514465388e-01
1.403638591577829376e+18 1.216878450847314319e+01 -5.400672734732844260e-01 1.743686481274139499e+00 -6.253932082179369800e-01 5.327770859733963471e-01 -3.606912795282398165e-01 4.415129812914380669e-01
1.403638592577829376e+18 1.251679953307519355e+01 -2.903742755436526934e-01 2.132951436192110695e+00 -6.730651882940574815e-01 4.803239822905026601e-01 -3.401295490878284422e-01 4.478660672350472383e-01
1.403638597577829376e+18 1.139262896886239318e+01 2.160609655763779280e+00 2.926464617420394987e+00 -6.776305285547051804e-01 4.198723066218219557e-01 -3.892947787329525400e-01 4.614907238006014101e-01
1.403638597977829376e+18 1.074402026114939446e+01 2.981427844307769526e+00 2.902755166864754877e+00 -6.888111630533632068e-01 4.092388177920278647e-01 -3.676343680472642372e-01 4.721310655906317266e-01
1.403638598277829376e+18 1.019585312332462479e+01 3.620312275650436895e+00 2.911295318194339732e+00 -6.893131388126835235e-01 4.259652594438258499e-01 -3.352134266044664579e-01 4.806588738713273301e-01
1.403638598777829376e+18 9.463947472330611177e+00 4.430019049749765792e+00 2.864350198020529259e+00 -7.109746917690651369e-01 3.951912065038832300e-01 -3.091107206662398466e-01 4.927367048790720072e-01
1.403638598977829376e+18 9.098582317091581828e+00 4.814734332591834587e+00 2.853106895662274045e+00 -7.270957800093360568e-01 3.657160851788152089e-01 -2.890700351090325637e-01 5.040059389889761654e-01
1.403638599577829376e+18 7.822275755326050906e+00 6.100203383341680663e+00 2.916884354858555461e+00 -7.691224226646117268e-01 2.940054694476144093e-01 -2.326500477169235748e-01 5.175765046702944794e-01
1.403638599977829376e+18 7.476448719871926940e+00 6.464882838334984783e+00 2.913064234892629223e+00 -7.678457586439818572e-01 3.017971245747565479e-01 -2.259871708546438429e-01 5.179393643468038766e-01
1.403638600077829376e+18 7.146010213248799481e+00 6.821138217469028930e+00 2.898686681970556567e+00 -7.639498393606416471e-01 3.207867425846646081e-01 -2.063413467502206167e-01 5.204803140792888527e-01
1.403638600577829376e+18 6.574500082319583605e+00 7.494123237638137702e+00 2.846866737358186850e+00 -7.595238676979134684e-01 3.470108979433752516e-01 -1.817970410615684096e-01 5.192848610993711089e-01
1.403638600777829376e+18 6.367071250417584594e+00 7.794767847995183629e+00 2.860443147128294061e+00 -7.635602760081631191e-01 3.512996520633848152e-01 -1.762940906723571566e-01 5.123325608981821322e-01
1.403638600977829376e+18 6.109479962580679491e+00 8.361628529387068909e+00 2.891502799415247349e+00 -7.816159328262759498e-01 3.180277562231552668e-01 -2.155260949921561087e-01 4.914095870057971771e-01
1.403638601577829376e+18 5.894770141705717670e+00 9.121168663393159903e+00 2.916955925886795420e+00 -7.781992136650554004e-01 2.629926497272280228e-01 -2.013218681424281675e-01 5.335825666644136156e-01
1.403638601777829376e+18 5.804640993912540736e+00 9.420453914591748301e+00 2.966484768643724568e+00 -7.907039515119976825e-01 2.096022842699390154e-01 -1.775979948887554949e-01 5.470951431914102825e-01
1.403638601977829376e+18 5.599346046992648596e+00 1.000668937470217479e+01 3.057756386724459929e+00 -8.024363122988641406e-01 1.357537450243437305e-01 -1.404231687425794850e-01 5.638689733407563631e-01
1.403638602977829376e+18 4.909128422628079136e+00 1.070876105736542350e+01 3.400573550032655490e+00 -7.811201453135474537e-01 -1.909478025945385640e-02 3.548667205993615015e-02 6.230789709645933039e-01
1.403638604577829376e+18 4.108475429009166291e+00 9.814907769592423392e+00 3.394797684512884217e+00 -8.104197453104334814e-01 -4.928278126460237246e-02 3.585592979136917324e-02 5.826709158526742760e-01
1.403638605077829376e+18 3.722800820726347659e+00 9.240841902445914968e+00 3.481559570333369269e+00 -8.134362229660184740e-01 -7.304933822838292901e-02 5.282419277200004273e-03 5.770246107383575351e-01
1.403638606077829376e+18 2.996235714268271622e+00 8.665149990443920203e+00 3.560816720498526600e+00 -8.174710391664217202e-01 -7.831526268621215314e-02 -8.430910713392369277e-03 5.705582700295411813e-01
1.403638606577829376e+18 2.477121744652374780e+00 8.401014755148153768e+00 3.510583289538774743e+00 -8.385420408418480243e-01 -7.050696795154078045e-02 3.195653111804400148e-02 5.393095524186179990e-01
1.403638607577829376e+18 1.064234696476813902e+00 8.244306754596177456e+00 3.323101207128394741e+00 -8.060061962552450554e-01 -1.408905447126122257e-01 1.165363125314207854e-01 5.629592826042696396e-01
1.403638608277829376e+18 3.275612948938846358e-01 8.292504969230220624e+00 2.895003971015538191e+00 -7.912571905473314571e-01 -1.345762526362355993e-01 1.092708424491505292e-01 5.863967714986035862e-01
1.403638608977829376e+18 -1.043892560451880058e-01 8.210484216012373437e+00 2.580756301925635210e+00 -8.000717740223126651e-01 -1.264798216754700055e-01 1.212650169018872209e-01 5.737445483815212244e-01
1.403638609777829376e+18 -3.335715643715628786e-01 7.882827627272976478e+00 1.844314153062942108e+00 -7.923047543617806054e-01 -1.287323510804826987e-01 1.170660051323880319e-01 5.847877464887184518e-01
1.403638611477829376e+18 -1.754548067717465187e-03 7.280133894668167294e+00 1.508826357091518133e+00 -7.982136189380268920e-01 -1.370976895973133325e-01 1.067881094588346569e-01 5.767629857464370291e-01
1.403638612477829376e+18 4.909128644885845105e-01 6.419336335401716553e+00 1.205324740838049635e+00 -7.970976564196277092e-01 -1.293332755531916567e-01 9.646688039877997223e-02 5.818954983080266707e-01
1.403638613777829376e+18 8.237152351339585010e-01 5.688736458624256365e+00 1.078592718995337041e+00 -7.938123902663911657e-01 -9.032959871903738225e-02 8.410295854408415817e-02 5.955074684829303466e-01
1.403638614577829376e+18 1.199345209140280311e+00 4.919997624240557421e+00 9.421094283673204783e-01 -8.147060737591239610e-01 1.779590116831101382e-02 2.568455255747128727e-02 5.790316252516117812e-01
1.403638614977829376e+18 1.396063984951231962e+00 4.640283890817388901e+00 1.006066245843955764e+00 -8.201569130920776107e-01 8.087760909199391557e-02 -1.164606896631444587e-02 5.662736258492608865e-01
1.403638615577829376e+18 1.883230129273759879e+00 4.118661189751631646e+00 1.170482526137696322e+00 -7.882603259872741353e-01 2.143248336583989666e-01 -1.393123027967193284e-01 5.597344070549988837e-01
1.403638615777829376e+18 2.107256561134145834e+00 3.851617912921693865e+00 1.244250873809021662e+00 -7.791330579226279918e-01 2.492052837768218010e-01 -1.591612224475363879e-01 5.527351172658152567e-01
1.403638616077829376e+18 2.325662507314417926e+00 3.580812648500419471e+00 1.266804164544517608e+00 -7.656821461410370233e-01 2.912292125149974487e-01 -1.877898238096636641e-01 5.418960960666583393e-01
1.403638616777829376e+18 2.835051373251816553e+00 2.933506372683150509e+00 1.033097041345188094e+00 -7.572058479916140561e-01 3.670469802756011202e-01 -2.112667276781363124e-01 4.972747608858058554e-01
1.403638617777829376e+18 3.959830884394230921e+00 2.236383743808807001e+00 1.132624682454331566e+00 -7.699903213243236566e-01 3.316273000926187042e-01 -2.245375931678324777e-01 4.967102859359188161e-01
1.403638618977829376e+18 5.105028443064422383e+00 2.141129828893528320e+00 1.293917886394108763e+00 -7.485453105081523173e-01 3.519366855387454085e-01 -2.551146952229172982e-01 5.007364374294865916e-01
1.403638619477829376e+18 6.203991294419882507e+00 2.237618583603602662e+00 1.142797070728898134e+00 -6.644503320966252957e-01 4.708484278987695171e-01 -3.167872432517217507e-01 4.862646981171014904e-01
1.403638620977829376e+18 7.265868057944692815e+00 1.864081389615980022e+00 1.058396219227187629e+00 -6.837713874269427672e-01 4.416680685324150257e-01 -3.277267867443607319e-01 4.795635101061129779e-01
1.403638622577829376e+18 6.988027723681282666e+00 8.337812462391657187e-01 1.026772744157593564e+00 -6.799065932630771192e-01 4.505925035638659870e-01 -3.282903632987046461e-01 4.763600083284162956e-01
1.403638625077829376e+18 5.729645597517126987e+00 -2.377281180487397227e-01 1.056725412392182317e+00 -6.946675270105935329e-01 4.422425414266822896e-01 -3.021539499712886379e-01 4.801682538300544034e-01
1.403638626577829376e+18 4.943619555817597266e+00 -1.081899238892831683e+00 1.017275370886592034e+00 -7.079945392210885702e-01 4.413802391572574368e-01 -3.023329991440605324e-01 4.610010569870288677e-01
1.403638628077829376e+18 4.691051869545011854e+00 -1.348449359766805911e+00 8.777795545463118465e-01 -7.069204081397140182e-01 4.374539682086859838e-01 -3.129679106862563454e-01 4.592914642519860813e-01
1.403638628777829376e+18 4.605152798814218684e+00 -1.368815231344426175e+00 8.321138985079346018e-01 -6.971992077951636446e-01 4.365543574912404412e-01 -3.168318415399085097e-01 4.721770237862457642e-01
1.403638629577829376e+18 4.579571284937335562e+00 -1.348942546511555873e+00 7.293145809614905994e-01 -6.913328562765559404e-01 4.369149591789615594e-01 -3.212934462878611064e-01 4.774250953297433653e-01
