1.403638518077829361e+09 -0.000000000000000000e+00 -0.000000000000000000e+00 -0.000000000000000000e+00 -0.000000000000000000e+00 -0.000000000000000000e+00 -0.000000000000000000e+00 1.000000000000000000e+00
1.403638522177829504e+09 -3.539344295859336853e-03 -1.191374845802783966e-02 -3.972197417169809341e-03 -4.841776564717292786e-03 -7.149734068661928177e-03 -1.297674258239567280e-03 9.999619722366333008e-01
1.403638522277829409e+09 -5.016606766730546951e-03 -3.409010916948318481e-02 -1.156847923994064331e-02 3.698348067700862885e-03 -1.253211684525012970e-02 7.837087614461779594e-04 9.999143481254577637e-01
1.403638522377829552e+09 -5.169714335352182388e-03 -6.840593367815017700e-02 -2.270955406129360199e-02 1.211237628012895584e-02 -1.890709996223449707e-02 2.779711736366152763e-03 9.997439980506896973e-01
1.403638522477829456e+09 -5.002241581678390503e-03 -1.096848547458648682e-01 -3.707170858979225159e-02 1.016297284513711929e-02 -2.791721746325492859e-02 7.065264042466878891e-03 9.995336532592773438e-01
1.403638522577829361e+09 -4.741989541798830032e-03 -1.536044478416442871e-01 -5.203534662723541260e-02 3.680801950395107269e-03 -3.614718839526176453e-02 1.471194345504045486e-02 9.992313981056213379e-01
1.403638522677829504e+09 -4.417911171913146973e-03 -1.982604414224624634e-01 -6.421142816543579102e-02 7.741663139313459396e-03 -4.194972291588783264e-02 1.418749708682298660e-02 9.989890456199645996e-01
1.403638522777829409e+09 -5.775541532784700394e-03 -2.448494881391525269e-01 -7.630340754985809326e-02 1.793137751519680023e-02 -4.883686453104019165e-02 9.918130934238433838e-03 9.985965490341186523e-01
1.403638522877829552e+09 -6.606847513467073441e-03 -2.940599918365478516e-01 -9.017936885356903076e-02 2.690400555729866028e-02 -5.868999660015106201e-02 1.839459314942359924e-02 9.977441430091857910e-01
1.403638523077829361e+09 2.182208700105547905e-03 -3.738275766372680664e-01 -1.176054105162620544e-01 3.919263556599617004e-02 -6.300643831491470337e-02 2.878021821379661560e-02 9.968279004096984863e-01
1.403638523577829361e+09 3.120957687497138977e-02 -2.623372375965118408e-01 -7.900740206241607666e-02 2.656004764139652252e-02 -4.565967991948127747e-02 9.270261041820049286e-03 9.985608458518981934e-01
1.403638523677829504e+09 3.757211938500404358e-02 -2.132265567779541016e-01 -6.486664712429046631e-02 1.031210739165544510e-02 -4.205821454524993896e-02 2.844901522621512413e-03 9.990579485893249512e-01
1.403638523877829552e+09 4.769078642129898071e-02 -1.232531741261482239e-01 -4.253254458308219910e-02 1.379325054585933685e-03 -3.979688137769699097e-02 -5.917493253946304321e-03 9.991893768310546875e-01
1.403638524077829361e+09 5.284715443849563599e-02 -7.277661561965942383e-02 -3.629548475146293640e-02 -4.142110701650381088e-03 -3.431751206517219543e-02 -2.696528099477291107e-02 9.990385770797729492e-01
1.403638524277829409e+09 5.478512123227119446e-02 -1.766378879547119141e-01 -7.708894461393356323e-02 -1.026238873600959778e-02 -4.953608289361000061e-02 -2.157659642398357391e-02 9.984865784645080566e-01
1.403638524477829456e+09 5.669948458671569824e-02 -2.946764528751373291e-01 -1.111133024096488953e-01 1.676964201033115387e-02 -5.520682781934738159e-02 -1.291291043162345886e-02 9.982506632804870605e-01
1.403638524677829504e+09 3.870161250233650208e-02 -1.315833181142807007e-01 -2.845013886690139771e-02 -1.434093900024890900e-02 -5.094376578927040100e-02 -1.476475875824689865e-02 9.984894394874572754e-01
1.403638525977829456e+09 9.641826897859573364e-02 -1.020822301506996155e-01 -2.589983679354190826e-02 -1.134671922773122787e-02 -2.342701703310012817e-02 -1.303665991872549057e-02 9.995762109756469727e-01
1.403638526277829409e+09 1.742035746574401855e-01 -1.237107738852500916e-01 -4.534798488020896912e-02 -2.140841446816921234e-03 -8.725048042833805084e-03 -1.466089743189513683e-03 9.999585747718811035e-01
1.403638526477829456e+09 2.722218930721282959e-01 -1.368580758571624756e-01 -6.840667873620986938e-02 1.593933254480361938e-02 5.840556696057319641e-03 1.561997365206480026e-02 9.997339844703674316e-01
1.403638526677829504e+09 3.951861858367919922e-01 -1.357307732105255127e-01 -9.055022150278091431e-02 2.958278730511665344e-02 2.427130006253719330e-02 1.962520740926265717e-02 9.990748763084411621e-01
1.403638526877829552e+09 5.200364589691162109e-01 -1.266114115715026855e-01 -1.147594749927520752e-01 2.472092956304550171e-02 3.964419290423393250e-02 2.041921392083168030e-02 9.986993670463562012e-01
1.403638527077829361e+09 6.639764308929443359e-01 -1.279518455266952515e-01 -1.351853460073471069e-01 1.343831885606050491e-02 8.610063046216964722e-02 3.987132757902145386e-02 9.953976273536682129e-01
1.403638527377829552e+09 4.210038781166076660e-01 -1.781653165817260742e-01 -4.690705239772796631e-02 2.419351413846015930e-02 7.395381480455398560e-02 3.366426005959510803e-02 9.963997006416320801e-01
1.403638528277829409e+09 2.514020204544067383e-01 -2.042454034090042114e-01 4.714310541749000549e-02 2.673090063035488129e-02 3.642727434635162354e-02 2.371202223002910614e-02 9.986973404884338379e-01
1.403638528777829409e+09 1.214066445827484131e-01 -1.922729313373565674e-01 1.825516484677791595e-02 -9.724488481879234314e-03 6.873646378517150879e-02 1.939151622354984283e-02 9.973990321159362793e-01
1.403638529577829361e+09 9.554290026426315308e-02 -1.304828822612762451e-01 -3.086609300225973129e-03 -3.562385961413383484e-02 6.491915881633758545e-02 1.510659605264663696e-02 9.971400499343872070e-01
1.403638529877829552e+09 7.142307609319686890e-02 -6.191492453217506409e-02 3.557847067713737488e-02 -1.765178702771663666e-02 6.865672767162322998e-02 1.928276941180229187e-02 9.972978234291076660e-01
1.403638530377829552e+09 8.971227705478668213e-02 -4.691989347338676453e-02 1.009809300303459167e-01 -2.263519540429115295e-02 8.537203818559646606e-02 3.317217528820037842e-02 9.955395460128784180e-01
1.403638538977829456e+09 9.106072038412094116e-02 -5.360329523682594299e-02 1.294672042131423950e-01 2.199642546474933624e-02 8.543484658002853394e-02 2.938577905297279358e-02 9.956673979759216309e-01
1.403638539277829409e+09 9.268398582935333252e-02 -9.616290777921676636e-02 1.324215233325958252e-01 2.688087150454521179e-02 8.429792523384094238e-02 2.864371053874492645e-02 9.956660270690917969e-01
1.403638539477829456e+09 9.551844000816345215e-02 -1.619313210248947144e-01 1.262908130884170532e-01 2.185810357332229614e-02 8.238489925861358643e-02 2.703616581857204437e-02 9.959940314292907715e-01
1.403638539777829409e+09 1.072200536727905273e-01 -3.137074708938598633e-01 2.311149537563323975e-01 6.585303228348493576e-03 7.576511800289154053e-02 2.326408401131629944e-02 9.968325495719909668e-01
1.403638540677829504e+09 8.628914505243301392e-02 -4.535031914710998535e-01 4.379474818706512451e-01 1.574684493243694305e-02 -2.903061732649803162e-02 -4.175218194723129272e-02 9.985820055007934570e-01
1.403638541177829504e+09 -1.992043107748031616e-01 -7.242839932441711426e-01 7.924233078956604004e-01 2.320524305105209351e-02 -1.127934232354164124e-01 -6.181260198354721069e-02 9.914224743843078613e-01
1.403638542077829361e+09 -4.147271513938903809e-01 -8.687920570373535156e-01 9.168567061424255371e-01 1.749441027641296387e-02 -2.009830623865127563e-01 -9.193494170904159546e-02 9.751142263412475586e-01
1.403638542377829552e+09 -7.841514348983764648e-01 -1.000028491020202637e+00 1.088969230651855469e+00 3.708844631910324097e-02 -2.655352354049682617e-01 -1.276499480009078979e-01 9.548932313919067383e-01
1.403638543477829456e+09 -1.392672181129455566e+00 -1.175747513771057129e+00 1.155285477638244629e+00 2.145916968584060669e-02 -2.978389561176300049e-01 -1.329776048660278320e-01 9.450653195381164551e-01
1.403638543777829409e+09 -1.736026048660278320e+00 -1.244837999343872070e+00 1.171694993972778320e+00 2.283840626478195190e-02 -3.811122477054595947e-01 -1.649601012468338013e-01 9.094064235687255859e-01
1.403638544277829409e+09 -2.803420543670654297e+00 -1.451064944267272949e+00 1.316678166389465332e+00 2.586377598345279694e-02 -4.126056432723999023e-01 -1.664724797010421753e-01 8.951953053474426270e-01
1.403638545677829504e+09 -3.305330753326416016e+00 -1.459609031677246094e+00 1.424098134040832520e+00 2.380312234163284302e-02 -4.737135469913482666e-01 -1.903682649135589600e-01 8.595283031463623047e-01
1.403638545977829456e+09 -3.810842275619506836e+00 -1.546733260154724121e+00 1.486812829971313477e+00 2.051042765378952026e-02 -5.424388051033020020e-01 -2.220025956630706787e-01 8.099717497825622559e-01
1.403638546777829409e+09 -4.555538654327392578e+00 -1.623155951499938965e+00 1.537122249603271484e+00 3.250977396965026855e-02 -5.596793293952941895e-01 -2.489780187606811523e-01 7.897544503211975098e-01
1.403638547777829409e+09 -5.517266750335693359e+00 -1.495093941688537598e+00 1.504617691040039062e+00 2.157921716570854187e-02 -5.698760747909545898e-01 -2.412531524896621704e-01 7.852213978767395020e-01
1.403638548377829552e+09 -6.349239349365234375e+00 -1.528105735778808594e+00 1.335965156555175781e+00 1.862582936882972717e-02 -6.304442882537841797e-01 -2.624953091144561768e-01 7.302666306495666504e-01
1.403638549277829409e+09 -7.399993896484375000e+00 -1.713539123535156250e+00 1.067423820495605469e+00 1.627459563314914703e-02 -6.344942450523376465e-01 -2.499258369207382202e-01 7.312245368957519531e-01
1.403638550177829504e+09 -8.617470741271972656e+00 -2.069851636886596680e+00 7.863168716430664062e-01 9.586371481418609619e-03 -6.367320418357849121e-01 -2.452027648687362671e-01 7.309966087341308594e-01
1.403638550877829552e+09 -9.280660629272460938e+00 -2.244884967803955078e+00 7.248926162719726562e-01 3.322128951549530029e-02 -6.455658674240112305e-01 -2.185401916503906250e-01 7.310138344764709473e-01
1.403638551477829456e+09 -9.896173477172851562e+00 -2.487616062164306641e+00 7.799859046936035156e-01 6.067463196814060211e-03 -6.001337170600891113e-01 -1.869233697652816772e-01 7.777289748191833496e-01
1.403638551777829409e+09 -1.019802856445312500e+01 -2.649640798568725586e+00 9.603228569030761719e-01 2.427043020725250244e-02 -5.389073491096496582e-01 -1.710864454507827759e-01 8.244509100914001465e-01
1.403638552377829552e+09 -1.053327369689941406e+01 -3.165621280670166016e+00 1.637878417968750000e+00 3.643399849534034729e-02 -5.349448323249816895e-01 -1.768313199281692505e-01 8.253710269927978516e-01
1.403638553377829552e+09 -1.040852737426757812e+01 -3.419283390045166016e+00 2.126133441925048828e+00 7.160584628582000732e-02 -5.413954257965087891e-01 -1.783170700073242188e-01 8.185148835182189941e-01
1.403638554077829361e+09 -9.909496307373046875e+00 -3.754934787750244141e+00 2.492141723632812500e+00 3.665124997496604919e-02 -5.305112004280090332e-01 -2.077379673719406128e-01 8.210112452507019043e-01
1.403638554977829456e+09 -9.277999877929687500e+00 -4.010398864746093750e+00 2.857155799865722656e+00 2.555906958878040314e-02 -5.214456915855407715e-01 -1.874224990606307983e-01 8.320540785789489746e-01
1.403638555377829552e+09 -8.963363647460937500e+00 -4.090893268585205078e+00 3.082857131958007812e+00 3.015669062733650208e-02 -4.921692311763763428e-01 -1.837722957134246826e-01 8.503456711769104004e-01
1.403638555977829456e+09 -8.359013557434082031e+00 -4.373748302459716797e+00 3.494737625122070312e+00 1.056848838925361633e-02 -4.875971376895904541e-01 -1.923848390579223633e-01 8.515430092811584473e-01
1.403638556877829552e+09 -7.871720314025878906e+00 -4.787901878356933594e+00 4.124804973602294922e+00 1.520666759461164474e-02 -4.939456582069396973e-01 -1.724868118762969971e-01 8.520767092704772949e-01
1.403638557577829361e+09 -7.570921897888183594e+00 -5.102313041687011719e+00 4.665044784545898438e+00 2.998002059757709503e-02 -4.858451783657073975e-01 -1.928055733442306519e-01 8.519868850708007812e-01
1.403638558177829504e+09 -7.354285240173339844e+00 -5.377669811248779297e+00 5.189153194427490234e+00 -4.536526277661323547e-03 -4.742736816406250000e-01 -2.142866849899291992e-01 8.538882732391357422e-01
1.403638558777829409e+09 -7.368051528930664062e+00 -5.781857013702392578e+00 5.732276439666748047e+00 1.263587083667516708e-02 -4.817834794521331787e-01 -1.875103861093521118e-01 8.559000492095947266e-01
1.403638559377829552e+09 -7.473145484924316406e+00 -6.025033950805664062e+00 6.380118370056152344e+00 3.428401425480842590e-02 -4.799328148365020752e-01 -2.002387493848800659e-01 8.534597754478454590e-01
1.403638559977829456e+09 -7.602227210998535156e+00 -6.175431728363037109e+00 6.881354331970214844e+00 3.241143748164176941e-02 -4.464345872402191162e-01 -1.771735548973083496e-01 8.765017390251159668e-01
1.403638560277829409e+09 -7.677960872650146484e+00 -6.218981266021728516e+00 7.188265800476074219e+00 4.576999321579933167e-02 -3.755651116371154785e-01 -1.384092718362808228e-01 9.152589440345764160e-01
1.403638560577829361e+09 -7.731816291809082031e+00 -6.233789443969726562e+00 7.482026576995849609e+00 4.465410485863685608e-02 -3.062850534915924072e-01 -8.716852217912673950e-02 9.468881487846374512e-01
1.403638560877829552e+09 -7.708654403686523438e+00 -6.312803745269775391e+00 7.802368640899658203e+00 5.991246551275253296e-02 -2.209934443235397339e-01 -4.525056481361389160e-02 9.723809957504272461e-01
1.403638561377829552e+09 -7.389451503753662109e+00 -6.420286178588867188e+00 8.230384826660156250e+00 4.477905482053756714e-02 -1.727903932332992554e-01 -6.657240539789199829e-02 9.816855788230895996e-01
1.403638562177829504e+09 -7.110915184020996094e+00 -6.448513984680175781e+00 8.443455696105957031e+00 4.855493083596229553e-02 -9.310529381036758423e-02 -2.937006205320358276e-02 9.940379261970520020e-01
1.403638562777829409e+09 -6.893601894378662109e+00 -6.503746032714843750e+00 8.499445915222167969e+00 4.774840548634529114e-02 -2.050737850368022919e-03 2.653401345014572144e-02 9.985047578811645508e-01
1.403638563077829361e+09 -6.550303459167480469e+00 -6.448506832122802734e+00 8.543248176574707031e+00 7.266765087842941284e-02 7.124713808298110962e-02 6.492846459150314331e-02 9.926871061325073242e-01
1.403638563877829552e+09 -5.563586711883544922e+00 -6.233560085296630859e+00 8.130404472351074219e+00 7.172247767448425293e-02 5.052331462502479553e-02 4.983599483966827393e-02 9.948968887329101562e-01
1.403638564777829409e+09 -4.928273200988769531e+00 -6.062742233276367188e+00 7.703870773315429688e+00 6.559032946825027466e-02 4.298287630081176758e-02 6.663932651281356812e-02 9.946907758712768555e-01
1.403638565277829409e+09 -4.492153644561767578e+00 -5.803045749664306641e+00 7.460489749908447266e+00 6.185885146260261536e-02 4.306264594197273254e-02 6.685797125101089478e-02 9.949116110801696777e-01
1.403638565477829456e+09 -3.853413820266723633e+00 -5.412061214447021484e+00 7.095635414123535156e+00 6.574065238237380981e-02 5.812001228332519531e-02 4.433657601475715637e-02 9.951555728912353516e-01
1.403638565877829552e+09 -3.215780258178710938e+00 -5.063422679901123047e+00 6.649760246276855469e+00 5.295480042695999146e-02 7.185799628496170044e-02 2.747164852917194366e-02 9.956291913986206055e-01
1.403638566277829409e+09 -2.639381408691406250e+00 -4.647825241088867188e+00 6.214650154113769531e+00 5.111653730273246765e-02 6.894584745168685913e-02 3.052541241049766541e-02 9.958422780036926270e-01
1.403638566677829504e+09 -2.242028951644897461e+00 -4.274304389953613281e+00 5.906160831451416016e+00 8.871016092598438263e-03 6.383285671472549438e-02 2.789413183927536011e-02 9.975312948226928711e-01
1.403638566977829456e+09 -1.736871480941772461e+00 -3.774028301239013672e+00 5.590679168701171875e+00 2.428034134209156036e-02 6.051282584667205811e-02 2.096574939787387848e-02 9.976517558097839355e-01
1.403638567477829456e+09 -1.171865224838256836e+00 -3.182567358016967773e+00 5.276079177856445312e+00 2.751369215548038483e-02 7.205281406641006470e-02 1.391767431050539017e-02 9.969241023063659668e-01
1.403638567877829552e+09 -7.100331187248229980e-01 -2.780188798904418945e+00 4.944355964660644531e+00 1.458676252514123917e-02 7.815513014793395996e-02 1.146718021482229233e-02 9.967685341835021973e-01
1.403638568577829361e+09 -1.715345382690429688e-01 -2.338721752166748047e+00 4.530299186706542969e+00 5.710043944418430328e-03 8.299520611763000488e-02 7.138446904718875885e-03 9.965080022811889648e-01
1.403638570577829361e+09 -2.588194608688354492e-02 -2.086149930953979492e+00 4.482137680053710938e+00 4.116730391979217529e-02 1.315603405237197876e-01 1.115238666534423828e-01 9.841542243957519531e-01
1.403638570877829552e+09 1.121057868003845215e-01 -1.926228404045104980e+00 4.485325336456298828e+00 4.892447218298912048e-02 2.293052226305007935e-01 1.382470726966857910e-01 9.622439146041870117e-01
1.403638571277829409e+09 4.115375280380249023e-01 -1.760942935943603516e+00 4.299129962921142578e+00 3.715150803327560425e-02 2.888178825378417969e-01 1.344552785158157349e-01 9.471672773361206055e-01
1.403638571877829552e+09 7.088509202003479004e-01 -1.606956839561462402e+00 4.088791847229003906e+00 2.772516384720802307e-02 3.539263904094696045e-01 1.745360791683197021e-01 9.184250831604003906e-01
1.403638572177829504e+09 9.720733761787414551e-01 -1.520326375961303711e+00 3.885360717773437500e+00 1.520872116088867188e-02 4.165201485157012939e-01 1.913371533155441284e-01 8.886336684226989746e-01
1.403638572477829456e+09 1.262758374214172363e+00 -1.417633771896362305e+00 3.674317359924316406e+00 3.122135996818542480e-03 4.565217792987823486e-01 1.964768767356872559e-01 8.677412867546081543e-01
1.403638572877829552e+09 1.802166223526000977e+00 -1.327741980552673340e+00 3.345231533050537109e+00 -1.548681035637855530e-02 4.618716537952423096e-01 1.875540614128112793e-01 8.667515516281127930e-01
1.403638573477829456e+09 2.416086196899414062e+00 -1.299113273620605469e+00 3.121472597122192383e+00 -2.140802703797817230e-02 4.653551578521728516e-01 1.831754148006439209e-01 8.656980395317077637e-01
1.403638573877829552e+09 2.952912330627441406e+00 -1.360762357711791992e+00 3.016893386840820312e+00 1.813510060310363770e-02 5.216755867004394531e-01 1.965725570917129517e-01 8.299909234046936035e-01
1.403638574177829504e+09 3.341133117675781250e+00 -1.362441301345825195e+00 2.953930139541625977e+00 4.309617355465888977e-02 5.801206231117248535e-01 2.349618673324584961e-01 7.787141799926757812e-01
1.403638574477829456e+09 3.704073905944824219e+00 -1.325908303260803223e+00 2.851586580276489258e+00 3.304300829768180847e-02 6.295806765556335449e-01 2.474484145641326904e-01 7.357348203659057617e-01
1.403638574877829552e+09 4.244463443756103516e+00 -1.297389745712280273e+00 2.634205579757690430e+00 1.549899671226739883e-02 6.368013024330139160e-01 2.647393345832824707e-01 7.239869236946105957e-01
1.403638575477829456e+09 4.797349929809570312e+00 -1.171520352363586426e+00 2.408418178558349609e+00 -4.786077886819839478e-03 6.273714900016784668e-01 2.614473402500152588e-01 7.335035800933837891e-01
1.403638575877829552e+09 5.308866024017333984e+00 -1.152476072311401367e+00 2.192373275756835938e+00 -1.888413541018962860e-02 6.244709491729736328e-01 2.547696530818939209e-01 7.380866408348083496e-01
1.403638576277829409e+09 5.892468929290771484e+00 -1.193586111068725586e+00 2.002377986907958984e+00 -2.559704892337322235e-02 6.307104229927062988e-01 2.399572879076004028e-01 7.375430464744567871e-01
1.403638576677829504e+09 6.518438339233398438e+00 -1.205946683883666992e+00 1.922774791717529297e+00 -2.313039824366569519e-02 6.375240087509155273e-01 2.223857343196868896e-01 7.372738718986511230e-01
1.403638577077829361e+09 7.291535854339599609e+00 -1.260298252105712891e+00 1.956199645996093750e+00 -8.746801875531673431e-03 6.375326514244079590e-01 2.249605655670166016e-01 7.367960214614868164e-01
1.403638577677829504e+09 8.166756629943847656e+00 -1.405133008956909180e+00 2.118048667907714844e+00 -9.188000112771987915e-03 6.342555880546569824e-01 2.282576858997344971e-01 7.386026382446289062e-01
1.403638578177829504e+09 8.725755691528320312e+00 -1.535166263580322266e+00 2.286792755126953125e+00 1.258361153304576874e-02 6.267535686492919922e-01 2.449256330728530884e-01 7.396168708801269531e-01
1.403638578677829504e+09 9.512713432312011719e+00 -1.648569107055664062e+00 2.539416313171386719e+00 3.467275819275528193e-04 6.340826749801635742e-01 2.289108484983444214e-01 7.386060953140258789e-01
1.403638579277829409e+09 1.022717475891113281e+01 -1.839058399200439453e+00 2.797712326049804688e+00 2.400016598403453827e-02 6.254385709762573242e-01 2.396181523799896240e-01 7.421817779541015625e-01
1.403638579777829409e+09 1.062218475341796875e+01 -1.908454179763793945e+00 2.986774444580078125e+00 1.971379294991493225e-02 5.621387362480163574e-01 1.918530613183975220e-01 8.042411804199218750e-01
1.403638580077829361e+09 1.084132480621337891e+01 -1.926574945449829102e+00 3.138102531433105469e+00 4.085087776184082031e-02 4.557688236236572266e-01 1.383672058582305908e-01 8.783283233642578125e-01
1.403638580377829552e+09 1.104141616821289062e+01 -1.887105226516723633e+00 3.321604251861572266e+00 3.066696226596832275e-02 3.443014323711395264e-01 1.309893578290939331e-01 9.291705489158630371e-01
1.403638580877829552e+09 1.160964679718017578e+01 -2.125894784927368164e+00 3.633414030075073242e+00 4.351609572768211365e-02 3.339464068412780762e-01 1.025484502315521240e-01 9.359861016273498535e-01
1.403638583577829361e+09 1.146562480926513672e+01 -2.909513711929321289e+00 3.784620761871337891e+00 1.837046444416046143e-02 3.363518416881561279e-01 1.048926040530204773e-01 9.356963038444519043e-01
1.403638584277829409e+09 1.061884689331054688e+01 -3.068867206573486328e+00 3.927001237869262695e+00 2.452837117016315460e-02 3.324448466300964355e-01 1.115081608295440674e-01 9.361863136291503906e-01
1.403638585877829552e+09 9.582359313964843750e+00 -3.300611019134521484e+00 4.027338027954101562e+00 2.637842856347560883e-02 3.360554575920104980e-01 1.090130731463432312e-01 9.351401925086975098e-01
1.403638587377829552e+09 8.719863891601562500e+00 -3.271196365356445312e+00 4.178537845611572266e+00 2.101080864667892456e-02 3.340022265911102295e-01 1.168536245822906494e-01 9.350649118423461914e-01
1.403638588477829456e+09 7.725576877593994141e+00 -3.229659318923950195e+00 4.334724903106689453e+00 2.522088028490543365e-02 3.347281813621520996e-01 1.157494410872459412e-01 9.348385334014892578e-01
1.403638589577829361e+09 6.579416275024414062e+00 -3.186742544174194336e+00 4.392777919769287109e+00 2.202105708420276642e-02 3.373858034610748291e-01 1.179291158914566040e-01 9.336909055709838867e-01
1.403638590677829504e+09 5.614758968353271484e+00 -3.152471542358398438e+00 4.382900714874267578e+00 -7.352939341217279434e-03 3.338018059730529785e-01 1.319552212953567505e-01 9.333328008651733398e-01
1.403638591577829361e+09 5.177529335021972656e+00 -3.274952411651611328e+00 4.680171489715576172e+00 2.197584882378578186e-02 3.103708028793334961e-01 1.338150799274444580e-01 9.408934712409973145e-01
1.403638592577829361e+09 5.279979228973388672e+00 -3.794873952865600586e+00 4.912924289703369141e+00 6.382097490131855011e-03 2.560771703720092773e-01 9.096720814704895020e-02 9.623454809188842773e-01
1.403638593677829504e+09 5.404203414916992188e+00 -4.258598327636718750e+00 5.200748443603515625e+00 3.478250652551651001e-02 2.410055696964263916e-01 6.997962296009063721e-02 9.673724770545959473e-01
1.403638596377829552e+09 4.515661716461181641e+00 -4.656606674194335938e+00 5.283458709716796875e+00 8.921564556658267975e-03 2.650792598724365234e-01 -9.296507574617862701e-03 9.641405940055847168e-01
1.403638597177829504e+09 3.712191104888916016e+00 -4.868611812591552734e+00 5.442917823791503906e+00 2.271323837339878082e-02 2.675204277038574219e-01 -4.849554970860481262e-03 9.632722735404968262e-01
1.403638597577829361e+09 2.832856893539428711e+00 -4.968035221099853516e+00 5.645064830780029297e+00 4.048900678753852844e-02 2.583231925964355469e-01 1.953428424894809723e-02 9.650120735168457031e-01
1.403638597977829456e+09 1.806196212768554688e+00 -5.025791168212890625e+00 5.839049339294433594e+00 3.880251571536064148e-02 2.306585311889648438e-01 2.128647454082965851e-02 9.720277786254882812e-01
1.403638598277829409e+09 9.742453694343566895e-01 -5.084757804870605469e+00 5.953566551208496094e+00 3.263008221983909607e-02 2.114458829164505005e-01 5.267292261123657227e-02 9.754238128662109375e-01
1.403638598677829504e+09 4.311156868934631348e-01 -5.093015670776367188e+00 6.029127597808837891e+00 2.815057896077632904e-02 1.967937946319580078e-01 4.933235049247741699e-02 9.787982702255249023e-01
1.403638598777829409e+09 -1.084743440151214600e-01 -5.096907615661621094e+00 6.098773956298828125e+00 2.922799438238143921e-02 1.674281358718872070e-01 3.824558109045028687e-02 9.847085475921630859e-01
1.403638598977829456e+09 -6.362627148628234863e-01 -5.108456611633300781e+00 6.152903556823730469e+00 2.956691570580005646e-02 1.301215142011642456e-01 2.313103713095188141e-02 9.907870888710021973e-01
1.403638599177829504e+09 -1.160049557685852051e+00 -5.139093399047851562e+00 6.192191600799560547e+00 2.873122319579124451e-02 9.006226807832717896e-02 5.837295204401016235e-03 9.955045580863952637e-01
1.403638599377829552e+09 -1.678967595100402832e+00 -5.180237770080566406e+00 6.214465141296386719e+00 2.199172414839267731e-02 5.459995195269584656e-02 -7.268290966749191284e-03 9.982396960258483887e-01
1.403638599577829361e+09 -2.441751241683959961e+00 -5.226543903350830078e+00 6.261177539825439453e+00 1.590624079108238220e-02 3.682440519332885742e-02 -1.314307749271392822e-02 9.991087913513183594e-01
1.403638599977829456e+09 -2.941653490066528320e+00 -5.243922710418701172e+00 6.310144424438476562e+00 1.342886965721845627e-02 3.580151125788688660e-02 -3.160207765176892281e-03 9.992637038230895996e-01
1.403638600077829361e+09 -3.424407482147216797e+00 -5.252943515777587891e+00 6.366548538208007812e+00 8.109498769044876099e-03 3.031942993402481079e-02 2.348277717828750610e-02 9.992314577102661133e-01
1.403638600377829552e+09 -3.884093523025512695e+00 -5.248350620269775391e+00 6.436964035034179688e+00 9.206316899508237839e-04 2.589026279747486115e-02 4.939106106758117676e-02 9.984434843063354492e-01
1.403638600577829361e+09 -4.296377182006835938e+00 -5.260478973388671875e+00 6.514298439025878906e+00 -2.661270089447498322e-03 2.594287693500518799e-02 5.775292962789535522e-02 9.979902505874633789e-01
1.403638600777829409e+09 -4.649492263793945312e+00 -5.309718608856201172e+00 6.594818115234375000e+00 -1.260131131857633591e-02 2.509599179029464722e-02 6.145500764250755310e-02 9.977146983146667480e-01
1.403638600977829456e+09 -5.213896751403808594e+00 -5.441101551055908203e+00 6.824676990509033203e+00 -2.058890461921691895e-02 4.104836657643318176e-02 5.865483079105615616e-03 9.989278316497802734e-01
1.403638601377829552e+09 -5.608551502227783203e+00 -5.543170452117919922e+00 7.062661647796630859e+00 8.544854819774627686e-03 2.713807672262191772e-02 -4.319457802921533585e-03 9.995858669281005859e-01
1.403638601577829361e+09 -5.871129035949707031e+00 -5.634977817535400391e+00 7.217241764068603516e+00 2.064059115946292877e-02 -1.010917127132415771e-02 -2.065883018076419830e-02 9.995224475860595703e-01
1.403638601777829409e+09 -6.134229183197021484e+00 -5.746397495269775391e+00 7.353300571441650391e+00 2.815292403101921082e-02 -6.265065819025039673e-02 -5.107392370700836182e-02 9.963301420211791992e-01
1.403638601977829456e+09 -6.671427249908447266e+00 -5.952133178710937500e+00 7.604775428771972656e+00 3.867477551102638245e-02 -1.371074169874191284e-01 -8.964551240205764771e-02 9.857330322265625000e-01
1.403638602377829552e+09 -7.093372821807861328e+00 -6.084208488464355469e+00 7.730191230773925781e+00 1.069426834583282471e-01 -2.260671555995941162e-01 -5.908903479576110840e-02 9.664188623428344727e-01
1.403638602677829504e+09 -7.413584709167480469e+00 -6.205066680908203125e+00 7.720075607299804688e+00 1.082289293408393860e-01 -2.913762032985687256e-01 -7.911444455385208130e-02 9.471681118011474609e-01
1.403638602977829456e+09 -7.651779174804687500e+00 -6.302262306213378906e+00 7.548665523529052734e+00 7.507935166358947754e-02 -3.678639829158782959e-01 -1.018280833959579468e-01 9.212330579757690430e-01
1.403638603377829552e+09 -7.747670650482177734e+00 -6.021748542785644531e+00 6.951124191284179688e+00 6.963164359331130981e-02 -3.759016096591949463e-01 -1.457435190677642822e-01 9.124736785888671875e-01
1.403638604577829361e+09 -7.678101062774658203e+00 -5.832036018371582031e+00 6.444923400878906250e+00 3.401489555835723877e-02 -3.777998685836791992e-01 -1.414615958929061890e-01 9.143844842910766602e-01
1.403638605077829361e+09 -7.597250461578369141e+00 -5.645698547363281250e+00 5.778165817260742188e+00 4.143684729933738708e-02 -3.651919960975646973e-01 -1.778505593538284302e-01 9.128455519676208496e-01
1.403638606077829361e+09 -7.774200439453125000e+00 -5.366409301757812500e+00 4.908518791198730469e+00 3.926173597574234009e-02 -3.561203181743621826e-01 -1.914889067411422729e-01 9.137662649154663086e-01
1.403638606577829361e+09 -7.996585845947265625e+00 -5.111818313598632812e+00 4.431550979614257812e+00 -9.241770021617412567e-03 -3.786713778972625732e-01 -1.765347272157669067e-01 9.084921479225158691e-01
1.403638606877829552e+09 -8.225717544555664062e+00 -4.929910659790039062e+00 4.121078491210937500e+00 -1.676812209188938141e-02 -4.314887225627899170e-01 -1.924220025539398193e-01 8.811981081962585449e-01
1.403638607177829504e+09 -8.509284973144531250e+00 -4.807273387908935547e+00 3.853441715240478516e+00 1.165917050093412399e-02 -4.733486771583557129e-01 -1.783045530319213867e-01 8.625615835189819336e-01
1.403638607577829361e+09 -8.967774391174316406e+00 -4.538118362426757812e+00 3.546329021453857422e+00 1.527404319494962692e-02 -4.818273782730102539e-01 -1.737111806869506836e-01 8.587395548820495605e-01
1.403638608277829409e+09 -9.559249877929687500e+00 -3.972827196121215820e+00 3.303675651550292969e+00 4.211838170886039734e-02 -4.767949879169464111e-01 -1.637764275074005127e-01 8.625949025154113770e-01
1.403638608977829456e+09 -9.834410667419433594e+00 -3.550509929656982422e+00 3.108752727508544922e+00 2.263963036239147186e-02 -4.800146818161010742e-01 -1.562082022428512573e-01 8.629439473152160645e-01
1.403638609777829409e+09 -9.796496391296386719e+00 -2.717343330383300781e+00 3.027350425720214844e+00 3.694306313991546631e-02 -4.795918762683868408e-01 -1.557784676551818848e-01 8.627629280090332031e-01
1.403638611477829456e+09 -9.152939796447753906e+00 -2.313369989395141602e+00 2.934966564178466797e+00 3.218403086066246033e-02 -4.747238755226135254e-01 -1.708973050117492676e-01 8.627836108207702637e-01
1.403638612477829456e+09 -8.219239234924316406e+00 -1.903031706809997559e+00 2.746200561523437500e+00 3.825521841645240784e-02 -4.638969600200653076e-01 -1.688740253448486328e-01 8.688024878501892090e-01
1.403638613777829409e+09 -7.491343498229980469e+00 -1.653975486755371094e+00 2.484030008316040039e+00 4.664871841669082642e-02 -4.372964501380920410e-01 -1.412415951490402222e-01 8.869310021400451660e-01
1.403638614177829504e+09 -7.111152172088623047e+00 -1.470763087272644043e+00 2.378765583038330078e+00 3.481611981987953186e-02 -3.708720207214355469e-01 -1.276273280382156372e-01 9.192132353782653809e-01
1.403638614577829361e+09 -6.706127166748046875e+00 -1.395415782928466797e+00 2.224670886993408203e+00 1.895990967750549316e-02 -3.348298966884613037e-01 -9.626235067844390869e-02 9.371568560600280762e-01
1.403638614977829456e+09 -6.374630451202392578e+00 -1.421143293380737305e+00 2.122315883636474609e+00 4.780948162078857422e-03 -2.703056335449218750e-01 -7.036812603473663330e-02 9.601877331733703613e-01
1.403638615177829504e+09 -6.136368274688720703e+00 -1.475672841072082520e+00 2.071842432022094727e+00 1.927842013537883759e-02 -2.066946029663085938e-01 -6.066659837961196899e-02 9.763326048851013184e-01
1.403638615377829552e+09 -5.897512912750244141e+00 -1.521062850952148438e+00 2.028124570846557617e+00 2.625388279557228088e-02 -1.425808072090148926e-01 -4.170470684766769409e-02 9.885556697845458984e-01
1.403638615577829361e+09 -5.665003776550292969e+00 -1.540935397148132324e+00 1.986177563667297363e+00 2.734165079891681671e-02 -9.329175949096679688e-02 -2.438274025917053223e-02 9.949646592140197754e-01
1.403638615777829409e+09 -5.320999622344970703e+00 -1.586302757263183594e+00 1.905278444290161133e+00 2.561437711119651794e-02 -5.591003596782684326e-02 -6.140242796391248703e-03 9.980883002281188965e-01
1.403638616077829361e+09 -4.978903770446777344e+00 -1.581936001777648926e+00 1.838221311569213867e+00 2.428655326366424561e-02 -6.021675653755664825e-03 1.363702677190303802e-02 9.995939135551452637e-01
1.403638616377829552e+09 -4.634650707244873047e+00 -1.475618839263916016e+00 1.803098320960998535e+00 1.849694177508354187e-02 4.959518089890480042e-02 3.609252348542213440e-02 9.979456663131713867e-01
1.403638616777829409e+09 -4.171307086944580078e+00 -1.303179979324340820e+00 1.781793236732482910e+00 -1.401482243090867996e-02 6.616003066301345825e-02 5.454939976334571838e-02 9.962183237075805664e-01
1.403638617177829504e+09 -3.552061319351196289e+00 -1.250934720039367676e+00 1.807072877883911133e+00 -1.757325232028961182e-02 6.403316557407379150e-02 2.833728305995464325e-02 9.973906278610229492e-01
1.403638617777829409e+09 -2.863438606262207031e+00 -1.471349954605102539e+00 1.930835366249084473e+00 -1.043619029223918915e-02 5.585503578186035156e-02 1.619198173284530640e-02 9.982530474662780762e-01
1.403638618377829552e+09 -2.271731138229370117e+00 -1.693250894546508789e+00 2.226710796356201172e+00 -7.055920548737049103e-03 5.710106343030929565e-02 1.295152399688959122e-02 9.982594847679138184e-01
1.403638618977829456e+09 -1.931603074073791504e+00 -1.879319310188293457e+00 2.489234685897827148e+00 8.743532933294773102e-03 9.325263649225234985e-02 2.316117286682128906e-02 9.953346848487854004e-01
1.403638619177829504e+09 -1.703230500221252441e+00 -1.973953008651733398e+00 2.715141296386718750e+00 1.662307791411876678e-02 1.673174351453781128e-01 5.370077490806579590e-02 9.842991828918457031e-01
1.403638619477829456e+09 -1.160183906555175781e+00 -2.044309377670288086e+00 3.275083065032958984e+00 3.594611585140228271e-02 2.235043644905090332e-01 1.055549383163452148e-01 9.683036208152770996e-01
1.403638620977829456e+09 -1.109578907489776611e-01 -2.122695446014404297e+00 3.684003829956054688e+00 2.946421317756175995e-02 2.151256799697875977e-01 7.021422684192657471e-02 9.736133217811584473e-01
1.403638622577829361e+09 3.484464585781097412e-01 -1.719558119773864746e+00 2.808708667755126953e+00 2.740938030183315277e-02 2.218644320964813232e-01 7.739301025867462158e-02 9.716147780418395996e-01
1.403638625077829361e+09 9.022551774978637695e-02 -1.114928603172302246e+00 1.292034626007080078e+00 1.679594255983829498e-02 1.931682676076889038e-01 8.090244978666305542e-02 9.776803255081176758e-01
1.403638626577829361e+09 4.262318462133407593e-02 -6.320022344589233398e-01 2.448793053627014160e-01 -4.876609425991773605e-03 1.958231180906295776e-01 7.259864360094070435e-02 9.779361486434936523e-01
1.403638628077829361e+09 2.404939010739326477e-02 -3.613067567348480225e-01 -3.915847092866897583e-02 -1.830754801630973816e-03 2.027962505817413330e-01 6.399427354335784912e-02 9.771259427070617676e-01
1.403638628777829409e+09 -2.800226956605911255e-02 -2.916375696659088135e-01 -8.727915585041046143e-02 1.456871442496776581e-02 2.035040408372879028e-01 6.657365709543228149e-02 9.766994714736938477e-01
1.403638629577829361e+09 -6.053595617413520813e-02 -1.963203847408294678e-01 -4.889646917581558228e-02 2.293035201728343964e-02 2.067933529615402222e-01 6.724429130554199219e-02 9.758017063140869141e-01
1.403638630377829552e+09 -6.304223835468292236e-02 -1.870665103197097778e-01 1.060061622411012650e-02 -1.001938991248607635e-02 1.982630640268325806e-01 7.002528011798858643e-02 9.775929450988769531e-01
