1.403638522277829376e+18 4.410069364599999986e+00 -1.633625258399999947e+00 5.855414445000000079e-01 5.228860975000000355e-01 7.812507884999999597e-01 -2.844066559999999799e-01 1.880164580529999907e-01
1.403638522477829376e+18 4.412855396900000393e+00 -1.629123865900000023e+00 6.611511714000000151e-01 5.334150040999999787e-01 7.788685803999999546e-01 -2.799540893999999946e-01 1.745218488040000127e-01
1.403638522577829376e+18 4.414191350800000357e+00 -1.626836243200000087e+00 7.066318335000000284e-01 5.320090084999999913e-01 7.814749183000000432e-01 -2.826570778999999978e-01 1.623833221010000105e-01
1.403638522777829376e+18 4.420686288699999800e+00 -1.615645894000000027e+00 8.021182617000000015e-01 5.456155065000000137e-01 7.774910476999999931e-01 -2.694318029000000170e-01 1.588014274569999884e-01
1.403638523077829376e+18 4.432787716500000030e+00 -1.608608054100000073e+00 9.460457288000000409e-01 5.693206013999999593e-01 7.623118867000000520e-01 -2.722680871000000002e-01 1.436131225760000074e-01
1.403638523577829376e+18 4.452396344600000333e+00 -1.633582256800000021e+00 8.463260538000000333e-01 5.513674277000000234e-01 7.724327625000000364e-01 -2.689047030999999754e-01 1.644136483089999878e-01
1.403638524077829376e+18 4.449652744199999788e+00 -1.675321747599999966e+00 6.445400966000000009e-01 5.170558047000000101e-01 7.969501855999999718e-01 -2.523955685000000004e-01 1.839026195229999938e-01
1.403638524277829376e+18 4.448628396000000151e+00 -1.678658800000000006e+00 6.919347487000000463e-01 5.108137213000000232e-01 8.041686839999999670e-01 -2.488009114999999993e-01 1.745857271800000110e-01
1.403638524477829376e+18 4.455783655600000337e+00 -1.671754713599999942e+00 8.013973041999999936e-01 5.290135652999999882e-01 7.942743418000000055e-01 -2.495234437000000138e-01 1.643501405299999940e-01
1.403638525977829376e+18 4.461983679300000283e+00 -1.649283901200000013e+00 6.621169519999999808e-01 5.187108435999999712e-01 7.948584436000000197e-01 -2.589476745000000024e-01 1.791234693050000049e-01
1.403638526277829376e+18 4.517545836600000086e+00 -1.709545780400000048e+00 6.759946185999999857e-01 5.114915329000000455e-01 7.907962304000000220e-01 -2.792258919999999756e-01 1.872181478130000021e-01
1.403638526477829376e+18 4.569888418099999683e+00 -1.773384585899999921e+00 7.037418922999999493e-01 5.230958962999999740e-01 7.753322732999999856e-01 -2.948520934000000149e-01 1.956854424360000011e-01
1.403638527077829376e+18 4.792411532200000046e+00 -2.066664792800000150e+00 7.309944131000000178e-01 5.167774323999999586e-01 7.524876069000000500e-01 -3.370045465000000018e-01 2.305025435249999921e-01
1.403638528277829376e+18 4.698022051699999757e+00 -1.816813884299999904e+00 7.443646971999999806e-01 5.261946924000000525e-01 7.488404754999999913e-01 -3.338711395999999776e-01 2.255818033939999967e-01
1.403638528777829376e+18 4.724189168099999669e+00 -1.607484048999999970e+00 7.215754332999999576e-01 5.238557031999999669e-01 7.470446306000000369e-01 -3.407394316999999839e-01 2.267072159659999919e-01
1.403638529577829376e+18 4.546444487499999632e+00 -1.655141497500000058e+00 7.105767779999999645e-01 4.769426124000000211e-01 7.748393006999999555e-01 -3.440002570999999842e-01 2.319776403849999891e-01
1.403638538977829376e+18 4.566184708699999817e+00 -1.601711986900000051e+00 5.465480799999999917e-01 4.960544235000000080e-01 7.509384342999999573e-01 -3.577342835000000276e-01 2.490936754599999969e-01
1.403638539277829376e+18 4.582757740499999954e+00 -1.585350481899999942e+00 5.683585217000000078e-01 5.154082932000000339e-01 7.368531777000000282e-01 -3.538419358000000070e-01 2.572888848809999907e-01
1.403638539477829376e+18 4.596089090499999585e+00 -1.572295290200000029e+00 6.189608275000000326e-01 5.119463244999999940e-01 7.402463176000000367e-01 -3.533786977000000218e-01 2.550879185009999883e-01
1.403638539777829376e+18 4.619301779599999769e+00 -1.550975969500000051e+00 6.990164415999999825e-01 5.091557139000000287e-01 7.441923629000000151e-01 -3.510869748000000068e-01 2.523412812120000015e-01
1.403638542077829376e+18 4.930507451299999566e+00 -5.589175541999999997e-01 9.508206254000000079e-01 5.540612027000000328e-01 8.096204148000000211e-01 -1.501465047999999969e-01 1.224213816869999943e-01
1.403638543477829376e+18 4.463316094499999664e+00 4.090124124000000250e-01 1.183276509599999970e+00 5.659417543000000439e-01 8.217922270999999945e-01 -4.594755600000000051e-02 4.750040317809999663e-02
1.403638543777829376e+18 4.299455846099999867e+00 6.073382357000000065e-01 1.195172516099999971e+00 5.659091531000000064e-01 8.241284265999999636e-01 6.964545600000000142e-03 2.259783278409999846e-02
1.403638544277829376e+18 3.990150197699999790e+00 9.603985196000000002e-01 1.298522169499999990e+00 5.657891819000000488e-01 8.201746373999999618e-01 7.472238359999999746e-02 -4.015882472480000048e-02
1.403638545977829376e+18 3.023328192700000194e+00 2.224323730400000088e+00 1.357392838500000032e+00 5.588796732999999906e-01 8.049677276000000159e-01 1.709970279999999954e-01 -1.021786903870000041e-01
1.403638546777829376e+18 2.549462863900000098e+00 2.788974261599999949e+00 1.400802469500000091e+00 5.465758492000000190e-01 7.895201160000000495e-01 2.380021193000000090e-01 -1.458349021869999873e-01
1.403638547777829376e+18 1.778940533799999946e+00 3.487746601800000068e+00 1.396105154500000056e+00 5.438409974000000258e-01 7.888250786999999598e-01 2.451975777000000023e-01 -1.478854716959999982e-01
1.403638549277829376e+18 1.728748837999999899e-01 4.501603299800000180e+00 1.525811046100000068e+00 5.231524819999999742e-01 7.627034706999999969e-01 3.202701486000000264e-01 -2.049925076649999900e-01
1.403638551477829376e+18 -2.168677371199999815e+00 6.370874591699999812e+00 2.483088647399999793e+00 5.410127362000000106e-01 7.621695357000000115e-01 2.743996427000000016e-01 -2.260700206830000003e-01
1.403638551777829376e+18 -2.304288885800000131e+00 6.646980104099999842e+00 2.565805791299999861e+00 5.472304568000000424e-01 7.858520708999999771e-01 2.082053859000000118e-01 -1.990624701110000061e-01
1.403638554077829376e+18 -1.187738495799999905e+00 8.264174607499999325e+00 3.038598292000000090e+00 5.860859272999999758e-01 7.732978629000000215e-01 1.960058682999999968e-01 -1.417582471219999973e-01
1.403638554977829376e+18 -2.625904709999999920e-01 8.181453665999999458e+00 3.178772569699999995e+00 5.607664865000000498e-01 7.915164302999999624e-01 1.930759274999999942e-01 -1.475275377980000135e-01
1.403638555977829376e+18 7.808092910999999692e-01 8.125569855900000249e+00 3.233770122800000202e+00 5.643044793999999476e-01 8.031301574000000443e-01 1.579793871999999877e-01 -1.076332573299999956e-01
1.403638557577829376e+18 2.415785853400000072e+00 8.510241050399999452e+00 3.483266125600000152e+00 5.624245635000000298e-01 8.043405892999999640e-01 1.581259167999999882e-01 -1.082174716079999932e-01
1.403638558777829376e+18 3.564604522000000220e+00 9.193119782600000178e+00 3.698887525600000004e+00 5.337259291000000516e-01 8.248890855999999605e-01 1.512724775000000021e-01 -1.086796513319999991e-01
1.403638559977829376e+18 4.338469356000000055e+00 1.041012440939999983e+01 3.723567464099999835e+00 5.635554864999999802e-01 8.051717368999999902e-01 1.586346107999999921e-01 -9.454495210459999688e-02
1.403638560277829376e+18 4.483748417000000153e+00 1.071229834570000072e+01 3.670058971600000053e+00 5.713372574999999731e-01 8.123419076000000238e-01 9.968449740000000225e-02 -6.113398743919999656e-02
1.403638560577829376e+18 4.621324945699999631e+00 1.099241000550000003e+01 3.578225499200000215e+00 5.894157456999999933e-01 8.074598951000000469e-01 1.926224749999999944e-02 -1.505199152169999985e-02
1.403638562777829376e+18 6.007139203899999558e+00 1.149669134650000046e+01 3.335777295799999820e+00 5.642094707999999459e-01 7.675896719999999451e-01 -2.535904070000000177e-01 1.678263206310000033e-01
1.403638563077829376e+18 6.179262747800000177e+00 1.141489563160000031e+01 3.345943114799999840e+00 5.517312823000000144e-01 7.432838789000000279e-01 -3.198434602999999932e-01 2.020441250180000092e-01
1.403638564777829376e+18 7.020829505300000051e+00 9.778570842500000637e+00 3.293320270500000202e+00 5.601755139999999855e-01 7.224144342999999635e-01 -3.432754509000000009e-01 2.155985702400000092e-01
1.403638565277829376e+18 7.224049457799999630e+00 8.888317606199999332e+00 3.133970731999999870e+00 5.596392739000000116e-01 7.220109810000000516e-01 -3.476583046000000232e-01 2.112764294779999885e-01
1.403638565477829376e+18 7.315900313900000285e+00 8.489963245700000272e+00 3.015469560000000104e+00 5.574192975999999744e-01 7.230898506999999809e-01 -3.456549004999999730e-01 2.166736815289999896e-01
1.403638566277829376e+18 7.608131954300000110e+00 6.757456348499999876e+00 2.698717100200000107e+00 5.385332054999999452e-01 7.323440283000000051e-01 -3.338655031000000162e-01 2.493752928890000109e-01
1.403638566977829376e+18 7.698747686899999998e+00 5.305584480200000286e+00 2.174695797800000108e+00 4.920650158000000052e-01 7.708199273000000407e-01 -3.373490114000000095e-01 2.233927134310000062e-01
1.403638567477829376e+18 7.830148688599999574e+00 4.449830180600000240e+00 1.714366016200000065e+00 5.302377421999999729e-01 7.440479140000000324e-01 -3.217410876999999836e-01 2.484417657319999972e-01
1.403638568577829376e+18 7.969178314699999710e+00 2.989961707800000035e+00 1.140264022700000046e+00 5.029895902000000030e-01 7.574840126999999868e-01 -3.304219507999999750e-01 2.530627926999999833e-01
1.403638570577829376e+18 8.017671556499999852e+00 2.352418877999999935e+00 8.378181814999999810e-01 5.192842737999999736e-01 7.297510744999999854e-01 -3.787143045999999957e-01 2.332009600989999876e-01
1.403638571277829376e+18 8.123237612200000513e+00 2.153652539799999932e+00 5.821492206999999697e-01 4.851257668999999773e-01 6.447615452999999608e-01 -4.960964669999999854e-01 3.206615590010000183e-01
1.403638572477829376e+18 8.355441196599999287e+00 9.468650188999999662e-01 4.454171406999999916e-01 3.801292542999999968e-01 5.459502015999999625e-01 -6.248279590999999966e-01 4.086932209690000151e-01
1.403638573477829376e+18 8.791121997999999493e+00 -2.941968746999999995e-01 5.019385593999999839e-01 3.441923989999999822e-01 5.488926223000000215e-01 -6.329015225999999883e-01 4.238916658610000221e-01
1.403638574477829376e+18 9.683194938799999818e+00 -1.344490672699999889e+00 6.748918580999999639e-01 3.054805690999999879e-01 3.933038393000000132e-01 -7.107385136999999631e-01 4.968344562900000039e-01
1.403638575477829376e+18 1.028027882279999972e+01 -2.386923090899999877e+00 7.309998884999999724e-01 2.622617204000000091e-01 3.709461311000000205e-01 -7.431825390999999836e-01 4.912203899300000010e-01
1.403638576277829376e+18 1.081969238179999948e+01 -3.348487704100000073e+00 8.469474994000000256e-01 2.430962342000000109e-01 3.979666183000000190e-01 -7.340080248000000473e-01 4.937195673770000126e-01
1.403638577077829376e+18 1.164810549719999955e+01 -4.235727847599999762e+00 9.367005318000000136e-01 2.462997651999999926e-01 3.941506383999999752e-01 -7.209674448999999763e-01 5.139918708599999775e-01
1.403638579277829376e+18 1.458257698170000083e+01 -5.526098249500000392e+00 1.136142571699999992e+00 2.549783629999999857e-01 3.938874735999999821e-01 -7.176618953000000189e-01 5.145873071069999583e-01
1.403638579777829376e+18 1.518401867520000081e+01 -5.679016030799999726e+00 1.191671833000000014e+00 2.945025519000000203e-01 4.046203535999999823e-01 -6.943840607000000276e-01 5.170893467810000477e-01
1.403638580077829376e+18 1.549647665060000001e+01 -5.734382982399999662e+00 1.167141018699999977e+00 3.386445726999999795e-01 4.852154347000000034e-01 -6.400296722999999632e-01 4.901508480499999765e-01
1.403638583577829376e+18 1.680350878619999833e+01 -5.585930940899999975e+00 1.652326479000000070e+00 4.245469843999999937e-01 6.319972203000000510e-01 -5.227519706000000044e-01 3.834967389569999829e-01
1.403638584277829376e+18 1.680187901389999894e+01 -5.316383933400000039e+00 1.821176021499999909e+00 4.493210998000000123e-01 6.145236461999999955e-01 -5.056442370999999492e-01 4.059496803839999779e-01
1.403638588477829376e+18 1.465822557159999917e+01 -2.900882125099999875e+00 1.823444899000000063e+00 4.284938582000000218e-01 6.270753200999999999e-01 -5.190165277999999605e-01 3.921624667060000236e-01
1.403638589577829376e+18 1.390382940149999946e+01 -2.159299655699999931e+00 1.772226840499999900e+00 4.361712343999999963e-01 6.203357084999999715e-01 -5.244392043000000170e-01 3.871715176739999875e-01
1.403638591577829376e+18 1.253035067449999929e+01 -1.037351734700000083e+00 1.726940592799999896e+00 4.016408665999999794e-01 6.390218211999999509e-01 -5.520934732000000178e-01 3.543000468559999727e-01
1.403638592577829376e+18 1.255039113980000032e+01 -5.768272115999999450e-01 1.816458455100000036e+00 4.571943478000000116e-01 6.465324329999999620e-01 -5.060610917000000208e-01 3.418644656979999974e-01
1.403638597577829376e+18 1.199178540499999990e+01 1.705062357100000092e+00 2.959212693900000080e+00 4.632706441000000175e-01 6.766948511000000499e-01 -4.196318538000000098e-01 3.890674699560000005e-01
1.403638597977829376e+18 1.139755300889999923e+01 2.483003171200000025e+00 2.922489870999999795e+00 4.595936161999999992e-01 6.882063323999999538e-01 -4.008391172999999919e-01 3.930314924539999866e-01
1.403638598277829376e+18 1.086324204850000008e+01 3.126459205499999783e+00 2.915618367400000022e+00 4.807691696999999986e-01 6.865337719999999866e-01 -4.166241707000000183e-01 3.520748296630000218e-01
1.403638598777829376e+18 9.915943244999999351e+00 4.176643473799999562e+00 2.859642201499999814e+00 4.888046533000000027e-01 7.019337971000000342e-01 -4.074771189999999987e-01 3.198770902670000083e-01
1.403638598977829376e+18 9.487572605700000494e+00 4.594040324699999900e+00 2.861780528600000206e+00 4.992178876000000209e-01 7.168998295999999826e-01 -3.803347766999999879e-01 3.036142167240000189e-01
1.403638599577829376e+18 8.332973701200000249e+00 5.758204732500000311e+00 2.915582183000000160e+00 5.175862438999999648e-01 7.633120013999999953e-01 -2.994803283999999954e-01 2.444806772120000082e-01
1.403638599977829376e+18 7.594620658300000215e+00 6.503380731800000092e+00 2.917122653399999876e+00 5.177885692000000484e-01 7.655644659000000463e-01 -3.025808910000000185e-01 2.329181195620000089e-01
1.403638600077829376e+18 7.419006734699999939e+00 6.690244861900000117e+00 2.906834573699999869e+00 5.187085188000000180e-01 7.638668776999999466e-01 -3.101992055000000192e-01 2.263301097529999972e-01
1.403638600577829376e+18 6.664548826999999953e+00 7.562764097499999671e+00 2.837508168099999839e+00 5.195555294999999463e-01 7.568437372999999857e-01 -3.479885404999999987e-01 1.901409603320000086e-01
1.403638600777829376e+18 6.452093323999999797e+00 7.865486470399999597e+00 2.849435565399999870e+00 5.128347892000000297e-01 7.607298959999999610e-01 -3.523846922000000159e-01 1.847039060160000079e-01
1.403638600977829376e+18 6.295154469399999897e+00 8.147132396599999993e+00 2.872335872999999928e+00 4.961468812000000006e-01 7.741906143000000240e-01 -3.335333800999999987e-01 2.079005756350000012e-01
1.403638601577829376e+18 5.985126881400000265e+00 9.042680431899999149e+00 2.882612148399999796e+00 5.266589315999999910e-01 7.701721691999999786e-01 -2.845240714000000226e-01 2.202527010750000014e-01
1.403638601777829376e+18 5.887581462300000013e+00 9.352265573000000387e+00 2.911789912100000155e+00 5.390962561000000042e-01 7.821272414000000062e-01 -2.404283767000000016e-01 1.996156321950000034e-01
1.403638601977829376e+18 5.778531191899999975e+00 9.656653385900000330e+00 2.962671601999999904e+00 5.508448594000000531e-01 7.942270769000000508e-01 -1.889526562000000132e-01 1.734075689050000035e-01
1.403638602977829376e+18 5.082243536500000047e+00 1.088359314650000087e+01 3.270433827400000215e+00 6.385959271000000159e-01 7.689365878999999682e-01 -2.724833230000000064e-02 1.375841736439999997e-02
1.403638604577829376e+18 4.225515921500000438e+00 1.031793165809999913e+01 3.359168812500000101e+00 5.906494411999999583e-01 8.049644139999999615e-01 5.481862769999999718e-02 -1.266680031169999977e-02
1.403638605077829376e+18 3.909522811500000028e+00 9.824984370499999287e+00 3.369102354499999841e+00 5.636275413000000345e-01 8.243746466000000384e-01 4.563416110000000081e-02 -2.545506100159999896e-02
1.403638606077829376e+18 3.221410924699999789e+00 9.051641449299999920e+00 3.491544158499999995e+00 5.802622336999999630e-01 8.100421773000000547e-01 8.052598099999999648e-02 2.535700097919999993e-02
1.403638606577829376e+18 2.604656698399999915e+00 8.671384140800000750e+00 3.491091339700000074e+00 5.522804899000000045e-01 8.317005422000000037e-01 5.707062529999999689e-02 -1.847242507919999921e-03
1.403638607577829376e+18 1.193220466499999910e+00 8.363181915500000230e+00 3.315641452499999975e+00 5.616040641999999750e-01 8.093508127999999857e-01 1.390129481000000056e-01 -1.011312870069999981e-01
1.403638608277829376e+18 4.050623870999999765e-01 8.404526736199999348e+00 3.025761161600000193e+00 5.753122352999999745e-01 8.014291954000000162e-01 1.334196407000000084e-01 -9.447897221760000186e-02
1.403638608977829376e+18 -1.704649205999999861e-01 8.399180456899999925e+00 2.584598208300000088e+00 5.763639376000000425e-01 8.009188846000000472e-01 1.303747443000000117e-01 -9.662286337809999903e-02
1.403638609777829376e+18 -5.518812953999999715e-01 8.291963570100000069e+00 2.188927270499999800e+00 5.732362557000000303e-01 8.034004156999999813e-01 1.296649726000000113e-01 -9.557699536930000517e-02
1.403638611477829376e+18 -4.511738290000000262e-01 7.698463994799999988e+00 1.400368087900000003e+00 5.924129795999999448e-01 7.886292858000000239e-01 1.415213991000000004e-01 -8.415702427129999330e-02
1.403638612477829376e+18 -5.451199340000000004e-02 6.946227541499999880e+00 1.162987075199999998e+00 5.749713412000000412e-01 8.027729345999999877e-01 1.274372125999999883e-01 -9.339876376779999989e-02
1.403638613777829376e+18 4.889706064000000074e-01 5.926294491500000206e+00 9.332849251999999485e-01 5.921058865999999643e-01 7.946074133999999622e-01 1.067758302999999992e-01 -8.129329436319999991e-02
1.403638614577829376e+18 8.625986058000000289e-01 5.142086121700000234e+00 7.158150597000000337e-01 5.847361982000000014e-01 8.110460699000000551e-01 1.037156160000000070e-02 -1.342690265560000061e-02
1.403638614977829376e+18 1.089617397700000101e+00 4.726930628099999865e+00 7.648138295999999947e-01 5.691158585000000159e-01 8.197788357999999942e-01 -6.321722550000000163e-02 8.566349011699999488e-03
1.403638615577829376e+18 1.581875183099999971e+00 4.162526588200000432e+00 9.447291458000000031e-01 5.646449016000000265e-01 7.879043398999999726e-01 -2.014108075999999914e-01 1.407713492479999995e-01
1.403638615777829376e+18 1.742700300799999935e+00 3.973876144800000176e+00 9.867814115999999913e-01 5.593382701000000345e-01 7.797967638999999673e-01 -2.301951151999999945e-01 1.614556149259999962e-01
1.403638616077829376e+18 1.973554587700000029e+00 3.687218168199999813e+00 1.070701998699999935e+00 5.522011397999999627e-01 7.694143722999999824e-01 -2.646480955000000135e-01 1.817603105779999895e-01
1.403638616777829376e+18 2.498889726499999853e+00 2.997606865099999851e+00 9.254146924999999690e-01 5.066860022000000408e-01 7.478808622000000517e-01 -3.653061670000000150e-01 2.247107374010000047e-01
1.403638617777829376e+18 3.482242437400000057e+00 2.191655067200000140e+00 8.469541045999999795e-01 4.962995994000000133e-01 7.623570701999999866e-01 -3.407576895000000161e-01 2.374502098479999990e-01
1.403638618977829376e+18 4.902435010199999610e+00 1.930834734899999905e+00 1.153195699799999918e+00 5.036437513000000532e-01 7.501988172000000343e-01 -3.452660010999999973e-01 2.536456091720000194e-01
1.403638619477829376e+18 5.494329011699999654e+00 1.989016056299999891e+00 1.183370115800000066e+00 4.824046028000000264e-01 6.929574862999999807e-01 -4.324915102999999927e-01 3.163017782190000182e-01
1.403638620977829376e+18 6.867677454899999923e+00 1.859977306200000013e+00 1.025707785100000047e+00 4.694528380999999917e-01 6.756091789999999486e-01 -4.652914456000000198e-01 3.266039509179999856e-01
1.403638622577829376e+18 7.697993714499999918e+00 1.340094049600000004e+00 7.962899612999999599e-01 4.883871088999999777e-01 6.691749195999999733e-01 -4.433804940000000139e-01 3.421939456809999780e-01
1.403638625077829376e+18 6.327606081699999940e+00 -2.643060820000000047e-02 8.958871679000000032e-01 4.858203833999999999e-01 6.766295898999999947e-01 -4.478526824999999878e-01 3.249291121360000090e-01
1.403638626577829376e+18 5.219895235700000136e+00 -1.084496390300000002e+00 9.015622609000000232e-01 4.725073249999999780e-01 6.898642208999999914e-01 -4.431230784999999894e-01 3.232121932659999808e-01
1.403638628077829376e+18 4.687970411900000300e+00 -1.677906734500000052e+00 7.508854015000000492e-01 4.632577608999999819e-01 6.963445762000000094e-01 -4.418288952000000158e-01 3.244745068839999802e-01
1.403638628777829376e+18 4.594200141199999976e+00 -1.698097594500000085e+00 7.081360592000000009e-01 4.842025663999999785e-01 6.795685845000000169e-01 -4.530298414000000218e-01 3.138445099480000056e-01
1.403638629577829376e+18 4.521981088200000443e+00 -1.720160918799999994e+00 6.634980955999999486e-01 4.595626328999999899e-01 6.956729898000000301e-01 -4.516033116000000014e-01 3.176408769340000049e-01
