1.403715278662142976e+18 9.673526672450539765e-01 2.154160949695426375e+00 9.526458782253407476e-01 -6.372661173327340833e-01 5.178112175959588281e-01 -3.655666333806695811e-01 4.383200602187583006e-01
1.403715278862142976e+18 9.983359533991258417e-01 2.170056968130051889e+00 1.007340722975116343e+00 -6.286055411001374438e-01 5.161926969730021852e-01 -3.681822616969703810e-01 4.503798346525352825e-01
1.403715280562142976e+18 1.139667267924284300e+00 2.218520812129991526e+00 1.183852929260388764e+00 -6.372349168766187066e-01 5.245172339776956738e-01 -3.732127434108136188e-01 4.237045906400004891e-01
1.403715280962142976e+18 1.223590867271664440e+00 2.264271291209941417e+00 1.236924780562628445e+00 -5.805241331307882113e-01 5.811054556888423095e-01 -4.071270519015464107e-01 3.994442937774492774e-01
1.403715281462142976e+18 1.326367039688309379e+00 2.315682367748234327e+00 1.269244300099322986e+00 -5.406814086190212532e-01 6.204577956832756369e-01 -4.333583281148218336e-01 3.672823132184941941e-01
1.403715281662142976e+18 1.372724168919471133e+00 2.331187418656272659e+00 1.270562527733305025e+00 -5.115772107501944665e-01 6.456357945136735887e-01 -4.513969045929008272e-01 3.430510352814810093e-01
1.403715281862142976e+18 1.423005017903837377e+00 2.343793750485423821e+00 1.262898843055708431e+00 -4.720451680304043052e-01 6.760834756495415210e-01 -4.713438663169636778e-01 3.129208413930899546e-01
1.403715281962142976e+18 1.448573311767372918e+00 2.348261507645690749e+00 1.254338563977207777e+00 -4.510874418676305009e-01 6.904113108648158859e-01 -4.809420141672437476e-01 2.975686822029467993e-01
1.403715282062142976e+18 1.476205293226023230e+00 2.353759575943346505e+00 1.246137858791636521e+00 -4.298664690170052594e-01 7.042230134419521503e-01 -4.891929039504395171e-01 2.827986366270607843e-01
1.403715282462142976e+18 1.665858064664848204e+00 2.381039724675205083e+00 1.175136735711137970e+00 -3.135657063337244366e-01 7.605020130701520831e-01 -5.337307374909363578e-01 1.960732918708207317e-01
1.403715282862142976e+18 1.820757394305663635e+00 2.398152925132321478e+00 1.116410885848898138e+00 -2.301509080492583625e-01 7.837619343222433921e-01 -5.566762090048598122e-01 1.511932146610234506e-01
1.403715284362142976e+18 2.252790972778786482e+00 2.352094349291624642e+00 9.345951023369305499e-01 -1.124838342258445006e-01 8.039795110322885963e-01 -5.799897609537493226e-01 6.764769077320390012e-02
1.403715285162142976e+18 2.278646972657330849e+00 2.295184831591418284e+00 1.091925403714502751e+00 -1.136655969854460067e-02 8.243244780646600267e-01 -5.652937884621348497e-01 2.833529442536919171e-02
1.403715286062142976e+18 2.170632186670244490e+00 2.167205510336712049e+00 1.286644792197188414e+00 -2.344150489685300001e-02 8.249641686361814941e-01 -5.646887968838425476e-01 3.343499433669537991e-03
1.403715287662142976e+18 2.077877303110846174e+00 1.699328364004335956e+00 1.512633126974755715e+00 -1.102214155241700994e-01 -8.041878189237777752e-01 5.791955767365327690e-01 7.527068050243840291e-02
1.403715288062142976e+18 1.964976789121197331e+00 1.592442955180561448e+00 1.550321784724903340e+00 -1.808735392779252660e-01 -7.911570049616101219e-01 5.698016414725036727e-01 1.291566710026723908e-01
1.403715289162142976e+18 1.834931494315242606e+00 1.569213375520535303e+00 1.395288385685769628e+00 -2.384061971027365556e-01 -7.836938799042711956e-01 5.410909579857690055e-01 1.902812733025606717e-01
1.403715291362142976e+18 1.468358406858440102e+00 8.772946064311599734e-01 1.286377673797647558e+00 -3.152781810791576711e-01 -7.605893496196832748e-01 5.243286731644806187e-01 2.172163720305176071e-01
1.403715292362142976e+18 1.222207172366541306e+00 7.192113719055801546e-01 1.215121933379473829e+00 -2.365494688820658498e-01 -7.891225235367074209e-01 5.371519475991429760e-01 1.811015648996966154e-01
1.403715292662142976e+18 1.121949519329607625e+00 6.046605085710021754e-01 1.210161343152394320e+00 -1.450145787170963319e-01 -7.942620784671730050e-01 5.724034331475501558e-01 1.430833057676813569e-01
1.403715292962142976e+18 1.069377595515038637e+00 4.969991409747023248e-01 1.283374271725900906e+00 -8.578547575142014825e-02 -8.080013614246397413e-01 5.782873224390800981e-01 7.320126223140306643e-02
1.403715293862142976e+18 8.914108805290058557e-01 2.494678329766040203e-01 1.561106698211187194e+00 -1.061095714676382751e-01 8.041885888286953721e-01 -5.799871032189113373e-01 7.507617824850265631e-02
1.403715294462142976e+18 7.990762456101443423e-01 2.129874221070566787e-01 1.458093785182888791e+00 -1.870190798180162428e-01 7.935224350142064953e-01 -5.657839659870347315e-01 1.234281683617218794e-01
1.403715294862142976e+18 7.100558973722383982e-01 1.936348980882005577e-01 1.352593356873539765e+00 -2.677901111286259961e-01 7.734533488673107637e-01 -5.497505211748406895e-01 1.668314657840404558e-01
1.403715295862142976e+18 4.712929996278141243e-01 2.309776418284972266e-01 1.171667347683269300e+00 -4.206924096863500218e-01 7.032784257805213546e-01 -4.853443585655557446e-01 3.047264443276178625e-01
1.403715296462142976e+18 2.780211138231167833e-01 9.121209918450334797e-02 1.122982230957501493e+00 -5.065385660254292377e-01 6.554633958582372077e-01 -4.435773220032565023e-01 3.420900133346606586e-01
1.403715297362142976e+18 2.650703355283341445e-01 -2.468684440407686864e-02 1.089022860142834670e+00 -5.743940260814657250e-01 6.068377547620595891e-01 -3.942656083572817494e-01 3.825886462820471956e-01
1.403715297862142976e+18 3.897827217000409683e-01 -2.546701457109539213e-01 1.059638507347507197e+00 -6.042586105774641059e-01 5.322558553379261870e-01 -3.742764198138118781e-01 4.598830259672997967e-01
1.403715299062142976e+18 4.352863578966697511e-01 -4.248214409852208995e-01 1.122868445867997611e+00 -7.169555910949945154e-01 4.269439963522460024e-01 -2.728702982183493497e-01 4.787852386264946358e-01
1.403715299562142976e+18 4.945169268658201056e-01 -3.377303707998176030e-01 1.147594462554853756e+00 -7.413244241962322345e-01 3.641006440269483058e-01 -2.363493244986507036e-01 5.118669904558387218e-01
1.403715299862142976e+18 6.212609218978455417e-01 -2.330029930433989982e-01 1.158124044621589022e+00 -7.662797117225621513e-01 2.706964968380631831e-01 -1.915640121294172049e-01 5.503108569334859146e-01
1.403715300362142976e+18 8.543545254420249480e-01 -2.121264364193451435e-01 1.171162999673589500e+00 -7.542069950675837076e-01 2.423051076545945925e-01 -2.235655190435917594e-01 5.678719064105833825e-01
1.403715301662142976e+18 6.700033021277702616e-01 -3.835971544508454123e-01 1.098049357116909652e+00 -7.686009423154614995e-01 2.641052867656841219e-01 -2.114766802498508069e-01 5.429351735563854309e-01
1.403715302362142976e+18 3.805925822823462146e-01 -4.758238583021294765e-01 1.086369326040423910e+00 -7.697104873214642984e-01 2.980876264331346337e-01 -2.029065516115833856e-01 5.268002125928855639e-01
1.403715303062142976e+18 2.156147371949054259e-01 -4.500470458884420211e-01 1.060890722610226211e+00 -7.949651212635776565e-01 2.515517368816478361e-01 -1.655602354984748170e-01 5.266326879979069675e-01
1.403715303362142976e+18 1.533407641236718133e-01 -3.922765657572369058e-01 1.049768755411119914e+00 -8.039739442489886034e-01 1.636412647762356953e-01 -1.350732796767951660e-01 5.555201549435556663e-01
1.403715303662142976e+18 7.863602975644568005e-02 -3.210587616361304519e-01 1.046325531220812177e+00 -8.056876531994512369e-01 1.000379813112012156e-01 -7.103684126878220817e-02 5.794942406613670105e-01
1.403715303962142976e+18 -6.791472768213679956e-02 -2.387290504740398056e-01 9.520428008880431614e-01 -8.081544175472625824e-01 7.111841827309127451e-02 -5.190199735968104716e-02 5.823528059958623659e-01
1.403715305462142976e+18 -1.989486607932637874e-01 -2.864261617391905546e-01 1.204929800975578225e+00 -8.198839059638511895e-01 6.186268728148223289e-02 -3.364133505089180604e-02 5.681827604211219240e-01
1.403715306462142976e+18 -1.279759296667745128e-01 -2.974363535730835117e-01 1.343338960152592687e+00 -7.875702832433483236e-01 1.310903037580617159e-01 -5.372383628452933463e-02 5.997183760962178090e-01
1.403715307062142976e+18 4.782346950058335988e-02 -5.259008176065176343e-01 1.403789406609901036e+00 -7.713037758301555247e-01 2.197335216017948789e-01 -2.234685974152046395e-01 5.539579865331849540e-01
1.403715307362142976e+18 3.150180051810569370e-02 -6.629678316371636626e-01 1.333300296414788866e+00 -7.645614537537691602e-01 3.022598400955645581e-01 -2.340396526726465642e-01 5.189510704066366831e-01
1.403715307962142976e+18 -1.082323651344241355e-02 -8.369104029635776598e-01 1.179671947912738439e+00 -7.149326179478560084e-01 4.201498303468676476e-01 -3.067079642856513355e-01 4.671998464227861136e-01
1.403715308362142976e+18 3.241690887426654788e-01 -9.593130769962741056e-01 1.174561241426494096e+00 -6.790972902848333437e-01 4.460928678888304022e-01 -2.942569402526060141e-01 5.032304409112084986e-01
1.403715310562142976e+18 4.205346716085213710e-01 -1.335976776003233724e+00 1.213274714308683055e+00 -6.495898925046301731e-01 5.072202392768737633e-01 -3.513319075975437356e-01 4.442144652390385695e-01
1.403715311462142976e+18 5.249749385878059726e-01 -1.582074709665556966e+00 1.232975934096758319e+00 -6.453803071950099390e-01 5.174486146805433728e-01 -3.554016714137850919e-01 4.352250477699424192e-01
1.403715312062142976e+18 7.425331208150095508e-01 -1.783333723045072983e+00 1.262163053340882080e+00 -6.347502916169532883e-01 5.260257378282430230e-01 -3.696227888489815316e-01 4.286816819015554780e-01
1.403715312662142976e+18 9.851187735747953811e-01 -1.948441865970819808e+00 1.256703429945432271e+00 -6.280021499049361910e-01 4.989212445287116715e-01 -3.968867013586039882e-01 4.462867214665767746e-01
1.403715313862142976e+18 1.020889571892237946e+00 -2.017719932967906526e+00 1.481015357000023069e+00 -6.148931963888280006e-01 5.417367641022536873e-01 -4.053216906142887987e-01 4.051443725048206046e-01
1.403715314462142976e+18 9.930107269598555941e-01 -1.662877401432515168e+00 1.501273201351470465e+00 -5.280068612459281052e-01 6.236985802630243825e-01 -4.461916955470058843e-01 3.648586113551374743e-01
1.403715315962142976e+18 9.615126502279781606e-01 -1.558706997876064371e+00 1.492640239011174375e+00 -4.565186308461607334e-01 6.799581958470779508e-01 -4.778211988284311040e-01 3.177018941411820507e-01
1.403715316962142976e+18 1.057059571193568859e+00 -1.394499792113522929e+00 1.318345707095692099e+00 -3.263574555014251422e-01 7.484290948481584493e-01 -5.376537624003409066e-01 2.104118176342759383e-01
1.403715317362142976e+18 1.157113291481952411e+00 -1.308176931191377346e+00 1.247204896490390125e+00 -2.314982415265960936e-01 7.852876988668719971e-01 -5.547430322436748273e-01 1.482968723728180782e-01
1.403715318162142976e+18 1.227830537946636547e+00 -1.182300040793953677e+00 1.111867157392547156e+00 -6.378376826873931316e-02 8.265320394971291673e-01 -5.586227530348406578e-01 2.677757236815336145e-02
1.403715318862142976e+18 1.167869535575379425e+00 -1.329088167705814172e+00 1.049035084625979053e+00 -1.830441309293208765e-02 -8.242144846595574892e-01 5.637504376872894962e-01 5.020832347423319353e-02
1.403715319462142976e+18 1.187774249714692587e+00 -1.520708481649610810e+00 1.030208630662759806e+00 -8.657823338831764637e-02 -8.113676749177460845e-01 5.700416280363796995e-01 9.612100658837313683e-02
1.403715319962142976e+18 1.294250076236845182e+00 -1.792173007394091133e+00 1.146145544750134526e+00 -1.220978797698544088e-01 -8.054195107063175652e-01 5.675914670079761359e-01 1.192956248528666968e-01
1.403715320362142976e+18 1.416156629884559370e+00 -2.012859517090996420e+00 1.237177102305929921e+00 -2.292016208872587890e-01 -7.684548717225706538e-01 5.737449854251049919e-01 1.666145816189149587e-01
1.403715321862142976e+18 1.453688161784145283e+00 -1.978831015859161102e+00 1.411599591732841663e+00 -3.567677270908035103e-01 -7.220675075978101320e-01 5.536188819937218897e-01 2.117579676847359260e-01
1.403715322162142976e+18 1.376656512522146825e+00 -1.862640622540765012e+00 1.423281155807216702e+00 -3.586514983660574751e-01 -7.312999701108868766e-01 5.290077554200502963e-01 2.381601375987135727e-01
1.403715322362142976e+18 1.288894710326711213e+00 -1.743649763145685760e+00 1.423852095775478777e+00 -3.739325707011504352e-01 -7.320571540127061017e-01 5.031482824747565141e-01 2.666618864223925245e-01
1.403715322562142976e+18 1.194068342379259295e+00 -1.634147378628442837e+00 1.386713289327333065e+00 -3.928522672107935820e-01 -7.286843459523149047e-01 4.859517972988705581e-01 2.802446624172951761e-01
1.403715322862142976e+18 9.807794764631493356e-01 -1.487438834358945083e+00 1.339499280216160715e+00 -3.953003518082416901e-01 -7.247436769609629792e-01 4.819060037856076062e-01 2.936849299517589329e-01
1.403715323362142976e+18 6.174547100091170027e-01 -1.479598254734525220e+00 1.348860154675814327e+00 -3.868968982689452440e-01 -7.166793498654427941e-01 4.951277971331577432e-01 3.025391943077480050e-01
1.403715324362142976e+18 5.682429389005051457e-01 -1.416029843937227639e+00 1.550770074903090823e+00 -4.042910455676028136e-01 -7.118824297204935370e-01 5.109753251887468872e-01 2.620617747351847715e-01
1.403715327162142976e+18 5.760761821348554523e-01 -9.434166969958073246e-01 1.426623857096000147e+00 -4.271718397937131484e-01 -6.998762590257280314e-01 5.059545423458271518e-01 2.677824535309042409e-01
1.403715327862142976e+18 4.341707718606851452e-01 -5.498658729964338576e-01 1.363841200851803492e+00 -3.247886932966843609e-01 -7.372239839011901497e-01 5.349225921652268623e-01 2.546977083892278948e-01
1.403715328562142976e+18 4.183780832713984710e-01 -2.629915264642304074e-01 1.329299306538303860e+00 -2.709588838729154459e-01 -7.675409257164524934e-01 5.429158886465317302e-01 2.066507886648910608e-01
1.403715329162142976e+18 4.746226801410973750e-01 -1.880798326085848515e-01 1.294188129556919975e+00 -1.854593728197620195e-01 -7.962444576637504046e-01 5.598190046309493573e-01 1.349157764202299770e-01
1.403715330162142976e+18 5.154563234952027617e-01 -1.221863727609333594e-01 1.232309342295681454e+00 -1.128674954851067169e-01 -8.047162721498828386e-01 5.808372472005933762e-01 4.817408083764912474e-02
1.403715331362142976e+18 3.857700259197927029e-01 -6.360799100456082655e-02 1.424843609888926110e+00 -4.109209979107659311e-02 -8.125351357136596508e-01 5.799355596405482149e-01 4.210509743426697066e-02
1.403715332162142976e+18 1.409408630728803402e-03 -1.164089664121599199e-01 1.536622273706376607e+00 -3.665093075577741805e-02 -8.089515219115799294e-01 5.864010688276000138e-01 1.969596277216301497e-02
1.403715333162142976e+18 -2.924710110350295933e-01 -1.631463669582173814e-01 1.542412823083687101e+00 -6.746968578939334729e-03 -7.981569921360702757e-01 6.023260052881254101e-01 1.016256232180768118e-02
1.403715333862142976e+18 -7.031694847509306623e-01 -7.674429885119460337e-02 1.515753195331969838e+00 -3.556863524216830053e-02 8.198841437654711406e-01 -5.707794394714539310e-01 2.712368827468912211e-02
1.403715334862142976e+18 -1.081184456924101589e+00 -1.576767138914751953e-01 1.514941674657515058e+00 -4.972782628753485284e-02 8.177969407614956721e-01 -5.730365957163601198e-01 1.908839814287500991e-02
1.403715335862142976e+18 -1.427157360999515179e+00 -3.864053697455367420e-01 1.496436259531538804e+00 -1.118672310947731730e-01 7.997881330445825165e-01 -5.852620285937488731e-01 7.275316305549223150e-02
1.403715336662142976e+18 -1.627451317402276665e+00 -5.579599795163887599e-01 1.494093614993775354e+00 -1.192026604341816787e-01 8.059498336439921973e-01 -5.758231233362921531e-01 6.828852045454820996e-02
1.403715337462142976e+18 -1.760220853347661762e+00 -7.908619889708510264e-01 1.563042386838118691e+00 -1.673696788496439603e-01 8.006270581367991301e-01 -5.626126369867990862e-01 1.202111687146522889e-01
1.403715337962142976e+18 -1.828762014325437724e+00 -9.573613861357661570e-01 1.590484258735305190e+00 -1.628770769285937670e-01 7.976918185315313714e-01 -5.694686776024673325e-01 1.134206581216711945e-01
1.403715338562142976e+18 -1.940504392837607561e+00 -1.198953727685898141e+00 1.634835607541275104e+00 -2.215674464209217431e-01 7.831084069481486498e-01 -5.590371446534436739e-01 1.585135973706029711e-01
1.403715339162142976e+18 -2.096558189431620534e+00 -1.504279696603149308e+00 1.647484956765234987e+00 -2.659617175328671812e-01 7.724392200989430579e-01 -5.497750873299483976e-01 1.742107040662304318e-01
1.403715340562142976e+18 -1.903129063824069434e+00 -1.897465704503349837e+00 1.675266215038299755e+00 -3.728312574557405279e-01 7.384357984285128129e-01 -4.958760855444269700e-01 2.642278048358125409e-01
1.403715341662142976e+18 -1.565619643313548082e+00 -2.158843152204354077e+00 1.758447741147251442e+00 -3.579268019451615213e-01 7.430407639435541167e-01 -5.125682930230788248e-01 2.388568034511375227e-01
1.403715342462142976e+18 -1.441080430376423083e+00 -2.195773357721912955e+00 1.756412098490567342e+00 -4.121138293167018185e-01 7.170492324155961494e-01 -5.038369432731225617e-01 2.493008715815591414e-01
1.403715342862142976e+18 -1.268080714088865246e+00 -2.229662484368084563e+00 1.757872248862120124e+00 -4.399690795477828043e-01 6.915214107465222915e-01 -4.933072622475707658e-01 2.913302121902622832e-01
1.403715343362142976e+18 -9.774898695203293464e-01 -2.277091715316827081e+00 1.717661729796158498e+00 -4.496156841383935343e-01 6.925772416351971827e-01 -4.860130453611256618e-01 2.863107065489350345e-01
1.403715343962142976e+18 -6.897236064073065664e-01 -2.293238568378690001e+00 1.702262833853024349e+00 -4.571032678156852769e-01 6.741878106767202894e-01 -4.949354060553563528e-01 3.025993098471514431e-01
1.403715344662142976e+18 -3.379977615014179149e-01 -2.126499569424449732e+00 1.656751675991882777e+00 -5.156426004201773994e-01 6.299259718704862676e-01 -4.890023653312062790e-01 3.133411324665606457e-01
1.403715345062142976e+18 -1.684133906505231870e-01 -1.880485973948146761e+00 1.628375572375459601e+00 -5.013240159881989788e-01 6.361862976951938586e-01 -4.782607348735173902e-01 3.394228853459787532e-01
1.403715345462142976e+18 -3.981639537512338123e-02 -1.589556383303913467e+00 1.596444899521116234e+00 -5.000744990608840812e-01 6.393836775470707057e-01 -4.726341667292844329e-01 3.431194438027444504e-01
1.403715345862142976e+18 4.792716397226215452e-02 -1.291359616498580554e+00 1.553562868597101243e+00 -5.089827672791032986e-01 6.552418278502679660e-01 -4.489174057691883157e-01 3.317647546768761058e-01
1.403715346362142976e+18 2.256791426894131369e-01 -8.947109493328722074e-01 1.544377567787936112e+00 -4.849978584658213854e-01 6.546548394626569012e-01 -4.644883319118850995e-01 3.470658553782031697e-01
1.403715347062142976e+18 3.750643447921628848e-01 -5.431573619401963704e-01 1.562681871215418017e+00 -5.007919553894883968e-01 6.487943314413924245e-01 -4.617754856699413102e-01 3.391706557781489773e-01
1.403715347462142976e+18 4.329797733630100787e-01 -4.058831814858425702e-01 1.585521691012484524e+00 -5.409799181485123176e-01 6.064253796405912889e-01 -4.600922144907854672e-01 3.576368846368594423e-01
1.403715347862142976e+18 4.824918403165135983e-01 -2.452343498894093976e-01 1.612002193302002562e+00 -5.488528296754663360e-01 5.987677149992775005e-01 -4.271282613632732539e-01 3.972395287185870316e-01
1.403715348062142976e+18 5.108327594793626858e-01 -1.043914806757477720e-01 1.631498614605366715e+00 -5.888608636374631500e-01 5.640552299779733048e-01 -3.796239739136571534e-01 4.370013950099470024e-01
1.403715348362142976e+18 5.895952362297187666e-01 1.413050807572391321e-02 1.523783693030813291e+00 -6.321052415981512906e-01 5.182600039762301769e-01 -3.350110081664929851e-01 4.686332854481965460e-01
1.403715349662142976e+18 7.449177548777263791e-01 -1.482195500577545566e-01 1.315000420656162516e+00 -6.615701209772886227e-01 4.641663597246893924e-01 -3.410159574364436397e-01 4.801902563606759156e-01
1.403715349962142976e+18 7.621731563412403876e-01 -3.586536777635380702e-01 1.195003939693575878e+00 -7.185023935662961936e-01 4.083076512917405143e-01 -2.854797916631025556e-01 4.853251084459952458e-01
1.403715350462142976e+18 1.053299083804648539e+00 -1.616628230533483368e-01 1.062192920770889115e+00 -7.144523347431338545e-01 3.845955683162343708e-01 -3.063042705123628084e-01 4.978170387577017797e-01
1.403715351962142976e+18 1.069056528721555877e+00 1.206295406085544641e-02 1.087473106242185628e+00 -7.304003338400313350e-01 3.671986063089621166e-01 -2.600460160016977995e-01 5.138643842618124680e-01
1.403715352162142976e+18 1.081108960670997154e+00 1.818027549905030238e-01 1.123029835105978425e+00 -7.429832294626000921e-01 3.482931742193243196e-01 -2.308836033334396021e-01 5.228389304951567285e-01
1.403715352562142976e+18 1.215173401514809015e+00 5.477655971773398580e-01 1.204239736010832562e+00 -7.427222234750993080e-01 3.263057556876151621e-01 -2.314475550447125107e-01 5.369546366548701988e-01
1.403715353962142976e+18 1.310191213880286920e+00 8.042807498510755604e-01 1.194018978803113251e+00 -7.653753788175813311e-01 2.950548434862333980e-01 -1.996543422554302172e-01 5.359862987555836789e-01
1.403715355462142976e+18 1.368851528491226821e+00 8.376227028862541779e-01 1.275752207529043059e+00 -7.871857691990613581e-01 2.207830747616377487e-01 -1.539268384130731693e-01 5.548873102580693661e-01
1.403715355962142976e+18 1.492571716007792260e+00 1.102019878144366416e+00 1.386144656381958384e+00 -8.068736508802866192e-01 1.809916965111609266e-01 -1.109766682494223583e-01 5.512541123777555674e-01
1.403715357062142976e+18 1.543759164500206893e+00 1.260599860098952085e+00 1.435618987579914352e+00 -8.130933410544112228e-01 9.820462960595899293e-02 -7.280354689006675317e-02 5.691526271723227337e-01
1.403715358562142976e+18 1.496605096608155661e+00 2.006179395945296484e+00 1.472342820310611033e+00 -8.106835703794399439e-01 4.106736177708614904e-02 -4.959621611459894691e-02 5.819328448030988143e-01
1.403715358962142976e+18 1.349052243075540058e+00 2.307545658668379129e+00 1.435430449178919377e+00 -8.033240216909578457e-01 2.335445933930794041e-02 -1.718296672493552224e-02 5.948359698755308900e-01
1.403715360862142976e+18 8.564094744613923726e-01 2.691341275810428257e+00 1.496670526309452187e+00 -7.949448319765728410e-01 1.909116030718259471e-01 -1.370344412381478694e-01 5.593183671584837091e-01
1.403715361962142976e+18 8.107778123791075098e-01 2.853286601313063109e+00 1.492557161914114916e+00 -7.409223437928788014e-01 3.660844492365926683e-01 -2.631103715639014351e-01 4.977842794535737858e-01
1.403715362362142976e+18 8.178734886881479094e-01 3.003348315558653780e+00 1.445760428805574094e+00 -6.902874574457251722e-01 4.513196713022905593e-01 -3.306674375971834778e-01 4.587731750022241983e-01
1.403715363162142976e+18 8.802388837426653456e-01 3.336525016291083112e+00 1.464580880026206788e+00 -5.252268715939854005e-01 6.282180592839035072e-01 -4.064588082024817584e-01 4.053024063335662897e-01
1.403715363662142976e+18 8.926666331910186880e-01 3.245993073581960431e+00 1.499137645382252249e+00 -4.714276165036998534e-01 6.641189050806041161e-01 -4.667880805398519350e-01 3.446896722823306058e-01
1.403715364062142976e+18 8.764676623868281613e-01 3.140421668454504101e+00 1.534253850990952239e+00 -4.067565231746875232e-01 7.061335078038218915e-01 -4.937962348057442497e-01 3.034631419187177048e-01
1.403715365162142976e+18 6.942558651747573473e-01 2.806168803100417719e+00 1.710682181479339814e+00 -3.272286868881140176e-01 7.430505300043096506e-01 -5.402529405804129548e-01 2.211878308859056008e-01
1.403715366362142976e+18 3.498843781239164841e-01 2.645312187226890543e+00 1.772042789289710374e+00 -2.266427272882465815e-01 7.866313969625061686e-01 -5.516904264495277044e-01 1.596301752304364052e-01
1.403715367062142976e+18 -4.910122241901659912e-02 2.355363179453441091e+00 1.818380615796418187e+00 -2.488452106623385562e-01 7.945378871082017236e-01 -5.250023967227451793e-01 1.765165445940519995e-01
1.403715367962142976e+18 -2.103665766414779537e-01 1.995111506166156401e+00 1.855451069615750681e+00 -2.450255912139534809e-01 7.785008428126100055e-01 -5.476991896282846772e-01 1.841860338647558215e-01
1.403715368662142976e+18 -4.911205971959191618e-01 1.549603303540951549e+00 1.841368051472668910e+00 -2.458427436619758377e-01 7.769952313139891764e-01 -5.535036999979536798e-01 1.716782164185301773e-01
1.403715369362142976e+18 -7.512122889853934948e-01 1.215323374675172818e+00 1.827296842285418332e+00 -3.475706728932590472e-01 7.495505629585248464e-01 -5.147312189520486525e-01 2.289549151016928297e-01
1.403715370862142976e+18 -9.084045396943755124e-01 3.484061086411167629e-01 1.785311018238358916e+00 -3.994765360397563025e-01 7.351645466442059407e-01 -4.862681645171670897e-01 2.519818618238257590e-01
1.403715371562142976e+18 -7.442844418392670081e-01 -8.602589273728433739e-02 1.752777135960948307e+00 -3.814850609085596589e-01 7.259917376652582632e-01 -4.960155154472202788e-01 2.852608518198735399e-01
1.403715373162142976e+18 -3.206937540454645186e-01 -1.207842604342217907e+00 1.812941434328788182e+00 -4.338044729055837156e-01 6.896332634374296999e-01 -4.912150784830922601e-01 3.081028852811982244e-01
1.403715373862142976e+18 -1.842762874037188192e-01 -1.527089309693791197e+00 1.822337676863910572e+00 -5.103667251330339383e-01 6.347951548164240121e-01 -4.645914226236083078e-01 3.474416890978200834e-01
1.403715375162142976e+18 3.635451324730135658e-01 -1.769545955256494718e+00 1.826757769597003200e+00 -5.777468462729686838e-01 5.818450384667819275e-01 -4.172277219380464142e-01 3.919004476644754043e-01
1.403715375962142976e+18 7.224364603687412068e-01 -1.670181876407866195e+00 1.777999970278964836e+00 -5.630527396089166636e-01 5.850335045077997842e-01 -4.243369382189929873e-01 4.008061549990795669e-01
1.403715377162142976e+18 9.698763088884156947e-01 -1.254398761150241182e+00 1.650859589787091686e+00 -5.840656902710718024e-01 5.540207276808023495e-01 -4.240598243557322511e-01 4.148512602314183839e-01
1.403715378162142976e+18 8.144176606395366891e-01 -8.170646986849328108e-01 1.580067850997563417e+00 -5.808192548558207546e-01 5.689204388567915549e-01 -3.960718456984336777e-01 4.267383513170109888e-01
1.403715378662142976e+18 6.741553639453390367e-01 -5.619382839806545960e-01 1.551917685537308245e+00 -5.990183786393113996e-01 5.760024780960145696e-01 -3.856006116751918844e-01 4.008868862351301909e-01
1.403715379462142976e+18 6.990870424377566561e-01 -1.811263275180254873e-01 1.613589247491825640e+00 -6.060981298263400374e-01 5.578789012232117095e-01 -4.124960320787592338e-01 3.889257154139781902e-01
1.403715380062142976e+18 7.644588384439758855e-01 8.408815634267918782e-02 1.650564158090578104e+00 -5.904066329895117926e-01 5.591519419629580323e-01 -4.132451380704544319e-01 4.098750655775138529e-01
1.403715380462142976e+18 8.105243079738868595e-01 3.658037052294247360e-01 1.671256751176494637e+00 -5.921574220228131846e-01 5.608912343414627077e-01 -4.113039396492346178e-01 4.069148313974621511e-01
1.403715380862142976e+18 8.400672726090236964e-01 6.540760167289183524e-01 1.698619783181862353e+00 -5.925357341899206709e-01 5.560923168617462053e-01 -4.152595710511720051e-01 4.089281446485960592e-01
1.403715381862142976e+18 7.909937836855129856e-01 1.562780225582849791e+00 1.691473707773354596e+00 -5.418199014463298546e-01 6.250469756338141725e-01 -4.348997964611325262e-01 3.558224833899303885e-01
1.403715383562142976e+18 1.140519658479899334e+00 2.283592066806055421e+00 1.646515510469846344e+00 -4.210700054209815524e-01 7.117117534574339821e-01 -4.770515939085765988e-01 2.976377114456542627e-01
1.403715383862142976e+18 1.363393946762182063e+00 2.417595030040850190e+00 1.605732262483037021e+00 -3.411426159185270146e-01 7.459072742486264618e-01 -5.164011823706678994e-01 2.461175992760885611e-01
1.403715384662142976e+18 1.653279457243696404e+00 2.446819620751679025e+00 1.589382533689739807e+00 -1.393234878068555505e-01 8.150393934922347539e-01 -5.513136042371130641e-01 1.111443322181887572e-01
1.403715387462142976e+18 1.056615610479266110e+00 1.849210499599642343e+00 1.649000053494183105e+00 -1.229921671140783990e-01 8.201318297891466713e-01 -5.510661477387759355e-01 9.264345315041996876e-02
1.403715388162142976e+18 5.754566827304360421e-01 1.586547823879541852e+00 1.617328492244471727e+00 -1.379538521555090380e-01 8.091575877568747410e-01 -5.628641734112490580e-01 9.703945146693228330e-02
1.403715389362142976e+18 -3.891246442420991380e-01 8.346447579979288101e-01 1.552312250365696311e+00 -2.227410821476428771e-01 7.983408524771432591e-01 -5.412590101196541603e-01 1.416932516179157664e-01
1.403715390462142976e+18 -5.304806956400128781e-01 5.883185545026401453e-01 1.513014019839556745e+00 -3.232667922332221333e-01 7.615256179821398019e-01 -5.317350706865919818e-01 1.812046599789524648e-01
1.403715390862142976e+18 -5.067738445640452838e-01 2.694963720467422608e-01 1.471557156007239797e+00 -3.649423242771763776e-01 7.459024193806272907e-01 -4.961439752064597530e-01 2.535504616040570314e-01
1.403715391662142976e+18 -3.568978655753629603e-01 -2.599782352333974700e-01 1.498324880398289149e+00 -4.037962311416472549e-01 7.192977800227078333e-01 -4.911784920529837506e-01 2.798267255191377312e-01
1.403715392662142976e+18 -6.427209409350886915e-02 -1.051182150179668096e+00 1.682121569096348690e+00 -5.017489015763629823e-01 6.354749413640130573e-01 -4.690916423234666177e-01 3.526650957602552872e-01
1.403715393062142976e+18 3.526021437741710951e-02 -1.319919898732142549e+00 1.710086651252280765e+00 -5.796853944131175052e-01 5.758778738397793973e-01 -4.285529771341218819e-01 3.855799057463502599e-01
1.403715393462142976e+18 1.259046657346687415e-01 -1.499130216548563599e+00 1.713484232738019752e+00 -6.460081984531526045e-01 4.869427430511196198e-01 -3.911976123751667034e-01 4.387762534517247182e-01
1.403715394162142976e+18 1.921881157190700185e-01 -1.597438200014039467e+00 1.698834978966122122e+00 -7.450326013059344055e-01 3.184454119025224572e-01 -2.484441660711583788e-01 5.308431397077222336e-01
1.403715394562142976e+18 1.659695132291995057e-01 -1.606599385668865843e+00 1.691512974890763576e+00 -7.845991438054854550e-01 2.119925190686359207e-01 -1.682817683051941182e-01 5.578033720359805159e-01
1.403715394962142976e+18 1.119525503005905920e-01 -1.606732204493614091e+00 1.686136343531030146e+00 -8.093195669482893262e-01 1.166499293113518049e-01 -1.000614974035915483e-01 5.669059263084494926e-01
1.403715396962142976e+18 -3.156577925052670430e-01 -9.918693957286310869e-01 1.370869843399809884e+00 -8.248153409539634717e-01 -6.760662879126617952e-02 7.960216452680153598e-02 5.556730085878969216e-01
1.403715397862142976e+18 -2.221712495787702135e-01 -5.594093607483476838e-01 1.332219292741262162e+00 -7.974211751464548303e-01 -7.518039757861097461e-02 4.873407451510963079e-02 5.967347545007952725e-01
1.403715400562142976e+18 -7.817314382930582450e-01 -5.528082342505289404e-01 1.318225023530514850e+00 -8.272520063042947402e-01 7.310786974603716848e-02 -7.049819910968437020e-02 5.525752087897238818e-01
1.403715400962142976e+18 -1.160143474755921389e+00 -3.601035112987931441e-01 1.323330272524460005e+00 -8.207247467204070723e-01 1.723077232299967121e-01 -1.181113494783847806e-01 5.317618336815961300e-01
1.403715401562142976e+18 -1.329908288444031861e+00 -1.148240980314283455e-01 1.366572001076641563e+00 -7.970658527042979724e-01 1.907349337420679580e-01 -1.126282531653345909e-01 5.618016447929859991e-01
1.403715402062142976e+18 -1.442693651047794123e+00 1.896507778219194140e-01 1.412080473219788024e+00 -7.776109941054893948e-01 1.909912330761986132e-01 -1.475599254184452036e-01 5.805769192319037986e-01
1.403715402562142976e+18 -1.651605591257498062e+00 5.034791454631692975e-01 1.423596006470829289e+00 -7.714833283514558326e-01 2.493073921345778099e-01 -1.828401209654867687e-01 5.560834366065420253e-01
1.403715403162142976e+18 -1.824591973349123375e+00 7.442496183272993004e-01 1.450934565737818760e+00 -7.809451805055719342e-01 2.780186600454824797e-01 -1.836956463603192924e-01 5.282860581350777851e-01
1.403715403862142976e+18 -1.786755897497310563e+00 9.992450102432424153e-01 1.475115002001060382e+00 -7.475499176700008963e-01 3.686850294668663208e-01 -2.330560059650301774e-01 5.009245129979348343e-01
1.403715404162142976e+18 -1.662739036800946923e+00 1.230434782224147039e+00 1.494738131221472255e+00 -7.181262743403759030e-01 3.977739340197218865e-01 -3.031425664272759390e-01 4.839164555337724938e-01
1.403715405662142976e+18 -1.348179872426850334e+00 2.027821956463228048e+00 1.404256774835136223e+00 -5.682531242864377052e-01 6.044438171700662332e-01 -4.102199316549222652e-01 3.787554175145395052e-01
1.403715406062142976e+18 -1.217866217895182235e+00 2.151848476380479713e+00 1.359012873618673733e+00 -4.793323953618912614e-01 6.651982960543735279e-01 -4.644513842823240202e-01 3.347186778792352047e-01
1.403715406462142976e+18 -1.082750648413559613e+00 2.248718631495339348e+00 1.284709708492254299e+00 -3.946845076130293672e-01 7.267749968684477091e-01 -4.838062833993715395e-01 2.862756076238694991e-01
1.403715406862142976e+18 -9.525944909426663498e-01 2.274434670755383081e+00 1.209534130392468709e+00 -3.191512576815249691e-01 7.607293535545408547e-01 -5.175514801406359000e-01 2.270986366428218717e-01
1.403715407662142976e+18 -6.382060126343838125e-01 2.132774071043015418e+00 1.150775788946841960e+00 -2.845259472658586697e-01 7.754986224325440825e-01 -5.381526442658968179e-01 1.674473153183252128e-01
1.403715407962142976e+18 -5.289484043730784402e-01 2.070852157648030989e+00 1.169386290043169963e+00 -2.823999627756518249e-01 7.741202211195520322e-01 -5.386529109627501422e-01 1.756165874554039552e-01
1.403715408162142976e+18 -4.123163038021750992e-01 2.009339360467920610e+00 1.229368592704484620e+00 -2.798974708308957227e-01 7.724032250701734492e-01 -5.396946732108488520e-01 1.837942421064884535e-01
1.403715408362142976e+18 -2.944447619989724041e-01 1.946574223039551743e+00 1.280231366880297816e+00 -2.804750205726856405e-01 7.669819810192156639e-01 -5.441992140102669406e-01 1.921447868072367615e-01
1.403715408562142976e+18 -1.797219351197242299e-01 1.889715427724461883e+00 1.282374097060766438e+00 -2.978405183815637236e-01 7.476730845797043834e-01 -5.542785941479255740e-01 2.122527367895886141e-01
1.403715409062142976e+18 6.906992677150658455e-02 1.823219336366729948e+00 1.282346932394208716e+00 -4.108201149116039730e-01 6.908451378837453527e-01 -5.107491083611750415e-01 3.051150224991720505e-01
1.403715409462142976e+18 2.068084297490653256e-01 1.774968182969425490e+00 1.451335582897067544e+00 -4.270188883428366888e-01 7.106425958437032619e-01 -4.840110940788950322e-01 2.799557657550960088e-01
1.403715410362142976e+18 4.860471131807976297e-01 1.754595645596099818e+00 1.419406195757718869e+00 -4.287812548485329667e-01 6.923137532249875603e-01 -4.933924011986882685e-01 3.056341620719795205e-01
1.403715412062142976e+18 4.289041157041428853e-01 1.882996536823129841e+00 1.196189483853780988e+00 -4.340206393925168382e-01 6.890521535230451633e-01 -4.883230871663850614e-01 3.136459418625653361e-01
1.403715413962142976e+18 3.854781857662636924e-01 1.892921089465707807e+00 1.105073111848399181e+00 -4.422443909600194956e-01 6.890172720667325779e-01 -4.892629089729048086e-01 3.004944314983066800e-01
1.403715415662142976e+18 4.479046602675258448e-01 1.934087895731091855e+00 9.616764233511476689e-01 -4.251528409376104101e-01 6.948474832912672206e-01 -5.065818440783005361e-01 2.825011009831631670e-01
