1.403715273262143135e+09 -0.000000000000000000e+00 -0.000000000000000000e+00 -0.000000000000000000e+00 -0.000000000000000000e+00 -0.000000000000000000e+00 -0.000000000000000000e+00 1.000000000000000000e+00
1.403715278662142992e+09 -2.397386124357581139e-03 -3.026797994971275330e-02 1.274053938686847687e-02 1.925132982432842255e-02 4.687697160989046097e-03 4.766446538269519806e-03 9.997923374176025391e-01
1.403715278862143040e+09 -1.053151767700910568e-02 -9.382197260856628418e-02 2.268535643815994263e-02 3.271538764238357544e-02 2.501074457541108131e-03 1.137600746005773544e-02 9.993968605995178223e-01
1.403715280562143087e+09 -2.539266832172870636e-02 -3.140602409839630127e-01 9.163530170917510986e-02 1.136336475610733032e-02 2.012286148965358734e-02 6.947420770302414894e-04 9.997327923774719238e-01
1.403715280762143135e+09 -3.958478942513465881e-02 -3.599413931369781494e-01 1.209471523761749268e-01 1.646186411380767822e-02 5.560451000928878784e-02 2.504007332026958466e-02 9.980031251907348633e-01
1.403715280962142944e+09 -5.171587318181991577e-02 -3.987089097499847412e-01 1.556242853403091431e-01 1.735155098140239716e-02 9.901978820562362671e-02 4.386018589138984680e-02 9.939669966697692871e-01
1.403715281262143135e+09 -6.995712965726852417e-02 -4.461126625537872314e-01 2.077203094959259033e-01 1.740051060914993286e-02 1.355424523353576660e-01 5.732237920165061951e-02 9.889588356018066406e-01
1.403715281462142944e+09 -8.000697195529937744e-02 -4.717722833156585693e-01 2.456906437873840332e-01 1.312868110835552216e-02 1.636953055858612061e-01 6.753688305616378784e-02 9.841089248657226562e-01
1.403715281662142992e+09 -8.548473566770553589e-02 -4.917524158954620361e-01 2.899841666221618652e-01 1.024650223553180695e-02 2.090708315372467041e-01 8.273127675056457520e-02 9.743407964706420898e-01
1.403715281762143135e+09 -8.749152719974517822e-02 -4.995303452014923096e-01 3.149026930332183838e-01 8.239871822297573090e-03 2.364184707403182983e-01 9.275672584772109985e-02 9.671787619590759277e-01
1.403715281862143040e+09 -8.746663480997085571e-02 -5.046267509460449219e-01 3.407398462295532227e-01 7.103410549461841583e-03 2.646979689598083496e-01 1.038623899221420288e-01 9.586955904960632324e-01
1.403715281962142944e+09 -8.665598183870315552e-02 -5.066831111907958984e-01 3.679811954498291016e-01 5.976484157145023346e-03 2.924571633338928223e-01 1.145233660936355591e-01 9.493774771690368652e-01
1.403715282062143087e+09 -8.641649037599563599e-02 -5.099392533302307129e-01 3.971419036388397217e-01 4.823032766580581665e-03 3.189116120338439941e-01 1.257670074701309204e-01 9.393906593322753906e-01
1.403715282262143135e+09 -8.556221425533294678e-02 -5.125037431716918945e-01 4.602013230323791504e-01 2.697099233046174049e-03 3.681856989860534668e-01 1.425024718046188354e-01 9.187628030776977539e-01
1.403715282462142944e+09 -7.480439543724060059e-02 -5.177032351493835449e-01 6.010007262229919434e-01 1.278288080357015133e-03 4.581712186336517334e-01 1.730133146047592163e-01 8.718622922897338867e-01
1.403715282862143040e+09 -6.027936935424804688e-02 -5.228701233863830566e-01 7.668250799179077148e-01 1.138091832399368286e-02 5.359066724777221680e-01 2.057678252458572388e-01 8.187393546104431152e-01
1.403715283262143135e+09 -5.133092403411865234e-02 -5.236096978187561035e-01 9.693382382392883301e-01 5.479443352669477463e-03 6.269779205322265625e-01 2.493015825748443604e-01 7.380497455596923828e-01
1.403715284362143040e+09 7.163405418395996094e-02 -5.116548538208007812e-01 1.218825578689575195e+00 1.224427483975887299e-02 6.448224186897277832e-01 2.404759824275970459e-01 7.254139780998229980e-01
1.403715285162142992e+09 1.354151964187622070e-01 -6.610490679740905762e-01 1.171145558357238770e+00 1.499058213084936142e-02 7.002410292625427246e-01 2.985695600509643555e-01 6.483008861541748047e-01
1.403715286062143087e+09 2.414455413818359375e-01 -7.882467508316040039e-01 9.748298525810241699e-01 -6.940888706594705582e-03 7.088257670402526855e-01 2.841058969497680664e-01 6.456018686294555664e-01
1.403715286762143135e+09 4.748275279998779297e-01 -8.411405086517333984e-01 8.157784938812255859e-01 -8.538165129721164703e-03 7.501758337020874023e-01 2.818871438503265381e-01 5.980828404426574707e-01
1.403715287662142992e+09 6.835823059082031250e-01 -9.174043536186218262e-01 7.171156406402587891e-01 1.391218975186347961e-02 7.976393699645996094e-01 3.059964776039123535e-01 5.195615291595458984e-01
1.403715288062143087e+09 7.652307748794555664e-01 -8.998658657073974609e-01 5.806701183319091797e-01 8.782477118074893951e-03 8.390328288078308105e-01 3.191425800323486328e-01 4.405620396137237549e-01
1.403715289162142992e+09 7.581421136856079102e-01 -7.060778737068176270e-01 5.183587074279785156e-01 -1.866028271615505219e-02 8.693596124649047852e-01 3.347631990909576416e-01 3.630416989326477051e-01
1.403715289762143135e+09 1.122977972030639648e+00 -5.806252956390380859e-01 3.587796092033386230e-01 1.126843999372795224e-04 8.698748946189880371e-01 3.414674997329711914e-01 3.559744060039520264e-01
1.403715291362143040e+09 1.356463193893432617e+00 -4.025974571704864502e-01 1.001476645469665527e-01 -3.881447715684771538e-03 8.898682594299316406e-01 3.572971224784851074e-01 2.836515307426452637e-01
1.403715292362143040e+09 1.458507776260375977e+00 -2.299345135688781738e-01 -1.244242191314697266e-01 -1.745992898941040039e-02 8.636876940727233887e-01 3.422615528106689453e-01 3.695887327194213867e-01
1.403715292662142992e+09 1.549543976783752441e+00 -1.770081520080566406e-01 -2.344665527343750000e-01 -1.531459391117095947e-02 8.365685939788818359e-01 2.964772582054138184e-01 4.604559838771820068e-01
1.403715292962142944e+09 1.645143508911132812e+00 -2.146676778793334961e-01 -3.301608562469482422e-01 3.006965154781937599e-03 7.889353036880493164e-01 2.968975901603698730e-01 5.379813909530639648e-01
1.403715293262143135e+09 1.773722887039184570e+00 -3.218638896942138672e-01 -4.816675186157226562e-01 1.495808269828557968e-02 7.255605459213256836e-01 2.730086445808410645e-01 6.315096616744995117e-01
1.403715293862143040e+09 1.854949593544006348e+00 -3.809528946876525879e-01 -6.438642740249633789e-01 1.971499063074588776e-02 6.433101892471313477e-01 2.465596795082092285e-01 7.245493531227111816e-01
1.403715294462142944e+09 1.869584560394287109e+00 -2.479632198810577393e-01 -6.945370435714721680e-01 1.301401294767856598e-02 5.757124423980712891e-01 2.207912355661392212e-01 7.871703505516052246e-01
1.403715294862143040e+09 1.868117809295654297e+00 -1.155549585819244385e-01 -7.380730509757995605e-01 5.540072452276945114e-03 5.055344104766845703e-01 1.880111247301101685e-01 8.420547246932983398e-01
1.403715295262143135e+09 1.846251368522644043e+00 -4.822880029678344727e-02 -8.200430870056152344e-01 1.711868867278099060e-02 3.899782001972198486e-01 1.414283365011215210e-01 9.097373485565185547e-01
1.403715295862143040e+09 1.778687000274658203e+00 1.368421763181686401e-01 -8.774797916412353516e-01 2.131986245512962341e-02 3.078665733337402344e-01 1.393386423587799072e-01 9.409295320510864258e-01
1.403715296462142944e+09 1.874233007431030273e+00 2.672088146209716797e-01 -1.059507727622985840e+00 4.223247058689594269e-03 2.104691416025161743e-01 9.473051130771636963e-02 9.729907512664794922e-01
1.403715297362143040e+09 1.984278082847595215e+00 3.144915699958801270e-01 -1.079705476760864258e+00 -6.793817970901727676e-03 1.125744953751564026e-01 6.327521055936813354e-02 9.916033148765563965e-01
1.403715297862143040e+09 2.234655141830444336e+00 3.171839118003845215e-01 -9.983850121498107910e-01 4.674807563424110413e-02 1.700973697006702423e-02 3.523498028516769409e-02 9.981401562690734863e-01
1.403715298262143135e+09 2.503398418426513672e+00 3.237671554088592529e-01 -9.683305025100708008e-01 3.630584478378295898e-02 -4.170134663581848145e-02 -7.025745511054992676e-02 9.959954023361206055e-01
1.403715299062143087e+09 2.411628961563110352e+00 2.581780850887298584e-01 -1.013171792030334473e+00 -4.401302430778741837e-03 -1.435977071523666382e-01 -4.178702086210250854e-02 9.887437224388122559e-01
1.403715299562143087e+09 2.339239120483398438e+00 2.049315869808197021e-01 -9.529305100440979004e-01 1.000450737774372101e-02 -2.199718654155731201e-01 -6.796986609697341919e-02 9.730839133262634277e-01
1.403715299862143040e+09 2.263426303863525391e+00 1.379357427358627319e-01 -8.229047060012817383e-01 3.418720141053199768e-02 -3.177488446235656738e-01 -1.088869795203208923e-01 9.412813186645507812e-01
1.403715300362143040e+09 2.291818380355834961e+00 3.702762722969055176e-02 -6.132623553276062012e-01 7.744616270065307617e-02 -3.139131367206573486e-01 -1.284865587949752808e-01 9.375243782997131348e-01
1.403715301662142992e+09 2.419801950454711914e+00 1.896566748619079590e-01 -7.837257385253906250e-01 4.108948260545730591e-02 -3.046130239963531494e-01 -1.254871189594268799e-01 9.432791471481323242e-01
1.403715302362143040e+09 2.449468612670898438e+00 3.171401619911193848e-01 -1.058076977729797363e+00 1.362793240696191788e-02 -2.876920402050018311e-01 -1.060489788651466370e-01 9.517359137535095215e-01
1.403715303062143087e+09 2.389434337615966797e+00 3.996708989143371582e-01 -1.192672133445739746e+00 -1.599320676177740097e-04 -3.406811356544494629e-01 -1.335351616144180298e-01 9.306474924087524414e-01
1.403715303362143040e+09 2.319768905639648438e+00 4.276064336299896240e-01 -1.233969926834106445e+00 3.009888529777526855e-02 -4.162028729915618896e-01 -1.720854341983795166e-01 8.923317193984985352e-01
1.403715303662142992e+09 2.234496593475341797e+00 4.517981112003326416e-01 -1.286960721015930176e+00 3.422376886010169983e-02 -4.980126917362213135e-01 -1.784797757863998413e-01 8.479133844375610352e-01
1.403715303962142944e+09 2.121801614761352539e+00 5.855446457862854004e-01 -1.367931365966796875e+00 3.534086793661117554e-02 -5.251442790031433105e-01 -1.893747150897979736e-01 8.289220929145812988e-01
1.403715305462142944e+09 2.145541191101074219e+00 4.055407047271728516e-01 -1.592501521110534668e+00 1.492265798151493073e-02 -5.377542376518249512e-01 -1.987180858850479126e-01 8.192123770713806152e-01
1.403715306462142944e+09 2.173511266708374023e+00 2.523952722549438477e-01 -1.583579659461975098e+00 3.508558869361877441e-02 -5.000981688499450684e-01 -1.343302577733993530e-01 8.547668457031250000e-01
1.403715306762143135e+09 2.278418064117431641e+00 1.585056781768798828e-01 -1.524097204208374023e+00 7.681071013212203979e-02 -4.193667769432067871e-01 -1.345721036195755005e-01 8.944954276084899902e-01
1.403715307062143087e+09 2.434615612030029297e+00 1.529857814311981201e-01 -1.490316748619079590e+00 6.906533241271972656e-02 -3.224387466907501221e-01 -1.569297164678573608e-01 9.309330582618713379e-01
1.403715307362143040e+09 2.564021587371826172e+00 2.372709214687347412e-01 -1.503453969955444336e+00 2.542345598340034485e-02 -2.597783505916595459e-01 -1.167286708950996399e-01 9.582501053810119629e-01
1.403715307762143135e+09 2.656848907470703125e+00 3.268403410911560059e-01 -1.521905899047851562e+00 9.331548586487770081e-03 -1.927406042814254761e-01 -8.367712795734405518e-02 9.776309132575988770e-01
1.403715307962142944e+09 2.722619533538818359e+00 4.115194082260131836e-01 -1.514997482299804688e+00 8.927226066589355469e-03 -1.177725270390510559e-01 -6.369547545909881592e-02 9.909555315971374512e-01
1.403715308362143040e+09 2.912043094635009766e+00 3.031236827373504639e-01 -1.232867240905761719e+00 3.195704147219657898e-02 -1.208093389868736267e-01 -1.012759841978549957e-02 9.921095371246337891e-01
1.403715310262143135e+09 3.070300340652465820e+00 2.762132883071899414e-01 -1.188816666603088379e+00 5.669244006276130676e-02 -6.527538597583770752e-02 -2.010121010243892670e-02 9.960528016090393066e-01
1.403715310562143087e+09 3.301135540008544922e+00 2.675902247428894043e-01 -1.230621576309204102e+00 1.418210938572883606e-02 -1.651329547166824341e-02 -3.556383599061518908e-04 9.997630119323730469e-01
1.403715311462142944e+09 3.563901185989379883e+00 2.340773344039916992e-01 -1.189497351646423340e+00 8.624823763966560364e-03 -3.340895287692546844e-03 3.553583752363920212e-03 9.999509453773498535e-01
1.403715312062143087e+09 3.806560039520263672e+00 1.453521102666854858e-01 -1.041398882865905762e+00 1.325683481991291046e-02 1.672863774001598358e-02 6.262667011469602585e-03 9.997526407241821289e-01
1.403715312662142992e+09 4.018479824066162109e+00 7.581195235252380371e-02 -8.506307601928710938e-01 5.135441571474075317e-02 1.612406224012374878e-02 -1.323077548295259476e-02 9.984626770019531250e-01
1.403715313862143040e+09 4.097589492797851562e+00 -1.379148960113525391e-01 -9.173940420150756836e-01 1.941471733152866364e-02 6.590012460947036743e-02 3.212008159607648849e-03 9.976322054862976074e-01
1.403715314462142944e+09 3.745136737823486328e+00 -1.802435517311096191e-01 -8.844369053840637207e-01 2.248100005090236664e-02 1.791706681251525879e-01 6.989410519599914551e-02 9.810745716094970703e-01
1.403715315962142944e+09 3.636554956436157227e+00 -1.705238819122314453e-01 -8.902381658554077148e-01 1.882611960172653198e-02 2.735813856124877930e-01 1.133803054690361023e-01 9.549574851989746094e-01
1.403715316262143135e+09 3.578345537185668945e+00 -1.157704442739486694e-01 -8.750071525573730469e-01 -2.051835507154464722e-02 3.560846149921417236e-01 1.230123341083526611e-01 9.260943531990051270e-01
1.403715316962142944e+09 3.492855310440063477e+00 -6.100487709045410156e-02 -7.063148021697998047e-01 1.145719923079013824e-02 4.435821175575256348e-01 1.619327217340469360e-01 8.814088106155395508e-01
1.403715317362143040e+09 3.428054332733154297e+00 -4.090803861618041992e-02 -5.724478960037231445e-01 7.378527894616127014e-03 5.363287925720214844e-01 2.058567106723785400e-01 8.184863328933715820e-01
1.403715317762143135e+09 3.373079538345336914e+00 -3.690958023071289062e-02 -4.549806118011474609e-01 2.312286756932735443e-02 6.095755100250244141e-01 2.558726966381072998e-01 7.499415278434753418e-01
1.403715318162142992e+09 3.317341327667236328e+00 4.558300971984863281e-02 -4.330773353576660156e-01 -1.263458281755447388e-02 6.790693998336791992e-01 2.750591337680816650e-01 6.804760098457336426e-01
1.403715318862143040e+09 3.447291851043701172e+00 1.399967670440673828e-01 -4.904258251190185547e-01 -2.414743416011333466e-02 7.505284547805786133e-01 2.867215871810913086e-01 5.949072837829589844e-01
1.403715319462142944e+09 3.638494968414306641e+00 1.683269739151000977e-01 -5.008058547973632812e-01 -1.702564395964145660e-02 7.972052097320556641e-01 2.948869168758392334e-01 5.265128612518310547e-01
1.403715319962142944e+09 3.928167343139648438e+00 4.766297340393066406e-02 -4.995517730712890625e-01 -1.609299704432487488e-02 8.177142143249511719e-01 3.023068904876708984e-01 4.895866215229034424e-01
1.403715320362143040e+09 4.170966625213623047e+00 -6.063294410705566406e-02 -4.653320312500000000e-01 1.516290474683046341e-02 8.685125708580017090e-01 3.145395517349243164e-01 3.827807009220123291e-01
1.403715320762143135e+09 4.305788516998291016e+00 -2.313469648361206055e-01 -4.034786224365234375e-01 3.134231641888618469e-02 8.930090665817260742e-01 3.547728359699249268e-01 2.751159071922302246e-01
1.403715321862143040e+09 4.148551940917968750e+00 -2.388732433319091797e-01 -4.921226501464843750e-01 4.624791070818901062e-02 9.043412208557128906e-01 3.432665467262268066e-01 2.493915110826492310e-01
1.403715322162142992e+09 4.019080162048339844e+00 -2.320861816406250000e-01 -5.446729660034179688e-01 1.383350137621164322e-02 9.066770076751708984e-01 3.513816893100738525e-01 2.329731136560440063e-01
1.403715322362143040e+09 3.884439945220947266e+00 -2.113136053085327148e-01 -6.021342277526855469e-01 -1.187238376587629318e-02 9.104276895523071289e-01 3.607398867607116699e-01 2.021071016788482666e-01
1.403715322562143087e+09 3.756948947906494141e+00 -1.521927118301391602e-01 -6.532504558563232422e-01 -2.036589570343494415e-02 9.115828275680541992e-01 3.709000051021575928e-01 1.761679500341415405e-01
1.403715322862143040e+09 3.568209886550903320e+00 -4.318988323211669922e-02 -8.006975650787353516e-01 -2.875923365354537964e-02 9.151251912117004395e-01 3.665715754032135010e-01 1.653605699539184570e-01
1.403715323362143040e+09 3.484984159469604492e+00 8.282601833343505859e-02 -1.131374835968017578e+00 -2.836712636053562164e-02 9.218965768814086914e-01 3.481839597225189209e-01 1.675412654876708984e-01
1.403715323762143135e+09 3.526138782501220703e+00 9.860777854919433594e-02 -1.307171583175659180e+00 -1.374629046767950058e-02 9.432240128517150879e-01 2.873801589012145996e-01 1.659882664680480957e-01
1.403715324362143040e+09 3.416083335876464844e+00 -9.128868579864501953e-02 -1.241679430007934570e+00 1.529062818735837936e-02 9.152812361717224121e-01 3.616989552974700928e-01 1.766360551118850708e-01
1.403715326262143135e+09 3.172750234603881836e+00 -3.190195560455322266e-02 -1.205456972122192383e+00 -7.030672859400510788e-04 9.298567771911621094e-01 3.307132124900817871e-01 1.612286120653152466e-01
1.403715327162142992e+09 2.953391075134277344e+00 -2.493488788604736328e-02 -1.099026441574096680e+00 2.298421971499919891e-02 9.179834127426147461e-01 3.659012913703918457e-01 1.513089835643768311e-01
1.403715327862143040e+09 2.537874460220336914e+00 4.816734790802001953e-02 -1.130059719085693359e+00 -1.038642786443233490e-02 9.096328020095825195e-01 3.292458951473236084e-01 2.530958652496337891e-01
1.403715328562143087e+09 2.253450870513916016e+00 5.843043327331542969e-02 -1.077740192413330078e+00 -8.731423877179622650e-03 8.837041854858398438e-01 3.346001207828521729e-01 3.271597921848297119e-01
1.403715329162142992e+09 2.191306114196777344e+00 6.269359588623046875e-02 -9.994595050811767578e-01 5.400467671279329807e-06 8.393360376358032227e-01 3.270479142665863037e-01 4.342288672924041748e-01
1.403715330162142992e+09 2.134301900863647461e+00 9.827113151550292969e-02 -9.265000820159912109e-01 3.331293538212776184e-02 7.857890725135803223e-01 3.166235387325286865e-01 5.302596092224121094e-01
1.403715331362143040e+09 2.053345441818237305e+00 -3.671944141387939453e-02 -1.106896877288818359e+00 3.392299171537160873e-03 7.599321007728576660e-01 2.869427800178527832e-01 5.832285881042480469e-01
1.403715332162142992e+09 2.026820659637451172e+00 8.419871330261230469e-03 -1.507239699363708496e+00 2.068854682147502899e-02 7.493843436241149902e-01 2.874948084354400635e-01 5.961056351661682129e-01
1.403715333162142992e+09 2.011376857757568359e+00 1.170826554298400879e-01 -1.783893823623657227e+00 2.622789330780506134e-02 7.395675182342529297e-01 2.615279257297515869e-01 6.196412444114685059e-01
1.403715333862143040e+09 1.840826034545898438e+00 2.864686250686645508e-01 -2.128959178924560547e+00 8.302887901663780212e-03 6.939578652381896973e-01 2.803377509117126465e-01 6.631472706794738770e-01
1.403715334862143040e+09 1.841171264648437500e+00 4.358596801757812500e-01 -2.485509634017944336e+00 -1.045928802341222763e-03 6.936883330345153809e-01 2.678112685680389404e-01 6.686348915100097656e-01
1.403715335862143040e+09 1.992413997650146484e+00 6.038104295730590820e-01 -2.833754777908325195e+00 2.005073986947536469e-02 6.440255045890808105e-01 2.376341819763183594e-01 7.268832325935363770e-01
1.403715336662142992e+09 2.118390083312988281e+00 6.970683336257934570e-01 -3.045856475830078125e+00 6.930185016244649887e-03 6.402401328086853027e-01 2.402697205543518066e-01 7.295992970466613770e-01
1.403715337462142944e+09 2.319672107696533203e+00 7.052410840988159180e-01 -3.235708475112915039e+00 1.513963844627141953e-02 5.853228569030761719e-01 2.358304858207702637e-01 7.755978107452392578e-01
1.403715337962142944e+09 2.468682765960693359e+00 7.214205265045166016e-01 -3.339183330535888672e+00 1.724787056446075439e-02 5.936471819877624512e-01 2.309247106313705444e-01 7.706876397132873535e-01
1.403715338562143087e+09 2.682416677474975586e+00 7.452930212020874023e-01 -3.502180814743041992e+00 2.125807665288448334e-02 5.364017486572265625e-01 2.113922834396362305e-01 8.167830705642700195e-01
1.403715339162142992e+09 2.948687314987182617e+00 8.210511207580566406e-01 -3.704905748367309570e+00 1.148723624646663666e-02 5.019314289093017578e-01 1.909086704254150391e-01 8.434966802597045898e-01
1.403715339762143135e+09 3.144722223281860352e+00 9.140852689743041992e-01 -3.784794807434082031e+00 -8.742320351302623749e-03 5.212379693984985352e-01 1.662252545356750488e-01 8.370207548141479492e-01
1.403715340262143135e+09 3.254177093505859375e+00 8.820059895515441895e-01 -3.738156080245971680e+00 5.958332680165767670e-03 4.260639548301696777e-01 1.517679691314697266e-01 8.918523192405700684e-01
1.403715340562143087e+09 3.373975515365600586e+00 7.610174417495727539e-01 -3.613758802413940430e+00 8.430624380707740784e-03 3.677271604537963867e-01 1.681981831789016724e-01 9.145573377609252930e-01
1.403715341262143135e+09 3.524901151657104492e+00 6.933356523513793945e-01 -3.538293600082397461e+00 2.392343990504741669e-02 3.998578190803527832e-01 1.484687924385070801e-01 9.041562676429748535e-01
1.403715341662142992e+09 3.701363563537597656e+00 5.835152268409729004e-01 -3.389125823974609375e+00 5.345700308680534363e-03 3.990071415901184082e-01 1.628165245056152344e-01 9.023610353469848633e-01
1.403715342462142944e+09 3.763397216796875000e+00 5.425202846527099609e-01 -3.282593011856079102e+00 -6.306904368102550507e-03 3.576014935970306396e-01 1.251991093158721924e-01 9.254224300384521484e-01
1.403715342862143040e+09 3.832617759704589844e+00 4.799464344978332520e-01 -3.133018493652343750e+00 1.269853767007589340e-02 3.081497848033905029e-01 1.135344058275222778e-01 9.444534778594970703e-01
1.403715343362143040e+09 3.938860416412353516e+00 4.133072793483734131e-01 -2.863609552383422852e+00 1.156556187197566032e-03 3.030482828617095947e-01 1.105396002531051636e-01 9.465418457984924316e-01
1.403715343962142944e+09 4.014356136322021484e+00 3.218207061290740967e-01 -2.600478649139404297e+00 1.970342546701431274e-02 2.898802161216735840e-01 9.666972607374191284e-02 9.519644379615783691e-01
1.403715344262143135e+09 4.019928455352783203e+00 2.672425508499145508e-01 -2.439129114151000977e+00 3.268611431121826172e-02 2.616070210933685303e-01 5.532039329409599304e-02 9.630333185195922852e-01
1.403715344662142992e+09 3.923815727233886719e+00 2.167558670043945312e-01 -2.233943462371826172e+00 1.432062406092882156e-02 2.407996207475662231e-01 4.383112490177154541e-02 9.694788455963134766e-01
1.403715345062143087e+09 3.718091726303100586e+00 1.561573445796966553e-01 -2.023962020874023438e+00 2.957436442375183105e-02 2.280155122280120850e-01 6.917152553796768188e-02 9.707469344139099121e-01
1.403715345462142944e+09 3.459840774536132812e+00 1.098088622093200684e-01 -1.841328382492065430e+00 2.845161035656929016e-02 2.242459803819656372e-01 7.560978829860687256e-02 9.711784124374389648e-01
1.403715345862143040e+09 3.185778141021728516e+00 8.809729665517807007e-02 -1.690075635910034180e+00 -6.748937303200364113e-04 2.183430939912796021e-01 8.737651258707046509e-02 9.719522595405578613e-01
1.403715346362143040e+09 2.834786891937255859e+00 -7.700484246015548706e-03 -1.452087759971618652e+00 2.779969200491905212e-02 2.287643551826477051e-01 9.824172407388687134e-02 9.681129455566406250e-01
1.403715347062143087e+09 2.522460460662841797e+00 -1.139753013849258423e-01 -1.258700132369995117e+00 1.659982092678546906e-02 2.230030745267868042e-01 8.458404242992401123e-02 9.709993004798889160e-01
1.403715347462142944e+09 2.400690317153930664e+00 -1.698020994663238525e-01 -1.189595460891723633e+00 2.560264244675636292e-02 1.799852550029754639e-01 4.343774542212486267e-02 9.823762178421020508e-01
1.403715347862143040e+09 2.254374504089355469e+00 -2.280984371900558472e-01 -1.125144481658935547e+00 3.356156870722770691e-02 1.319282799959182739e-01 6.247897446155548096e-02 9.887188076972961426e-01
1.403715348062143087e+09 2.122892618179321289e+00 -2.701593339443206787e-01 -1.080833911895751953e+00 2.995206043124198914e-02 5.140222981572151184e-02 5.350228399038314819e-02 9.967939853668212891e-01
1.403715348362143040e+09 2.021529912948608398e+00 -2.114570736885070801e-01 -9.461745619773864746e-01 2.511197514832019806e-02 -2.889653481543064117e-02 3.152611851692199707e-02 9.987695217132568359e-01
1.403715349662142992e+09 2.209022998809814453e+00 -6.107394769787788391e-02 -7.556375861167907715e-01 4.235347360372543335e-02 -6.452814489603042603e-02 -1.739643886685371399e-02 9.968649744987487793e-01
1.403715349962142944e+09 2.416308879852294922e+00 6.342630833387374878e-02 -7.330173254013061523e-01 1.234947517514228821e-02 -1.473027318716049194e-01 -5.776044353842735291e-02 9.873262643814086914e-01
1.403715350462142944e+09 2.282034635543823242e+00 5.862288549542427063e-02 -3.820959329605102539e-01 4.142439365386962891e-02 -1.489437818527221680e-01 -7.551758736371994019e-02 9.850872755050659180e-01
1.403715351962142944e+09 2.115875244140625000e+00 1.276067644357681274e-02 -3.452754914760589600e-01 2.717839181423187256e-02 -2.004171311855316162e-01 -6.968203186988830566e-02 9.768514633178710938e-01
1.403715352162142992e+09 1.953020572662353516e+00 -4.082369059324264526e-02 -3.164967894554138184e-01 1.919129863381385803e-02 -2.365572601556777954e-01 -7.287999242544174194e-02 9.686903357505798340e-01
1.403715352562143087e+09 1.624506592750549316e+00 -2.008313238620758057e-01 -1.584675312042236328e-01 3.656471520662307739e-02 -2.528143227100372314e-01 -8.226560801267623901e-02 9.633173942565917969e-01
1.403715353962142944e+09 1.393288969993591309e+00 -2.514036595821380615e-01 -2.094036340713500977e-02 2.083167247474193573e-02 -2.943353056907653809e-01 -1.011216565966606140e-01 9.501090645790100098e-01
1.403715355462142944e+09 1.374334096908569336e+00 -3.519014120101928711e-01 6.879657506942749023e-03 2.638366818428039551e-02 -3.732910454273223877e-01 -1.345015764236450195e-01 9.175331592559814453e-01
1.403715355962142944e+09 1.143492341041564941e+00 -5.252512693405151367e-01 1.254585534334182739e-01 7.415195927023887634e-03 -4.232687056064605713e-01 -1.535508781671524048e-01 8.928666114807128906e-01
1.403715357062143087e+09 9.999494552612304688e-01 -6.051967144012451172e-01 1.822004318237304688e-01 2.591287717223167419e-02 -4.948991537094116211e-01 -1.879404932260513306e-01 8.479868173599243164e-01
1.403715357762143135e+09 6.042792201042175293e-01 -7.169604301452636719e-01 2.962823510169982910e-01 2.841560728847980499e-02 -5.009057521820068359e-01 -2.139597535133361816e-01 8.381570577621459961e-01
1.403715358562143087e+09 2.616702914237976074e-01 -6.930021047592163086e-01 2.640239000320434570e-01 4.344757646322250366e-02 -5.401422977447509766e-01 -2.093799561262130737e-01 8.139525651931762695e-01
1.403715358962142944e+09 -6.442658603191375732e-02 -6.328347921371459961e-01 2.008043378591537476e-01 4.440925642848014832e-02 -5.728552937507629395e-01 -1.986598670482635498e-01 7.939767241477966309e-01
1.403715359762143135e+09 -3.709023594856262207e-01 -5.414711833000183105e-01 8.091449737548828125e-03 3.505162894725799561e-02 -5.637729167938232422e-01 -2.041495591402053833e-01 7.995339035987854004e-01
1.403715360762143135e+09 -5.103195905685424805e-01 -5.160483121871948242e-01 -1.811396777629852295e-01 1.627973280847072601e-02 -5.081359744071960449e-01 -1.627783030271530151e-01 8.455981016159057617e-01
1.403715360862143040e+09 -5.413409471511840820e-01 -5.425525307655334473e-01 -1.968740820884704590e-01 2.776741795241832733e-02 -4.020656347274780273e-01 -1.491642445325851440e-01 9.029520153999328613e-01
1.403715361262143135e+09 -5.885083079338073730e-01 -5.672533512115478516e-01 -2.106161415576934814e-01 2.715858258306980133e-02 -2.871734797954559326e-01 -1.206112876534461975e-01 9.498666524887084961e-01
1.403715361962142944e+09 -7.092868685722351074e-01 -5.372762084007263184e-01 -2.064545154571533203e-01 1.422860845923423767e-02 -1.942767500877380371e-01 -8.288349956274032593e-02 9.773353934288024902e-01
1.403715362362143040e+09 -8.553666472434997559e-01 -5.111151933670043945e-01 -1.541563272476196289e-01 1.536365970969200134e-02 -7.578761130571365356e-02 -4.384642466902732849e-02 9.960410594940185547e-01
1.403715362762143135e+09 -1.058108925819396973e+00 -5.212903618812561035e-01 -9.159897267818450928e-02 2.481051906943321228e-02 1.779358647763729095e-02 4.655895754694938660e-02 9.984488487243652344e-01
1.403715363162142992e+09 -1.167849659919738770e+00 -5.836730599403381348e-01 -4.307037591934204102e-02 2.769570611417293549e-02 1.352515667676925659e-01 1.055694893002510071e-01 9.847818017005920410e-01
1.403715363662142992e+09 -1.076127529144287109e+00 -6.115204095840454102e-01 -6.194436550140380859e-02 2.988432161509990692e-02 2.403435558080673218e-01 1.096189767122268677e-01 9.640154242515563965e-01
1.403715364062143087e+09 -9.756549596786499023e-01 -6.277732849121093750e-01 -1.097144708037376404e-01 2.982424385845661163e-02 3.201748132705688477e-01 1.443815678358078003e-01 9.358165860176086426e-01
1.403715364762143135e+09 -8.186858892440795898e-01 -6.618688106536865234e-01 -2.628047168254852295e-01 1.440982334315776825e-02 3.590830862522125244e-01 1.382222473621368408e-01 9.229010939598083496e-01
1.403715365162142992e+09 -6.836950182914733887e-01 -6.906592249870300293e-01 -4.044309854507446289e-01 2.134527638554573059e-02 4.370674788951873779e-01 1.606977432966232300e-01 8.846991658210754395e-01
1.403715365762143135e+09 -6.326140761375427246e-01 -6.911318302154541016e-01 -5.211126804351806641e-01 3.613214194774627686e-02 5.132282972335815430e-01 2.216587215662002563e-01 8.283469676971435547e-01
1.403715366362143040e+09 -5.970979928970336914e-01 -6.035281419754028320e-01 -7.693156599998474121e-01 1.475117821246385574e-02 5.307512283325195312e-01 2.145744115114212036e-01 8.197825551033020020e-01
1.403715367062143087e+09 -3.959074318408966064e-01 -4.698001146316528320e-01 -1.201804161071777344e+00 -4.216766392346471548e-04 5.001353025436401367e-01 2.255488187074661255e-01 8.360575437545776367e-01
1.403715367962142944e+09 -7.658636569976806641e-02 -4.093740582466125488e-01 -1.428838849067687988e+00 2.367271855473518372e-02 5.054095983505249023e-01 2.101498544216156006e-01 8.365631103515625000e-01
1.403715368662142992e+09 3.003115057945251465e-01 -2.490275204181671143e-01 -1.760102629661560059e+00 1.874731667339801788e-02 5.147486329078674316e-01 2.018349021673202515e-01 8.330336809158325195e-01
1.403715369362143040e+09 5.727473497390747070e-01 -1.070567071437835693e-01 -2.052013158798217773e+00 2.145739970728754997e-03 4.120079576969146729e-01 1.679936051368713379e-01 8.955574035644531250e-01
1.403715369762143135e+09 1.037580728530883789e+00 2.347042784094810486e-02 -2.278085708618164062e+00 1.779289357364177704e-02 3.461988866329193115e-01 1.415777206420898438e-01 9.272461533546447754e-01
1.403715370862143040e+09 1.387000799179077148e+00 7.339677214622497559e-02 -2.339146614074707031e+00 -1.472700107842683792e-02 3.570032417774200439e-01 1.519829481840133667e-01 9.215384125709533691e-01
1.403715371562143087e+09 1.845463514328002930e+00 8.391104638576507568e-02 -2.258981704711914062e+00 2.289023809134960175e-02 3.485099077224731445e-01 1.630150079727172852e-01 9.227367639541625977e-01
1.403715372262143135e+09 2.458378791809082031e+00 5.517301708459854126e-02 -2.174787044525146484e+00 2.195199392735958099e-02 3.070786893367767334e-01 1.213199123740196228e-01 9.436642527580261230e-01
1.403715373162142992e+09 3.031802177429199219e+00 -2.193227410316467285e-02 -2.107590436935424805e+00 2.580913156270980835e-02 2.994550466537475586e-01 1.223516315221786499e-01 9.458809494972229004e-01
1.403715373862143040e+09 3.372583866119384766e+00 -5.083812400698661804e-02 -2.047185420989990234e+00 2.431666664779186249e-02 2.111665755510330200e-01 7.224420458078384399e-02 9.744732975959777832e-01
1.403715374262143135e+09 3.514938116073608398e+00 -7.701499760150909424e-02 -1.994704365730285645e+00 1.895456388592720032e-02 1.075172424316406250e-01 3.805489838123321533e-02 9.932938218116760254e-01
1.403715375162142992e+09 3.723928928375244141e+00 -2.358396649360656738e-01 -1.598582983016967773e+00 1.862135715782642365e-02 1.108033284544944763e-01 3.879931196570396423e-02 9.929102063179016113e-01
1.403715375962142944e+09 3.700710296630859375e+00 -3.341187238693237305e-01 -1.236843228340148926e+00 3.324064239859580994e-02 1.173659488558769226e-01 4.863186925649642944e-02 9.913401603698730469e-01
1.403715376762143135e+09 3.582916975021362305e+00 -3.665303289890289307e-01 -9.703297615051269531e-01 5.306842923164367676e-02 1.094609275460243225e-01 2.505784109234809875e-02 9.922571182250976562e-01
1.403715377162142992e+09 3.343476295471191406e+00 -3.488517403602600098e-01 -8.869381546974182129e-01 4.425529390573501587e-02 8.920419961214065552e-02 2.266079932451248169e-02 9.947716593742370605e-01
1.403715377762143135e+09 3.122897863388061523e+00 -3.146132826805114746e-01 -8.877252340316772461e-01 3.669579327106475830e-02 8.576171100139617920e-02 2.512082457542419434e-02 9.953227639198303223e-01
1.403715378162142992e+09 2.882180452346801758e+00 -2.675038278102874756e-01 -9.190100431442260742e-01 3.353632986545562744e-02 7.234995067119598389e-02 5.018535256385803223e-02 9.955512881278991699e-01
1.403715378662142992e+09 2.602972984313964844e+00 -2.137077450752258301e-01 -9.876001477241516113e-01 1.021832809783518314e-03 7.554759085178375244e-02 4.062972962856292725e-02 9.963136315345764160e-01
1.403715379462142944e+09 2.236853122711181641e+00 -3.164326548576354980e-01 -9.179829359054565430e-01 1.063270960003137589e-02 8.899560570716857910e-02 9.458343498408794403e-03 9.959303736686706543e-01
1.403715380062143087e+09 1.991772294044494629e+00 -4.003513753414154053e-01 -8.237896561622619629e-01 3.087716177105903625e-02 8.470375090837478638e-02 2.554912120103836060e-02 9.955999255180358887e-01
1.403715380462142944e+09 1.726247906684875488e+00 -4.636284708976745605e-01 -7.377276420593261719e-01 2.658123522996902466e-02 8.510192483663558960e-02 2.554787136614322662e-02 9.956899881362915039e-01
1.403715380862143040e+09 1.450984477996826172e+00 -5.275331735610961914e-01 -6.679517030715942383e-01 3.148533776402473450e-02 8.444429188966751099e-02 2.125948108732700348e-02 9.957036972045898438e-01
1.403715381262143135e+09 1.095130920410156250e+00 -5.740764141082763672e-01 -6.132352948188781738e-01 4.117432236671447754e-02 9.228541702032089233e-02 3.826488181948661804e-02 9.941447973251342773e-01
1.403715381862143040e+09 5.520235896110534668e-01 -5.897715687751770020e-01 -5.406790971755981445e-01 4.370468202978372574e-03 1.722061783075332642e-01 6.520550698041915894e-02 9.828907251358032227e-01
1.403715382762143135e+09 2.964041829109191895e-01 -6.329216957092285156e-01 -4.300411641597747803e-01 3.753296565264463425e-03 2.425089478492736816e-01 1.007762327790260315e-01 9.648935198783874512e-01
1.403715383562143087e+09 -8.078557252883911133e-02 -7.476494312286376953e-01 -7.336075603961944580e-02 9.252843447029590607e-03 3.096261322498321533e-01 1.456462591886520386e-01 9.395921230316162109e-01
1.403715383862143040e+09 -1.660858541727066040e-01 -8.059177398681640625e-01 1.687583923339843750e-01 1.819955557584762573e-02 4.048995971679687500e-01 1.743405163288116455e-01 8.974021077156066895e-01
1.403715384262143135e+09 -1.867218613624572754e-01 -8.546161055564880371e-01 3.215058445930480957e-01 2.013805322349071503e-02 4.987973272800445557e-01 2.169481664896011353e-01 8.388857245445251465e-01
1.403715384662142992e+09 -1.345331072807312012e-01 -9.016665816307067871e-01 4.426043033599853516e-01 1.023172028362751007e-02 5.987876653671264648e-01 2.613745033740997314e-01 7.569888234138488770e-01
1.403715385262143135e+09 1.938880681991577148e-01 -9.896550178527832031e-01 4.190213382244110107e-01 2.642485685646533966e-02 6.340737938880920410e-01 2.446060031652450562e-01 7.330894470214843750e-01
1.403715386762143135e+09 3.053235411643981934e-01 -8.648865818977355957e-01 1.349946558475494385e-01 3.279679268598556519e-02 6.223206520080566406e-01 2.768985033035278320e-01 7.314155697822570801e-01
1.403715387462142944e+09 3.265465199947357178e-01 -6.770254373550415039e-01 -2.309241592884063721e-01 3.243900137022137642e-03 6.162049770355224609e-01 2.667146027088165283e-01 7.410426735877990723e-01
1.403715388162142992e+09 4.825688898563385010e-01 -4.432864785194396973e-01 -7.026569247245788574e-01 9.739441797137260437e-03 6.115984916687011719e-01 2.483345568180084229e-01 7.511206865310668945e-01
1.403715388762143135e+09 6.773834228515625000e-01 -1.637698560953140259e-01 -1.067254781723022461e+00 1.250828802585601807e-02 6.112878322601318359e-01 2.386512458324432373e-01 7.544642686843872070e-01
1.403715389362143040e+09 1.015679836273193359e+00 4.830275848507881165e-02 -1.689639806747436523e+00 -4.811917897313833237e-03 5.396736860275268555e-01 2.222998142242431641e-01 8.119803071022033691e-01
1.403715390462142944e+09 1.226413488388061523e+00 1.608735322952270508e-01 -1.848137855529785156e+00 -1.392163056880235672e-02 4.615975022315979004e-01 1.642159223556518555e-01 8.716462254524230957e-01
1.403715390862143040e+09 1.542403578758239746e+00 2.208700180053710938e-01 -1.870022892951965332e+00 2.350124297663569450e-03 3.794329166412353516e-01 1.732483953237533569e-01 9.088510870933532715e-01
1.403715391662142992e+09 2.091871738433837891e+00 1.910705268383026123e-01 -1.843201041221618652e+00 9.700710885226726532e-03 3.374228179454803467e-01 1.472082138061523438e-01 9.297211766242980957e-01
1.403715392262143135e+09 2.571836709976196289e+00 5.604138225317001343e-02 -1.826016664505004883e+00 2.771004661917686462e-02 2.934335172176361084e-01 1.179098561406135559e-01 9.482754468917846680e-01
1.403715392662142992e+09 2.929768323898315430e+00 -1.177283003926277161e-02 -1.796311974525451660e+00 3.348482027649879456e-02 2.147223949432373047e-01 7.709649205207824707e-02 9.730515480041503906e-01
1.403715393062143087e+09 3.213794231414794922e+00 -4.891340434551239014e-02 -1.767010688781738281e+00 2.168874628841876984e-02 1.182130947709083557e-01 2.684146910905838013e-02 9.923884868621826172e-01
1.403715393462142944e+09 3.407992124557495117e+00 -6.864959001541137695e-02 -1.719661355018615723e+00 4.008379206061363220e-02 4.834408406168222427e-03 -3.060684725642204285e-02 9.987157583236694336e-01
1.403715393762143135e+09 3.484319686889648438e+00 -7.373110949993133545e-02 -1.689882159233093262e+00 2.873865142464637756e-02 -1.225743070244789124e-01 -4.798614978790283203e-02 9.908819794654846191e-01
1.403715394162142992e+09 3.517685174942016602e+00 -7.040625810623168945e-02 -1.672365427017211914e+00 4.322777688503265381e-02 -2.427677810192108154e-01 -9.799230098724365234e-02 9.641539454460144043e-01
1.403715394562143087e+09 3.521051883697509766e+00 -5.299836397171020508e-02 -1.694961547851562500e+00 3.995883092284202576e-02 -3.683123588562011719e-01 -1.439594924449920654e-01 9.176191687583923340e-01
1.403715394962142944e+09 3.509830236434936523e+00 -2.789145708084106445e-02 -1.741764068603515625e+00 3.368656337261199951e-02 -4.668128490447998047e-01 -1.864207834005355835e-01 8.638277053833007812e-01
1.403715395262143135e+09 3.464116573333740234e+00 2.823829650878906250e-02 -1.811580181121826172e+00 2.811210416257381439e-02 -5.617455244064331055e-01 -2.248324751853942871e-01 7.956771254539489746e-01
1.403715395762143135e+09 3.182345390319824219e+00 2.066422700881958008e-01 -1.900966405868530273e+00 4.283889383077621460e-02 -6.270240545272827148e-01 -2.431321293115615845e-01 7.388454079627990723e-01
1.403715396962142944e+09 2.813951730728149414e+00 3.635115623474121094e-01 -1.892948150634765625e+00 -8.243525400757789612e-03 -6.618202924728393555e-01 -2.415252923965454102e-01 7.096418738365173340e-01
1.403715397862143040e+09 2.409865617752075195e+00 3.228813409805297852e-01 -1.713173627853393555e+00 4.885052144527435303e-02 -6.566179990768432617e-01 -2.308192700147628784e-01 7.163720726966857910e-01
1.403715398762143135e+09 2.370992898941040039e+00 4.711976051330566406e-01 -1.975270271301269531e+00 3.926108777523040771e-02 -5.835003256797790527e-01 -2.623468339443206787e-01 7.675676941871643066e-01
1.403715400562143087e+09 2.286546945571899414e+00 5.437076687812805176e-01 -2.212548494338989258e+00 1.680284738540649414e-02 -5.035110712051391602e-01 -2.164999395608901978e-01 8.362547755241394043e-01
1.403715400962142944e+09 2.019326686859130859e+00 6.615502238273620605e-01 -2.520871877670288086e+00 -4.372420255094766617e-03 -4.171206951141357422e-01 -1.763474494218826294e-01 8.915676474571228027e-01
1.403715401562143087e+09 1.744843721389770508e+00 6.613917350769042969e-01 -2.645415067672729492e+00 1.585600897669792175e-02 -4.200416207313537598e-01 -1.390877962112426758e-01 8.966428041458129883e-01
1.403715402062143087e+09 1.424389123916625977e+00 6.322299242019653320e-01 -2.708303451538085938e+00 5.441696941852569580e-02 -4.000926613807678223e-01 -1.370568424463272095e-01 9.045330882072448730e-01
1.403715402562143087e+09 1.074161529541015625e+00 6.693719029426574707e-01 -2.843307733535766602e+00 3.876958787441253662e-02 -3.373878598213195801e-01 -1.197195872664451599e-01 9.329167604446411133e-01
1.403715403162142992e+09 8.031392693519592285e-01 6.855248212814331055e-01 -2.965488433837890625e+00 6.934141274541616440e-03 -3.134929537773132324e-01 -1.162037998437881470e-01 9.424281716346740723e-01
1.403715403862143040e+09 5.620898008346557617e-01 6.246573328971862793e-01 -2.893175125122070312e+00 -3.098592162132263184e-03 -2.166772782802581787e-01 -7.070160657167434692e-02 9.736748337745666504e-01
1.403715404162142992e+09 3.622013032436370850e-01 5.381598472595214844e-01 -2.745605707168579102e+00 2.450862154364585876e-02 -1.394550502300262451e-01 -7.244460284709930420e-02 9.872706532478332520e-01
1.403715404762143135e+09 -2.184157446026802063e-02 4.639744758605957031e-01 -2.530159711837768555e+00 3.758040815591812134e-02 -1.090315952897071838e-01 -2.483848482370376587e-02 9.930170774459838867e-01
1.403715405262143135e+09 -2.259463369846343994e-01 4.416863322257995605e-01 -2.402059078216552734e+00 2.417284063994884491e-02 -9.385223966091871262e-04 3.165487572550773621e-02 9.992060661315917969e-01
1.403715405662142992e+09 -3.535705208778381348e-01 4.279893636703491211e-01 -2.278172492980957031e+00 2.475114539265632629e-03 1.260891556739807129e-01 5.674465373158454895e-02 9.903915524482727051e-01
1.403715406062143087e+09 -4.484835565090179443e-01 4.092911481857299805e-01 -2.119890689849853516e+00 1.843604817986488342e-02 2.416639775037765503e-01 1.036735847592353821e-01 9.646297097206115723e-01
1.403715406462142944e+09 -5.163463354110717773e-01 4.182283580303192139e-01 -1.951143026351928711e+00 1.129581220448017120e-02 3.357029259204864502e-01 1.622337251901626587e-01 9.278234243392944336e-01
1.403715406862143040e+09 -5.156773328781127930e-01 4.366411268711090088e-01 -1.799769878387451172e+00 1.056591607630252838e-02 4.296526610851287842e-01 1.881636679172515869e-01 8.831090331077575684e-01
1.403715407262143135e+09 -4.294708967208862305e-01 4.300681948661804199e-01 -1.630086898803710938e+00 -1.384594570845365524e-02 4.824068248271942139e-01 2.138881832361221313e-01 8.493195772171020508e-01
1.403715407662142992e+09 -3.126506209373474121e-01 3.872868418693542480e-01 -1.519226312637329102e+00 -7.952179759740829468e-03 4.926162958145141602e-01 1.858098655939102173e-01 8.501415848731994629e-01
1.403715407962142944e+09 -2.290030717849731445e-01 3.353271484375000000e-01 -1.439094066619873047e+00 -9.883443126454949379e-04 4.888620376586914062e-01 1.887025982141494751e-01 8.517067432403564453e-01
1.403715408162142992e+09 -1.434977650642395020e-01 2.423940896987915039e-01 -1.368121981620788574e+00 6.543034687638282776e-03 4.854443073272705078e-01 1.913429200649261475e-01 8.530468940734863281e-01
1.403715408362143040e+09 -5.666840076446533203e-02 1.575364023447036743e-01 -1.292756080627441406e+00 1.598570868372917175e-02 4.815140366554260254e-01 1.885597854852676392e-01 8.557651638984680176e-01
1.403715408562143087e+09 2.288007736206054688e-02 1.182540208101272583e-01 -1.200410127639770508e+00 3.372715041041374207e-02 4.632177650928497314e-01 1.698202192783355713e-01 8.691679239273071289e-01
1.403715408762143135e+09 1.040455996990203857e-01 8.345702290534973145e-02 -1.070666432380676270e+00 4.314690828323364258e-02 4.001415371894836426e-01 1.413540095090866089e-01 9.044578671455383301e-01
1.403715409062143087e+09 1.397566646337509155e-01 3.193219006061553955e-02 -9.877895116806030273e-01 4.339501261711120605e-02 3.223678171634674072e-01 1.256891638040542603e-01 9.372289180755615234e-01
1.403715409462142944e+09 2.185918390750885010e-01 -1.707502156496047974e-01 -9.371724128723144531e-01 -7.784868357703089714e-04 3.207707107067108154e-01 1.326205432415008545e-01 9.378258585929870605e-01
1.403715410362143040e+09 2.961544990539550781e-01 -2.433960288763046265e-01 -6.761831641197204590e-01 2.652908116579055786e-02 3.050776124000549316e-01 1.248991861939430237e-01 9.437288641929626465e-01
1.403715412062143087e+09 1.547943055629730225e-01 -2.838332951068878174e-02 -6.181775927543640137e-01 2.802178077399730682e-02 2.943709194660186768e-01 1.250612735748291016e-01 9.470587372779846191e-01
1.403715413962142944e+09 1.344510316848754883e-01 7.094901800155639648e-02 -6.205728650093078613e-01 1.646865531802177429e-02 2.988845109939575195e-01 1.157003268599510193e-01 9.471062421798706055e-01
1.403715414762143135e+09 8.441960811614990234e-02 7.259263098239898682e-02 -5.596321225166320801e-01 2.828866802155971527e-02 2.957026362419128418e-01 1.418262720108032227e-01 9.442695975303649902e-01
1.403715415262143135e+09 1.009752452373504639e-01 1.467644572257995605e-01 -5.104092955589294434e-01 2.439101226627826691e-02 3.173955082893371582e-01 1.258058249950408936e-01 9.395946264266967773e-01
1.403715415662142992e+09 1.047064736485481262e-01 1.760899871587753296e-01 -5.013461112976074219e-01 1.900169253349304199e-02 3.280362784862518311e-01 1.146002188324928284e-01 9.374955296516418457e-01
