1.403715278662142976e+18 8.904270234000000173e-01 2.214452494000000105e+00 9.468184970999999894e-01 4.376532235000000215e-01 6.130779323999999697e-01 -5.420946854999999509e-01 3.724626918050000235e-01
1.403715278862142976e+18 9.223647717999999829e-01 2.230942586899999913e+00 1.004352249699999922e+00 4.493335573000000194e-01 6.043917885999999795e-01 -5.404198563000000011e-01 3.751750245770000269e-01
1.403715280562142976e+18 1.060602231400000095e+00 2.285165694799999869e+00 1.186709388799999987e+00 4.234403274999999911e-01 6.122121489999999833e-01 -5.477138958999999696e-01 3.819739020969999954e-01
1.403715280962142976e+18 1.138437418499999909e+00 2.328332507699999887e+00 1.239854017599999914e+00 3.988260657000000098e-01 5.542113163999999870e-01 -6.020482477999999915e-01 4.139148382789999969e-01
1.403715281462142976e+18 1.232724058400000100e+00 2.383627521100000202e+00 1.275633611800000011e+00 3.671536235000000259e-01 5.129460323000000210e-01 -6.398321582999999535e-01 4.389753908929999726e-01
1.403715281662142976e+18 1.274364979000000009e+00 2.399265335900000018e+00 1.276405922699999973e+00 3.435391481000000247e-01 4.828317364999999972e-01 -6.638918089999999994e-01 4.561820184640000275e-01
1.403715281862142976e+18 1.318664154699999980e+00 2.413365191700000079e+00 1.269698551400000097e+00 3.138731230999999844e-01 4.423470325000000147e-01 -6.931642657000000041e-01 4.746957617609999791e-01
1.403715281962142976e+18 1.341991486099999964e+00 2.420655208299999916e+00 1.263445931399999944e+00 2.983805045999999850e-01 4.209472672999999832e-01 -7.070687554000000263e-01 4.835558372930000015e-01
1.403715282062142976e+18 1.366663995999999992e+00 2.428080667800000203e+00 1.255166115099999979e+00 2.841122945999999816e-01 3.992524277000000232e-01 -7.201040216999999855e-01 4.912513623040000166e-01
1.403715282462142976e+18 1.480017721699999900e+00 2.455659180100000061e+00 1.210817684700000063e+00 2.242590570999999922e-01 3.204453869000000177e-01 -7.605181312000000027e-01 5.182999145829999543e-01
1.403715282862142976e+18 1.623711444100000012e+00 2.481940030200000091e+00 1.156185048400000026e+00 1.776016793000000094e-01 2.367091999000000002e-01 -7.863330084999999858e-01 5.423161420450000048e-01
1.403715284362142976e+18 2.051050201299999820e+00 2.553184993199999919e+00 9.775121317999999615e-01 9.381321430000000294e-02 6.511393159999999403e-02 -8.254183819999999505e-01 5.528505688120000094e-01
1.403715285162142976e+18 2.157843783900000201e+00 2.450324938100000072e+00 9.447263379000000461e-01 5.756874840000000132e-02 3.560716099999999829e-02 -8.072117293999999665e-01 5.863677969239999843e-01
1.403715286062142976e+18 2.117283245399999903e+00 2.383682066200000005e+00 1.201007591700000043e+00 1.031495160000000036e-02 -1.097435960000000058e-02 -8.267529488000000537e-01 5.623635184420000543e-01
1.403715287662142976e+18 2.000415766100000159e+00 1.903906270700000070e+00 1.471688317299999937e+00 3.001625280000000048e-02 9.020588150000000138e-02 8.112540622999999673e-01 -5.769131390010000526e-01
1.403715288062142976e+18 1.964705629900000083e+00 1.798877100999999978e+00 1.545072279400000026e+00 9.200757319999999795e-02 1.662128807000000097e-01 7.951712861999999937e-01 -5.758563278339999814e-01
1.403715289162142976e+18 1.798920775600000077e+00 1.705842705400000048e+00 1.537214097299999915e+00 1.519260474999999944e-01 2.266191218999999979e-01 7.871278700999999600e-01 -5.531654055369999989e-01
1.403715291362142976e+18 1.591184972400000008e+00 1.109958807900000011e+00 1.355921638499999915e+00 1.689240267000000073e-01 3.244669441999999959e-01 7.523417176000000151e-01 -5.478757298469999482e-01
1.403715292362142976e+18 1.229290478800000086e+00 8.635453950000000489e-01 1.236595054499999957e+00 2.030997019999999931e-01 3.151834770999999980e-01 7.701998915000000112e-01 -5.159476853109999928e-01
1.403715292662142976e+18 1.107316767799999990e+00 7.447095540000000513e-01 1.207062571500000070e+00 1.685661011000000042e-01 2.411350577999999967e-01 7.840988507999999690e-01 -5.464689796070000272e-01
1.403715292962142976e+18 1.019975595300000037e+00 6.151424187999999793e-01 1.218411023100000046e+00 1.201406879999999955e-01 1.580593533999999911e-01 7.990067416999999672e-01 -5.676016936309999927e-01
1.403715293862142976e+18 8.844444838999999670e-01 3.282250250000000036e-01 1.496041887300000095e+00 1.941556909999999844e-02 1.011328099999999957e-03 -8.161083885000000038e-01 5.775717367149999504e-01
1.403715294462142976e+18 7.755702528000000262e-01 2.186475082999999875e-01 1.507483147999999940e+00 1.002746659000000040e-01 1.079541588000000052e-01 -8.010302715999999545e-01 5.802080617710000388e-01
1.403715294862142976e+18 6.804392643000000129e-01 1.871086992000000060e-01 1.392762634399999921e+00 1.394411962000000060e-01 1.973247227000000104e-01 -7.978273804000000080e-01 5.523500499140000519e-01
1.403715295862142976e+18 5.123641480999999720e-01 1.634016899999999883e-01 1.272406282700000002e+00 2.654230246000000015e-01 3.596426515999999740e-01 -7.248022309999999635e-01 5.242799891820000280e-01
1.403715296462142976e+18 3.568817966999999758e-01 1.875835990999999980e-01 1.113582565400000002e+00 3.055913385999999843e-01 4.174623628999999947e-01 -7.199732461000000194e-01 4.625771657880000109e-01
1.403715297362142976e+18 2.179893220999999937e-01 -6.306419399999999877e-03 1.091009225499999902e+00 3.621653765999999774e-01 5.152889282999999487e-01 -6.600498180999999631e-01 4.094481627150000080e-01
1.403715297862142976e+18 2.990178685000000058e-01 -2.019954241999999955e-01 1.045089302200000070e+00 4.174226571999999913e-01 5.736584346999999973e-01 -5.999840985000000071e-01 3.697207148189999848e-01
1.403715299062142976e+18 4.367105727999999742e-01 -5.823773151000000148e-01 1.070420483599999972e+00 4.502438480000000021e-01 6.688009553999999524e-01 -4.940235595999999951e-01 3.254634878559999889e-01
1.403715299562142976e+18 4.545072715999999846e-01 -4.426073701000000082e-01 1.114192820099999981e+00 4.895785246000000090e-01 7.067648774000000467e-01 -4.365610340000000145e-01 2.649730928680000264e-01
1.403715299862142976e+18 5.292678914999999762e-01 -3.453404030000000180e-01 1.132206154099999917e+00 5.227785278000000035e-01 7.341799383999999540e-01 -3.705951826000000171e-01 2.243694263740000083e-01
1.403715300362142976e+18 7.038047688999999885e-01 -2.079327387000000082e-01 1.143494887999999987e+00 5.649333761000000509e-01 7.514647942000000080e-01 -2.772652264000000089e-01 1.981790551529999944e-01
1.403715301662142976e+18 8.069254136000000299e-01 -2.961330759999999951e-01 1.129752354300000095e+00 5.501977561999999988e-01 7.545549334000000163e-01 -2.974800255000000226e-01 1.985822650010000134e-01
1.403715302362142976e+18 5.763807696999999619e-01 -4.778133893000000021e-01 1.060959656200000101e+00 5.223682151999999856e-01 7.651114184999999734e-01 -3.044353082999999849e-01 2.214838777529999914e-01
1.403715303062142976e+18 2.827229117999999763e-01 -5.138085065999999923e-01 1.047065357099999927e+00 5.104456864999999954e-01 7.738011081000000235e-01 -3.259104395999999904e-01 1.856325174859999871e-01
1.403715303362142976e+18 2.101016967999999874e-01 -4.710584387999999789e-01 1.030504392999999963e+00 5.359606365000000316e-01 7.886952648999999704e-01 -2.554313621000000034e-01 1.595643900910000135e-01
1.403715303662142976e+18 1.474851463999999890e-01 -3.983560823000000251e-01 1.022402361599999976e+00 5.625664481000000050e-01 7.991901166999999528e-01 -1.758441883000000094e-01 1.178684449750000002e-01
1.403715303962142976e+18 7.110369710000000176e-02 -3.235086883000000135e-01 1.018387662200000099e+00 5.863808779000000415e-01 7.990565237000000209e-01 -1.183411820000000031e-01 6.051035103139999760e-02
1.403715305462142976e+18 -1.396285234999999902e-01 -2.935225700999999909e-01 9.338726590000000494e-01 5.726697164999999812e-01 8.107331667999999603e-01 -1.080006136000000033e-01 5.565065639069999986e-02
1.403715306462142976e+18 -1.721258602000000082e-01 -3.103854066000000245e-01 1.263642293700000030e+00 5.916955533000000100e-01 7.945047763000000485e-01 -1.336795842999999873e-01 2.807670559959999854e-02
1.403715307062142976e+18 2.347459899999999877e-02 -4.605661497999999909e-01 1.400361696000000045e+00 5.900089157000000251e-01 7.565315544999999808e-01 -2.166384141999999902e-01 1.806025578450000113e-01
1.403715307362142976e+18 6.185710569999999797e-02 -6.231999342999999802e-01 1.364029687099999943e+00 5.359459396000000320e-01 7.618147401999999513e-01 -2.753993755999999959e-01 2.378138671120000047e-01
1.403715307962142976e+18 1.565712400000000056e-03 -8.585712200999999766e-01 1.213169930599999891e+00 4.795502231000000060e-01 7.209922511999999895e-01 -4.168605617000000207e-01 2.764580065180000101e-01
1.403715308362142976e+18 -6.789787799999999658e-03 -9.354738294000000121e-01 1.109882005300000030e+00 4.490006637999999772e-01 6.822942285999999967e-01 -4.769763980000000236e-01 3.246020721899999795e-01
1.403715310562142976e+18 4.337494821999999806e-01 -1.208173832599999997e+00 1.172774144099999916e+00 4.749005103999999755e-01 6.332761053000000029e-01 -4.992622916000000188e-01 3.523748625429999892e-01
1.403715311462142976e+18 4.812196121000000271e-01 -1.532809314299999892e+00 1.203903413599999972e+00 4.443510452000000166e-01 6.200644229999999757e-01 -5.509542656000000482e-01 3.384104863149999809e-01
1.403715312062142976e+18 6.575970837000000291e-01 -1.750117892200000025e+00 1.233321697200000067e+00 4.354247796999999864e-01 6.149400426000000142e-01 -5.512387302000000266e-01 3.583153185979999766e-01
1.403715312662142976e+18 9.114214094999999460e-01 -1.930092509699999903e+00 1.255909828200000078e+00 4.388052472000000259e-01 6.021910587000000037e-01 -5.521408558999999494e-01 3.741074164370000177e-01
1.403715313862142976e+18 1.096889430500000095e+00 -2.095390983100000160e+00 1.413710251399999951e+00 4.339167520000000167e-01 6.106300053000000005e-01 -5.384412041999999676e-01 3.859123198009999922e-01
1.403715314462142976e+18 1.047573792399999926e+00 -2.068492205200000100e+00 1.481635661999999964e+00 3.853023769999999737e-01 5.668041618000000392e-01 -5.945327580999999473e-01 4.204829603849999931e-01
1.403715315962142976e+18 9.980457081000000397e-01 -1.646691917000000061e+00 1.495920012900000096e+00 3.509909298000000177e-01 4.498467998999999828e-01 -6.812120601000000164e-01 4.586865520150000264e-01
1.403715316962142976e+18 1.009619262399999995e+00 -1.480545096900000024e+00 1.353598622500000070e+00 2.299414312999999987e-01 3.355302840000000120e-01 -7.473870085999999580e-01 5.253180236950000248e-01
1.403715317362142976e+18 1.096634137199999914e+00 -1.390918145599999933e+00 1.274281295400000014e+00 1.746936601000000089e-01 2.493050169000000094e-01 -7.817991374999999632e-01 5.441683952270000013e-01
1.403715318162142976e+18 1.243636740399999940e+00 -1.225729411599999930e+00 1.175492471499999914e+00 9.117928390000000494e-02 6.085081879999999777e-02 -8.197011950999999463e-01 5.622041148249999898e-01
1.403715318862142976e+18 1.176315376400000057e+00 -1.209026388200000079e+00 1.088006814499999919e+00 4.017772799999999589e-03 3.354400600000000208e-03 -8.429505483000000465e-01 5.379655923749999680e-01
1.403715319462142976e+18 1.151305487599999955e+00 -1.421831121399999898e+00 1.038115730899999978e+00 7.542163070000000580e-02 8.537068829999999720e-02 8.188640801000000025e-01 -5.625700325039999505e-01
1.403715319962142976e+18 1.235415948600000036e+00 -1.673999732700000020e+00 1.090702187400000023e+00 1.012338905000000067e-01 1.394587516999999943e-01 8.088876777000000295e-01 -5.621420468860000019e-01
1.403715320362142976e+18 1.350742970400000020e+00 -1.899294815199999986e+00 1.196975833300000014e+00 1.416393817999999916e-01 1.991738621999999959e-01 7.831832769000000027e-01 -5.717447095459999851e-01
1.403715321862142976e+18 1.536284454100000030e+00 -2.045927487999999794e+00 1.396199618800000097e+00 2.005104409000000032e-01 3.743861036000000198e-01 7.182279131000000039e-01 -5.511617488750000238e-01
1.403715322162142976e+18 1.433989387100000013e+00 -1.909003681399999985e+00 1.423915036399999945e+00 2.157543661000000113e-01 3.936087663999999764e-01 7.159771807000000488e-01 -5.346951180019999805e-01
1.403715322362142976e+18 1.347315502999999914e+00 -1.786500589100000091e+00 1.438451539899999965e+00 2.457280343000000089e-01 3.973302986000000203e-01 7.229679687000000188e-01 -5.089829891020000163e-01
1.403715322562142976e+18 1.253091087300000073e+00 -1.667516282000000016e+00 1.419658531400000090e+00 2.664288705000000257e-01 4.185766128999999780e-01 7.194956701000000399e-01 -4.859375029499999887e-01
1.403715322862142976e+18 1.100784409200000091e+00 -1.530071301100000003e+00 1.355542282200000059e+00 2.783655373000000210e-01 4.315438753999999988e-01 7.150564774000000012e-01 -4.743171359159999989e-01
1.403715323362142976e+18 8.039640270000000255e-01 -1.438421874100000108e+00 1.345141567199999999e+00 2.890355480999999838e-01 4.230859947000000232e-01 7.148862060999999768e-01 -4.758092110059999880e-01
1.403715324362142976e+18 4.115721117999999734e-01 -1.627915866900000008e+00 1.461784506100000103e+00 2.871774147999999749e-01 4.212567228999999913e-01 6.702242435999999914e-01 -5.393249198309999493e-01
1.403715327162142976e+18 5.441398023000000306e-01 -1.066378296699999950e+00 1.460194282500000051e+00 2.720390060999999804e-01 4.479411989000000038e-01 6.863459587000000361e-01 -5.042545849870000430e-01
1.403715327862142976e+18 4.926957849999999972e-01 -7.298457404000000537e-01 1.409157580600000070e+00 2.538577618000000258e-01 4.132333431999999918e-01 7.155208291000000331e-01 -5.028164515299999859e-01
1.403715328562142976e+18 3.355722763999999803e-01 -4.115210762000000022e-01 1.370044052099999909e+00 2.642519494000000191e-01 3.585924301000000258e-01 7.234881645999999833e-01 -5.273966743169999916e-01
1.403715329162142976e+18 3.710248765999999976e-01 -2.368102133999999970e-01 1.342702663300000099e+00 1.803085017999999928e-01 2.795203191000000253e-01 7.690804836000000311e-01 -5.457769188750000167e-01
1.403715330162142976e+18 4.463368567000000064e-01 -1.308628550000000001e-01 1.202192339900000073e+00 1.166857183000000048e-01 2.022922832999999865e-01 7.929517492000000001e-01 -5.627519869089999682e-01
1.403715331362142976e+18 4.148562962999999826e-01 -1.101823100999999999e-01 1.301567591400000001e+00 3.933647629999999923e-02 1.068009919000000030e-01 8.109129924000000322e-01 -5.739915578299999988e-01
1.403715332162142976e+18 2.148845057000000058e-01 -5.850665759999999771e-02 1.513873236200000028e+00 3.955948869999999923e-02 9.873708920000000278e-02 8.171648019999999679e-01 -5.665048282810000169e-01
1.403715333162142976e+18 -1.753056316000000114e-01 -1.921135224999999946e-01 1.572255554400000088e+00 1.039572849999999965e-02 5.576251620000000075e-02 7.918995009000000529e-01 -6.080112260960000015e-01
1.403715333862142976e+18 -5.161460450999999505e-01 -1.738347795999999890e-01 1.531152562599999989e+00 1.394943899999999924e-03 4.368536459999999844e-02 8.174846563000000010e-01 -5.742895435499999479e-01
1.403715334862142976e+18 -9.983114288000000114e-01 -1.706840192999999894e-01 1.530567527200000111e+00 2.675845409999999883e-02 5.146250500000000387e-03 -8.220893243000000350e-01 5.687061140260000203e-01
1.403715335862142976e+18 -1.397353877800000088e+00 -3.686963883000000108e-01 1.510653077600000005e+00 6.316888090000000178e-02 5.177176049999999974e-02 -8.207217028000000081e-01 5.654602230559999665e-01
1.403715336662142976e+18 -1.648058212700000080e+00 -5.860634622000000515e-01 1.487853654600000075e+00 7.913254429999999617e-02 7.936517939999999938e-02 -8.157968933000000478e-01 5.673752176540000081e-01
1.403715337462142976e+18 -1.805817377899999965e+00 -8.030583851000000495e-01 1.537444343400000024e+00 1.144551298999999939e-01 1.130324998000000053e-01 -8.180233956000000362e-01 5.522331042539999624e-01
1.403715337962142976e+18 -1.879725473499999966e+00 -9.985854644999999641e-01 1.571793089500000073e+00 1.228295028999999983e-01 1.290409175999999991e-01 -8.092570529000000512e-01 5.597895829829999670e-01
1.403715338562142976e+18 -1.970837204900000028e+00 -1.251509582800000020e+00 1.608274872099999975e+00 1.500657924999999893e-01 1.436909682999999993e-01 -8.048601784000000148e-01 5.559075973049999453e-01
1.403715339162142976e+18 -2.099953129399999785e+00 -1.513677156700000026e+00 1.643370851500000063e+00 1.787218590000000107e-01 2.231249429000000117e-01 -7.910585109000000115e-01 5.408328662850000468e-01
1.403715340562142976e+18 -2.099479808199999908e+00 -1.983086048799999945e+00 1.610544663099999996e+00 2.435019109999999876e-01 3.211865406000000145e-01 -7.540925830000000385e-01 5.185464316460000056e-01
1.403715341662142976e+18 -1.757741886800000097e+00 -2.241549279400000039e+00 1.716148182199999983e+00 2.369998687000000048e-01 3.184299131000000171e-01 -7.436590534000000474e-01 5.379634420200000156e-01
1.403715342462142976e+18 -1.530935817500000073e+00 -2.320869297699999834e+00 1.746424541899999960e+00 2.536979575000000153e-01 3.342256276000000192e-01 -7.575737367999999528e-01 5.000126093900000290e-01
1.403715342862142976e+18 -1.375197124200000065e+00 -2.363120871600000061e+00 1.746344661299999990e+00 2.754098158000000129e-01 3.991129057000000202e-01 -7.187272826999999698e-01 4.982864787760000191e-01
1.403715343362142976e+18 -1.129507689199999998e+00 -2.394901146500000078e+00 1.731929938700000005e+00 3.017568368999999917e-01 4.092255750000000081e-01 -7.107414533999999451e-01 4.861314910719999882e-01
1.403715343962142976e+18 -7.994852713000000222e-01 -2.431416900299999906e+00 1.695862614099999943e+00 2.909477797000000199e-01 4.086965492999999894e-01 -7.076046059999999693e-01 4.976065128889999856e-01
1.403715344662142976e+18 -4.019902347000000042e-01 -2.333145564800000127e+00 1.670631598599999990e+00 3.214255998000000170e-01 4.683156331000000172e-01 -6.516746150000000126e-01 5.026790704050000391e-01
1.403715345062142976e+18 -2.248815144999999904e-01 -2.119447194000000145e+00 1.635802698700000057e+00 3.328222195000000161e-01 4.718317462000000129e-01 -6.572178062000000320e-01 4.844263913699999868e-01
1.403715345462142976e+18 -7.408548149999999444e-02 -1.830518180899999958e+00 1.606237648400000051e+00 3.438687380000000071e-01 4.637319737000000219e-01 -6.643428572999999782e-01 4.747162473350000078e-01
1.403715345862142976e+18 3.119337579999999915e-02 -1.518653497799999919e+00 1.569953748299999896e+00 3.470980792000000204e-01 4.635363428000000008e-01 -6.662868101000000154e-01 4.698072678890000131e-01
1.403715346362142976e+18 1.531140943000000032e-01 -1.140864165500000027e+00 1.539618881100000003e+00 3.363203886000000198e-01 4.667832966000000083e-01 -6.803547735999999624e-01 4.540036698639999813e-01
1.403715347062142976e+18 3.390661400000000159e-01 -7.084647343000000097e-01 1.551269092400000105e+00 3.342617487999999804e-01 4.362997891000000017e-01 -6.996800398000000420e-01 4.564640392909999900e-01
1.403715347462142976e+18 4.181208925000000076e-01 -5.258376876000000477e-01 1.574401681099999895e+00 3.390399747999999769e-01 4.840176453000000212e-01 -6.613735017999999855e-01 4.619133096390000137e-01
1.403715347862142976e+18 4.979148957000000264e-01 -3.193425605999999917e-01 1.610738196700000069e+00 3.753427263999999930e-01 5.123351631000000461e-01 -6.323490836999999809e-01 4.435821848470000162e-01
1.403715348062142976e+18 5.273406204999999680e-01 -2.073825356000000009e-01 1.626048403800000042e+00 4.087879533000000065e-01 5.232083873999999746e-01 -6.231647095000000247e-01 4.132930406909999799e-01
1.403715348362142976e+18 5.543965798000000111e-01 -7.791881100000000449e-02 1.641489957599999938e+00 4.391968195000000019e-01 5.765933533000000555e-01 -5.797073980000000404e-01 3.722708574849999952e-01
1.403715349662142976e+18 7.958169468000000357e-01 -1.471472956000000054e-01 1.315087933600000092e+00 4.756289202000000271e-01 6.350556470999999537e-01 -4.984092891999999941e-01 3.493846529719999983e-01
1.403715349962142976e+18 8.136569522000000054e-01 -2.444639949000000090e-01 1.250721042999999977e+00 4.911413192999999899e-01 6.607420397000000056e-01 -4.716810980000000209e-01 3.157801501999999982e-01
1.403715350462142976e+18 8.377548542999999626e-01 -4.255913642999999968e-01 1.151498490000000041e+00 4.633457760999999953e-01 7.115507709999999708e-01 -4.371266992999999768e-01 2.965239296170000260e-01
1.403715351962142976e+18 1.131824540400000023e+00 -3.812032459999999817e-02 1.070239965200000087e+00 5.028315244000000073e-01 7.031057262000000030e-01 -4.137555874000000133e-01 2.856730820000000226e-01
1.403715352162142976e+18 1.137600324699999943e+00 8.537523850000000580e-02 1.092358044400000061e+00 5.150405256000000209e-01 7.154197871999999903e-01 -3.965338518000000034e-01 2.562590281109999868e-01
1.403715352562142976e+18 1.165700044700000104e+00 3.089916020999999846e-01 1.132034292599999992e+00 5.319393188000000050e-01 7.175069039999999454e-01 -3.920876812999999905e-01 2.202082060610000003e-01
1.403715353962142976e+18 1.296946700799999963e+00 6.859641841000000406e-01 1.178627025800000006e+00 5.299928542999999825e-01 7.362428789999999612e-01 -3.472457601000000227e-01 2.376433874960000026e-01
1.403715355462142976e+18 1.404436329799999994e+00 8.660303389000000296e-01 1.230007218999999985e+00 5.380117599999999500e-01 7.641163709999999609e-01 -3.024987708999999914e-01 1.875206955840000023e-01
1.403715355962142976e+18 1.491620044600000083e+00 9.119942130999999508e-01 1.314610605900000007e+00 5.521382146000000102e-01 7.879590773000000326e-01 -2.288940029000000043e-01 1.478898911419999906e-01
1.403715357062142976e+18 1.569405606899999972e+00 1.201198317600000065e+00 1.385990427699999916e+00 5.549820103999999477e-01 7.999923340000000271e-01 -2.025056335000000041e-01 1.048746967579999995e-01
1.403715358562142976e+18 1.619467162200000088e+00 1.937195391399999966e+00 1.474158200500000016e+00 5.626214540999999736e-01 8.169056370999999706e-01 -9.381620479999999707e-02 8.556166895769999614e-02
1.403715358962142976e+18 1.496044643999999924e+00 2.211452303799999797e+00 1.454687838099999908e+00 5.922679508999999509e-01 8.013662102999999926e-01 -7.464002299999999979e-02 3.820652108059999913e-02
1.403715360862142976e+18 9.121811228999999743e-01 2.732898045899999850e+00 1.457831985299999911e+00 5.711475160000000217e-01 7.987956778999999452e-01 -1.672050610999999964e-01 8.808204979519999867e-02
1.403715361962142976e+18 8.549375590000000136e-01 2.840057549800000025e+00 1.501433005500000029e+00 5.026894253000000479e-01 7.423222212000000209e-01 -3.662908563000000228e-01 2.491828049289999958e-01
1.403715362362142976e+18 8.419824264999999919e-01 2.957286738500000123e+00 1.463863575400000006e+00 4.706041163999999943e-01 6.977905879000000366e-01 -4.415299120000000244e-01 3.109202435699999767e-01
1.403715363162142976e+18 8.619803849999999601e-01 3.325534982399999784e+00 1.417813079299999890e+00 4.377905758000000258e-01 5.411891114000000336e-01 -6.107901247000000478e-01 3.773449099089999925e-01
1.403715363662142976e+18 8.834035481999999995e-01 3.351817146200000153e+00 1.455647581400000057e+00 3.778137514000000086e-01 4.864885360000000269e-01 -6.586095481000000529e-01 4.322257936760000030e-01
1.403715364062142976e+18 8.886255145000000466e-01 3.259650948400000026e+00 1.497150813900000044e+00 3.181001895000000190e-01 4.148249392000000202e-01 -7.003549758999999542e-01 4.860405816100000220e-01
1.403715365162142976e+18 7.383951684999999765e-01 2.949868594399999822e+00 1.659191668899999916e+00 2.361433398999999989e-01 3.357676501999999896e-01 -7.470185978000000171e-01 5.229336693830000105e-01
1.403715366362142976e+18 4.753820785999999798e-01 2.750708585299999953e+00 1.775603645099999905e+00 1.707398088000000036e-01 1.640184483000000082e-01 -7.985706880999999813e-01 5.533811728330000346e-01
1.403715367062142976e+18 1.407392242999999932e-01 2.626816617499999840e+00 1.791400492900000030e+00 1.534850986999999889e-01 1.957953493000000045e-01 -8.083705518999999562e-01 5.335199682689999445e-01
1.403715367962142976e+18 -1.633697658000000108e-01 2.232937807299999911e+00 1.854147841200000091e+00 1.665409277000000077e-01 2.102635733999999867e-01 -8.005273578999999584e-01 5.359191155129999773e-01
1.403715368662142976e+18 -3.851799687999999944e-01 1.773489261499999969e+00 1.866885626700000023e+00 1.758378720999999867e-01 1.929114114999999907e-01 -7.915684359000000336e-01 5.525265978569999792e-01
1.403715369362142976e+18 -7.103282099000000072e-01 1.345486236700000005e+00 1.845291649900000053e+00 1.938226822000000127e-01 2.608280801999999787e-01 -7.843265350000000469e-01 5.284253654989999882e-01
1.403715370862142976e+18 -9.401441756999999733e-01 4.920709945000000252e-01 1.818766813999999954e+00 2.657486103000000210e-01 3.480099647000000074e-01 -7.414705963000000066e-01 5.084172453380000345e-01
1.403715371562142976e+18 -8.625650450999999830e-01 9.804992379999999397e-02 1.787318383499999941e+00 2.582271168999999977e-01 3.482598620999999839e-01 -7.543761395000000425e-01 4.929000555759999735e-01
1.403715373162142976e+18 -4.036743318000000080e-01 -1.047979255500000040e+00 1.822060801399999930e+00 3.072183763999999928e-01 3.922873608999999928e-01 -7.167238428000000106e-01 4.878877216020000018e-01
1.403715373862142976e+18 -2.333362465999999913e-01 -1.496788775099999969e+00 1.845424339800000091e+00 3.083714478999999842e-01 4.392267455000000154e-01 -6.873040214000000203e-01 4.894896304879999827e-01
1.403715375162142976e+18 1.863330376000000010e-01 -1.841078331899999920e+00 1.865703999900000021e+00 3.880559625000000179e-01 5.593802399999999730e-01 -5.993544596000000002e-01 4.210469674769999893e-01
1.403715375962142976e+18 6.026670447999999958e-01 -1.786208046300000074e+00 1.829835115599999895e+00 3.837003151000000223e-01 5.334404687999999561e-01 -6.163134765000000126e-01 4.340196230219999785e-01
1.403715377162142976e+18 1.011653289899999919e+00 -1.485966151900000032e+00 1.710256682000000028e+00 4.034207222000000259e-01 5.424008997999999471e-01 -5.899780010999999824e-01 4.415642002690000067e-01
1.403715378162142976e+18 9.051005545000000430e-01 -9.679653705999999858e-01 1.623368390500000036e+00 4.158952437999999807e-01 5.472608021000000544e-01 -5.939374133999999472e-01 4.180611315280000073e-01
1.403715378662142976e+18 7.697210434000000268e-01 -7.137755116999999760e-01 1.578547057800000042e+00 4.050153980999999792e-01 5.565239076000000340e-01 -6.039932326000000407e-01 4.017907944990000146e-01
1.403715379462142976e+18 6.936219822000000423e-01 -4.065588039999999959e-01 1.604906439000000073e+00 3.858525032999999826e-01 5.686171370999999475e-01 -5.953777894999999765e-01 4.163144062879999829e-01
1.403715380062142976e+18 7.669886941000000347e-01 -8.261109010000000641e-02 1.654845307099999996e+00 3.879241246999999837e-01 5.658125937000000327e-01 -5.865306756999999482e-01 4.305261300870000252e-01
1.403715380462142976e+18 8.255445282000000162e-01 2.065247097000000032e-01 1.680314271300000106e+00 4.007251922000000244e-01 5.536982361000000186e-01 -5.972958066000000343e-01 4.196132779949999780e-01
1.403715380862142976e+18 8.658131480999999852e-01 4.949138056999999868e-01 1.706136499399999895e+00 4.002025649000000018e-01 5.564892168999999722e-01 -5.919036708999999563e-01 4.240373838900000081e-01
1.403715381862142976e+18 8.388652095999999947e-01 1.213287409699999930e+00 1.719596456099999893e+00 3.831232560999999759e-01 5.524427739999999698e-01 -6.041736782000000083e-01 4.277823261970000179e-01
1.403715383562142976e+18 1.166132470300000001e+00 2.296900171099999888e+00 1.656725056400000007e+00 2.854771723000000261e-01 3.778969182999999954e-01 -7.355882178999999521e-01 4.843621341359999888e-01
1.403715383862142976e+18 1.305046598699999949e+00 2.392173275000000210e+00 1.632183216000000048e+00 2.628069705000000145e-01 3.382746985999999789e-01 -7.482041981000000508e-01 5.066489933950000246e-01
1.403715384662142976e+18 1.592543461100000002e+00 2.513309029200000211e+00 1.594670560099999967e+00 1.457067773999999871e-01 1.550755417000000136e-01 -8.156865231000000049e-01 5.379373638279999481e-01
1.403715387462142976e+18 1.275551180599999945e+00 1.946351107699999972e+00 1.662707932000000000e+00 7.731243560000000681e-02 6.518877589999999556e-02 -8.196808676000000293e-01 5.638230981590000024e-01
1.403715388162142976e+18 7.870588842000000307e-01 1.758065990400000000e+00 1.706870780700000090e+00 8.523533660000000289e-02 8.252324229999999372e-02 -8.280208763999999944e-01 5.480020804349999830e-01
1.403715389362142976e+18 -8.662585900000000297e-03 1.199526975699999998e+00 1.558741786899999981e+00 7.689493020000000290e-02 1.049571152000000063e-01 -8.116497233999999672e-01 5.694698413459999831e-01
1.403715390462142976e+18 -5.012911094999999984e-01 7.170271584999999837e-01 1.557750890699999946e+00 1.495872209999999924e-01 2.365485425999999947e-01 -7.979470516000000124e-01 5.338061006309999801e-01
1.403715390862142976e+18 -5.481811844999999739e-01 5.064768053999999520e-01 1.526214020600000110e+00 1.988927819000000097e-01 2.981736153999999805e-01 -7.740785236999999652e-01 5.218587888739999459e-01
1.403715391662142976e+18 -4.302104455999999910e-01 1.156507399999999897e-03 1.474676939000000075e+00 2.571237882999999891e-01 3.274175449000000238e-01 -7.617127953000000229e-01 4.964662388180000052e-01
1.403715392662142976e+18 -1.180000768000000061e-01 -8.893014150000000395e-01 1.687563919100000032e+00 3.180504996999999889e-01 4.254807950000000227e-01 -6.866095480999999667e-01 4.963640812430000215e-01
1.403715393062142976e+18 -4.503842899999999962e-03 -1.194680541399999907e+00 1.729649130999999951e+00 3.492920648999999766e-01 5.031878956999999986e-01 -6.491723079000000229e-01 4.509681913970000067e-01
1.403715393462142976e+18 1.069401157999999991e-01 -1.427074199500000029e+00 1.749502762499999919e+00 3.939463235999999813e-01 5.812985619999999631e-01 -5.713647683000000477e-01 4.247829769529999910e-01
1.403715394162142976e+18 2.173346197999999896e-01 -1.576116255000000077e+00 1.739855487700000092e+00 4.848894201000000237e-01 6.870900883999999653e-01 -4.458559705999999845e-01 3.065973160220000215e-01
1.403715394562142976e+18 2.416356866999999908e-01 -1.590505089899999946e+00 1.729942467000000095e+00 5.299248771000000247e-01 7.346398480000000397e-01 -3.402943426999999743e-01 2.523562535169999732e-01
1.403715394962142976e+18 2.014128817999999987e-01 -1.584135669599999963e+00 1.719996915100000079e+00 5.536451911999999975e-01 7.819571706000000288e-01 -2.350319198999999970e-01 1.636459046410000118e-01
1.403715396962142976e+18 -1.807280809000000044e-01 -1.205788321500000038e+00 1.503356852000000021e+00 5.719560341999999631e-01 8.196551324999999943e-01 1.941685970000000053e-02 -2.558797117989999870e-02
1.403715397862142976e+18 -2.504249144999999843e-01 -7.860875836999999811e-01 1.370119337300000018e+00 5.730560627999999879e-01 8.171326916000000162e-01 1.398061469999999952e-02 -6.087245451000000002e-02
1.403715400562142976e+18 -5.851451105999999625e-01 -4.980935994999999838e-01 1.318780386100000035e+00 5.567578241999999733e-01 8.256599029000000201e-01 -6.687784900000000310e-02 6.191771382559999731e-02
1.403715400962142976e+18 -8.697184218000000300e-01 -4.331691069999999977e-01 1.324004121700000036e+00 5.392451295000000311e-01 8.147770772000000328e-01 -1.894588744000000047e-01 9.725399558750000284e-02
1.403715401562142976e+18 -1.207665125099999903e+00 -1.649054108999999935e-01 1.341268856399999931e+00 5.335463285000000555e-01 8.035428518999999659e-01 -2.283982373000000010e-01 1.322174182710000034e-01
1.403715402062142976e+18 -1.357235538200000091e+00 1.646738110000000033e-01 1.395697493599999950e+00 5.558853919999999782e-01 7.795593657999999593e-01 -2.473421966000000083e-01 1.486622476099999923e-01
1.403715402562142976e+18 -1.451866099100000085e+00 4.271998376000000208e-01 1.417925169799999940e+00 5.556097285000000108e-01 7.636278256999999847e-01 -2.562728060000000196e-01 2.061422381909999990e-01
1.403715403162142976e+18 -1.689109598199999951e+00 6.811571996999999934e-01 1.423264757899999955e+00 5.296354060000000308e-01 7.657663277999999796e-01 -3.178810604999999789e-01 1.789969250619999896e-01
1.403715403862142976e+18 -1.778623387499999930e+00 9.951915869999999886e-01 1.455962825200000088e+00 5.017396238000000341e-01 7.453490806000000468e-01 -3.790167573000000067e-01 2.214912993950000075e-01
1.403715404162142976e+18 -1.715338219499999983e+00 1.154329945600000018e+00 1.475188791299999913e+00 4.876216015000000015e-01 7.140143793000000016e-01 -4.242705245000000236e-01 2.690783565550000089e-01
1.403715405662142976e+18 -1.352788071099999989e+00 2.063194205299999862e+00 1.411935851500000005e+00 4.037271345999999816e-01 5.610041158999999888e-01 -6.050637730000000269e-01 3.951918690169999859e-01
1.403715406062142976e+18 -1.250933740100000024e+00 2.198083793599999947e+00 1.374460156200000061e+00 3.427340528000000219e-01 4.878316316999999902e-01 -6.665898826999999693e-01 4.474501049719999957e-01
1.403715406462142976e+18 -1.121292474599999922e+00 2.316786764999999804e+00 1.310572910599999918e+00 2.950195427000000259e-01 3.962970787000000272e-01 -7.250698916000000160e-01 4.797767679730000068e-01
1.403715406862142976e+18 -9.928785486000000216e-01 2.385170518999999878e+00 1.229556389100000091e+00 2.413356466999999894e-01 3.138602094999999870e-01 -7.665923715000000360e-01 5.055541617550000089e-01
1.403715407662142976e+18 -7.142272659999999718e-01 2.316167361799999824e+00 1.133506256500000031e+00 1.605134501999999908e-01 2.299617666000000060e-01 -8.055344356000000428e-01 5.219839951410000234e-01
1.403715407962142976e+18 -5.599619700000000311e-01 2.220103802100000134e+00 1.141876048799999932e+00 1.553035966000000101e-01 2.389282443999999894e-01 -7.935791304999999518e-01 5.376116167819999792e-01
1.403715408162142976e+18 -4.414604509000000232e-01 2.155912519000000138e+00 1.180447855499999976e+00 1.651796152999999989e-01 2.347683492000000038e-01 -7.927289060000000109e-01 5.377549614450000126e-01
1.403715408362142976e+18 -3.192449210000000148e-01 2.088356145200000125e+00 1.247777077500000109e+00 1.717680617000000021e-01 2.331952012999999879e-01 -7.908410609999999563e-01 5.391531761410000012e-01
1.403715408562142976e+18 -1.947341740000000099e-01 2.021617432599999820e+00 1.276381188900000074e+00 1.857446969000000059e-01 2.407451881999999876e-01 -7.785839816999999830e-01 5.489514052309999448e-01
1.403715409062142976e+18 6.863691469999999573e-02 1.921660004000000033e+00 1.257580906100000062e+00 2.590929987999999740e-01 3.318039167999999872e-01 -7.295125093000000005e-01 5.390625915669999824e-01
1.403715409462142976e+18 1.851823529000000135e-01 1.901374798600000027e+00 1.298534248099999955e+00 3.055660372999999819e-01 3.854828076999999853e-01 -7.068061590999999977e-01 5.083871116320000105e-01
1.403715410362142976e+18 3.277874628999999929e-01 1.839495321400000050e+00 1.458651364400000094e+00 2.722690828000000063e-01 3.742166183999999785e-01 -7.292332657000000218e-01 5.040340397610000300e-01
1.403715412062142976e+18 6.046000114999999786e-01 1.888996571000000069e+00 1.367573293700000026e+00 3.038725196000000017e-01 3.940898103000000097e-01 -7.102589024000000029e-01 4.978825210819999847e-01
1.403715413962142976e+18 4.862172149999999804e-01 1.969839118899999963e+00 1.116951847599999992e+00 2.937964665999999725e-01 3.953350972999999935e-01 -7.121514496999999944e-01 5.002340549660000413e-01
1.403715415662142976e+18 5.254865549999999663e-01 2.014858949899999807e+00 9.577913822000000410e-01 2.724128439999999873e-01 3.812541016000000060e-01 -7.186800233000000260e-01 5.137466074109999781e-01
