1.403636580863555584e+18 4.532117031959166376e+00 -1.649607336836893090e+00 7.547005360488293624e-01 -6.863820238635547355e-01 -4.773179353612772013e-01 3.155182178853226937e-01 4.488825682535338979e-01
1.403636580963555584e+18 4.524596934585543018e+00 -1.646468518060505426e+00 8.309055907951737874e-01 -6.794805109175248159e-01 -4.725069448805812589e-01 3.147010411822078191e-01 4.647651847994993535e-01
1.403636581163555584e+18 4.513401579328534474e+00 -1.642639608405787044e+00 9.602242678989799662e-01 -6.680086080812521754e-01 -4.608113653563470358e-01 3.287196146472133873e-01 4.830743214392114737e-01
1.403636581963555584e+18 4.536615410655200797e+00 -1.638560824698359175e+00 7.327590703087165647e-01 -6.767443401164917605e-01 -4.632365094035795217e-01 3.254557243399485156e-01 4.706459454518235885e-01
1.403636582363555584e+18 4.537112436164592033e+00 -1.652367172771852522e+00 7.130344859261625867e-01 -6.879968749217717505e-01 -4.729705794266645391e-01 3.166454338077459019e-01 4.502163927972701041e-01
1.403636583963555584e+18 4.529312927717987769e+00 -1.628258248677693087e+00 7.894778802748666502e-01 -6.889087465900198826e-01 -4.779288980354481353e-01 3.001191123845550202e-01 4.548815512591125598e-01
1.403636585963555584e+18 4.581007154270279713e+00 -1.646788463061888752e+00 7.998600076719124541e-01 -7.557281120857120005e-01 -4.808694637937500627e-01 2.474053419334506787e-01 3.693645572830026591e-01
1.403636587663555584e+18 4.610984037471107300e+00 -1.498412998821709419e+00 8.120824635946541914e-01 -7.650118496029379989e-01 -4.898646129672512561e-01 2.403620471116136303e-01 3.420754554741554099e-01
1.403636587963555584e+18 4.642402283095075077e+00 -1.363151216319641978e+00 8.062864936584616116e-01 -7.816220665410948953e-01 -4.671910027197048731e-01 2.232822235123741172e-01 3.477708451511638543e-01
1.403636589463555584e+18 4.573008094065795781e+00 -1.702855974546941376e+00 8.234575413488124385e-01 -7.593025803148073516e-01 -4.976669332059846518e-01 2.491711809687729706e-01 3.371956964364348219e-01
1.403636589663555584e+18 4.550706114381656064e+00 -1.791149151627685621e+00 8.214399091296387123e-01 -7.543423565248983387e-01 -5.026908846109872098e-01 2.543212344987456075e-01 3.370314426941798946e-01
1.403636589863555584e+18 4.533888534499300960e+00 -1.863861544020799066e+00 8.142679383729927167e-01 -7.511016380345586496e-01 -5.145727607628312050e-01 2.592928006258549134e-01 3.222242181561185692e-01
1.403636590163555584e+18 4.575084854007150703e+00 -1.785166724121737269e+00 8.246401715618373318e-01 -7.488815643952768664e-01 -5.078925186806743097e-01 2.550827155811227764e-01 3.408143192250633335e-01
1.403636590863555584e+18 4.600501499595545774e+00 -1.698353694762027910e+00 8.203298802672078782e-01 -7.564621015496052481e-01 -5.041239064839028172e-01 2.490659733773974704e-01 3.340513684093112112e-01
1.403636592963555584e+18 4.379182493058661585e+00 -1.477209177095332837e+00 7.755077808811677853e-01 -7.302597761598478288e-01 -5.108347059594390283e-01 2.907082530611361237e-01 3.482201517897046128e-01
1.403636593163555584e+18 4.372795255062973396e+00 -1.600170798910004910e+00 7.772336237928161307e-01 -7.058018428961562174e-01 -5.472930216778776336e-01 3.156633926544333835e-01 3.204227356555411355e-01
1.403636593363555584e+18 4.411846735457918278e+00 -1.722114763528290515e+00 7.837991853111347940e-01 -6.932361376550707499e-01 -5.635073638686725062e-01 3.361516972267495351e-01 2.981361178496071407e-01
1.403636593463555584e+18 4.486917314205421725e+00 -1.789382790343955643e+00 7.790151648348444535e-01 -6.985106617512610860e-01 -5.627505291778537311e-01 3.289826704420658610e-01 2.952373619287829709e-01
1.403636593663555584e+18 4.574871681536039958e+00 -1.791908456868436250e+00 7.673488239559652646e-01 -7.289890054464548408e-01 -5.366988737980152857e-01 3.066348052454569428e-01 2.941163800508417303e-01
1.403636593863555584e+18 4.617500568421809781e+00 -1.769372961203494299e+00 7.622299278755264584e-01 -7.482947106626159917e-01 -5.111510563830823362e-01 2.913682370129359045e-01 3.064052447540420165e-01
1.403636593963555584e+18 4.655492192077984370e+00 -1.734365926503244948e+00 7.599472199900908498e-01 -7.652441150080235843e-01 -4.802150598405344750e-01 2.767694668143206860e-01 3.274043417354994268e-01
1.403636594163555584e+18 4.705545698142906019e+00 -1.638240343395917620e+00 7.599673001388707050e-01 -7.943308879866552985e-01 -4.239466802659487277e-01 2.419274930153726133e-01 3.616334343020706221e-01
1.403636594363555584e+18 4.704121766906282254e+00 -1.517533992698608003e+00 7.544289666071339884e-01 -8.092650996863780533e-01 -3.977777797172866725e-01 2.120363852175296548e-01 3.767006871996193551e-01
1.403636594463555584e+18 4.683873057990975752e+00 -1.454423394433435934e+00 7.521256141225957093e-01 -8.073132057744887291e-01 -3.946077240754604643e-01 2.050663642807156462e-01 3.879148335946849269e-01
1.403636594663555584e+18 4.573448427111429737e+00 -1.349837051244086483e+00 7.489253420128116900e-01 -7.938002142752984547e-01 -3.964786058817514891e-01 2.223295274039584490e-01 4.040489031526819930e-01
1.403636594863555584e+18 4.484406273294100131e+00 -1.406708842818151561e+00 7.423514296676509971e-01 -7.667027900916706384e-01 -4.372398077371235647e-01 2.511252563891724354e-01 3.973968895186816841e-01
1.403636595163555584e+18 4.425101955685334154e+00 -1.543384137895493780e+00 7.383853480309229278e-01 -7.305646667456836552e-01 -4.956571404384135238e-01 2.910037052141271063e-01 3.686680219205789033e-01
1.403636595363555584e+18 4.419547240323174364e+00 -1.671368326256167602e+00 7.364873197727814791e-01 -7.043670247974271881e-01 -5.369413846724386818e-01 3.200088748431277330e-01 3.363857366561492923e-01
1.403636595463555584e+18 4.505254400623964983e+00 -1.709245108442999816e+00 7.324284453883106449e-01 -7.009671692922833097e-01 -5.497724580954306273e-01 3.195020245408065618e-01 3.229763585905283119e-01
1.403636595863555584e+18 4.589153457260387370e+00 -1.636977310397133234e+00 7.193459152823660219e-01 -7.212011725145688334e-01 -5.270012738704105137e-01 2.891251356118426097e-01 3.443039094463045124e-01
1.403636595963555584e+18 4.630962215553835470e+00 -1.594307133770744400e+00 7.127491348900902857e-01 -7.368538020557428014e-01 -5.071688830604997866e-01 2.711157046799312353e-01 3.554187292857058922e-01
1.403636596163555584e+18 4.760261708636203792e+00 -1.606739597260619101e+00 7.218371724820874524e-01 -7.723126090244675224e-01 -4.564298820174189086e-01 2.402553049600721358e-01 3.707861717781929523e-01
1.403636596463555584e+18 4.802178276186195305e+00 -1.700501505765442234e+00 7.450989466323398869e-01 -7.633109730833633755e-01 -4.617870736066093107e-01 2.431773032183124628e-01 3.807543252805437595e-01
1.403636597163555584e+18 4.633565053487785690e+00 -1.631964264994048452e+00 7.419747822438511609e-01 -7.517584225257675223e-01 -4.932821147761625169e-01 2.374496700334149113e-01 3.676270985721112328e-01
1.403636597363555584e+18 4.576404030012660051e+00 -1.597119896102686898e+00 7.465976721126897919e-01 -7.423776363034381154e-01 -5.043828176971214550e-01 2.466285712186344625e-01 3.655786730473861157e-01
1.403636597463555584e+18 4.520400902343095773e+00 -1.569692814666938219e+00 7.499503179974740252e-01 -7.310977568595944387e-01 -5.173066910642903915e-01 2.552065389590854605e-01 3.643617430075624108e-01
1.403636598163555584e+18 4.579670923280903416e+00 -1.687260518054862768e+00 7.249188061800210248e-01 -6.872275494488575553e-01 -5.782492874660914994e-01 2.892138659161616054e-01 3.312120115353659466e-01
1.403636598363555584e+18 4.609024446534744968e+00 -1.677180462076645506e+00 6.952247631669941086e-01 -6.948072531533627805e-01 -5.792323997479745801e-01 2.698875638069249128e-01 3.299900164399593994e-01
1.403636598663555584e+18 4.572165836255265070e+00 -1.641156964151841535e+00 6.689146011290986182e-01 -6.825654109019563265e-01 -5.772075835943130118e-01 2.889891633429997331e-01 3.426676651681199726e-01
1.403636598963555584e+18 4.471029956694184015e+00 -1.576643717402664846e+00 5.892137763873938061e-01 -6.445341399971102891e-01 -5.597614312472957154e-01 3.517532966265645156e-01 3.840735616760261872e-01
1.403636599463555584e+18 4.412126685858231312e+00 -1.548249949088933430e+00 5.301513808081770307e-01 -6.233298183023885386e-01 -5.198329066428490908e-01 3.878684621151763379e-01 4.367971415689052006e-01
1.403636600163555584e+18 4.435053587223312554e+00 -1.524922978651552796e+00 5.250090225626096174e-01 -6.298922038742043039e-01 -5.065437834010775298e-01 3.866858061044415318e-01 4.439856916090638705e-01
1.403636624963555584e+18 4.496378397503476343e+00 -1.486027716899051665e+00 5.464937987187539203e-01 -6.256144597646990935e-01 -5.399430208100481909e-01 3.424034888925379105e-01 4.470211771337695428e-01
1.403636625163555584e+18 4.515954107277120322e+00 -1.481289551640377233e+00 6.011180360297745384e-01 -6.305033293988859810e-01 -5.363396212331515978e-01 3.496216437934733801e-01 4.388280625752515873e-01
1.403636625963555584e+18 4.448079080455972445e+00 -1.489292402412744076e+00 7.566267424623395188e-01 -6.177667564971870418e-01 -5.243260807196213902e-01 3.775448689464647734e-01 4.482256882155938316e-01
1.403636626163555584e+18 4.481888160168177038e+00 -1.391743274266163510e+00 9.068312579345568780e-01 -6.238303886077507521e-01 -5.233631789280548396e-01 3.732025139602634378e-01 4.445745300459338911e-01
1.403636627863555584e+18 4.463970606162622090e+00 -1.272058867060714471e+00 9.767987222973265604e-01 -6.515263512091175047e-01 -4.818361602529388499e-01 3.617671611407798360e-01 4.609466883197874121e-01
1.403636628963555584e+18 4.452209019421506930e+00 -1.084779407514102401e+00 1.016732875342070130e+00 -6.747183710882923569e-01 -4.714401034816606550e-01 3.212233631831826197e-01 4.683106869274366590e-01
1.403636629463555584e+18 4.407949282654264778e+00 -9.037698957344145745e-01 9.775630009511033780e-01 -7.124164630104187212e-01 -4.185897759625984427e-01 2.918415153836187992e-01 4.817405033728210939e-01
1.403636629863555584e+18 4.350390993121493466e+00 -7.075563842800453029e-01 9.164832553648065705e-01 -7.348488270289638136e-01 -3.715129947460290016e-01 2.556260696894026019e-01 5.065872172135233997e-01
1.403636630363555584e+18 4.227951025011202013e+00 -3.984099154789211283e-01 9.842073372561132016e-01 -7.292622823560079848e-01 -3.739171681362395971e-01 2.471911961089819643e-01 5.169709735295512365e-01
1.403636631163555584e+18 3.924443982952594112e+00 1.417561207892374942e-01 9.045881700497817590e-01 -7.212748087201572567e-01 -3.838159975087772069e-01 2.564156313233773021e-01 5.164290409873141252e-01
1.403636633863555584e+18 2.956786945241625553e+00 9.796501658059328932e-01 7.693345281705062932e-01 -6.839248231133622236e-01 -4.539420992795795140e-01 3.164769481283090657e-01 4.754216529927897117e-01
1.403636634663555584e+18 2.526130387879053085e+00 1.357369423586429091e+00 7.767250481571621457e-01 -6.593442236090136799e-01 -4.879314897456008548e-01 3.267909738325134872e-01 4.694632206357207682e-01
1.403636635663555584e+18 2.116542357252949369e+00 1.653387774314899028e+00 8.223958649467315585e-01 -6.656532340798940739e-01 -4.735918605880828358e-01 3.494486789963760498e-01 4.588051245260706956e-01
1.403636636163555584e+18 1.818025977245229630e+00 1.939062509068632423e+00 9.668722533549918285e-01 -6.547361563760633052e-01 -4.807442674118985182e-01 3.366302359879038697e-01 4.763250981244055993e-01
1.403636639463555584e+18 2.791840960623690471e-01 2.928593061061569358e+00 9.535178979606924177e-01 -6.466998784112576448e-01 -4.999155203185148832e-01 3.350940189248323708e-01 4.685890932238364059e-01
1.403636639963555584e+18 -7.422286574794156877e-02 3.231925457232249776e+00 9.220525092091063080e-01 -6.291761512321625283e-01 -5.101785089631997172e-01 3.591516945860057097e-01 4.635356728330295994e-01
1.403636641363555584e+18 -5.694263246901289932e-01 3.706436300988161570e+00 8.573335444805514349e-01 -6.321229789171274316e-01 -5.051438001307487768e-01 3.586534907756890322e-01 4.654223396752840136e-01
1.403636642363555584e+18 -8.436055357432072910e-01 4.119312076834113157e+00 8.977058224389899976e-01 -6.743802033072858748e-01 -4.936934817767433814e-01 3.177438450018219007e-01 4.477911749932527719e-01
1.403636644363555584e+18 -1.226458675556971301e+00 4.560598578868235720e+00 6.796091575744345192e-01 -6.665495621161157125e-01 -4.820243443015236329e-01 3.266705298994987405e-01 4.654573854164111291e-01
1.403636646163555584e+18 -1.999905002019038314e+00 5.341784396210017327e+00 6.374917264330091093e-01 -7.011948914504002595e-01 -4.063466221046395099e-01 3.153630386027116428e-01 4.937147970147087728e-01
1.403636646463555584e+18 -2.227043203295590246e+00 5.634275813025203306e+00 6.810933813492590083e-01 -7.194426877498205641e-01 -3.604814203055037303e-01 2.676715406098947869e-01 5.299125503376631574e-01
1.403636647963555584e+18 -2.558712841879241306e+00 6.459274223708445284e+00 8.053396601365863106e-01 -7.434253490886925109e-01 -3.145190541990639521e-01 2.341215905576812528e-01 5.418335498221048541e-01
1.403636650463555584e+18 -2.041656858400488161e+00 7.415276051099397137e+00 9.807516012686039453e-01 -8.116539936285688261e-01 -7.335893121598975608e-02 4.675703031816450667e-02 5.776244817816060806e-01
1.403636651163555584e+18 -1.630013006078365745e+00 7.355585229563311955e+00 1.028648907246517918e+00 -8.009040033046818108e-01 -2.332792878912105447e-02 3.480148347142474757e-02 5.973252396953705468e-01
1.403636652163555584e+18 -1.483980011312486802e+00 7.286991945333451959e+00 9.672430065454991066e-01 -8.153287436689435896e-01 5.497274631800455613e-02 -3.950820023492320615e-02 5.750270767743687061e-01
1.403636652463555584e+18 -1.140562865239152401e+00 7.183468411816265942e+00 9.396081085531511334e-01 -8.193121212801757203e-01 1.143522656026378925e-01 -8.915752283593954275e-02 5.547090619384916765e-01
1.403636653363555584e+18 -6.066723736475867490e-01 7.126237546823203317e+00 9.553432514601936099e-01 -7.992076396174923048e-01 1.125830373174898230e-01 -9.214298772881422683e-02 5.831825428609921369e-01
1.403636655463555584e+18 -2.391821580433561856e-01 6.666738283939406706e+00 9.278870446574920550e-01 -7.758231886469257876e-01 2.617735065704092090e-01 -1.757272871434678863e-01 5.465280704307380333e-01
1.403636658463555584e+18 7.682619423616672272e-01 5.084561595114466925e+00 7.616882544334471206e-01 -7.668924211323057127e-01 2.994565323430177783e-01 -2.343135511080632616e-01 5.170096318387641388e-01
1.403636658863555584e+18 1.002696129353735088e+00 4.854310515596644393e+00 6.600370393519960910e-01 -7.496695892331584066e-01 2.972376946308165069e-01 -2.389845821518914448e-01 5.408619318857920133e-01
1.403636659463555584e+18 1.183313523231125597e+00 4.589017831021878990e+00 5.184909155081101062e-01 -7.534367619520531134e-01 3.008967070611250905e-01 -2.405140480912885126e-01 5.328669722263881248e-01
1.403636661863555584e+18 1.011248695736569836e+00 4.659573364776251836e+00 -3.984311502712323261e-02 -7.601889553008057687e-01 3.039041785582862754e-01 -2.399628449950663156e-01 5.217018645887293582e-01
1.403636662863555584e+18 9.030205267745663456e-01 4.851399523421152438e+00 -3.271490447200462448e-01 -7.719769474998700032e-01 2.796527438490454820e-01 -2.695694165924123475e-01 5.031682273599055177e-01
1.403636664663555584e+18 7.720285794905481502e-01 5.435824488058614179e+00 -4.558802750345791743e-01 -7.597322977746645556e-01 2.764060603760655765e-01 -2.270699456503476876e-01 5.429970214354394864e-01
1.403636665463555584e+18 4.730306216025157440e-01 6.043588467238305562e+00 -3.863515987041687971e-01 -7.685026306995028644e-01 2.702075782227044698e-01 -2.285011207796122101e-01 5.330842420119219494e-01
1.403636665963555584e+18 3.199412632669957901e-01 6.309933047452846999e+00 -3.338888797966190758e-01 -7.554234435109163925e-01 2.882465677204748555e-01 -2.118615957851686937e-01 5.489663026296209836e-01
1.403636666363555584e+18 1.645017282193501629e-01 6.520143790657762395e+00 -3.419970997074863739e-01 -7.565090748868487092e-01 2.896200416452067161e-01 -2.042607661331084234e-01 5.496287751837496405e-01
1.403636666863555584e+18 -8.859405685560872712e-03 6.725993833305442315e+00 -3.036385377756687376e-01 -7.756997069923659005e-01 2.989483799288686350e-01 -1.792129018077509850e-01 5.261202966389988411e-01
1.403636668363555584e+18 -2.946439173351338425e-01 7.522033133696872653e+00 -5.098699114594467119e-01 -7.677023393236729332e-01 2.753111522393637545e-01 -2.396191773103268641e-01 5.267063104944884611e-01
1.403636669163555584e+18 -4.748554582448392125e-01 7.884661881934897032e+00 -5.468875835068853775e-01 -7.527696143112749816e-01 2.846890700981296041e-01 -2.312007962364008573e-01 5.466591561073230743e-01
1.403636670863555584e+18 -9.403794077268443630e-01 7.652561183152719160e+00 -4.320640884223849731e-01 -7.576908291961050868e-01 2.067635863439230282e-01 -2.421441714407148935e-02 6.185200794773687560e-01
1.403636671663555584e+18 -1.930778765412926035e-01 6.495005489237918539e+00 -1.928143064445313470e-01 -8.475055683886258961e-01 2.485918866139135569e-02 -2.995097780570857293e-02 5.293574134909717621e-01
1.403636672463555584e+18 3.794928369163477200e-01 6.049285696323081218e+00 4.177031127937613775e-02 -8.270046870952199036e-01 1.459348439795003002e-03 -7.681855776294173321e-02 5.569201262370485628e-01
1.403636674663555584e+18 1.202138652223432302e-01 6.620343549782267800e+00 -3.022878388569805175e-01 -8.394106621969735782e-01 -8.004592343701655288e-02 4.889362688302813231e-02 5.353426973270269951e-01
1.403636675463555584e+18 -1.538566222001120920e-01 7.130117199348362078e+00 -3.261668781932467454e-01 -7.961282941025429327e-01 -1.340671092448545709e-01 7.734471144827925748e-02 5.849987565449054072e-01
1.403636675963555584e+18 -3.650668283584970197e-01 7.372574408036162374e+00 -4.311238307775289158e-01 -7.916104343461758397e-01 -2.088826647321665730e-01 1.231079544025294320e-01 5.608612878167583693e-01
1.403636676463555584e+18 -6.698775124010127868e-01 7.632266804468330612e+00 -5.126119785219223068e-01 -7.676591027423380620e-01 -2.896910755021326334e-01 1.851094383426945544e-01 5.408447823430473367e-01
1.403636677663555584e+18 -1.386311910406528014e+00 8.057885500228241682e+00 -5.927658329892540046e-01 -7.226807809159937479e-01 -3.600692385826590458e-01 2.735480962046928366e-01 5.227370958559779401e-01
1.403636677963555584e+18 -1.577389723022965207e+00 8.157752494908399044e+00 -5.695815475148866547e-01 -6.828504535970703060e-01 -4.448475748920685535e-01 3.114177265054873245e-01 4.887176002080081405e-01
1.403636679163555584e+18 -1.868407514797556956e+00 8.253005766902314022e+00 -5.364488346080587000e-01 -5.547754286801498402e-01 -5.866781252664965418e-01 4.196344792548529212e-01 4.146563696448584135e-01
1.403636679463555584e+18 -1.957833440844932937e+00 8.199472322174806038e+00 -4.360088529958132675e-01 -4.958303528494383827e-01 -6.328293314062254371e-01 4.530859817113835897e-01 3.852173304535803089e-01
1.403636680963555584e+18 -1.760861009630873664e+00 7.838104535169009068e+00 -2.438565774251455487e-01 -5.248659375964944696e-01 -6.296200838776104813e-01 4.374867269558425642e-01 3.697291728635533903e-01
1.403636681163555584e+18 -1.588799227331619157e+00 7.393021691900480974e+00 -2.696182897505807752e-01 -5.096091284372744612e-01 -6.302877360474866686e-01 4.413955748050149563e-01 3.849751323710221551e-01
1.403636681963555584e+18 -1.417532441050081360e+00 6.990808999618097985e+00 -2.305834975443774582e-01 -5.097648002458827765e-01 -6.329680017848295925e-01 4.469181030090243478e-01 3.738389577740793279e-01
1.403636684163555584e+18 -5.461666031629723861e-01 5.537060276879588905e+00 -1.760952940952100754e-01 -5.025387369647958957e-01 -6.335627275604130970e-01 4.578022713381560971e-01 3.694186899084327402e-01
1.403636684863555584e+18 -9.090009235018570166e-02 5.096096965598238882e+00 -2.040407288045158474e-01 -5.011818590878710511e-01 -6.416726334068580950e-01 4.405205040027417307e-01 3.781727927959698810e-01
1.403636685863555584e+18 3.556147812054679669e-01 4.678762444327054126e+00 -2.530503536027239875e-01 -5.119156487377736209e-01 -6.346914327702646297e-01 4.450322453807045164e-01 3.702100137986841233e-01
1.403636687963555584e+18 1.209189270851659170e+00 3.794476218373773690e+00 -4.108731324970837928e-01 -5.021212642706707197e-01 -6.356010364038274796e-01 4.510063280309707934e-01 3.748050834308733759e-01
1.403636689463555584e+18 1.738693172433669165e+00 3.194300296233951730e+00 -4.977390604836078314e-01 -4.982934131464061278e-01 -6.639461562867243760e-01 4.552551943320513606e-01 3.219035321345130041e-01
1.403636690863555584e+18 1.362798251519067527e+00 3.042142416589427967e+00 -4.025070533482009161e-01 -4.842296288803509263e-01 -6.109955614648634459e-01 5.200893124953929192e-01 3.488741856496457849e-01
1.403636691463555584e+18 1.304262137560848966e+00 3.311048961260324219e+00 -3.263455811129725159e-01 -4.776763411091727307e-01 -6.490601593297986582e-01 4.796130204250366735e-01 3.471564105041171633e-01
1.403636691863555584e+18 1.294649267258933367e+00 3.598014989762961857e+00 -2.327568779776683083e-01 -4.744908754576065424e-01 -6.495083477863597965e-01 4.808768861690777552e-01 3.489337123461113688e-01
1.403636692863555584e+18 1.427990565051967753e+00 4.347407547167531305e+00 2.708677144638189649e-01 -4.943318604991305820e-01 -6.768570410055332331e-01 4.381175390135733649e-01 3.248901041050524796e-01
1.403636693963555584e+18 1.079467350915615853e+00 4.519916558319878597e+00 2.965383818174389674e-01 -4.873387127268908880e-01 -6.539008114736027943e-01 4.689397554923881994e-01 3.391315578807136411e-01
1.403636695663555584e+18 1.050409475883183674e+00 4.318497016506618102e+00 3.420605065509247922e-01 -5.579738356872838700e-01 -5.966288496187508450e-01 4.107025991643014629e-01 4.049970241010583116e-01
1.403636698963555584e+18 1.151483265554062108e+00 3.920570848442170409e+00 1.856713342060465344e-01 -6.849149368444007457e-01 -4.491920846326943884e-01 3.183357279072580592e-01 4.772634123086754721e-01
1.403636699363555584e+18 1.188331933737003965e+00 3.757619590211107585e+00 1.853613462514656085e-01 -7.601286620825470353e-01 -3.173442999045439361e-01 2.452114182606002779e-01 5.112419904050495845e-01
1.403636699963555584e+18 1.329476971864398394e+00 3.760042385464844816e+00 -2.648016298608180108e-02 -7.701475889465200231e-01 -2.613312490374163355e-01 1.988357182043830329e-01 5.468482665992031588e-01
1.403636700863555584e+18 1.618322516437785019e+00 3.989935793865842406e+00 -1.130157656756216600e-01 -7.809991588770165416e-01 -2.394720908870982545e-01 1.687234483466990009e-01 5.515667044860059764e-01
1.403636702163555584e+18 1.727173078559423036e+00 4.147218281720347122e+00 -2.583427591616167529e-01 -8.058715334841340949e-01 -1.687646488487850871e-01 1.062012020260583167e-01 5.575041430402979392e-01
1.403636702963555584e+18 1.822502450171501476e+00 4.721177427778327385e+00 -5.607514868003418140e-01 -7.993429833990266520e-01 -1.661797441030915812e-01 1.225032142989883333e-01 5.642942938104107409e-01
1.403636704663555584e+18 1.820026531099106837e+00 5.207657408438286950e+00 -6.760324602340870292e-01 -8.125606235118161269e-01 -1.905500126987706988e-01 1.051174941392249151e-01 5.407275082742479810e-01
1.403636705363555584e+18 1.670725407038581967e+00 5.567330561937184896e+00 -7.294305071141846675e-01 -8.072252452030156400e-01 -1.898749877936347641e-01 1.064269726519927045e-01 5.486421347375995961e-01
1.403636705863555584e+18 1.505187366871403754e+00 5.871435712807000051e+00 -7.737553177332419097e-01 -7.973811099534061642e-01 -1.701257328501444843e-01 1.372772693489156259e-01 5.624904904367545866e-01
1.403636706363555584e+18 1.309786777024411375e+00 6.314936566906124149e+00 -8.478894112237704839e-01 -7.966893583179958105e-01 -1.959697669510769569e-01 1.096587721526751796e-01 5.611210836120563705e-01
1.403636706963555584e+18 1.048313288768692342e+00 6.743989947278223873e+00 -8.197669558966396153e-01 -8.010068429993950634e-01 -1.850294607773993460e-01 1.019530222333003555e-01 5.601408013794955121e-01
1.403636708163555584e+18 3.348542024237501913e-01 7.658724623006154530e+00 -8.008826462126910073e-01 -7.968787045308053374e-01 -1.636193441734327958e-01 1.442151595985833035e-01 5.633959781712289949e-01
1.403636708863555584e+18 -2.910621960078163539e-02 8.272634572665374719e+00 -8.893034425810482091e-01 -7.918601262195940071e-01 -1.751434084401468916e-01 9.528029213143587861e-02 5.772382462335675646e-01
1.403636709863555584e+18 -5.322497381654969217e-01 8.569195690964882317e+00 -9.417191766764836380e-01 -7.914737658486770133e-01 -1.865800465113523210e-01 1.010344118203213154e-01 5.731921247236885231e-01
1.403636710463555584e+18 -9.169368379499918120e-01 8.668734873969359711e+00 -1.084823863460159021e+00 -7.767673512095819577e-01 -2.312065161672358093e-01 1.676042956002976592e-01 5.613241746735904147e-01
1.403636712163555584e+18 -1.579784095102091612e+00 8.402785536728245575e+00 -9.609619648418394888e-01 -7.433345901554376800e-01 -2.982600310534730959e-01 2.010508287050133958e-01 5.639797915098165859e-01
1.403636712663555584e+18 -1.640496319112720869e+00 8.118195779569690629e+00 -8.198850239744031043e-01 -7.310060939177044359e-01 -3.221660059405882515e-01 2.282711844637347331e-01 5.565351935098020730e-01
1.403636713363555584e+18 -1.563785950367612365e+00 7.540011220654612600e+00 -5.677345069358343821e-01 -7.484658964670564130e-01 -3.120586570002145121e-01 2.395605184221560047e-01 5.338810302214307413e-01
1.403636714463555584e+18 -1.286897341323091304e+00 6.993487154219085511e+00 -4.865145069907566011e-01 -7.571651088223463333e-01 -3.263660983783127079e-01 2.297576292247486274e-01 5.171050179841468752e-01
1.403636714863555584e+18 -1.163825569317911146e+00 6.816916003296843662e+00 -4.453057260220778524e-01 -7.211350964348561821e-01 -4.041911285231579165e-01 2.644120423875220283e-01 4.966688797916837816e-01
1.403636718463555584e+18 -3.331692901704830234e-02 5.633978499904548798e+00 -3.777033723081046901e-01 -5.825330635739540686e-01 -5.712278743217197308e-01 4.126462427685643752e-01 4.050642217846698312e-01
1.403636718863555584e+18 1.306604506051982639e-01 5.331894534427783938e+00 -4.687283131612307585e-01 -5.538989002144626417e-01 -5.861634989340679391e-01 4.201663325263874649e-01 4.160151606250721001e-01
1.403636721163555584e+18 7.979467154603390178e-01 4.720407951685675840e+00 -6.076054802428618729e-01 -6.175131394396070617e-01 -5.233437905257984912e-01 3.850901069378007135e-01 4.432768988749160588e-01
1.403636721663555584e+18 1.206830413799420132e+00 4.629503795252812637e+00 -6.361816101004731383e-01 -6.390285770476471505e-01 -5.010403045053889448e-01 3.505691487526919059e-01 4.665858580373167808e-01
1.403636723663555584e+18 1.724929788893812432e+00 4.330365038588743332e+00 -6.071959299995062231e-01 -6.932721199282707580e-01 -4.415112028207178740e-01 3.006229759334480001e-01 4.838051796486699807e-01
1.403636724463555584e+18 2.317849776684989038e+00 3.931623671765539285e+00 -8.635116050847346791e-02 -6.946172759739738245e-01 -4.185686782630317904e-01 2.784727105640445455e-01 5.145483951648751608e-01
1.403636728663555584e+18 2.639167105012460102e+00 3.507437271804869638e+00 2.103172194562117348e-01 -6.761357690302970402e-01 -4.429358133281504628e-01 3.080566076584578816e-01 5.017463638005779103e-01
1.403636734863555584e+18 4.295811699333471623e+00 1.270246329930984963e+00 5.731433288785621194e-01 -6.649395890162069778e-01 -4.704592329432901177e-01 3.309254860216743754e-01 4.764575278014687165e-01
1.403636736463555584e+18 4.404953254133920915e+00 8.335494038090920377e-01 6.255642137646897361e-01 -6.369913959235792289e-01 -5.128227703221512890e-01 3.568611505912291926e-01 4.515582874415530745e-01
1.403636739463555584e+18 4.462553384446652061e+00 9.027281137262761490e-01 5.878299424702746467e-01 -7.565953568878119873e-01 -3.007202367755917316e-01 1.979980193023235524e-01 5.458274356257601934e-01
1.403636741463555584e+18 4.623894072060534377e+00 1.068339852628124920e+00 -1.820295338553756803e-02 -7.682292931363554622e-01 -3.010500884836590507e-01 1.884479986477498314e-01 5.326161368160510223e-01
1.403636742863555584e+18 4.378619406015615390e+00 1.546839645034677524e+00 -5.318747727914316936e-01 -7.692041244202523220e-01 -2.513955871050486124e-01 1.817118332086365418e-01 5.586645535837562182e-01
1.403636749463555584e+18 3.738843195564908406e+00 1.949032794153360726e+00 -1.807232781265661892e-01 -7.724990001057070454e-01 -2.463357316167354705e-01 1.665913016691793480e-01 5.610805114889476641e-01
1.403636751663555584e+18 3.742031938114895873e+00 1.767265629438372176e+00 4.285817565066243340e-01 -7.639056159139591129e-01 -2.740598366694180221e-01 1.939419065448697854e-01 5.511133756184724009e-01
1.403636753163555584e+18 3.734516681659165283e+00 1.709304783535236405e+00 6.133865570301374470e-01 -6.594877255273162708e-01 -4.757728779444808098e-01 3.202149052195626955e-01 4.859820191801951794e-01
1.403636754463555584e+18 3.770652647820466274e+00 1.255641808762961498e+00 7.051258070576287285e-01 -6.234681163711009999e-01 -5.119599478129576164e-01 3.551074353270401995e-01 4.723168735917412930e-01
1.403636756963555584e+18 4.190061761721388223e+00 -2.017970113503766427e-01 8.459567982530572516e-01 -6.158664924178176570e-01 -5.228099481647575653e-01 3.710795286747475275e-01 4.579063277739945370e-01
1.403636757963555584e+18 4.409008462556482932e+00 -8.485648227291473500e-01 9.535687034599131806e-01 -6.015856230479235123e-01 -5.501325847307803052e-01 3.827485931372841543e-01 4.346865443177435062e-01
1.403636758363555584e+18 4.447602435341091009e+00 -1.124842476493232768e+00 9.779296321441963702e-01 -6.232062016188668618e-01 -5.511388631162330576e-01 3.829267381002511295e-01 4.015309416155029565e-01
1.403636758863555584e+18 4.423541284446470989e+00 -1.405013477964078605e+00 9.270542276979735208e-01 -6.110701094707629011e-01 -5.316869478437046270e-01 4.070694504637017985e-01 4.221335965108856669e-01
1.403636760163555584e+18 4.533273971014205372e+00 -1.535881455143482066e+00 7.112462928330945955e-01 -5.986265609901900708e-01 -5.493866392422787071e-01 3.867397547481816189e-01 4.361799206708727450e-01
1.403636761163555584e+18 4.597030285448346909e+00 -1.600277728464182037e+00 6.149692271831269652e-01 -6.116739998922803290e-01 -5.671316866334910056e-01 3.657838978960455956e-01 4.128180082215478497e-01
1.403636761463555584e+18 4.574455757729293026e+00 -1.643505515728513666e+00 6.036227571359936706e-01 -5.992808076366057390e-01 -5.551642863657521021e-01 3.818820420273818517e-01 4.322282206420805517e-01
1.403636761663555584e+18 4.553940707520178321e+00 -1.673620484980854917e+00 6.108487760754840457e-01 -6.032500315123061618e-01 -5.426165954024122495e-01 3.974301665942291950e-01 4.286092539308734573e-01
1.403636761963555584e+18 4.534541877277001198e+00 -1.709227089849715275e+00 6.417865292932927179e-01 -5.957437272449589427e-01 -5.631174381694458164e-01 3.635070965205983162e-01 4.425502830830959078e-01
1.403636762463555584e+18 4.512243486275414384e+00 -1.759974247467990249e+00 6.277925742754685290e-01 -6.196716973788578553e-01 -5.446088949579104277e-01 3.882565162874967446e-01 4.106884665541821189e-01
1.403636762663555584e+18 4.483436990553164136e+00 -1.780343602625605426e+00 5.774258063442280209e-01 -6.146249398647971596e-01 -5.323762502283174713e-01 4.053986181798325261e-01 4.176884866343730796e-01
