1.403636579763555765e+09 -0.000000000000000000e+00 -0.000000000000000000e+00 -0.000000000000000000e+00 -0.000000000000000000e+00 -0.000000000000000000e+00 -0.000000000000000000e+00 1.000000000000000000e+00
1.403636579963555574e+09 -2.644060441525653005e-05 7.893201708793640137e-02 2.739207819104194641e-02 -1.182908192276954651e-02 5.829467438161373138e-03 -2.782320370897650719e-03 9.999091625213623047e-01
1.403636580163555622e+09 -2.545698778703808784e-03 1.780769526958465576e-01 5.488684773445129395e-02 -2.463203668594360352e-02 5.199553444981575012e-03 3.413401544094085693e-03 9.996773004531860352e-01
1.403636580263555765e+09 -3.528208471834659576e-03 2.220500856637954712e-01 6.589691340923309326e-02 -2.927861921489238739e-02 4.512845072895288467e-03 2.960848389193415642e-03 9.995567202568054199e-01
1.403636580363555670e+09 -5.097883753478527069e-03 2.593813836574554443e-01 7.258310168981552124e-02 -3.874295204877853394e-02 3.598436247557401657e-03 -5.607393177342601120e-05 9.992427229881286621e-01
1.403636580463555574e+09 -6.472393404692411423e-03 2.874444127082824707e-01 7.602908462285995483e-02 -5.501247942447662354e-02 2.918418729677796364e-03 -1.350559061393141747e-03 9.984804987907409668e-01
1.403636580663555622e+09 -9.932985529303550720e-03 2.642072737216949463e-01 6.655722111463546753e-02 -7.173289358615875244e-02 1.220080230268649757e-04 -9.551276889396831393e-06 9.974239468574523926e-01
1.403636580763555765e+09 -1.093994174152612686e-02 2.088975310325622559e-01 5.443441122770309448e-02 -6.250462681055068970e-02 3.778168233111500740e-03 -5.304855760186910629e-03 9.980234503746032715e-01
1.403636580863555670e+09 -1.184700988233089447e-02 1.363654285669326782e-01 4.003616049885749817e-02 -4.888121783733367920e-02 1.244911085814237595e-02 -1.257784012705087662e-02 9.986478090286254883e-01
1.403636580963555574e+09 -1.419393345713615417e-02 6.136146560311317444e-02 2.446336671710014343e-02 -3.373102098703384399e-02 2.010731399059295654e-02 -1.852408610284328461e-02 9.990569949150085449e-01
1.403636581063555717e+09 -1.763761043548583984e-02 -6.855648476630449295e-03 8.631302043795585632e-03 -2.016612701117992401e-02 1.952348649501800537e-02 -1.954801008105278015e-02 9.994148612022399902e-01
1.403636581163555622e+09 -1.906946115195751190e-02 -6.528323143720626831e-02 -3.832688089460134506e-03 -5.583505611866712570e-03 2.064022980630397797e-02 -1.583660393953323364e-02 9.996460080146789551e-01
1.403636581263555765e+09 -1.876886934041976929e-02 -1.118902415037155151e-01 -1.629948057234287262e-02 1.128798630088567734e-02 2.123265527188777924e-02 -1.170126441866159439e-02 9.996424317359924316e-01
1.403636581763555765e+09 -3.471064381301403046e-03 2.918254956603050232e-02 1.682458631694316864e-02 -5.286606028676033020e-03 2.306280285120010376e-02 -1.526758074760437012e-02 9.996035099029541016e-01
1.403636581963555574e+09 8.682108018547296524e-04 1.569981276988983154e-01 4.606141149997711182e-02 -2.032888308167457581e-02 1.905377581715583801e-02 -1.060585677623748779e-02 9.995555877685546875e-01
1.403636582063555717e+09 -5.691154510714113712e-04 2.484366595745086670e-01 6.605041027069091797e-02 -5.273834615945816040e-02 2.031324245035648346e-02 -9.142188355326652527e-03 9.983599781990051270e-01
1.403636582363555670e+09 -1.125483121722936630e-02 1.777602434158325195e-01 4.743542522192001343e-02 -4.670608043670654297e-02 1.493102125823497772e-02 -8.882735855877399445e-03 9.987576007843017578e-01
1.403636582563555717e+09 -1.426644716411828995e-02 5.315637961030006409e-02 1.719712093472480774e-02 -2.980305254459381104e-02 2.385686337947845459e-02 -1.412907615303993225e-02 9.991711378097534180e-01
1.403636582763555765e+09 -6.992583163082599640e-03 -1.267909556627273560e-01 -2.553436905145645142e-02 4.177460912615060806e-03 4.028436541557312012e-02 -4.743427038192749023e-03 9.991683363914489746e-01
1.403636583563555717e+09 1.306275930255651474e-02 1.055672690272331238e-01 4.089877381920814514e-02 -1.432582456618547440e-02 3.544175997376441956e-02 -1.509473472833633423e-02 9.991551041603088379e-01
1.403636583763555765e+09 1.477037090808153152e-02 2.166715711355209351e-01 6.658705323934555054e-02 -5.394861474633216858e-02 3.112638182938098907e-02 -3.604260273277759552e-03 9.980519413948059082e-01
1.403636583963555574e+09 6.066604051738977432e-03 9.962768852710723877e-02 3.843893483281135559e-02 -5.335214734077453613e-02 2.604996412992477417e-02 -2.120914682745933533e-02 9.980106353759765625e-01
1.403636584563555717e+09 3.831068053841590881e-03 -4.245817661285400391e-02 1.232195366173982620e-02 -2.245419099926948547e-02 3.636318072676658630e-02 -2.007666602730751038e-02 9.988846778869628906e-01
1.403636584763555765e+09 1.816190965473651886e-02 9.762752056121826172e-02 3.039658442139625549e-02 -4.652304202318191528e-02 2.715000137686729431e-02 -1.655578985810279846e-02 9.984109997749328613e-01
1.403636585963555574e+09 5.346409510821104050e-03 1.065731644630432129e-01 -1.701097190380096436e-02 -1.669949144124984741e-01 4.412508383393287659e-02 1.272862777113914490e-02 9.848876595497131348e-01
1.403636586563555717e+09 9.070174396038055420e-02 8.928979933261871338e-02 -1.099042501300573349e-02 -1.970871835947036743e-01 2.943702414631843567e-02 9.883212856948375702e-03 9.798941016197204590e-01
1.403636587663555622e+09 1.547125130891799927e-01 8.326894789934158325e-02 -2.520943060517311096e-03 -1.959384381771087646e-01 3.533764556050300598e-02 1.729410141706466675e-02 9.798266887664794922e-01
1.403636587763555765e+09 2.282614409923553467e-01 7.507813721895217896e-02 6.353809963911771774e-03 -1.849318295717239380e-01 4.866392910480499268e-02 2.617204561829566956e-02 9.811967611312866211e-01
1.403636587963555574e+09 2.928585708141326904e-01 7.927212864160537720e-02 1.218080520629882812e-02 -1.998172998428344727e-01 6.587246060371398926e-02 2.992773614823818207e-02 9.771582484245300293e-01
1.403636588263555765e+09 2.195805162191390991e-01 8.966519683599472046e-02 -4.230473190546035767e-03 -2.017821818590164185e-01 4.980972781777381897e-02 3.021975979208946228e-02 9.776961207389831543e-01
1.403636589063555717e+09 1.353719830513000488e-01 8.622040599584579468e-02 -1.645178161561489105e-02 -1.924301832914352417e-01 3.815330937504768372e-02 2.472213469445705414e-02 9.802569746971130371e-01
1.403636589263555765e+09 4.221419245004653931e-02 8.469660580158233643e-02 -2.707764133810997009e-02 -1.948205083608627319e-01 2.844910509884357452e-02 1.995944790542125702e-02 9.802231192588806152e-01
1.403636589463555574e+09 -5.103413388133049011e-02 8.945856243371963501e-02 -3.412000834941864014e-02 -1.952068805694580078e-01 2.154325693845748901e-02 1.536280475556850433e-02 9.804051518440246582e-01
1.403636589663555622e+09 -1.415902525186538696e-01 9.708920121192932129e-02 -4.032460227608680725e-02 -1.923871189355850220e-01 1.392025221139192581e-02 1.223443727940320969e-02 9.811440706253051758e-01
1.403636589863555670e+09 -2.154494673013687134e-01 1.090447977185249329e-01 -4.514541849493980408e-02 -2.026250213384628296e-01 -2.923470688983798027e-03 1.040849648416042328e-02 9.791967868804931641e-01
1.403636590163555622e+09 -1.279887408018112183e-01 9.999527037143707275e-02 -6.146479398012161255e-02 -1.887775212526321411e-01 1.076646428555250168e-02 5.295593291521072388e-03 9.819466471672058105e-01
1.403636590863555670e+09 -3.756212443113327026e-02 9.944721311330795288e-02 -5.658491328358650208e-02 -1.982842534780502319e-01 1.612379215657711029e-02 1.082268729805946350e-02 9.799521565437316895e-01
1.403636591063555717e+09 5.129158869385719299e-02 9.799862653017044067e-02 -4.772020503878593445e-02 -1.965882629156112671e-01 1.506982743740081787e-02 1.407490298151969910e-02 9.802693128585815430e-01
1.403636591263555765e+09 1.234169378876686096e-01 1.001817062497138977e-01 -3.718299418687820435e-02 -2.011650353670120239e-01 2.108246274292469025e-02 1.711432449519634247e-02 9.791809916496276855e-01
1.403636591563555717e+09 1.807972192764282227e-01 1.141632944345474243e-01 -1.007558219134807587e-02 -1.817085891962051392e-01 4.813250154256820679e-02 2.105516567826271057e-02 9.819480180740356445e-01
1.403636591763555765e+09 2.118537724018096924e-01 1.057148650288581848e-01 2.672380395233631134e-02 -1.424413323402404785e-01 8.908110857009887695e-02 3.030136786401271820e-02 9.853206872940063477e-01
1.403636592263555765e+09 2.471171468496322632e-01 7.888769358396530151e-02 1.178369149565696716e-01 -1.701427102088928223e-01 9.251370280981063843e-02 4.593977332115173340e-02 9.799908995628356934e-01
1.403636592563555717e+09 2.188101261854171753e-01 5.922102555632591248e-02 1.764975637197494507e-01 -1.546581089496612549e-01 6.061018630862236023e-02 3.072805702686309814e-02 9.856283068656921387e-01
1.403636592763555765e+09 1.497390866279602051e-01 4.924056306481361389e-02 2.188737541437149048e-01 -1.540384292602539062e-01 1.154025830328464508e-02 1.560659334063529968e-02 9.878742694854736328e-01
1.403636592963555574e+09 9.922859817743301392e-02 5.096615105867385864e-02 2.241888493299484253e-01 -1.597740352153778076e-01 -1.750684343278408051e-02 9.005581960082054138e-03 9.869573116302490234e-01
1.403636593063555717e+09 4.118684306740760803e-02 5.639017000794410706e-02 2.150423526763916016e-01 -1.652756631374359131e-01 -4.630706831812858582e-02 2.015670528635382652e-03 9.851576089859008789e-01
1.403636593163555622e+09 -1.887522265315055847e-02 6.411551684141159058e-02 1.919101029634475708e-01 -1.681547313928604126e-01 -7.268306612968444824e-02 -4.888864699751138687e-03 9.830653071403503418e-01
1.403636593263555765e+09 -7.591815292835235596e-02 7.308530807495117188e-02 1.579752117395401001e-01 -1.691979318857192993e-01 -9.595125168561935425e-02 -2.985330764204263687e-03 9.808958172798156738e-01
1.403636593363555670e+09 -1.211388781666755676e-01 8.511656522750854492e-02 1.174819096922874451e-01 -1.733880341053009033e-01 -1.086143106222152710e-01 -3.911254927515983582e-03 9.788382053375244141e-01
1.403636593463555574e+09 -1.594996452331542969e-01 1.195331811904907227e-01 3.072123788297176361e-02 -1.808245629072189331e-01 -1.029538884758949280e-01 -3.351740306243300438e-03 9.781062602996826172e-01
1.403636593663555622e+09 -1.322998404502868652e-01 1.553478837013244629e-01 -4.580281674861907959e-02 -1.970075964927673340e-01 -6.555176526308059692e-02 1.780219562351703644e-02 9.780460596084594727e-01
1.403636593863555670e+09 -9.673707187175750732e-02 1.689967066049575806e-01 -7.580736279487609863e-02 -1.959256380796432495e-01 -3.089581802487373352e-02 3.211470320820808411e-02 9.796056747436523438e-01
1.403636593963555574e+09 -5.105826258659362793e-02 1.769824028015136719e-01 -9.869276732206344604e-02 -1.857283413410186768e-01 9.018622338771820068e-03 4.617764055728912354e-02 9.814740419387817383e-01
1.403636594063555717e+09 8.942252025008201599e-04 1.796263605356216431e-01 -1.126933172345161438e-01 -1.755924373865127563e-01 4.985163360834121704e-02 5.700066313147544861e-02 9.815462827682495117e-01
1.403636594163555622e+09 5.615319311618804932e-02 1.778883039951324463e-01 -1.145156845450401306e-01 -1.727961152791976929e-01 8.470330387353897095e-02 6.844472140073776245e-02 9.789189100265502930e-01
1.403636594263555765e+09 1.131233721971511841e-01 1.742837876081466675e-01 -1.014396920800209045e-01 -1.739434450864791870e-01 1.109860092401504517e-01 7.423099875450134277e-02 9.756615757942199707e-01
1.403636594363555670e+09 1.696828007698059082e-01 1.665048748254776001e-01 -7.471405714750289917e-02 -1.742839366197586060e-01 1.291178762912750244e-01 7.328631728887557983e-02 9.734386205673217773e-01
1.403636594463555574e+09 2.225550562143325806e-01 1.545841693878173828e-01 -3.649515286087989807e-02 -1.679747104644775391e-01 1.397031545639038086e-01 6.725837290287017822e-02 9.735214114189147949e-01
1.403636594563555717e+09 2.647990584373474121e-01 1.402284055948257446e-01 7.985609583556652069e-03 -1.565484553575515747e-01 1.421195119619369507e-01 6.365067511796951294e-02 9.753170013427734375e-01
1.403636594663555622e+09 2.846756577491760254e-01 1.129389405250549316e-01 9.597691893577575684e-02 -1.436087042093276978e-01 1.299579292535781860e-01 6.227907910943031311e-02 9.790856838226318359e-01
1.403636594863555670e+09 2.017913162708282471e-01 1.021755859255790710e-01 1.609419733285903931e-01 -1.364271491765975952e-01 7.895306497812271118e-02 3.866752609610557556e-02 9.867416024208068848e-01
1.403636595063555717e+09 1.299487203359603882e-01 1.028285399079322815e-01 1.735584586858749390e-01 -1.357470452785491943e-01 3.856169804930686951e-02 2.419274300336837769e-02 9.896971583366394043e-01
1.403636595163555622e+09 5.343100428581237793e-02 1.079214364290237427e-01 1.739447116851806641e-01 -1.408208608627319336e-01 -1.064138719812035561e-03 1.217650249600410461e-02 9.899596571922302246e-01
1.403636595263555765e+09 -1.624349132180213928e-02 1.155721470713615417e-01 1.625829041004180908e-01 -1.464624702930450439e-01 -3.735216706991195679e-02 4.905755165964365005e-03 9.884986877441406250e-01
1.403636595363555670e+09 -6.899816542863845825e-02 1.254255473613739014e-01 1.404915452003479004e-01 -1.512115746736526489e-01 -6.388187408447265625e-02 -2.234461717307567596e-03 9.864325523376464844e-01
1.403636595463555574e+09 -7.615162432193756104e-02 1.581415086984634399e-01 5.288254842162132263e-02 -1.632889062166213989e-01 -7.694278657436370850e-02 -7.843348197638988495e-03 9.835420846939086914e-01
1.403636595763555765e+09 -3.386167809367179871e-02 1.708932816982269287e-01 2.622495964169502258e-02 -1.650981754064559937e-01 -5.916823819279670715e-02 -7.566535845398902893e-03 9.844716787338256836e-01
1.403636595863555670e+09 2.026868239045143127e-02 1.841058433055877686e-01 3.265850478783249855e-03 -1.645316928625106812e-01 -2.907103672623634338e-02 -5.271556321531534195e-03 9.859292507171630859e-01
1.403636595963555574e+09 7.459636777639389038e-02 1.962214559316635132e-01 -1.940457709133625031e-02 -1.657793521881103516e-01 2.887245733290910721e-03 2.682561753317713737e-03 9.861550331115722656e-01
1.403636596063555717e+09 1.181207299232482910e-01 2.079393863677978516e-01 -4.584212973713874817e-02 -1.705078184604644775e-01 3.342978283762931824e-02 1.125108916312456131e-02 9.847248792648315430e-01
1.403636596163555622e+09 1.053928732872009277e-01 2.250844389200210571e-01 -1.425874531269073486e-01 -1.685336381196975708e-01 6.691681593656539917e-02 3.271890804171562195e-02 9.828774929046630859e-01
1.403636596463555574e+09 3.003119304776191711e-02 2.271999418735504150e-01 -2.161098718643188477e-01 -1.582010835409164429e-01 6.383717060089111328e-02 2.289265953004360199e-02 9.850752353668212891e-01
1.403636596763555765e+09 2.910193055868148804e-03 2.111899405717849731e-01 -1.578653603792190552e-01 -1.605369597673416138e-01 6.362723559141159058e-02 4.257189575582742691e-03 9.849677085876464844e-01
1.403636597163555622e+09 3.887829184532165527e-02 1.742111742496490479e-01 -4.218042641878128052e-02 -1.752166002988815308e-01 4.269784688949584961e-02 -1.437598839402198792e-03 9.836025834083557129e-01
1.403636597363555670e+09 5.261294916272163391e-02 1.492784023284912109e-01 1.858633942902088165e-02 -1.718615144491195679e-01 2.710348553955554962e-02 -8.070434443652629852e-03 9.847151637077331543e-01
1.403636597463555574e+09 5.978554487228393555e-02 1.268739849328994751e-01 7.643468677997589111e-02 -1.679750084877014160e-01 1.076006237417459488e-02 -1.736371032893657684e-02 9.855796098709106445e-01
1.403636597563555717e+09 4.296337068080902100e-02 1.034521386027336121e-01 1.479538381099700928e-01 -1.542594283819198608e-01 -3.459578007459640503e-02 -2.722523733973503113e-02 9.870491623878479004e-01
1.403636597763555765e+09 -1.617930829524993896e-03 1.113394200801849365e-01 1.360092014074325562e-01 -1.384489983320236206e-01 -6.801453232765197754e-02 -3.503635153174400330e-02 9.874100089073181152e-01
1.403636598063555717e+09 -2.949062921106815338e-02 1.411721557378768921e-01 6.714595109224319458e-02 -1.426163017749786377e-01 -7.798117399215698242e-02 -4.732647538185119629e-02 9.855656623840332031e-01
1.403636598163555622e+09 -3.048478439450263977e-02 1.829486340284347534e-01 -5.226676352322101593e-03 -1.752429157495498657e-01 -7.129320502281188965e-02 -5.029020830988883972e-02 9.806518554687500000e-01
1.403636598363555670e+09 -1.015687081962823868e-02 2.179752588272094727e-01 -1.954046450555324554e-02 -1.888353079557418823e-01 -5.678101629018783569e-02 -5.616100132465362549e-02 9.787558913230895996e-01
1.403636598663555622e+09 1.256026607006788254e-02 2.279382348060607910e-01 3.273902460932731628e-02 -1.651536822319030762e-01 -6.704695522785186768e-02 -5.587854608893394470e-02 9.823983907699584961e-01
1.403636598763555765e+09 2.974173985421657562e-02 2.408248633146286011e-01 1.062932536005973816e-01 -1.211019754409790039e-01 -9.012334793806076050e-02 -5.053300037980079651e-02 9.872479438781738281e-01
1.403636598963555574e+09 4.280474036931991577e-02 2.670428454875946045e-01 1.680118888616561890e-01 -8.473628014326095581e-02 -9.502686560153961182e-02 -4.667361080646514893e-02 9.907629489898681641e-01
1.403636599263555765e+09 4.762553796172142029e-02 2.791233360767364502e-01 2.043201476335525513e-01 -3.054332174360752106e-02 -1.046787202358245850e-01 -3.664991632103919983e-02 9.933611750602722168e-01
1.403636599463555574e+09 5.223207920789718628e-02 3.030825257301330566e-01 2.478644698858261108e-01 -9.009953588247299194e-03 -8.354052901268005371e-02 -3.136135637760162354e-02 9.959700703620910645e-01
1.403636600163555622e+09 8.201218396425247192e-02 3.111868202686309814e-01 2.358769774436950684e-01 -3.178201848641037941e-03 -7.087419927120208740e-02 -2.260226383805274963e-02 9.972241520881652832e-01
1.403636624763555765e+09 1.096739247441291809e-01 3.175490498542785645e-01 2.193302661180496216e-01 -6.479856092482805252e-03 -6.432534754276275635e-02 -4.394367709755897522e-02 9.969399571418762207e-01
1.403636624963555574e+09 1.382122486829757690e-01 3.025044202804565430e-01 1.858635991811752319e-01 -3.120649233460426331e-02 -5.727958679199218750e-02 -6.876035779714584351e-02 9.954984784126281738e-01
1.403636625163555622e+09 1.471501439809799194e-01 2.553251683712005615e-01 1.529440283775329590e-01 -3.438886255025863647e-02 -6.241363659501075745e-02 -5.782650411128997803e-02 9.957801103591918945e-01
1.403636625763555765e+09 1.309637129306793213e-01 1.872334331274032593e-01 1.655932962894439697e-01 -1.493401173502206802e-02 -7.157268375158309937e-02 -5.320611596107482910e-02 9.959033727645874023e-01
1.403636625963555574e+09 1.113681197166442871e-01 8.965007215738296509e-02 1.641436666250228882e-01 -5.092630162835121155e-03 -7.551467418670654297e-02 -4.580271616578102112e-02 9.960792064666748047e-01
1.403636626163555622e+09 2.089925557374954224e-01 -5.701453238725662231e-02 1.174612715840339661e-01 -1.203447580337524414e-02 -7.170490175485610962e-02 -4.314521327614784241e-02 9.964196681976318359e-01
1.403636627863555670e+09 3.133044242858886719e-01 -1.446632295846939087e-01 1.487275809049606323e-01 -4.804249387234449387e-03 -2.722861245274543762e-02 -1.398450601845979691e-02 9.995198845863342285e-01
1.403636628963555574e+09 4.844913184642791748e-01 -2.111381143331527710e-01 2.042505890130996704e-01 -2.575910650193691254e-02 1.621496304869651794e-02 -1.816825009882450104e-02 9.993715882301330566e-01
1.403636629463555574e+09 6.419172883033752441e-01 -2.105201333761215210e-01 3.113688826560974121e-01 -2.943783812224864960e-02 8.015856891870498657e-02 1.568040624260902405e-02 9.962239861488342285e-01
1.403636629863555670e+09 8.100785017013549805e-01 -1.947917491197586060e-01 4.418213963508605957e-01 -2.348050102591514587e-02 1.457742601633071899e-01 3.144078701734542847e-02 9.885393381118774414e-01
1.403636630363555670e+09 1.058449149131774902e+00 -3.347919583320617676e-01 6.258366107940673828e-01 -1.864546351134777069e-02 1.530418246984481812e-01 1.963880471885204315e-02 9.878485798835754395e-01
1.403636631163555622e+09 1.470046162605285645e+00 -4.159151017665863037e-01 1.088699460029602051e+00 -1.450054161250591278e-02 1.391659379005432129e-01 1.393462251871824265e-02 9.900649189949035645e-01
1.403636632763555765e+09 1.709489822387695312e+00 -5.071239471435546875e-01 1.617534399032592773e+00 -1.939686946570873260e-02 3.260393440723419189e-02 -2.210770361125469208e-02 9.990355968475341797e-01
1.403636633863555670e+09 1.944268345832824707e+00 -6.682749390602111816e-01 2.258378028869628906e+00 -2.137558907270431519e-02 3.413631021976470947e-02 -7.050692103803157806e-03 9.991636872291564941e-01
1.403636634663555622e+09 2.157364130020141602e+00 -8.455329537391662598e-01 2.759737491607666016e+00 -2.100067958235740662e-02 -1.663686707615852356e-04 -3.396817296743392944e-02 9.992022514343261719e-01
1.403636635663555622e+09 2.299004793167114258e+00 -1.042365550994873047e+00 3.205461502075195312e+00 -1.563367806375026703e-02 -1.113889832049608231e-02 -7.082342635840177536e-03 9.997906684875488281e-01
1.403636636163555622e+09 2.464057445526123047e+00 -1.301020264625549316e+00 3.517632722854614258e+00 -7.216165307909250259e-03 -1.804221421480178833e-03 -2.907217480242252350e-02 9.995496869087219238e-01
1.403636636563555717e+09 2.611073970794677734e+00 -1.482048273086547852e+00 3.803575515747070312e+00 1.029902417212724686e-02 8.752691559493541718e-03 -6.338287144899368286e-02 9.978978037834167480e-01
1.403636637263555765e+09 2.662068605422973633e+00 -1.669298410415649414e+00 4.252422332763671875e+00 -1.308186817914247513e-02 -1.404506992548704147e-02 -3.314366191625595093e-02 9.992662668228149414e-01
1.403636638563555717e+09 2.738299369812011719e+00 -1.841201066970825195e+00 4.851299762725830078e+00 -2.327666245400905609e-02 -2.831949293613433838e-02 -3.190931165590882301e-03 9.993227720260620117e-01
1.403636639463555574e+09 2.887431383132934570e+00 -1.848070859909057617e+00 5.211407661437988281e+00 -1.603666506707668304e-02 -1.620733551681041718e-02 -4.351172223687171936e-02 9.987927079200744629e-01
1.403636639963555574e+09 3.057435274124145508e+00 -1.956935524940490723e+00 5.632292747497558594e+00 -3.725970396772027016e-03 -4.555771499872207642e-02 -4.523698240518569946e-02 9.979299902915954590e-01
1.403636641363555670e+09 3.343052387237548828e+00 -2.096518039703369141e+00 6.243451595306396484e+00 -2.313852543011307716e-03 -4.094658419489860535e-02 -4.143606871366500854e-02 9.982991218566894531e-01
1.403636642363555670e+09 3.639934778213500977e+00 -2.266521692276000977e+00 6.604325771331787109e+00 -4.869824275374412537e-02 -1.492217183113098145e-03 -2.754134126007556915e-02 9.984326362609863281e-01
1.403636644363555670e+09 3.937128067016601562e+00 -2.224577665328979492e+00 7.150945663452148438e+00 -2.503947354853153229e-02 3.406687406823039055e-03 -2.537925541400909424e-02 9.993584752082824707e-01
1.403636645263555765e+09 4.260086059570312500e+00 -2.330366849899291992e+00 7.772571086883544922e+00 -3.218559175729751587e-02 6.862579844892024994e-03 -2.069885469973087311e-02 9.992440342903137207e-01
1.403636646163555622e+09 4.418815135955810547e+00 -2.504080057144165039e+00 8.099681854248046875e+00 -1.077474094927310944e-03 7.181046158075332642e-02 2.556540071964263916e-02 9.970900416374206543e-01
1.403636646463555574e+09 4.617675304412841797e+00 -2.647904634475708008e+00 8.380418777465820312e+00 8.724139072000980377e-03 1.482182741165161133e-01 2.918370999395847321e-02 9.884855151176452637e-01
1.403636647263555765e+09 5.026547908782958984e+00 -2.922633886337280273e+00 8.773990631103515625e+00 1.422551274299621582e-02 1.477755904197692871e-01 3.877221792936325073e-02 9.881582260131835938e-01
1.403636647963555574e+09 5.280939579010009766e+00 -2.969141960144042969e+00 8.893206596374511719e+00 6.175051908940076828e-03 2.061579674482345581e-01 5.072838440537452698e-02 9.771834015846252441e-01
1.403636648263555765e+09 5.447711944580078125e+00 -2.921336889266967773e+00 8.945308685302734375e+00 7.889446802437305450e-03 2.833568751811981201e-01 7.667851448059082031e-02 9.559116959571838379e-01
1.403636648563555717e+09 5.692805767059326172e+00 -2.876679420471191406e+00 8.960659980773925781e+00 -2.473938651382923126e-02 3.485856354236602783e-01 1.036954373121261597e-01 9.311946034431457520e-01
1.403636649263555765e+09 6.048766136169433594e+00 -3.147129297256469727e+00 8.873199462890625000e+00 1.167579088360071182e-02 3.480872213840484619e-01 9.219840914011001587e-02 9.328442215919494629e-01
1.403636650063555717e+09 6.251960754394531250e+00 -3.205896615982055664e+00 8.754053115844726562e+00 1.272062584757804871e-02 4.150527119636535645e-01 1.098294034600257874e-01 9.030542969703674316e-01
1.403636650463555574e+09 6.347106933593750000e+00 -3.121482372283935547e+00 8.664875030517578125e+00 -3.015934955328702927e-03 4.851308166980743408e-01 1.414635330438613892e-01 8.629177808761596680e-01
1.403636651163555622e+09 6.425492763519287109e+00 -3.044925689697265625e+00 8.260767936706542969e+00 2.733330056071281433e-02 5.219351053237915039e-01 1.572490781545639038e-01 8.379197120666503906e-01
1.403636652163555622e+09 6.411491870880126953e+00 -2.936797142028808594e+00 8.126926422119140625e+00 -7.544513209722936153e-04 6.032153367996215820e-01 1.887692511081695557e-01 7.749174237251281738e-01
1.403636652463555574e+09 6.428730964660644531e+00 -2.801388263702392578e+00 7.794085025787353516e+00 -1.796917244791984558e-02 6.563782095909118652e-01 2.138508260250091553e-01 7.232652306556701660e-01
1.403636653363555670e+09 6.551138877868652344e+00 -2.660686016082763672e+00 7.290318012237548828e+00 8.478244766592979431e-03 6.634879112243652344e-01 1.920122355222702026e-01 7.230789661407470703e-01
1.403636654563555717e+09 6.466898918151855469e+00 -2.626775264739990234e+00 7.034374713897705078e+00 6.432216148823499680e-03 7.248036861419677734e-01 2.140844315290451050e-01 6.548177003860473633e-01
1.403636655463555574e+09 6.240750312805175781e+00 -2.470829963684082031e+00 6.827116012573242188e+00 9.424958378076553345e-03 7.644850611686706543e-01 2.540768384933471680e-01 5.923839807510375977e-01
1.403636656063555717e+09 6.094764232635498047e+00 -2.347688674926757812e+00 6.698800563812255859e+00 4.729899577796459198e-03 7.960538268089294434e-01 2.665718793869018555e-01 5.433374047279357910e-01
1.403636656563555717e+09 5.769050598144531250e+00 -2.230088710784912109e+00 6.243017673492431641e+00 2.621658518910408020e-02 7.986357212066650391e-01 2.395942658185958862e-01 5.514421463012695312e-01
1.403636657563555717e+09 5.464848041534423828e+00 -2.069923400878906250e+00 5.992506027221679688e+00 2.177290804684162140e-02 7.920089364051818848e-01 2.711911797523498535e-01 5.465373992919921875e-01
1.403636658063555717e+09 5.258859157562255859e+00 -1.952044129371643066e+00 5.752348899841308594e+00 2.217609900981187820e-03 7.987465858459472656e-01 2.686937749385833740e-01 5.383332967758178711e-01
1.403636658463555574e+09 5.089165687561035156e+00 -1.820413470268249512e+00 5.486720561981201172e+00 -1.956450007855892181e-02 8.045879602432250977e-01 2.578268945217132568e-01 5.345846414566040039e-01
1.403636658863555670e+09 4.953544616699218750e+00 -1.627724885940551758e+00 5.236149311065673828e+00 1.516346470452845097e-03 8.115060925483703613e-01 2.378434985876083374e-01 5.337472558021545410e-01
1.403636659463555574e+09 4.768524646759033203e+00 -1.407277822494506836e+00 5.035627841949462891e+00 -4.993378184735774994e-03 8.119158744812011719e-01 2.441023886203765869e-01 5.302658081054687500e-01
1.403636660063555717e+09 4.663895130157470703e+00 -1.177700996398925781e+00 4.984401702880859375e+00 -3.360098227858543396e-02 8.022221326828002930e-01 2.818996012210845947e-01 5.252078175544738770e-01
1.403636660763555765e+09 4.822777748107910156e+00 -8.497359156608581543e-01 5.083376407623291016e+00 -1.839336822740733624e-03 8.156563639640808105e-01 2.366486936807632446e-01 5.279192924499511719e-01
1.403636661863555670e+09 4.798630714416503906e+00 -9.333005547523498535e-01 5.383133888244628906e+00 -1.429816428571939468e-02 8.102332949638366699e-01 2.533951103687286377e-01 5.283073186874389648e-01
1.403636662863555670e+09 4.954215526580810547e+00 -7.158055305480957031e-01 5.627151489257812500e+00 -5.431413650512695312e-02 8.141587972640991211e-01 2.352183610200881958e-01 5.280793309211730957e-01
1.403636664263555765e+09 5.219158649444580078e+00 -7.286299467086791992e-01 5.753937244415283203e+00 -1.319013535976409912e-02 8.092122673988342285e-01 2.291768640279769897e-01 5.408136844635009766e-01
1.403636664663555622e+09 5.466526985168457031e+00 -7.083562612533569336e-01 5.962955951690673828e+00 -3.697508713230490685e-03 7.982715964317321777e-01 2.334588319063186646e-01 5.551988482475280762e-01
1.403636665063555717e+09 5.679046630859375000e+00 -7.907274961471557617e-01 6.169300079345703125e+00 -5.193174001760780811e-04 7.860618829727172852e-01 2.547882199287414551e-01 5.631958246231079102e-01
1.403636665463555574e+09 5.937839984893798828e+00 -9.392249584197998047e-01 6.396747112274169922e+00 -1.727563887834548950e-02 7.948495149612426758e-01 2.361718118190765381e-01 5.586938261985778809e-01
1.403636665963555574e+09 6.136264324188232422e+00 -1.067435741424560547e+00 6.600015163421630859e+00 1.345265656709671021e-02 7.949526309967041016e-01 2.444376051425933838e-01 5.550852417945861816e-01
1.403636666363555670e+09 6.283225536346435547e+00 -1.131113648414611816e+00 6.806807994842529297e+00 1.734830439090728760e-02 7.912281155586242676e-01 2.492025643587112427e-01 5.581712722778320312e-01
1.403636666863555670e+09 6.418420314788818359e+00 -1.243376851081848145e+00 7.014218330383300781e+00 7.411334663629531860e-03 7.749539613723754883e-01 2.843145430088043213e-01 5.644082427024841309e-01
1.403636667263555765e+09 6.672041893005371094e+00 -1.293391704559326172e+00 7.280908584594726562e+00 1.866160659119486809e-03 7.804778218269348145e-01 2.638683021068572998e-01 5.667666792869567871e-01
1.403636668363555670e+09 7.081792831420898438e+00 -1.233599781990051270e+00 7.577888488769531250e+00 -2.443779259920120239e-02 8.014534115791320801e-01 2.362041473388671875e-01 5.488924384117126465e-01
1.403636669163555622e+09 7.365304946899414062e+00 -1.297169089317321777e+00 7.862363338470458984e+00 3.053697990253567696e-03 8.041527867317199707e-01 2.325408309698104858e-01 5.470408797264099121e-01
1.403636669763555765e+09 7.499470233917236328e+00 -1.358970999717712402e+00 8.189647674560546875e+00 5.329334735870361328e-02 7.938969731330871582e-01 2.473297864198684692e-01 5.529154539108276367e-01
1.403636670263555765e+09 7.315596103668212891e+00 -1.490116119384765625e+00 8.391871452331542969e+00 9.835919737815856934e-02 7.389155030250549316e-01 2.730622887611389160e-01 6.080841422080993652e-01
1.403636670863555670e+09 6.987964630126953125e+00 -1.504160642623901367e+00 8.176268577575683594e+00 1.159255206584930420e-01 6.642732620239257812e-01 2.552705407142639160e-01 6.929209232330322266e-01
1.403636671263555765e+09 6.542384624481201172e+00 -1.462992668151855469e+00 7.652465343475341797e+00 1.464269962161779404e-02 6.107037663459777832e-01 1.981975436210632324e-01 7.665143609046936035e-01
1.403636671663555622e+09 6.135507583618164062e+00 -1.368752002716064453e+00 7.075988292694091797e+00 -5.257568508386611938e-02 5.730630159378051758e-01 2.040835767984390259e-01 7.919498085975646973e-01
1.403636672063555717e+09 5.923453330993652344e+00 -1.351003170013427734e+00 6.590883255004882812e+00 -9.229040145874023438e-02 5.832335948944091797e-01 1.871964782476425171e-01 7.850341200828552246e-01
1.403636672463555574e+09 5.896402835845947266e+00 -1.373205900192260742e+00 6.351873397827148438e+00 -5.428164824843406677e-02 5.986152291297912598e-01 1.472787708044052124e-01 7.855077385902404785e-01
1.403636673063555717e+09 6.157267570495605469e+00 -1.295716404914855957e+00 6.518305301666259766e+00 -4.207389429211616516e-04 5.123866200447082520e-01 1.600104123353958130e-01 8.437159061431884766e-01
1.403636674663555622e+09 6.361545562744140625e+00 -1.194660425186157227e+00 6.865169048309326172e+00 -4.563592001795768738e-02 4.709667265415191650e-01 1.656484454870223999e-01 8.652562499046325684e-01
1.403636675463555574e+09 6.752187728881835938e+00 -1.316559910774230957e+00 7.275160789489746094e+00 1.827963860705494881e-03 4.340272247791290283e-01 1.057775169610977173e-01 8.946665525436401367e-01
1.403636675963555574e+09 6.914641857147216797e+00 -1.307901144027709961e+00 7.571715831756591797e+00 -1.751769334077835083e-02 3.556081354618072510e-01 8.401872217655181885e-02 9.306862354278564453e-01
1.403636676463555574e+09 7.061456680297851562e+00 -1.349831223487854004e+00 7.950763702392578125e+00 -1.962225139141082764e-02 2.585887014865875244e-01 5.557663366198539734e-02 9.641878604888916016e-01
1.403636677063555717e+09 7.224460124969482422e+00 -1.449392557144165039e+00 8.514089584350585938e+00 8.824210613965988159e-03 2.285676896572113037e-01 2.661882154643535614e-02 9.731240272521972656e-01
1.403636677663555622e+09 7.228229045867919922e+00 -1.529457092285156250e+00 8.751248359680175781e+00 5.258142482489347458e-03 1.423553973436355591e-01 3.624517098069190979e-02 9.891378283500671387e-01
1.403636677963555574e+09 7.258195877075195312e+00 -1.617919802665710449e+00 8.946947097778320312e+00 -1.113025844097137451e-02 4.750894755125045776e-02 -8.565639145672321320e-03 9.987721443176269531e-01
1.403636678563555717e+09 7.311509132385253906e+00 -1.736176729202270508e+00 9.127527236938476562e+00 -1.398525200784206390e-02 -6.569576263427734375e-02 -9.614532440900802612e-02 9.930984973907470703e-01
1.403636679163555622e+09 7.250323295593261719e+00 -1.742923021316528320e+00 9.228326797485351562e+00 -4.099046345800161362e-04 -1.705471873283386230e-01 -8.446659892797470093e-02 9.817224144935607910e-01
1.403636679463555574e+09 7.166507720947265625e+00 -1.856049180030822754e+00 9.261919021606445312e+00 6.867019459605216980e-03 -2.488655894994735718e-01 -1.160262599587440491e-01 9.615387916564941406e-01
1.403636680963555574e+09 6.884011268615722656e+00 -1.935590624809265137e+00 8.915254592895507812e+00 -2.316009066998958588e-02 -2.338267862796783447e-01 -1.024861708283424377e-01 9.665843248367309570e-01
1.403636681163555622e+09 6.522381782531738281e+00 -1.803449749946594238e+00 8.632181167602539062e+00 -4.257006105035543442e-03 -2.351375520229339600e-01 -1.134525910019874573e-01 9.653086662292480469e-01
1.403636681963555574e+09 6.198512554168701172e+00 -1.738946914672851562e+00 8.343080520629882812e+00 -1.015722379088401794e-02 -2.451259046792984009e-01 -1.086322739720344543e-01 9.633324146270751953e-01
1.403636682763555765e+09 5.688007831573486328e+00 -1.596527576446533203e+00 7.831534385681152344e+00 -2.450364700052887201e-04 -2.363297790288925171e-01 -1.109767332673072815e-01 9.653146862983703613e-01
1.403636683563555717e+09 5.390836238861083984e+00 -1.406726598739624023e+00 7.471677303314208984e+00 -1.957247778773307800e-02 -2.464683502912521362e-01 -1.065565571188926697e-01 9.630763530731201172e-01
1.403636684163555622e+09 5.114756584167480469e+00 -1.353489875793457031e+00 7.097075462341308594e+00 -4.911736585199832916e-03 -2.572243213653564453e-01 -1.056440621614456177e-01 9.605472087860107422e-01
1.403636684863555670e+09 4.850952148437500000e+00 -1.141338467597961426e+00 6.560515880584716797e+00 -9.223034605383872986e-03 -2.460162639617919922e-01 -1.229060068726539612e-01 9.613974690437316895e-01
1.403636685863555670e+09 4.607301235198974609e+00 -9.147557616233825684e-01 6.045501232147216797e+00 -1.505943760275840759e-02 -2.455883622169494629e-01 -1.084041744470596313e-01 9.631760120391845703e-01
1.403636686563555717e+09 4.348166942596435547e+00 -7.536118626594543457e-01 5.586094379425048828e+00 -1.693979278206825256e-02 -2.486863583326339722e-01 -1.035815700888633728e-01 9.628806114196777344e-01
1.403636687263555765e+09 4.161891460418701172e+00 -6.571942567825317383e-01 5.266556739807128906e+00 -7.394845597445964813e-03 -2.534201443195343018e-01 -1.010429859161376953e-01 9.620363116264343262e-01
1.403636687963555574e+09 4.062354087829589844e+00 -4.089486300945281982e-01 5.054213523864746094e+00 -4.962276201695203781e-03 -2.513420581817626953e-01 -1.122984513640403748e-01 9.613488316535949707e-01
1.403636688563555717e+09 3.961365222930908203e+00 -1.683172732591629028e-01 4.818241119384765625e+00 -8.598982356488704681e-03 -2.520169317722320557e-01 -1.266879290342330933e-01 9.593559503555297852e-01
1.403636689063555717e+09 3.845296144485473633e+00 -6.680262088775634766e-02 4.632386684417724609e+00 -2.498447149991989136e-02 -2.805930376052856445e-01 -1.198473423719406128e-01 9.519873261451721191e-01
1.403636689463555574e+09 3.675230026245117188e+00 -9.872542321681976318e-02 4.420156955718994141e+00 -4.641451686620712280e-02 -2.931360602378845215e-01 -1.122596040368080139e-01 9.483220577239990234e-01
1.403636690263555765e+09 3.404769659042358398e+00 -2.301980257034301758e-01 4.421850204467773438e+00 -4.041764885187149048e-02 -2.902198731899261475e-01 -9.474505484104156494e-02 9.514001607894897461e-01
1.403636690863555670e+09 3.403685092926025391e+00 -2.730061113834381104e-01 4.683610439300537109e+00 2.655217051506042480e-02 -3.039016425609588623e-01 -6.237440928816795349e-02 9.502885341644287109e-01
1.403636691463555574e+09 3.634986877441406250e+00 -3.979029059410095215e-01 4.795136451721191406e+00 -3.467102302238345146e-03 -2.980223000049591064e-01 -1.092081889510154724e-01 9.482849836349487305e-01
1.403636691863555670e+09 3.898885250091552734e+00 -5.282526612281799316e-01 4.862718582153320312e+00 -3.598080074880272150e-04 -2.993838787078857422e-01 -1.109963506460189819e-01 9.476544857025146484e-01
1.403636692263555765e+09 4.227995872497558594e+00 -7.206753492355346680e-01 4.888258457183837891e+00 -5.091262515634298325e-03 -2.894393503665924072e-01 -1.268433183431625366e-01 9.487411975860595703e-01
1.403636692863555670e+09 4.630979061126708984e+00 -1.071351289749145508e+00 4.817008972167968750e+00 -5.496228486299514771e-02 -2.878507375717163086e-01 -1.318087726831436157e-01 9.469675421714782715e-01
1.403636693963555574e+09 4.677156925201416016e+00 -1.215598106384277344e+00 5.176101207733154297e+00 -1.996559463441371918e-02 -2.934725880622863770e-01 -1.102099195122718811e-01 9.493834376335144043e-01
1.403636695663555622e+09 4.475955486297607422e+00 -1.239829659461975098e+00 5.126935482025146484e+00 -1.594982109963893890e-02 -1.725962907075881958e-01 -9.043322503566741943e-02 9.807027578353881836e-01
1.403636698563555717e+09 4.294300556182861328e+00 -1.115733027458190918e+00 5.019954204559326172e+00 -1.968106441199779510e-02 -6.971457600593566895e-02 -5.592405423521995544e-02 9.958037734031677246e-01
1.403636698963555574e+09 4.140079498291015625e+00 -1.009442567825317383e+00 4.962230205535888672e+00 -1.809036359190940857e-02 3.633376955986022949e-02 -3.207708941772580147e-03 9.991708397865295410e-01
1.403636699363555670e+09 3.998679637908935547e+00 -9.769878387451171875e-01 4.879382133483886719e+00 -1.798368804156780243e-02 1.893160790205001831e-01 7.252196222543716431e-02 9.790692925453186035e-01
1.403636699963555574e+09 4.055564403533935547e+00 -7.366632223129272461e-01 4.817634105682373047e+00 -5.112374201416969299e-04 2.664644122123718262e-01 7.995355874300003052e-02 9.605227708816528320e-01
1.403636700863555670e+09 4.371223926544189453e+00 -6.052508354187011719e-01 4.653740882873535156e+00 -8.581462316215038300e-03 3.028108775615692139e-01 8.360072970390319824e-02 9.493381381034851074e-01
1.403636702163555622e+09 4.560945034027099609e+00 -4.580121040344238281e-01 4.648012161254882812e+00 -2.008277550339698792e-02 3.892838060855865479e-01 1.104604899883270264e-01 9.142501354217529297e-01
1.403636702963555574e+09 5.144810676574707031e+00 -2.212033867835998535e-01 4.829644680023193359e+00 -4.101275932043790817e-03 3.804624676704406738e-01 1.144884377717971802e-01 9.176731109619140625e-01
1.403636704663555622e+09 5.606880187988281250e+00 -1.777407526969909668e-01 5.015551567077636719e+00 -4.258417710661888123e-02 3.743957877159118652e-01 1.044296547770500183e-01 9.203851819038391113e-01
1.403636705363555670e+09 5.898455142974853516e+00 -2.167620658874511719e-01 5.276258945465087891e+00 -3.396041691303253174e-02 3.755879700183868408e-01 1.002614051103591919e-01 9.207215309143066406e-01
1.403636705863555670e+09 6.131926536560058594e+00 -2.614307403564453125e-01 5.531882286071777344e+00 1.002102275379002094e-03 3.672485947608947754e-01 1.185712665319442749e-01 9.225337505340576172e-01
1.403636706363555670e+09 6.488018035888671875e+00 -3.047916293144226074e-01 5.866081237792968750e+00 -2.135080657899379730e-02 3.725634813308715820e-01 8.850207924842834473e-02 9.235301613807678223e-01
1.403636706963555574e+09 6.804815292358398438e+00 -4.617991447448730469e-01 6.224179267883300781e+00 -2.371386252343654633e-02 3.839284777641296387e-01 9.447129815816879272e-02 9.182111620903015137e-01
1.403636707563555717e+09 7.092862606048583984e+00 -7.369098067283630371e-01 6.639986515045166016e+00 -2.184273488819599152e-02 3.808193206787109375e-01 1.170725375413894653e-01 9.169479608535766602e-01
1.403636708163555622e+09 7.430035591125488281e+00 -8.006974458694458008e-01 7.140894889831542969e+00 7.315095979720354080e-03 3.659390211105346680e-01 1.256264448165893555e-01 9.220917820930480957e-01
1.403636708863555670e+09 7.891444683074951172e+00 -9.001337885856628418e-01 7.683467388153076172e+00 -7.589043583720922470e-03 3.976440131664276123e-01 8.768249303102493286e-02 9.133090376853942871e-01
1.403636709863555670e+09 8.006212234497070312e+00 -1.029653787612915039e+00 8.243737220764160156e+00 -1.149592082947492599e-02 3.864268362522125244e-01 8.403556048870086670e-02 9.184117913246154785e-01
1.403636710463555574e+09 7.977843284606933594e+00 -1.013531923294067383e+00 8.664814949035644531e+00 2.311806660145521164e-03 3.104351460933685303e-01 8.319438993930816650e-02 9.469442367553710938e-01
1.403636711063555717e+09 7.893542766571044922e+00 -1.084945917129516602e+00 9.011082649230957031e+00 2.338842675089836121e-02 2.694542109966278076e-01 4.290632531046867371e-02 9.617725610733032227e-01
1.403636712163555622e+09 7.502860546112060547e+00 -1.279249668121337891e+00 9.143587112426757812e+00 1.153813768178224564e-02 2.459578663110733032e-01 3.809290006756782532e-02 9.684630036354064941e-01
1.403636712663555622e+09 7.209230422973632812e+00 -1.391957283020019531e+00 9.068365097045898438e+00 1.644402369856834412e-02 2.088003605604171753e-01 3.200319781899452209e-02 9.772961735725402832e-01
1.403636713363555670e+09 6.680254936218261719e+00 -1.532704710960388184e+00 8.745662689208984375e+00 1.862950506620109081e-03 2.018324881792068481e-01 6.004649028182029724e-02 9.775759577751159668e-01
1.403636714463555574e+09 6.253782749176025391e+00 -1.459625244140625000e+00 8.304376602172851562e+00 -2.294499240815639496e-02 1.969858705997467041e-01 5.579897016286849976e-02 9.785482287406921387e-01
1.403636714863555670e+09 6.126585960388183594e+00 -1.440938591957092285e+00 8.126911163330078125e+00 -3.110729902982711792e-02 1.151248067617416382e-01 1.105051860213279724e-02 9.928023815155029297e-01
1.403636715263555765e+09 5.879886627197265625e+00 -1.369318842887878418e+00 7.552780628204345703e+00 -4.432835150510072708e-03 7.083601504564285278e-02 -3.985880757682025433e-04 9.974780678749084473e-01
1.403636717063555717e+09 5.765925407409667969e+00 -1.239734053611755371e+00 7.143643379211425781e+00 -6.780406460165977478e-03 -1.957720145583152771e-02 -5.445257574319839478e-02 9.983014464378356934e-01
1.403636718063555717e+09 5.574203014373779297e+00 -1.153360486030578613e+00 6.899618148803710938e+00 -1.075701043009757996e-02 -8.906224370002746582e-02 -6.826941668987274170e-02 9.936254620552062988e-01
1.403636718463555574e+09 5.383541584014892578e+00 -1.032613158226013184e+00 6.725798606872558594e+00 -1.764765754342079163e-02 -1.532121151685714722e-01 -6.137996166944503784e-02 9.861273765563964844e-01
1.403636718863555670e+09 5.156455993652343750e+00 -8.598853349685668945e-01 6.513605117797851562e+00 1.333300024271011353e-03 -1.703447997570037842e-01 -8.475384116172790527e-02 9.817320108413696289e-01
1.403636719763555765e+09 4.876852512359619141e+00 -6.107997894287109375e-01 6.055667400360107422e+00 -1.544111687690019608e-02 -1.554804891347885132e-01 -6.919478625059127808e-02 9.852915406227111816e-01
1.403636721163555622e+09 4.806253433227539062e+00 -4.604729712009429932e-01 5.767748832702636719e+00 -4.463165067136287689e-03 -8.243011683225631714e-02 -3.995938971638679504e-02 9.957854151725769043e-01
1.403636721663555622e+09 4.857121467590332031e+00 -3.077248036861419678e-01 5.380003452301025391e+00 -7.055622991174459457e-03 -3.066109679639339447e-02 -3.976605832576751709e-02 9.987135529518127441e-01
1.403636723663555622e+09 4.745745658874511719e+00 -1.514227390289306641e-01 4.812626838684082031e+00 -2.308780886232852936e-02 5.769222229719161987e-02 -4.931761883199214935e-03 9.980552792549133301e-01
1.403636724463555574e+09 4.547104835510253906e+00 -4.288957118988037109e-01 3.996919393539428711e+00 -5.319794174283742905e-03 9.782311320304870605e-02 -1.033870596438646317e-02 9.951359033584594727e-01
1.403636728663555622e+09 4.242737293243408203e+00 -5.649456381797790527e-01 3.486976385116577148e+00 -1.556711649755015969e-04 5.425040051341056824e-02 -1.655018702149391174e-02 9.983901977539062500e-01
1.403636729263555765e+09 3.961839199066162109e+00 -4.756832718849182129e-01 3.059924602508544922e+00 -1.099780946969985962e-02 2.817057445645332336e-02 -2.091587893664836884e-02 9.993237853050231934e-01
1.403636730563555717e+09 3.618200540542602539e+00 -4.046928286552429199e-01 2.670956373214721680e+00 -1.635963842272758484e-02 1.660434342920780182e-02 1.079939771443605423e-02 9.996700286865234375e-01
1.403636732563555717e+09 3.196045160293579102e+00 -1.242899522185325623e-01 1.812350988388061523e+00 -3.755386685952544212e-03 1.909642666578292847e-02 -2.582119591534137726e-02 9.994770884513854980e-01
1.403636734863555670e+09 2.669258832931518555e+00 -1.496697515249252319e-01 1.199434280395507812e+00 -1.093047857284545898e-02 1.050501968711614609e-02 -2.029018290340900421e-02 9.996792674064636230e-01
1.403636736463555574e+09 2.291795253753662109e+00 -1.104745790362358093e-01 9.517469406127929688e-01 -1.736805215477943420e-02 -4.801335185766220093e-02 -4.027353599667549133e-02 9.978833198547363281e-01
1.403636738763555765e+09 2.108757019042968750e+00 -2.756289839744567871e-01 8.281763195991516113e-01 -1.106349378824234009e-02 4.155664891004562378e-02 1.521228160709142685e-02 9.989591240882873535e-01
1.403636739063555717e+09 2.183473348617553711e+00 -1.909647583961486816e-01 8.817669153213500977e-01 -7.790573406964540482e-03 1.589652597904205322e-01 3.603253513574600220e-02 9.865956902503967285e-01
1.403636739463555574e+09 2.377497434616088867e+00 -6.793048232793807983e-02 9.324471950531005859e-01 -9.068131446838378906e-03 2.431872189044952393e-01 4.749167338013648987e-02 9.687736630439758301e-01
1.403636741463555574e+09 2.609478235244750977e+00 5.310224890708923340e-01 1.022858381271362305e+00 -2.784382365643978119e-02 2.474367320537567139e-01 5.275453254580497742e-02 9.670660495758056641e-01
1.403636742863555670e+09 2.998265027999877930e+00 8.872761726379394531e-01 1.547175645828247070e+00 3.455987665802240372e-03 2.876322567462921143e-01 7.388668507337570190e-02 9.548804163932800293e-01
1.403636744763555765e+09 3.208641529083251953e+00 1.333177924156188965e+00 1.853058815002441406e+00 -3.562085563316941261e-03 2.884838879108428955e-01 7.779318839311599731e-02 9.543126821517944336e-01
1.403636746063555717e+09 3.173599004745483398e+00 8.028953075408935547e-01 2.281400442123413086e+00 1.343309879302978516e-03 3.145193159580230713e-01 9.409278631210327148e-02 9.445752501487731934e-01
1.403636749463555574e+09 3.152433872222900391e+00 3.217317461967468262e-01 2.139435529708862305e+00 -1.635004999116063118e-03 3.023529350757598877e-01 7.077666372060775757e-02 9.505633711814880371e-01
1.403636751663555622e+09 2.959630489349365234e+00 -2.325602024793624878e-01 1.894712448120117188e+00 -1.457394682802259922e-03 2.634681165218353271e-01 6.480805575847625732e-02 9.624875783920288086e-01
1.403636752563555717e+09 2.955168247222900391e+00 -4.082450866699218750e-01 1.834590077400207520e+00 -9.490130469202995300e-03 1.443766206502914429e-01 1.210412289947271347e-02 9.894033074378967285e-01
1.403636753163555622e+09 2.895673036575317383e+00 -4.026489555835723877e-01 1.827273488044738770e+00 -8.799576200544834137e-03 1.756801642477512360e-02 -3.473791480064392090e-02 9.992033243179321289e-01
1.403636754463555574e+09 2.476567029953002930e+00 -4.188067913055419922e-01 1.628223061561584473e+00 2.331143245100975037e-03 -4.169574379920959473e-02 -5.404306203126907349e-02 9.976649880409240723e-01
1.403636755263555765e+09 2.084995985031127930e+00 -3.638889193534851074e-01 1.339019536972045898e+00 -1.773838698863983154e-02 -5.654527992010116577e-02 -5.772856622934341431e-02 9.965718984603881836e-01
1.403636756263555765e+09 1.578552842140197754e+00 -2.872608304023742676e-01 1.037083983421325684e+00 -1.091723330318927765e-03 -6.116138771176338196e-02 -5.362889543175697327e-02 9.966855645179748535e-01
1.403636756963555574e+09 1.236355066299438477e+00 -2.402504384517669678e-01 7.622801065444946289e-01 -1.803889172151684761e-04 -6.673028320074081421e-02 -5.212893709540367126e-02 9.964084029197692871e-01
1.403636757563555717e+09 9.535340666770935059e-01 -1.550615876913070679e-01 5.090180635452270508e-01 -3.618226200342178345e-02 -8.287671953439712524e-02 -6.879355758428573608e-02 9.935238957405090332e-01
1.403636757963555574e+09 6.951993703842163086e-01 -1.948352456092834473e-01 3.345949947834014893e-01 -1.318335253745317459e-02 -1.030661091208457947e-01 -6.316366046667098999e-02 9.925794601440429688e-01
1.403636758363555670e+09 4.466274976730346680e-01 -1.701036393642425537e-01 2.080538421869277954e-01 -4.572761431336402893e-02 -1.112278848886489868e-01 -4.215157032012939453e-02 9.918470978736877441e-01
1.403636758863555670e+09 1.763977259397506714e-01 -9.063652902841567993e-02 1.598471552133560181e-01 -8.366198278963565826e-03 -1.129564344882965088e-01 -3.063688427209854126e-02 9.930922985076904297e-01
1.403636759563555717e+09 9.830665588378906250e-02 7.263328880071640015e-02 1.301330476999282837e-01 -1.327648945152759552e-02 -1.075562611222267151e-01 -5.985700339078903198e-02 9.923067092895507812e-01
1.403636760163555622e+09 9.735703468322753906e-02 1.627084463834762573e-01 8.697982877492904663e-02 -8.701151236891746521e-03 -1.057296916842460632e-01 -6.266611814498901367e-02 9.923802614212036133e-01
1.403636760763555765e+09 8.269241452217102051e-02 2.482202053070068359e-01 5.099473893642425537e-02 -2.025841921567916870e-02 -1.052688211202621460e-01 -7.155614346265792847e-02 9.916591048240661621e-01
1.403636761163555622e+09 6.133204698562622070e-02 2.806437909603118896e-01 3.928836435079574585e-02 -4.626707360148429871e-02 -1.062597185373306274e-01 -7.015026360750198364e-02 9.907810688018798828e-01
1.403636761463555574e+09 1.351586729288101196e-02 2.910040616989135742e-01 4.993125051259994507e-02 -1.590321026742458344e-02 -1.068030074238777161e-01 -6.711087375879287720e-02 9.918852448463439941e-01
1.403636761663555622e+09 -2.194127812981605530e-02 2.825001776218414307e-01 5.703539028763771057e-02 -8.636374026536941528e-03 -1.114888191223144531e-01 -4.832706227898597717e-02 9.925523996353149414e-01
1.403636761963555574e+09 -6.308128684759140015e-02 2.524873316287994385e-01 5.420373752713203430e-02 -1.858764700591564178e-02 -9.484370052814483643e-02 -8.633624017238616943e-02 9.915670752525329590e-01
1.403636762463555574e+09 -1.177971512079238892e-01 2.664555609226226807e-01 6.311360746622085571e-02 -3.321979939937591553e-02 -1.087440177798271179e-01 -4.013869538903236389e-02 9.927034378051757812e-01
1.403636762663555622e+09 -1.446879953145980835e-01 3.091315925121307373e-01 9.828710556030273438e-02 -1.401103101670742035e-02 -1.129529252648353577e-01 -2.868791855871677399e-02 9.930872917175292969e-01
1.403636762863555670e+09 -1.329561918973922729e-01 3.320917189121246338e-01 1.036062166094779968e-01 3.487994195893406868e-03 -1.011472791433334351e-01 -4.754930362105369568e-02 9.937283992767333984e-01
1.403636763063555717e+09 -1.095188930630683899e-01 3.353543281555175781e-01 9.281693398952484131e-02 1.796382106840610504e-02 -7.004671543836593628e-02 -1.574372500181198120e-02 9.972577095031738281e-01
