1.403636580863555584e+18 4.665021176699999828e+00 -1.847214687699999969e+00 7.812067205999999597e-01 4.502123788999999876e-01 6.912148472000000377e-01 4.743667630000000246e-01 -3.074199457940000046e-01
1.403636580963555584e+18 4.660984625900000289e+00 -1.844759648499999960e+00 8.600052597999999771e-01 4.660445575000000118e-01 6.843175904999999615e-01 4.693424140999999938e-01 -3.069684090740000260e-01
1.403636581163555584e+18 4.655622395099999977e+00 -1.843037519499999943e+00 9.955650995999999475e-01 4.841999557000000176e-01 6.731014856000000490e-01 4.573074353000000092e-01 -3.214882620130000146e-01
1.403636581963555584e+18 4.681106071900000387e+00 -1.839468087600000024e+00 7.678572353999999489e-01 4.720695674000000008e-01 6.817977012000000503e-01 4.597941574000000142e-01 -3.176343037459999907e-01
1.403636582363555584e+18 4.685330667599999721e+00 -1.852484582200000007e+00 6.904417900999999524e-01 4.422588509000000001e-01 6.989095843999999502e-01 4.741915863000000231e-01 -3.017860851260000254e-01
1.403636583963555584e+18 4.688072830200000318e+00 -1.829685133299999933e+00 6.629059159000000312e-01 4.483426769000000145e-01 7.044111762000000443e-01 4.670810604000000255e-01 -2.909106767579999753e-01
1.403636585963555584e+18 4.703484273900000012e+00 -1.828506058399999912e+00 8.162651209000000296e-01 4.256271985000000257e-01 7.124372098000000264e-01 4.747634370000000104e-01 -2.930433226640000166e-01
1.403636587663555584e+18 4.757420717799999643e+00 -1.695537267700000017e+00 8.406219478999999994e-01 3.440929278000000036e-01 7.698874848000000215e-01 4.840781076999999821e-01 -2.335416526029999995e-01
1.403636587963555584e+18 4.780954673300000124e+00 -1.585556443700000040e+00 8.401033114000000523e-01 3.540669140000000104e-01 7.792985862000000319e-01 4.644360901999999847e-01 -2.272211524580000086e-01
1.403636589463555584e+18 4.731320237200000278e+00 -1.852255589499999910e+00 8.513019022000000158e-01 3.395284257999999777e-01 7.661858151999999533e-01 4.903016982000000246e-01 -2.393407390989999994e-01
1.403636589663555584e+18 4.707507868299999565e+00 -1.945338415299999957e+00 8.506575803000000491e-01 3.416563390999999839e-01 7.612578099000000265e-01 4.939957133999999805e-01 -2.443884777070000069e-01
1.403636589863555584e+18 4.687141395000000266e+00 -2.031593234199999820e+00 8.454034911000000152e-01 3.331518913000000026e-01 7.573721346999999771e-01 5.033389316999999918e-01 -2.490927273140000064e-01
1.403636590163555584e+18 4.668466584099999928e+00 -2.111827535599999806e+00 8.404063537999999500e-01 3.268679606000000071e-01 7.475747726999999454e-01 5.130488736999999633e-01 -2.665898511350000000e-01
1.403636590863555584e+18 4.733458264500000290e+00 -1.948313646099999907e+00 8.505312816000000220e-01 3.390021481000000114e-01 7.587777866999999565e-01 4.992459933999999766e-01 -2.451270119760000088e-01
1.403636592963555584e+18 4.518029643500000248e+00 -1.667696878399999916e+00 8.031655251000000550e-01 3.518132461999999849e-01 7.361559071000000065e-01 5.043618673999999968e-01 -2.827030722719999778e-01
1.403636593163555584e+18 4.507422403399999666e+00 -1.793794874000000039e+00 8.038072323999999602e-01 3.247071811999999724e-01 7.118188113000000206e-01 5.416774007000000335e-01 -3.073512971080000211e-01
1.403636593363555584e+18 4.544980306100000256e+00 -1.921328729400000102e+00 8.105821638000000329e-01 3.026967955000000043e-01 6.994614551000000180e-01 5.584048709000000166e-01 -3.275855964150000132e-01
1.403636593463555584e+18 4.580087419799999893e+00 -1.965401616799999918e+00 8.094285640999999698e-01 2.996677341999999800e-01 6.988335422000000463e-01 5.617504182000000457e-01 -3.259868049979999793e-01
1.403636593663555584e+18 4.668827760800000171e+00 -2.003399366100000023e+00 7.987307571999999745e-01 2.969339180000000189e-01 7.171059006000000124e-01 5.478565329000000261e-01 -3.121579648269999785e-01
1.403636593863555584e+18 4.760467658199999619e+00 -1.974635548500000004e+00 7.869630077000000501e-01 3.102185001000000164e-01 7.535392484999999807e-01 5.057519460999999605e-01 -2.831219741270000201e-01
1.403636593963555584e+18 4.799588673099999703e+00 -1.939094406599999987e+00 7.854697939000000462e-01 3.308205249000000236e-01 7.702916180000000113e-01 4.744559939999999920e-01 -2.685146426580000134e-01
1.403636594163555584e+18 4.853794171399999691e+00 -1.841285708600000071e+00 7.863612166000000236e-01 3.642885821999999885e-01 7.988611626999999604e-01 4.175715610999999883e-01 -2.339843220599999996e-01
1.403636594363555584e+18 4.856348256699999588e+00 -1.718024659399999932e+00 7.817171858999999445e-01 3.787913645000000051e-01 8.137034440999999507e-01 3.908877052999999990e-01 -2.039867867140000013e-01
1.403636594463555584e+18 4.837367792600000271e+00 -1.652507540700000055e+00 7.797515941999999534e-01 3.898527509999999974e-01 8.117686905000000008e-01 3.875338845999999893e-01 -1.971393262420000070e-01
1.403636594663555584e+18 4.769133956600000168e+00 -1.554916815399999930e+00 7.783973288000000101e-01 4.054991513000000269e-01 8.036488859999999512e-01 3.836595687000000088e-01 -2.062140675889999886e-01
1.403636594863555584e+18 4.677752725300000414e+00 -1.554712499300000106e+00 7.736433276999999942e-01 4.037886092999999899e-01 7.878767120999999873e-01 4.056598931000000019e-01 -2.272555755810000133e-01
1.403636595163555584e+18 4.566136216500000344e+00 -1.734990009599999938e+00 7.656129744999999875e-01 3.721267320000000156e-01 7.359237291000000347e-01 4.900364045000000224e-01 -2.824929777569999967e-01
1.403636595363555584e+18 4.557674485199999737e+00 -1.868570070999999944e+00 7.626902236999999474e-01 3.402668523999999861e-01 7.100811737000000123e-01 5.320434656000000428e-01 -3.113405637469999765e-01
1.403636595463555584e+18 4.576529220400000320e+00 -1.908383666700000036e+00 7.620722586000000520e-01 3.327639439000000254e-01 7.044298306999999815e-01 5.410369493000000141e-01 -3.167424675380000054e-01
1.403636595863555584e+18 4.737630738600000058e+00 -1.841221408600000053e+00 7.445289751000000456e-01 3.476045365000000054e-01 7.266911713999999467e-01 5.219872624000000405e-01 -2.803931623070000101e-01
1.403636595963555584e+18 4.778796488100000239e+00 -1.795752757200000049e+00 7.381714150999999502e-01 3.584695735000000272e-01 7.420841730999999664e-01 5.020043912999999636e-01 -2.623018032789999898e-01
1.403636596163555584e+18 4.857570542799999558e+00 -1.750078971400000016e+00 7.324483155000000023e-01 3.689255846999999755e-01 7.701586475999999681e-01 4.663183697000000127e-01 -2.308608857389999880e-01
1.403636596463555584e+18 4.930956626500000439e+00 -1.850311106399999961e+00 7.613373314000000391e-01 3.790925397000000086e-01 7.733111272999999564e-01 4.518472258999999824e-01 -2.326216483670000001e-01
1.403636597163555584e+18 4.843614928900000116e+00 -1.873161233700000095e+00 7.667574462999999785e-01 3.774473877999999782e-01 7.614586075000000509e-01 4.771710929999999906e-01 -2.236560004519999867e-01
1.403636597363555584e+18 4.727781592900000440e+00 -1.797707922799999913e+00 7.733798008000000168e-01 3.688777527000000056e-01 7.471780596000000552e-01 4.991835753000000153e-01 -2.376339808290000022e-01
1.403636597463555584e+18 4.668615650599999611e+00 -1.768450648600000008e+00 7.768884024000000110e-01 3.678637598999999758e-01 7.360413137000000328e-01 5.121159379999999928e-01 -2.462858191110000039e-01
1.403636598163555584e+18 4.680131744999999732e+00 -1.875862767100000106e+00 7.635639444999999803e-01 3.457690822999999747e-01 6.846761957000000454e-01 5.696308131999999746e-01 -2.952676504089999932e-01
1.403636598363555584e+18 4.744238239599999574e+00 -1.887140881799999947e+00 7.373948164000000416e-01 3.312725705999999826e-01 6.977974613999999853e-01 5.758862402000000102e-01 -2.677540386360000024e-01
1.403636598663555584e+18 4.716817786100000021e+00 -1.842228051700000035e+00 6.957537919999999820e-01 3.467566621000000016e-01 6.879292919999999700e-01 5.728980610999999667e-01 -2.798230119869999921e-01
1.403636598963555584e+18 4.632130987400000066e+00 -1.788220155799999933e+00 6.378752586000000502e-01 3.793277126999999860e-01 6.572492912999999826e-01 5.607602073999999881e-01 -3.311824954550000033e-01
1.403636599463555584e+18 4.559078694600000148e+00 -1.751265740900000090e+00 5.761095859000000541e-01 4.425657732000000122e-01 6.176170766999999895e-01 5.204463161000000282e-01 -3.896412644999999730e-01
1.403636600163555584e+18 4.552326868899999823e+00 -1.739907882500000058e+00 5.530417320999999609e-01 4.564386243999999926e-01 6.198649913999999539e-01 4.988535166999999992e-01 -3.982164529509999995e-01
1.403636624963555584e+18 4.617353951200000139e+00 -1.691011693899999946e+00 5.563574259000000355e-01 4.545779334999999755e-01 6.326355696000000028e-01 5.244803125000000454e-01 -3.435862924479999858e-01
1.403636625163555584e+18 4.649250462400000394e+00 -1.679557672600000107e+00 5.990037871000000180e-01 4.428093191999999956e-01 6.393273442000000362e-01 5.343422891000000341e-01 -3.311476586539999767e-01
1.403636625963555584e+18 4.600769267899999626e+00 -1.682181562700000077e+00 7.378674689999999980e-01 4.528097991000000211e-01 6.265849492999999715e-01 5.209148395999999570e-01 -3.619424222040000250e-01
1.403636626163555584e+18 4.571309847900000278e+00 -1.689464624199999987e+00 8.325207478999999688e-01 4.477576326000000106e-01 6.292470266999999895e-01 5.126370257000000263e-01 -3.751860361959999945e-01
1.403636627863555584e+18 4.642527102199999867e+00 -1.565830725599999917e+00 9.242866553999999901e-01 4.442484493000000145e-01 6.529698235999999989e-01 5.107800381999999528e-01 -3.396726030530000107e-01
1.403636628963555584e+18 4.601322090500000073e+00 -1.361088204399999890e+00 1.025161964500000078e+00 4.640783560000000252e-01 6.707691561999999941e-01 4.780212455000000249e-01 -3.258768285679999877e-01
1.403636629463555584e+18 4.575362211399999879e+00 -1.202427616200000049e+00 1.066165947600000052e+00 4.797076490000000137e-01 6.893553542000000478e-01 4.418115224999999979e-01 -3.153923677830000050e-01
1.403636629863555584e+18 4.538172745199999802e+00 -1.030406822600000050e+00 9.983626190000000067e-01 4.875318200000000046e-01 7.309067273999999559e-01 3.965381078999999920e-01 -2.661683852599999733e-01
1.403636630363555584e+18 4.444173218699999595e+00 -7.596482545999999614e-01 9.647220386999999509e-01 5.232912410000000181e-01 7.365344940000000395e-01 3.511242044999999812e-01 -2.457539608690000044e-01
1.403636631163555584e+18 4.251000782400000233e+00 -3.437296120000000177e-01 1.031077958800000083e+00 5.165752582999999509e-01 7.339099752000000088e-01 3.638466610000000157e-01 -2.492824863670000113e-01
1.403636633863555584e+18 3.303745221399999821e+00 6.726886589999999666e-01 7.858409230999999773e-01 4.702787426000000215e-01 6.950215737999999588e-01 4.497943822000000091e-01 -3.057252523680000222e-01
1.403636634663555584e+18 2.835119810500000170e+00 1.082410482800000073e+00 8.045527170999999811e-01 4.906004533000000167e-01 6.762414273000000309e-01 4.517678437000000047e-01 -3.129129951210000149e-01
1.403636635663555584e+18 2.256909870099999882e+00 1.528559181899999952e+00 8.142578938000000210e-01 4.592228539000000054e-01 6.732285444000000174e-01 4.762882887000000065e-01 -3.301926157460000066e-01
1.403636636163555584e+18 1.938741270399999994e+00 1.799317709100000107e+00 9.369306465000000195e-01 4.586994007999999901e-01 6.767337753000000067e-01 4.753413430999999800e-01 -3.250797818830000185e-01
1.403636639463555584e+18 3.053603485999999978e-01 2.851733471300000211e+00 1.058286921999999963e+00 4.562896055999999811e-01 6.655629091000000441e-01 4.850801396000000154e-01 -3.369318447929999794e-01
1.403636639963555584e+18 1.220313689999999972e-02 3.109674411799999927e+00 9.483778704999999976e-01 4.742804581999999769e-01 6.514625559000000177e-01 4.837945847999999827e-01 -3.414635923100000081e-01
1.403636641363555584e+18 -5.455479854000000461e-01 3.611219686900000170e+00 9.102982186000000420e-01 4.580481846000000190e-01 6.347412097000000308e-01 5.083626284000000162e-01 -3.589747836530000069e-01
1.403636642363555584e+18 -7.572249388999999775e-01 3.853604931900000086e+00 9.316500949999999559e-01 4.793928659000000203e-01 6.499262676999999488e-01 4.812944949999999888e-01 -3.407842950789999881e-01
1.403636644363555584e+18 -1.136703576800000004e+00 4.331841824799999685e+00 9.398759597000000410e-01 4.607198505000000277e-01 6.756077878999999786e-01 4.667274464000000234e-01 -3.368335300399999954e-01
1.403636646163555584e+18 -2.075237764400000184e+00 5.377545583799999918e+00 6.438781043000000315e-01 4.760064354999999914e-01 6.886208751000000294e-01 4.453444665999999885e-01 -3.176278793599999761e-01
1.403636646463555584e+18 -2.297688829700000213e+00 5.596412586299999603e+00 6.773131635000000372e-01 5.117126617999999683e-01 7.134910975999999572e-01 3.778826109999999794e-01 -2.937436598170000135e-01
1.403636647963555584e+18 -2.825539467900000101e+00 6.584408822800000394e+00 8.651273135000000503e-01 5.343064774000000350e-01 7.345161264999999773e-01 3.355954823000000253e-01 -2.497565222939999996e-01
1.403636650463555584e+18 -2.394234161900000046e+00 7.695837893700000265e+00 1.076238842700000031e+00 5.833086186000000506e-01 8.019432920000000298e-01 1.062202292000000020e-01 -7.317974218160000488e-02
1.403636651163555584e+18 -2.152052122000000178e+00 7.756127593199999559e+00 1.036114788799999964e+00 5.906898040000000405e-01 8.048912741000000537e-01 4.914676230000000062e-02 -2.863892585240000038e-02
1.403636652163555584e+18 -1.792182166599999960e+00 7.641135344200000290e+00 1.052940105400000048e+00 5.916697013999999699e-01 8.061094742000000091e-01 -1.059216200000000045e-02 -1.511996831559999938e-03
1.403636652463555584e+18 -1.630408979000000036e+00 7.552664561600000326e+00 9.747915859000000349e-01 5.642973568000000384e-01 8.178893224000000073e-01 -9.239739330000000528e-02 6.393958972230000259e-02
1.403636653363555584e+18 -1.145212968899999906e+00 7.474149881199999790e+00 9.522538602000000241e-01 5.750309686000000253e-01 8.047798367999999813e-01 -1.128244047000000055e-01 9.454868146750000646e-02
1.403636655463555584e+18 -4.124648725000000238e-01 7.103782642799999714e+00 9.933570269999999480e-01 5.763630653000000326e-01 7.710824109999999676e-01 -2.174786823000000036e-01 1.610607190339999883e-01
1.403636658463555584e+18 6.127130190999999781e-01 5.381367907099999570e+00 7.870254725999999978e-01 5.162013826000000360e-01 7.629246573000000309e-01 -3.171194003999999733e-01 2.256488105620000073e-01
1.403636658863555584e+18 8.417592550000000395e-01 5.142122685900000434e+00 7.266402395000000070e-01 5.163520509000000258e-01 7.616609985000000194e-01 -3.028466750000000096e-01 2.480664714280000072e-01
1.403636659463555584e+18 1.079093782199999962e+00 4.881467581099999897e+00 5.749925633000000369e-01 5.251948770000000044e-01 7.563158833999999997e-01 -3.097154812999999840e-01 2.371348694319999895e-01
1.403636661863555584e+18 1.214591566299999981e+00 4.790022117400000390e+00 -1.141504514999999997e-01 5.413185113999999798e-01 7.429914590999999735e-01 -3.178231208000000252e-01 2.322206382820000137e-01
1.403636662863555584e+18 8.852845938000000192e-01 4.812335618599999698e+00 -1.164552833000000037e-01 5.272509992999999673e-01 7.503493789999999830e-01 -3.350362312999999870e-01 2.161779751139999983e-01
1.403636664663555584e+18 7.921616492999999926e-01 5.461720632699999634e+00 -4.678727219000000104e-01 5.413657643000000519e-01 7.529085626999999503e-01 -2.916048875000000207e-01 2.345600029590000080e-01
1.403636665463555584e+18 5.146226643000000323e-01 6.042041024799999605e+00 -4.718815854000000254e-01 5.351695282999999748e-01 7.650007988999999453e-01 -2.886193959000000198e-01 2.122880068859999969e-01
1.403636665963555584e+18 3.307722808999999931e-01 6.393287669500000270e+00 -3.924046943999999759e-01 5.424062571000000110e-01 7.561541326999999812e-01 -2.946341395000000030e-01 2.172949694309999902e-01
1.403636666363555584e+18 1.665814850000000014e-01 6.649600305999999961e+00 -3.773733759999999826e-01 5.480427570000000470e-01 7.515020752000000082e-01 -2.969899810000000140e-01 2.160803524069999926e-01
1.403636666863555584e+18 -3.604135680000000036e-02 6.878924345799999784e+00 -3.509005324999999731e-01 5.220340368000000453e-01 7.734255569000000330e-01 -2.941065103000000125e-01 2.068688787540000074e-01
1.403636668363555584e+18 -3.494305484999999933e-01 7.537299239600000256e+00 -4.310014547000000085e-01 5.200920159999999903e-01 7.724512167000000540e-01 -2.928266040999999986e-01 2.169700270799999886e-01
1.403636669163555584e+18 -4.815289808000000060e-01 8.010027515100000883e+00 -5.699699302999999828e-01 5.368689882999999607e-01 7.553484271000000527e-01 -2.921008399999999727e-01 2.364266108670000088e-01
1.403636670863555584e+18 -1.164807129699999999e+00 8.188660005199999148e+00 -5.237129168999999917e-01 5.989535486999999492e-01 7.536927132999999834e-01 -2.599720267000000251e-01 7.494321645760000650e-02
1.403636671663555584e+18 -5.197200481999999511e-01 7.029276459600000138e+00 -2.662585023999999856e-01 5.466259672000000069e-01 8.352465265999999833e-01 -4.571396629999999878e-02 3.838652069569999797e-02
1.403636672463555584e+18 2.476109754999999968e-01 6.271275218000000429e+00 6.304091900000000255e-03 5.283580902000000190e-01 8.440411769000000231e-01 -3.892961199999999972e-03 9.174456448209999948e-02
1.403636674663555584e+18 1.841452503000000074e-01 6.636209285699999683e+00 -1.767008408000000086e-01 5.772254084000000285e-01 8.141861135000000305e-01 4.516195259999999934e-02 -4.326890943460000305e-02
1.403636675463555584e+18 -5.124432019999999866e-02 7.096949034699999714e+00 -3.368505126999999932e-01 5.570716104999999807e-01 8.248715551999999951e-01 9.335999620000000332e-02 -2.328195315529999962e-02
1.403636675963555584e+18 -3.229233913999999817e-01 7.467003680999999560e+00 -3.817971460999999844e-01 5.766125261000000224e-01 8.003968408999999617e-01 1.290930825999999920e-01 -1.010834694100000014e-01
1.403636676463555584e+18 -5.975682929000000199e-01 7.778416060899999707e+00 -5.371127759999999585e-01 5.544572024999999682e-01 7.818589299999999520e-01 2.571965366000000253e-01 -1.229787208519999980e-01
1.403636677663555584e+18 -1.459305595000000011e+00 8.357259769100000568e+00 -6.631851257999999971e-01 5.566101482999999961e-01 7.278484307999999459e-01 3.264134357999999847e-01 -2.321122003880000118e-01
1.403636677963555584e+18 -1.622935185400000035e+00 8.401479231499999756e+00 -6.398967214999999875e-01 5.058435480999999845e-01 7.252586040999999817e-01 3.703353777999999763e-01 -2.845592555579999905e-01
1.403636679163555584e+18 -2.036827863400000105e+00 8.617163554099999345e+00 -5.830490782999999677e-01 4.487467589999999951e-01 5.826909439999999885e-01 5.690237295000000195e-01 -3.678445397439999986e-01
1.403636679463555584e+18 -2.116854174200000216e+00 8.577036410399999866e+00 -5.949821703000000017e-01 4.056416793000000021e-01 5.462785091999999842e-01 5.948131933000000426e-01 -4.280559349529999835e-01
1.403636680963555584e+18 -1.982976732800000086e+00 8.154993461400000143e+00 -2.870045829999999798e-01 3.747634770000000115e-01 5.304942630000000214e-01 6.258496921999999740e-01 -4.317873736699999743e-01
1.403636681163555584e+18 -1.915768582299999911e+00 8.024274394700000812e+00 -3.077209941999999865e-01 3.634925759000000034e-01 5.387692316000000092e-01 6.354013604999999565e-01 -4.169723892109999941e-01
1.403636681963555584e+18 -1.722199548200000097e+00 7.478427730800000006e+00 -3.119331271999999933e-01 3.896896504999999844e-01 5.106370117999999847e-01 6.281291814999999668e-01 -4.391418333350000092e-01
1.403636684163555584e+18 -8.422622827000000312e-01 5.917300803299999856e+00 -2.704336647000000204e-01 3.730277831000000099e-01 5.142529442000000062e-01 6.324770422000000059e-01 -4.431331328959999816e-01
1.403636684863555584e+18 -5.148200495000000432e-01 5.494911413399999667e+00 -2.245061248000000120e-01 3.714695923999999927e-01 5.079538176000000238e-01 6.273927367999999616e-01 -4.586628553539999764e-01
1.403636685863555584e+18 5.832246960000000285e-02 4.992551565800000368e+00 -2.570717692999999748e-01 3.879105534000000244e-01 5.093609932999999534e-01 6.337199117999999798e-01 -4.341380591799999800e-01
1.403636687963555584e+18 1.006357406800000076e+00 3.990325597700000060e+00 -3.639356745999999809e-01 3.736563951999999911e-01 5.119203701000000217e-01 6.297342300999999587e-01 -4.491694917990000091e-01
1.403636689463555584e+18 1.603662165900000103e+00 3.407067896600000090e+00 -6.297648504999999730e-01 3.455642555999999810e-01 4.929040624000000093e-01 6.591984656999999581e-01 -4.506532073730000199e-01
1.403636690863555584e+18 1.454995518700000101e+00 2.999124871799999870e+00 -4.214993566999999941e-01 3.139891618999999801e-01 5.202696964999999896e-01 6.285939134000000372e-01 -4.853863833179999920e-01
1.403636691463555584e+18 1.239216645299999975e+00 3.238494231599999829e+00 -4.318704321999999873e-01 3.603781295999999856e-01 4.808908343000000141e-01 6.318581624000000341e-01 -4.895169780160000261e-01
1.403636691863555584e+18 1.212875748299999890e+00 3.534254947300000005e+00 -3.176511919000000184e-01 3.550410230000000111e-01 4.782006650000000247e-01 6.561225389999999491e-01 -4.634363061169999853e-01
1.403636692863555584e+18 1.287627961899999951e+00 4.227951421700000267e+00 4.599951909999999700e-02 3.712657245000000050e-01 4.747849963999999923e-01 6.684669756000000129e-01 -4.357669921449999761e-01
1.403636693963555584e+18 1.288275570599999975e+00 4.520989262599999670e+00 2.800207879000000122e-01 3.443042908000000235e-01 4.874231983000000268e-01 6.625790911000000172e-01 -4.526169784460000178e-01
1.403636695663555584e+18 8.894337126000000371e-01 4.727073389300000095e+00 3.099246487000000272e-01 3.645662069000000227e-01 4.849358512999999982e-01 6.528562853999999582e-01 -4.535497453580000227e-01
1.403636698963555584e+18 1.056371592699999917e+00 4.122059777599999641e+00 1.889329791999999897e-01 4.644670493999999983e-01 6.579410799999999560e-01 4.902110876999999922e-01 -3.332821398449999917e-01
1.403636699363555584e+18 1.082060386700000043e+00 3.951136986699999909e+00 1.596402242000000138e-01 4.889148696999999766e-01 7.200540182000000344e-01 3.975000939000000177e-01 -2.906512281909999773e-01
1.403636699963555584e+18 1.131842092899999930e+00 3.836429412599999811e+00 1.468797930000000085e-01 5.286795351999999948e-01 7.651374820999999882e-01 2.942423062999999783e-01 -2.201909347530000005e-01
1.403636700863555584e+18 1.311385275899999980e+00 3.880138282199999900e+00 -1.238967042999999935e-01 5.525677339000000243e-01 7.768479579999999496e-01 2.438066373999999981e-01 -1.781417217269999909e-01
1.403636702163555584e+18 1.599968777499999995e+00 4.148294154500000275e+00 -1.731206520000000137e-01 5.584164376000000374e-01 7.924504173999999956e-01 1.989525986000000024e-01 -1.435662974290000116e-01
1.403636702963555584e+18 1.721456485600000086e+00 4.378941325999999634e+00 -4.707861166999999791e-01 5.499626077999999474e-01 8.134896809999999645e-01 1.646679845000000031e-01 -9.305978585990000440e-02
1.403636704663555584e+18 1.822485308699999917e+00 5.072186607399999936e+00 -6.524577138999999582e-01 5.463711856999999839e-01 8.117755338000000043e-01 1.770282222000000016e-01 -1.056409901759999964e-01
1.403636705363555584e+18 1.728771154799999987e+00 5.519553558900000212e+00 -7.528906058000000012e-01 5.599844421999999877e-01 8.004661634999999942e-01 1.857285278999999956e-01 -1.057178295600000040e-01
1.403636705863555584e+18 1.540790423100000028e+00 5.904830350700000174e+00 -8.197138871000000382e-01 5.568525772000000318e-01 8.030901276999999894e-01 1.806932612000000105e-01 -1.109567461370000035e-01
1.403636706363555584e+18 1.346271837600000021e+00 6.305841054200000073e+00 -8.591954623999999985e-01 5.667258520000000299e-01 7.945993107000000055e-01 1.824497384000000055e-01 -1.189362728719999956e-01
1.403636706963555584e+18 1.127460055000000017e+00 6.763090723300000384e+00 -9.097878812999999898e-01 5.525025312000000355e-01 8.051636773000000469e-01 1.892609975000000000e-01 -1.031148905690000006e-01
1.403636708163555584e+18 4.115021537999999923e-01 7.699610969500000124e+00 -7.868471285999999454e-01 5.605115242000000553e-01 8.014364640000000151e-01 1.757643959999999894e-01 -1.123979649980000051e-01
1.403636708863555584e+18 5.129612919999999854e-02 8.287129452500000326e+00 -9.228834932999999685e-01 5.781406745999999597e-01 7.889069467999999530e-01 1.776583573000000138e-01 -1.087046354629999934e-01
1.403636709863555584e+18 -4.141287129999999816e-01 8.808681910000000670e+00 -9.922827297999999852e-01 5.704088996999999717e-01 7.969147246000000129e-01 1.766487211999999973e-01 -9.141027330220000136e-02
1.403636710463555584e+18 -8.337151953000000448e-01 8.962742187399999949e+00 -1.042110793099999988e+00 5.671084739999999735e-01 7.940155647000000094e-01 1.768270920999999996e-01 -1.290714579649999971e-01
1.403636712163555584e+18 -1.736884795699999984e+00 8.894441594199999912e+00 -1.120780681500000098e+00 5.580369532000000188e-01 7.642864322000000321e-01 2.535727946999999927e-01 -2.004042071509999912e-01
1.403636712663555584e+18 -1.849828651299999960e+00 8.654240803600000476e+00 -9.550616211000000355e-01 5.654679714000000468e-01 7.340869799000000473e-01 3.093214794999999961e-01 -2.137346524790000035e-01
1.403636713363555584e+18 -1.866475260999999941e+00 8.164420822900000374e+00 -7.844266039999999718e-01 5.472475530999999505e-01 7.387825293999999987e-01 3.218527460999999756e-01 -2.261223113720000066e-01
1.403636714463555584e+18 -1.590620628299999950e+00 7.384026445900000013e+00 -5.208402266999999641e-01 5.324553841000000398e-01 7.579576880999999711e-01 3.052400483000000109e-01 -2.209523024579999884e-01
1.403636714863555584e+18 -1.446249284399999890e+00 7.164593646200000165e+00 -5.251263734000000127e-01 5.084466748000000536e-01 7.428042342999999770e-01 3.622842546999999747e-01 -2.418139101560000115e-01
1.403636718463555584e+18 -2.665397801000000122e-01 5.959995574699999743e+00 -3.770339035999999977e-01 4.259860608000000104e-01 5.928852771000000521e-01 5.612012172000000465e-01 -3.899693807679999735e-01
1.403636718863555584e+18 -1.384237724000000058e-01 5.711350086000000381e+00 -4.664287806999999897e-01 3.998094667000000046e-01 5.723521051000000082e-01 5.835211734999999900e-01 -4.148114008239999762e-01
1.403636721163555584e+18 6.153764012000000339e-01 4.884455857599999895e+00 -6.452772102999999593e-01 4.283536405000000213e-01 6.029605064999999930e-01 5.453188127000000440e-01 -3.944352655700000265e-01
1.403636721663555584e+18 7.606291577999999554e-01 4.854764983199999939e+00 -6.431502389000000042e-01 4.546886246999999881e-01 6.330085691000000292e-01 5.099309904000000060e-01 -3.640450398480000183e-01
1.403636723663555584e+18 1.430436574800000082e+00 4.600192750599999769e+00 -6.562631070000000122e-01 4.904234771000000048e-01 6.477152762000000230e-01 4.719193266999999747e-01 -3.424060209109999753e-01
1.403636724463555584e+18 1.708451556300000007e+00 4.422546288899999567e+00 -6.696304549999999578e-01 4.997595850000000062e-01 7.043905716999999678e-01 4.168135711000000021e-01 -2.834443979230000243e-01
1.403636728663555584e+18 2.540073069600000011e+00 3.692704796800000189e+00 1.796616597000000037e-01 5.001370487999999837e-01 6.998837271000000193e-01 4.106776088999999907e-01 -3.022740521569999839e-01
1.403636734863555584e+18 4.179980955099999562e+00 1.635726647600000083e+00 4.371689303999999887e-01 4.688558965999999884e-01 6.641299948000000120e-01 4.823664711999999799e-01 -3.262331766720000248e-01
1.403636736463555584e+18 4.402789178599999964e+00 1.121260907899999992e+00 6.696146292000000333e-01 4.673872604000000042e-01 6.418177990000000221e-01 4.999357724999999864e-01 -3.459527209409999915e-01
1.403636739463555584e+18 4.505644724299999737e+00 6.353320699000000182e-01 7.373791800000000229e-01 5.261215469000000144e-01 7.380996189999999846e-01 3.476118062999999925e-01 -2.399397891349999978e-01
1.403636741463555584e+18 4.666642557000000302e+00 9.312780896000000252e-01 1.922182061000000108e-01 5.378070107000000322e-01 7.627965679000000554e-01 2.932405859000000170e-01 -2.071592961519999887e-01
1.403636742863555584e+18 4.682809195799999991e+00 1.060530986500000106e+00 -1.024754910999999963e-01 5.410069826000000193e-01 7.510009053999999740e-01 3.085977336999999876e-01 -2.192635936979999978e-01
1.403636749463555584e+18 3.741579430099999826e+00 2.001502498799999863e+00 -5.812621414999999958e-01 5.629957787999999574e-01 7.796146080000000422e-01 2.238051463999999879e-01 -1.585814379809999952e-01
1.403636751663555584e+18 3.789986162199999953e+00 1.728636108399999927e+00 2.034311299999999878e-01 5.439987559000000195e-01 7.787941337999999547e-01 2.464360878999999893e-01 -1.918705431580000065e-01
1.403636753163555584e+18 3.802891692799999834e+00 1.714913601899999973e+00 6.568278401999999572e-01 5.056346748000000169e-01 6.915090216999999484e-01 4.338080201000000247e-01 -2.792121958029999962e-01
1.403636754463555584e+18 3.759982315499999839e+00 1.428436670199999980e+00 7.004717643000000216e-01 4.926799380999999922e-01 6.456784528000000245e-01 4.791750047000000179e-01 -3.328019367630000169e-01
1.403636756963555584e+18 4.177017831399999714e+00 -1.372351303999999883e-01 8.465935519999999714e-01 4.532970158999999888e-01 6.073718221999999667e-01 5.334455770999999569e-01 -3.755756931399999998e-01
1.403636757963555584e+18 4.471844012900000109e+00 -8.877540417000000517e-01 9.265045378999999803e-01 4.158533514000000153e-01 6.052927984999999511e-01 5.698131123999999881e-01 -3.687812836880000056e-01
1.403636758363555584e+18 4.509047296500000357e+00 -1.187216618199999907e+00 1.010652147600000106e+00 4.296487360999999838e-01 5.898791137000000129e-01 5.570630208000000305e-01 -3.963904459970000183e-01
1.403636758863555584e+18 4.525454220600000355e+00 -1.497099461699999967e+00 9.901379713000000304e-01 4.110316379999999770e-01 6.046402841000000361e-01 5.542119586999999514e-01 -3.978846871210000025e-01
1.403636760163555584e+18 4.576090829500000012e+00 -1.745292628500000109e+00 7.835387649999999704e-01 4.142028387000000200e-01 5.990400049999999865e-01 5.671929332999999795e-01 -3.845507212970000199e-01
1.403636761163555584e+18 4.674271230000000443e+00 -1.809372148100000022e+00 6.429026730000000356e-01 4.145311681000000137e-01 5.958215828999999797e-01 5.747783176999999855e-01 -3.778762198519999838e-01
1.403636761463555584e+18 4.667008541999999593e+00 -1.853324574399999980e+00 6.179948691000000105e-01 4.177837113999999796e-01 5.931647383999999468e-01 5.731441919999999968e-01 -3.809436951290000040e-01
1.403636761663555584e+18 4.644739141099999635e+00 -1.884217837000000006e+00 6.202782546999999758e-01 4.276282855999999910e-01 5.876465826000000225e-01 5.615519213999999870e-01 -3.955565483149999784e-01
1.403636761963555584e+18 4.622883168899999617e+00 -1.919636614200000091e+00 6.354585650999999835e-01 4.197610748999999752e-01 5.946374824000000281e-01 5.532060412999999510e-01 -4.051789485089999920e-01
1.403636762463555584e+18 4.606336782199999647e+00 -1.967280264600000050e+00 6.521215536000000146e-01 4.144238873000000156e-01 6.003904805999999983e-01 5.741345410999999510e-01 -3.716902489839999935e-01
1.403636762663555584e+18 4.578952522099999811e+00 -2.002457055199999836e+00 6.244682676999999682e-01 4.004289446000000030e-01 6.102942534999999946e-01 5.435098790000000291e-01 -4.144811165719999857e-01
