1.403715523912143230e+09 -0.000000000000000000e+00 -0.000000000000000000e+00 -0.000000000000000000e+00 -0.000000000000000000e+00 -0.000000000000000000e+00 -0.000000000000000000e+00 1.000000000000000000e+00
1.403715528612143278e+09 -5.287679377943277359e-03 -1.994513347744941711e-02 2.163624158129096031e-04 -1.564503274857997894e-02 1.020721392706036568e-03 6.078548729419708252e-03 9.998586177825927734e-01
1.403715528712143183e+09 -1.074948161840438843e-02 -3.995013609528541565e-02 4.191484476905316114e-04 -1.128095388412475586e-02 2.073997166007757187e-03 9.299941360950469971e-03 9.998909831047058105e-01
1.403715528812143087e+09 -1.760657690465450287e-02 -6.423455476760864258e-02 2.943949948530644178e-04 -8.222945034503936768e-03 3.724632319062948227e-03 1.050025876611471176e-02 9.999041557312011719e-01
1.403715528912143230e+09 -2.558580972254276276e-02 -9.162868559360504150e-02 -5.779370549134910107e-04 -5.031714681535959244e-03 5.391775164753198624e-03 1.027039438486099243e-02 9.999201297760009766e-01
1.403715529012143135e+09 -3.544811531901359558e-02 -1.184943094849586487e-01 -2.098635071888566017e-03 -6.207362748682498932e-03 5.920181050896644592e-03 7.625897414982318878e-03 9.999341368675231934e-01
1.403715529112143278e+09 -4.858787730336189270e-02 -1.484297215938568115e-01 -5.086602643132209778e-03 -8.136900141835212708e-03 -1.685987925156950951e-03 8.386048488318920135e-03 9.999303221702575684e-01
1.403715529212143183e+09 -6.412369757890701294e-02 -1.870329678058624268e-01 -1.185473147779703140e-02 -1.031435839831829071e-02 -1.562627777457237244e-02 5.389105994254350662e-03 9.998102188110351562e-01
1.403715529312143087e+09 -8.070909231901168823e-02 -2.299481332302093506e-01 -1.974623091518878937e-02 -1.630734093487262726e-02 -3.291216120123863220e-02 -1.026107696816325188e-03 9.993246793746948242e-01
1.403715529412143230e+09 -9.835419058799743652e-02 -2.675139307975769043e-01 -2.397541701793670654e-02 -2.004830166697502136e-02 -5.170332267880439758e-02 -1.031711790710687637e-02 9.984079003334045410e-01
1.403715529612143278e+09 -1.370793431997299194e-01 -3.222523927688598633e-01 -1.476105023175477982e-02 -1.625582017004489899e-02 -7.845725864171981812e-02 -2.285073697566986084e-02 9.965230226516723633e-01
1.403715529812143087e+09 -1.827869713306427002e-01 -3.652246594429016113e-01 8.066822774708271027e-03 -1.052516885101795197e-02 -9.263030439615249634e-02 -3.113963827490806580e-02 9.951578974723815918e-01
1.403715530012143135e+09 -2.364133447408676147e-01 -4.252114593982696533e-01 3.052942827343940735e-02 -1.505312859080731869e-03 -9.988651424646377563e-02 -3.127805888652801514e-02 9.945060610771179199e-01
1.403715530312143087e+09 -3.354107439517974854e-01 -5.455091595649719238e-01 4.123158752918243408e-02 4.199502523988485336e-03 -9.338022023439407349e-02 -5.116752535104751587e-02 9.943059682846069336e-01
1.403715530512143135e+09 -5.347042679786682129e-01 -7.972446680068969727e-01 -1.418682746589183807e-02 -1.957695698365569115e-03 -1.184997707605361938e-01 -3.836506605148315430e-02 9.922107458114624023e-01
1.403715530912143230e+09 -7.655545473098754883e-01 -9.659927487373352051e-01 -5.432493984699249268e-02 -2.969907596707344055e-02 -1.679417341947555542e-01 -5.277843773365020752e-02 9.839349389076232910e-01
1.403715531312143087e+09 -9.461371898651123047e-01 -1.082662582397460938e+00 -3.633205592632293701e-02 -2.525553107261657715e-02 -1.924337446689605713e-01 -2.275626175105571747e-02 9.807209968566894531e-01
1.403715531612143278e+09 -1.162615180015563965e+00 -1.182633996009826660e+00 1.254411935806274414e-01 1.064924336969852448e-02 -1.882448345422744751e-01 -3.876068070530891418e-02 9.812992215156555176e-01
1.403715532312143087e+09 -1.122184514999389648e+00 -1.107894062995910645e+00 3.555907309055328369e-01 3.003806807100772858e-02 -1.261585205793380737e-01 3.387308865785598755e-02 9.909765124320983887e-01
1.403715533412143230e+09 -9.489732980728149414e-01 -1.094497323036193848e+00 3.467099964618682861e-01 1.921966299414634705e-02 -8.891218155622482300e-02 3.641293942928314209e-02 9.951881170272827148e-01
1.403715533612143278e+09 -5.924869775772094727e-01 -1.169587850570678711e+00 2.652008831501007080e-01 -8.294293656945228577e-03 -7.777359336614608765e-02 7.042384147644042969e-02 9.944460988044738770e-01
1.403715533912143230e+09 -2.888932228088378906e-01 -1.232176661491394043e+00 2.137218564748764038e-01 -1.176439598202705383e-02 -6.551800668239593506e-02 4.522025957703590393e-02 9.967568516731262207e-01
1.403715534112143278e+09 3.131608664989471436e-02 -1.246633648872375488e+00 1.871014684438705444e-01 -1.026897598057985306e-02 -5.580052733421325684e-02 1.448625139892101288e-02 9.982840418815612793e-01
1.403715534312143087e+09 3.425075113773345947e-01 -1.218513965606689453e+00 1.794506907463073730e-01 -1.078873127698898315e-02 -4.921207576990127563e-02 -2.507366240024566650e-03 9.987269639968872070e-01
1.403715534512143135e+09 6.433957219123840332e-01 -1.153546094894409180e+00 1.917251497507095337e-01 -1.234687864780426025e-02 -2.678648568689823151e-02 2.205260563641786575e-03 9.995625019073486328e-01
1.403715534712143183e+09 9.401776790618896484e-01 -1.082265973091125488e+00 2.162792682647705078e-01 -2.521573379635810852e-02 1.710478775203227997e-02 1.619227975606918335e-02 9.994045495986938477e-01
1.403715534912143230e+09 1.221253871917724609e+00 -1.015529155731201172e+00 2.574350237846374512e-01 -4.388262704014778137e-02 7.416565716266632080e-02 3.145914897322654724e-02 9.957832098007202148e-01
1.403715535112143278e+09 1.481855750083923340e+00 -9.627469182014465332e-01 3.233560919761657715e-01 -6.574793905019760132e-02 1.112348064780235291e-01 4.627116024494171143e-02 9.905367493629455566e-01
1.403715535312143087e+09 1.850736379623413086e+00 -9.207103252410888672e-01 4.914037585258483887e-01 -6.140771135687828064e-02 1.244495734572410583e-01 8.481065928936004639e-02 9.866856336593627930e-01
1.403715535612143278e+09 2.236532688140869141e+00 -9.133993387222290039e-01 7.213224172592163086e-01 -2.316064015030860901e-02 1.117657050490379333e-01 6.543014198541641235e-02 9.913076758384704590e-01
1.403715536012143135e+09 2.726255655288696289e+00 -9.078019261360168457e-01 1.060005784034729004e+00 -5.343215540051460266e-02 5.360715091228485107e-02 1.268246676772832870e-02 9.970508813858032227e-01
1.403715536412143230e+09 3.032923221588134766e+00 -9.566196203231811523e-01 1.374844908714294434e+00 -4.086527228355407715e-02 4.003728181123733521e-02 -3.255059942603111267e-02 9.978314638137817383e-01
1.403715536712143183e+09 3.222814321517944336e+00 -1.062628984451293945e+00 1.726203441619873047e+00 9.841355495154857635e-03 3.458996489644050598e-02 -5.028685927391052246e-02 9.980871677398681641e-01
1.403715536912143230e+09 3.260341167449951172e+00 -1.179391264915466309e+00 2.021644830703735352e+00 7.748294621706008911e-02 3.736965730786323547e-02 -8.379877358675003052e-02 9.927626252174377441e-01
1.403715537212143183e+09 3.103631496429443359e+00 -1.286338806152343750e+00 2.132274627685546875e+00 1.154490038752555847e-01 2.198206819593906403e-02 -3.793003782629966736e-02 9.923455119132995605e-01
1.403715537512143135e+09 2.934202194213867188e+00 -1.316283345222473145e+00 2.080837488174438477e+00 3.683254122734069824e-02 4.778438713401556015e-03 1.727246306836605072e-02 9.991607666015625000e-01
1.403715537812143087e+09 2.603832244873046875e+00 -1.366379737854003906e+00 1.865849256515502930e+00 3.840673714876174927e-02 9.323447011411190033e-03 3.940685465931892395e-02 9.984413385391235352e-01
1.403715538212143183e+09 2.368532180786132812e+00 -1.311680436134338379e+00 1.568902969360351562e+00 2.093707025051116943e-02 5.100692063570022583e-02 6.273996084928512573e-02 9.965057969093322754e-01
1.403715538612143278e+09 2.214020490646362305e+00 -1.157465577125549316e+00 1.208272457122802734e+00 3.050860017538070679e-02 1.627675592899322510e-01 6.494531780481338501e-02 9.840518832206726074e-01
1.403715538912143230e+09 2.138509988784790039e+00 -1.049878716468811035e+00 9.876101016998291016e-01 3.473176388069987297e-03 2.358601242303848267e-01 8.890658617019653320e-02 9.677053689956665039e-01
1.403715539112143278e+09 2.055062770843505859e+00 -9.021214842796325684e-01 7.795255184173583984e-01 -5.546283908188343048e-03 3.182468712329864502e-01 1.195765808224678040e-01 9.404199719429016113e-01
1.403715539312143087e+09 1.961120247840881348e+00 -7.097620964050292969e-01 5.925692915916442871e-01 -2.398158609867095947e-02 3.899562358856201172e-01 1.485011428594589233e-01 9.084638357162475586e-01
1.403715539512143135e+09 1.869651794433593750e+00 -5.494849681854248047e-01 4.088701009750366211e-01 -2.560319192707538605e-02 4.293948411941528320e-01 1.769867390394210815e-01 8.852345347404479980e-01
1.403715539812143087e+09 1.727968811988830566e+00 -4.369675517082214355e-01 1.198166608810424805e-02 -3.206369653344154358e-02 4.367865324020385742e-01 2.001847773790359497e-01 8.764219880104064941e-01
1.403715540212143183e+09 1.743302941322326660e+00 -4.534160494804382324e-01 -3.915957808494567871e-01 -5.488789081573486328e-02 4.179407060146331787e-01 2.112033665180206299e-01 8.818764090538024902e-01
1.403715540612143278e+09 1.966281890869140625e+00 -4.514843821525573730e-01 -7.037474513053894043e-01 -8.004411309957504272e-02 4.205756783485412598e-01 2.199412137269973755e-01 8.765472173690795898e-01
1.403715541012143135e+09 2.391567230224609375e+00 -4.488322138786315918e-01 -8.988412618637084961e-01 -4.413370415568351746e-02 4.306857287883758545e-01 2.096085846424102783e-01 8.767133951187133789e-01
1.403715541412143230e+09 2.938063144683837891e+00 -4.148793816566467285e-01 -1.057705760002136230e+00 -5.286615341901779175e-02 4.420406818389892578e-01 1.988161057233810425e-01 8.730850219726562500e-01
1.403715541712143183e+09 3.241745233535766602e+00 -3.922488093376159668e-01 -1.114167094230651855e+00 -7.241133600473403931e-02 4.532333612442016602e-01 1.631430983543395996e-01 8.733386993408203125e-01
1.403715541912143230e+09 3.546708106994628906e+00 -3.827782869338989258e-01 -1.127650141716003418e+00 -7.402466982603073120e-02 4.606287777423858643e-01 1.118187904357910156e-01 8.774042129516601562e-01
1.403715542112143278e+09 3.818395614624023438e+00 -4.045726656913757324e-01 -1.086391091346740723e+00 -4.765407741069793701e-02 4.399087429046630859e-01 7.652918249368667603e-02 8.935058712959289551e-01
1.403715542312143087e+09 4.029566287994384766e+00 -4.609011411666870117e-01 -1.001468181610107422e+00 1.847680978244170547e-04 3.910371959209442139e-01 7.555693387985229492e-02 9.172682762145996094e-01
1.403715542512143135e+09 4.273097038269042969e+00 -5.562091469764709473e-01 -8.310460448265075684e-01 2.092122472822666168e-02 3.117877244949340820e-01 9.282144159078598022e-02 9.453755617141723633e-01
1.403715543012143135e+09 4.469596385955810547e+00 -4.046348929405212402e-01 -7.388969659805297852e-01 3.640424087643623352e-02 3.538485169410705566e-01 6.230003759264945984e-02 9.325152635574340820e-01
1.403715544012143135e+09 4.345444202423095703e+00 -2.780058085918426514e-01 -8.114250898361206055e-01 5.531549919396638870e-03 4.409440457820892334e-01 1.041867136955261230e-01 8.914499282836914062e-01
1.403715544312143087e+09 4.212891101837158203e+00 -1.409499049186706543e-01 -8.417390584945678711e-01 -1.185107743367552757e-03 5.124102830886840820e-01 1.661089062690734863e-01 8.425213098526000977e-01
1.403715544512143135e+09 4.051949024200439453e+00 1.236170530319213867e-02 -8.613744974136352539e-01 -2.287573151988908648e-04 5.748277306556701660e-01 2.025437951087951660e-01 7.928109169006347656e-01
1.403715544712143183e+09 3.773910999298095703e+00 9.526205062866210938e-02 -9.373486042022705078e-01 9.162496775388717651e-03 6.118600368499755859e-01 1.968721151351928711e-01 7.660188078880310059e-01
1.403715545112143278e+09 3.331713438034057617e+00 6.289517879486083984e-02 -1.069279670715332031e+00 -1.765873841941356659e-02 6.347205042839050293e-01 2.201770991086959839e-01 7.404999732971191406e-01
1.403715545512143135e+09 2.879174232482910156e+00 8.064389228820800781e-02 -1.183760762214660645e+00 1.714726164937019348e-02 6.470298767089843750e-01 2.700448632240295410e-01 7.128353118896484375e-01
1.403715545912143230e+09 2.433068752288818359e+00 1.139914989471435547e-01 -1.387458086013793945e+00 -1.057885680347681046e-02 6.058892011642456055e-01 2.231858670711517334e-01 7.635275721549987793e-01
1.403715546212143183e+09 2.206763505935668945e+00 1.238217949867248535e-01 -1.503404855728149414e+00 -1.341331284493207932e-02 5.397510528564453125e-01 1.976118832826614380e-01 8.181922435760498047e-01
1.403715546412143230e+09 1.982009768486022949e+00 1.253855973482131958e-01 -1.622702360153198242e+00 -1.507171522825956345e-02 4.579333364963531494e-01 1.741045564413070679e-01 8.716406822204589844e-01
1.403715546612143278e+09 1.762525200843811035e+00 1.249150633811950684e-01 -1.739575386047363281e+00 -2.903514727950096130e-02 3.700279593467712402e-01 1.434952467679977417e-01 9.174123406410217285e-01
1.403715546812143087e+09 1.556326389312744141e+00 1.279706358909606934e-01 -1.841950416564941406e+00 -6.026177480816841125e-02 2.752232849597930908e-01 1.256148517131805420e-01 9.512316584587097168e-01
1.403715547012143135e+09 1.378831148147583008e+00 1.227476969361305237e-01 -1.916379094123840332e+00 -7.081992924213409424e-02 1.935881525278091431e-01 7.764060795307159424e-02 9.754384160041809082e-01
1.403715547212143183e+09 1.218485713005065918e+00 1.040306091308593750e-01 -1.950645208358764648e+00 -7.017988711595535278e-02 1.134570538997650146e-01 3.339682891964912415e-02 9.904983639717102051e-01
1.403715547412143230e+09 1.059723496437072754e+00 7.527566701173782349e-02 -1.936097741127014160e+00 -8.031836152076721191e-02 4.165517911314964294e-02 6.909355521202087402e-03 9.958745241165161133e-01
1.403715547612143278e+09 8.931954503059387207e-01 3.717835620045661926e-02 -1.869964838027954102e+00 -8.651431649923324585e-02 -3.173785284161567688e-02 -2.543752640485763550e-02 9.954199790954589844e-01
1.403715547812143087e+09 7.100450992584228516e-01 -2.182527445256710052e-02 -1.751855850219726562e+00 -8.048013597726821899e-02 -1.032403260469436646e-01 -5.513711273670196533e-02 9.898607134819030762e-01
1.403715548012143135e+09 5.092449188232421875e-01 -1.019469201564788818e-01 -1.585142374038696289e+00 -3.981732949614524841e-02 -1.546784341335296631e-01 -6.427679210901260376e-02 9.850673675537109375e-01
1.403715548212143183e+09 2.959079146385192871e-01 -1.838306337594985962e-01 -1.391586422920227051e+00 -5.774843506515026093e-03 -1.698494404554367065e-01 -7.243399322032928467e-02 9.827874898910522461e-01
1.403715548512143135e+09 6.776386499404907227e-02 -2.304247915744781494e-01 -1.188651084899902344e+00 -2.068333327770233154e-03 -1.675268262624740601e-01 -7.257393002510070801e-02 9.831904768943786621e-01
1.403715548712143183e+09 -1.722183823585510254e-01 -2.603039443492889404e-01 -9.880641698837280273e-01 -5.913658998906612396e-03 -1.633281260728836060e-01 -5.744875967502593994e-02 9.848800301551818848e-01
1.403715548912143230e+09 -4.186401963233947754e-01 -2.910642921924591064e-01 -7.932665944099426270e-01 -5.191476084291934967e-03 -1.563992202281951904e-01 -4.826535284519195557e-02 9.865003228187561035e-01
1.403715549112143278e+09 -6.634230017662048340e-01 -3.248551785945892334e-01 -6.058282852172851562e-01 4.462772980332374573e-03 -1.683805137872695923e-01 -4.780666530132293701e-02 9.845519661903381348e-01
1.403715549212143183e+09 -1.022615551948547363e+00 -3.791213631629943848e-01 -3.596406579017639160e-01 3.912153095006942749e-02 -1.989052593708038330e-01 -3.726221248507499695e-02 9.785283803939819336e-01
1.403715549612143278e+09 -1.456980824470520020e+00 -4.470884799957275391e-01 -3.207782655954360962e-02 -1.650513266213238239e-03 -1.836273521184921265e-01 2.918431721627712250e-02 9.825612902641296387e-01
1.403715550012143135e+09 -1.521385669708251953e+00 -5.147659182548522949e-01 1.805913001298904419e-01 -1.565142162144184113e-02 -8.569893240928649902e-02 7.331569492816925049e-02 9.934965968132019043e-01
1.403715550312143087e+09 -1.470323085784912109e+00 -6.102331280708312988e-01 3.201371133327484131e-01 -1.863276027143001556e-02 -5.479333456605672836e-03 7.573378086090087891e-02 9.969389438629150391e-01
1.403715550512143135e+09 -1.367299079895019531e+00 -7.237332463264465332e-01 4.561256766319274902e-01 -1.425067614763975143e-02 7.478266954421997070e-02 8.509106934070587158e-02 9.934606552124023438e-01
1.403715550712143183e+09 -1.240804910659790039e+00 -7.969695925712585449e-01 6.013821363449096680e-01 -9.361058473587036133e-03 1.433705389499664307e-01 1.300147026777267456e-01 9.810470938682556152e-01
1.403715550912143230e+09 -1.079882025718688965e+00 -8.208221197128295898e-01 7.496380805969238281e-01 -4.631839692592620850e-03 2.091303169727325439e-01 1.751776784658432007e-01 9.620581865310668945e-01
1.403715551112143278e+09 -8.654301166534423828e-01 -8.546170592308044434e-01 8.673909902572631836e-01 -7.377254660241305828e-04 2.836618423461914062e-01 1.894300132989883423e-01 9.400274753570556641e-01
1.403715551312143087e+09 -5.948302745819091797e-01 -9.170200228691101074e-01 9.344738721847534180e-01 9.555479511618614197e-03 3.499718904495239258e-01 2.245364636182785034e-01 9.094019532203674316e-01
1.403715551512143135e+09 -2.888168096542358398e-01 -9.602663516998291016e-01 9.592217206954956055e-01 1.833275519311428070e-02 4.233283102512359619e-01 2.367494255304336548e-01 8.743035793304443359e-01
1.403715551712143183e+09 4.343336820602416992e-02 -9.798477888107299805e-01 9.335769414901733398e-01 3.515032678842544556e-02 5.036851167678833008e-01 2.224756479263305664e-01 8.340086340904235840e-01
1.403715551912143230e+09 3.478123247623443604e-01 -9.860652685165405273e-01 8.646900653839111328e-01 5.818194150924682617e-02 5.748187303543090820e-01 2.154836058616638184e-01 7.872517108917236328e-01
1.403715552112143278e+09 6.024960279464721680e-01 -9.726433753967285156e-01 7.649267315864562988e-01 4.213706403970718384e-02 6.380954980850219727e-01 2.125391960144042969e-01 7.388408184051513672e-01
1.403715552312143087e+09 8.002561926841735840e-01 -9.473119378089904785e-01 6.404144763946533203e-01 4.213723540306091309e-02 7.007107734680175781e-01 2.050688862800598145e-01 6.820378303527832031e-01
1.403715552512143135e+09 9.283847212791442871e-01 -9.228631854057312012e-01 5.110994577407836914e-01 4.917790368199348450e-02 7.586407065391540527e-01 2.165973782539367676e-01 6.124796867370605469e-01
1.403715552712143183e+09 9.861040115356445312e-01 -8.968426585197448730e-01 3.925623297691345215e-01 6.106037274003028870e-02 8.103454113006591797e-01 2.449705004692077637e-01 5.287734866142272949e-01
1.403715552912143230e+09 9.633955359458923340e-01 -8.569244146347045898e-01 2.667014002799987793e-01 7.143371552228927612e-02 8.484595417976379395e-01 2.880188822746276855e-01 4.382451772689819336e-01
1.403715553112143278e+09 8.697504401206970215e-01 -8.026142716407775879e-01 1.334369778633117676e-01 7.763712853193283081e-02 8.819909691810607910e-01 3.085131049156188965e-01 3.476840555667877197e-01
1.403715553312143087e+09 7.022764086723327637e-01 -7.433818578720092773e-01 -1.126044988632202148e-02 7.570297271013259888e-02 9.204156994819641113e-01 2.831976115703582764e-01 2.586564123630523682e-01
1.403715553512143135e+09 4.576766788959503174e-01 -6.786821484565734863e-01 -1.348862349987030029e-01 4.333037137985229492e-02 9.538180232048034668e-01 2.418038100004196167e-01 1.728714704513549805e-01
1.403715553712143183e+09 1.650801897048950195e-01 -6.264162063598632812e-01 -1.946842074394226074e-01 4.108567256480455399e-03 9.559885859489440918e-01 2.663545906543731689e-01 1.229810044169425964e-01
1.403715553912143230e+09 -1.395442932844161987e-01 -5.952774882316589355e-01 -2.057167589664459229e-01 -2.845516055822372437e-02 9.391382336616516113e-01 3.257374763488769531e-01 1.053793132305145264e-01
1.403715554112143278e+09 -4.305761456489562988e-01 -5.703858137130737305e-01 -2.117221653461456299e-01 -3.551845625042915344e-02 9.131690859794616699e-01 3.926404118537902832e-01 1.034134253859519958e-01
1.403715554312143087e+09 -6.967458724975585938e-01 -5.260627865791320801e-01 -2.590091824531555176e-01 -7.853375375270843506e-02 9.034460186958312988e-01 4.060912728309631348e-01 1.127283871173858643e-01
1.403715554512143135e+09 -9.080184698104858398e-01 -4.336594343185424805e-01 -3.388978540897369385e-01 -2.126695215702056885e-01 9.132145047187805176e-01 3.146866559982299805e-01 1.475917100906372070e-01
1.403715554712143183e+09 -8.193308711051940918e-01 -2.935672402381896973e-01 -3.387245237827301025e-01 -2.423128932714462280e-01 9.302055239677429199e-01 2.245787531137466431e-01 1.598954647779464722e-01
1.403715555112143278e+09 -6.554111838340759277e-01 -3.332929909229278564e-01 -2.771131694316864014e-01 -1.586628258228302002e-01 9.411875009536743164e-01 2.561300694942474365e-01 1.529366225004196167e-01
1.403715555212143183e+09 -4.677055478096008301e-01 -3.881880044937133789e-01 -2.005007565021514893e-01 -6.403960287570953369e-02 9.398640394210815430e-01 3.018433451652526855e-01 1.464419662952423096e-01
1.403715555312143087e+09 -2.765076756477355957e-01 -4.363627433776855469e-01 -1.159489154815673828e-01 3.576863184571266174e-02 9.259409308433532715e-01 3.483838737010955811e-01 1.413599401712417603e-01
1.403715555412143230e+09 -1.021036803722381592e-01 -4.664915800094604492e-01 -3.394195437431335449e-02 8.172094076871871948e-02 9.173700809478759766e-01 3.641535341739654541e-01 1.383696943521499634e-01
1.403715555512143135e+09 1.749007701873779297e-01 -5.282593369483947754e-01 8.752071857452392578e-02 5.618147924542427063e-02 9.290417432785034180e-01 3.381808102130889893e-01 1.391357928514480591e-01
1.403715555812143087e+09 3.716588616371154785e-01 -6.288520693778991699e-01 1.651434898376464844e-01 4.105084389448165894e-02 9.258261919021606445e-01 3.451666235923767090e-01 1.483941227197647095e-01
1.403715555912143230e+09 5.441983938217163086e-01 -8.273362517356872559e-01 2.040686607360839844e-01 8.282882720232009888e-02 9.094749093055725098e-01 3.753000795841217041e-01 1.585706919431686401e-01
1.403715556312143087e+09 3.977637290954589844e-01 -9.900101423263549805e-01 7.902702689170837402e-02 -9.423141367733478546e-03 9.195671677589416504e-01 3.493354916572570801e-01 1.796443909406661987e-01
1.403715556912143230e+09 1.881771683692932129e-01 -8.992544412612915039e-01 -4.342615604400634766e-02 -4.651599749922752380e-02 9.106613397598266602e-01 3.653885722160339355e-01 1.871455758810043335e-01
1.403715557312143087e+09 6.695941835641860962e-02 -7.710468769073486328e-01 -2.878127098083496094e-01 -3.468271717429161072e-02 9.033724069595336914e-01 3.877414166927337646e-01 1.799224764108657837e-01
1.403715557612143278e+09 2.288967370986938477e-02 -5.959055423736572266e-01 -6.808056831359863281e-01 -4.238150268793106079e-02 9.239722490310668945e-01 3.407140970230102539e-01 1.685026437044143677e-01
1.403715558112143278e+09 5.601221323013305664e-02 -5.275874733924865723e-01 -1.130469799041748047e+00 -5.342357605695724487e-02 9.257110953330993652e-01 3.422017693519592285e-01 1.519964933395385742e-01
1.403715558412143230e+09 1.239194273948669434e-01 -4.747323989868164062e-01 -1.471545696258544922e+00 -3.842177987098693848e-02 9.450850486755371094e-01 2.863814234733581543e-01 1.527210474014282227e-01
1.403715558812143087e+09 2.753676176071166992e-01 -3.203962445259094238e-01 -1.850781321525573730e+00 -5.466703698039054871e-02 9.322419166564941406e-01 2.630214393138885498e-01 2.423968464136123657e-01
1.403715559312143087e+09 4.038925170898437500e-01 -2.936519980430603027e-01 -1.852410674095153809e+00 -5.918962135910987854e-02 8.932341337203979492e-01 2.941706776618957520e-01 3.348030447959899902e-01
1.403715559712143183e+09 5.721269845962524414e-01 -1.966827511787414551e-01 -1.729031801223754883e+00 -7.836817950010299683e-02 8.628153204917907715e-01 2.945342957973480225e-01 4.033086299896240234e-01
1.403715560112143278e+09 7.731456756591796875e-01 -1.815375089645385742e-01 -1.589097857475280762e+00 -6.392307579517364502e-02 8.278568387031555176e-01 2.969684004783630371e-01 4.715684056282043457e-01
1.403715560412143230e+09 9.369126558303833008e-01 -2.154274582862854004e-01 -1.492538094520568848e+00 -5.184391140937805176e-02 8.024172782897949219e-01 2.954531311988830566e-01 5.158935785293579102e-01
1.403715560612143278e+09 1.113726019859313965e+00 -2.457620501518249512e-01 -1.396706461906433105e+00 -4.762301966547966003e-02 7.750434875488281250e-01 2.867165207862854004e-01 5.611001849174499512e-01
1.403715560812143087e+09 1.299999475479125977e+00 -2.797110676765441895e-01 -1.294003367424011230e+00 -5.654621124267578125e-02 7.449500560760498047e-01 2.668278515338897705e-01 6.088142991065979004e-01
1.403715561012143135e+09 1.497213363647460938e+00 -3.194540143013000488e-01 -1.180322170257568359e+00 -5.668760463595390320e-02 7.053440213203430176e-01 2.524070739746093750e-01 6.599751114845275879e-01
1.403715561212143183e+09 1.703338742256164551e+00 -3.677799105644226074e-01 -1.051228880882263184e+00 -3.474280983209609985e-02 6.643008589744567871e-01 2.584334909915924072e-01 7.005065679550170898e-01
1.403715561412143230e+09 1.915316104888916016e+00 -4.056365489959716797e-01 -9.332176446914672852e-01 -1.791955716907978058e-02 6.334234476089477539e-01 2.575601041316986084e-01 7.294630408287048340e-01
1.403715561612143278e+09 2.228755474090576172e+00 -4.502509236335754395e-01 -7.816580533981323242e-01 -1.821023039519786835e-02 6.003698706626892090e-01 2.014839053153991699e-01 7.737109661102294922e-01
1.403715561912143230e+09 2.490405082702636719e+00 -5.161507725715637207e-01 -6.244815587997436523e-01 1.578563824295997620e-02 5.543925762176513672e-01 1.495434641838073730e-01 8.185576200485229492e-01
1.403715562312143087e+09 2.659041404724121094e+00 -6.833465695381164551e-01 -2.587569952011108398e-01 -4.106504470109939575e-02 5.088196396827697754e-01 1.290026158094406128e-01 8.501614332199096680e-01
1.403715562812143087e+09 2.631255388259887695e+00 -7.641855478286743164e-01 -7.772743701934814453e-02 -2.330930717289447784e-02 4.720096588134765625e-01 1.690610349178314209e-01 8.649173378944396973e-01
1.403715563012143135e+09 2.593007564544677734e+00 -8.414344191551208496e-01 1.097466945648193359e-01 -9.428887628018856049e-03 4.326962232589721680e-01 1.634348630905151367e-01 8.865518569946289062e-01
1.403715563212143183e+09 2.544903755187988281e+00 -9.152692556381225586e-01 2.929995656013488770e-01 1.532450783997774124e-02 3.776642382144927979e-01 1.233227327466011047e-01 9.175654649734497070e-01
1.403715563412143230e+09 2.461973190307617188e+00 -9.792611598968505859e-01 4.612746834754943848e-01 2.563193440437316895e-02 2.983778119087219238e-01 8.298429846763610840e-02 9.504879713058471680e-01
1.403715563612143278e+09 2.360778093338012695e+00 -1.004709243774414062e+00 6.098483800888061523e-01 3.293482586741447449e-02 2.230441123247146606e-01 3.960105404257774353e-02 9.734466671943664551e-01
1.403715563812143087e+09 2.214447736740112305e+00 -9.884451627731323242e-01 7.475064992904663086e-01 4.942628741264343262e-02 1.432951390743255615e-01 2.446274086833000183e-02 9.881423115730285645e-01
1.403715564012143135e+09 2.032963037490844727e+00 -9.258614182472229004e-01 8.551405668258666992e-01 5.115915834903717041e-02 4.544373229146003723e-02 3.815650194883346558e-02 9.969261884689331055e-01
1.403715564212143183e+09 1.854851722717285156e+00 -8.525042533874511719e-01 9.124245047569274902e-01 4.842397943139076233e-02 -4.886842891573905945e-02 2.622385881841182709e-02 9.972860217094421387e-01
1.403715564412143230e+09 1.704978466033935547e+00 -8.003708124160766602e-01 9.100753068923950195e-01 2.315016649663448334e-02 -1.461167335510253906e-01 -1.800682023167610168e-02 9.888325333595275879e-01
1.403715564612143278e+09 1.586941123008728027e+00 -8.055747747421264648e-01 8.709361553192138672e-01 1.102252956479787827e-02 -2.379916608333587646e-01 -7.074747234582901001e-02 9.686244726181030273e-01
1.403715564812143087e+09 1.475210189819335938e+00 -8.612352013587951660e-01 8.064996004104614258e-01 2.201623842120170593e-02 -3.225145936012268066e-01 -1.162167191505432129e-01 9.391449689865112305e-01
1.403715565012143135e+09 1.359382867813110352e+00 -9.650971293449401855e-01 7.085620164871215820e-01 3.729442507028579712e-02 -4.022480249404907227e-01 -1.475268304347991943e-01 9.027965068817138672e-01
1.403715565212143183e+09 1.245118498802185059e+00 -1.050830245018005371e+00 5.920408368110656738e-01 3.665943071246147156e-02 -4.842608869075775146e-01 -1.575398892164230347e-01 8.598422408103942871e-01
1.403715565412143230e+09 1.140963792800903320e+00 -1.085787177085876465e+00 4.754134416580200195e-01 5.336862057447433472e-02 -5.557128190994262695e-01 -1.584157496690750122e-01 8.143952488899230957e-01
1.403715565612143278e+09 1.073539853096008301e+00 -1.099757194519042969e+00 3.598965406417846680e-01 5.899548530578613281e-02 -6.280674338340759277e-01 -1.751747876405715942e-01 7.558866739273071289e-01
1.403715565812143087e+09 1.054316997528076172e+00 -1.118331789970397949e+00 2.337262034416198730e-01 5.164122954010963440e-02 -7.040163874626159668e-01 -2.097665369510650635e-01 6.765295267105102539e-01
1.403715566012143135e+09 1.081443190574645996e+00 -1.141374826431274414e+00 1.095631122589111328e-01 5.054145678877830505e-02 -7.784830927848815918e-01 -2.377180904150009155e-01 5.787053108215332031e-01
1.403715566212143183e+09 1.138602256774902344e+00 -1.170175313949584961e+00 -8.069276809692382812e-04 5.118345841765403748e-02 -8.386904001235961914e-01 -2.594907581806182861e-01 4.760707020759582520e-01
1.403715566412143230e+09 1.224265575408935547e+00 -1.183334231376647949e+00 -9.029030799865722656e-02 5.322385951876640320e-02 -8.838275074958801270e-01 -2.745931446552276611e-01 3.749864697456359863e-01
1.403715566612143278e+09 1.328469157218933105e+00 -1.155243992805480957e+00 -1.419230699539184570e-01 5.650170147418975830e-02 -9.169334173202514648e-01 -2.807622551918029785e-01 2.778727710247039795e-01
1.403715566812143087e+09 1.469695329666137695e+00 -1.122894287109375000e+00 -1.665191650390625000e-01 5.160909146070480347e-02 -9.416282176971435547e-01 -2.880429923534393311e-01 1.664455682039260864e-01
1.403715567012143135e+09 1.627793431282043457e+00 -1.113330602645874023e+00 -1.555631160736083984e-01 3.559695556759834290e-02 -9.531307220458984375e-01 -2.984104156494140625e-01 3.501462563872337341e-02
1.403715567212143183e+09 1.808666110038757324e+00 -1.110030531883239746e+00 -1.119666248559951782e-01 2.441487647593021393e-02 -9.430041313171386719e-01 -3.138388991355895996e-01 -1.079455688595771790e-01
1.403715567412143230e+09 1.980389356613159180e+00 -1.097826004028320312e+00 -3.519463539123535156e-02 3.744777664542198181e-02 -9.114594459533691406e-01 -3.233076035976409912e-01 -2.516181170940399170e-01
1.403715567612143278e+09 2.132378101348876953e+00 -1.043264031410217285e+00 6.255900859832763672e-02 3.993971273303031921e-02 -8.706720471382141113e-01 -3.095539212226867676e-01 -3.801467120647430420e-01
1.403715567812143087e+09 2.283937215805053711e+00 -9.821125864982604980e-01 1.717705726623535156e-01 3.241724148392677307e-02 -8.206785321235656738e-01 -2.786810100078582764e-01 -4.977678358554840088e-01
1.403715568012143135e+09 2.421984672546386719e+00 -9.356009960174560547e-01 2.888827323913574219e-01 2.755912393331527710e-02 -7.609332799911499023e-01 -2.421077489852905273e-01 -6.013360023498535156e-01
1.403715568212143183e+09 2.538740158081054688e+00 -9.095802903175354004e-01 4.251966476440429688e-01 1.594917476177215576e-02 -6.911777853965759277e-01 -2.123067378997802734e-01 -6.906118988990783691e-01
1.403715568412143230e+09 2.624902248382568359e+00 -8.946411013603210449e-01 5.737142562866210938e-01 6.680534221231937408e-03 -6.135898828506469727e-01 -1.856165081262588501e-01 -7.674694061279296875e-01
1.403715568612143278e+09 2.673005104064941406e+00 -9.040374755859375000e-01 7.267518043518066406e-01 3.077049739658832550e-03 -5.294432044029235840e-01 -1.570695787668228149e-01 -8.336723446846008301e-01
1.403715568812143087e+09 2.689566850662231445e+00 -9.260021448135375977e-01 8.723273277282714844e-01 2.652531024068593979e-03 -4.400466382503509521e-01 -1.304342001676559448e-01 -8.884475231170654297e-01
1.403715569012143135e+09 2.674046754837036133e+00 -9.547300934791564941e-01 1.022390842437744141e+00 1.110164821147918701e-02 -3.576259315013885498e-01 -1.127666607499122620e-01 -9.269650578498840332e-01
1.403715569212143183e+09 2.643119812011718750e+00 -9.867941141128540039e-01 1.173332810401916504e+00 -1.757837715558707714e-03 -2.865727543830871582e-01 -9.701494127511978149e-02 -9.531322717666625977e-01
1.403715569412143230e+09 2.602672815322875977e+00 -1.029622077941894531e+00 1.311035633087158203e+00 -2.828020229935646057e-02 -2.357141524553298950e-01 -7.144079357385635376e-02 -9.687803387641906738e-01
1.403715569612143278e+09 2.484398603439331055e+00 -1.080435991287231445e+00 1.473788261413574219e+00 -2.385516464710235596e-02 -1.470487415790557861e-01 -3.653199598193168640e-02 -9.881665706634521484e-01
1.403715569912143230e+09 2.362782001495361328e+00 -1.115191340446472168e+00 1.556478023529052734e+00 -3.222646564245223999e-02 -6.886103004217147827e-02 -1.471550017595291138e-02 -9.969970583915710449e-01
1.403715570112143278e+09 2.226557731628417969e+00 -1.134825944900512695e+00 1.605087161064147949e+00 -4.191474616527557373e-02 1.538970042020082474e-02 1.227181684225797653e-02 -9.989272952079772949e-01
1.403715570312143087e+09 2.074475288391113281e+00 -1.137851834297180176e+00 1.620457172393798828e+00 -5.276495218276977539e-02 1.072481125593185425e-01 4.169195517897605896e-02 -9.919553995132446289e-01
1.403715570512143135e+09 1.917919158935546875e+00 -1.121352672576904297e+00 1.596514940261840820e+00 -6.452227383852005005e-02 2.061906307935714722e-01 7.305260002613067627e-02 -9.736455678939819336e-01
1.403715570712143183e+09 1.766160368919372559e+00 -1.076701164245605469e+00 1.530519008636474609e+00 -5.354467034339904785e-02 3.073545992374420166e-01 1.072495952248573303e-01 -9.440146684646606445e-01
1.403715570912143230e+09 1.696228861808776855e+00 -1.050588011741638184e+00 1.488279938697814941e+00 -4.942778125405311584e-02 3.563005030155181885e-01 1.233120933175086975e-01 -9.248788952827453613e-01
1.403715571012143135e+09 1.559756159782409668e+00 -9.896942377090454102e-01 1.383077502250671387e+00 -3.474630042910575867e-02 4.330528676509857178e-01 1.445356905460357666e-01 -8.890261054039001465e-01
1.403715571212143183e+09 1.436062335968017578e+00 -9.342497587203979492e-01 1.271512746810913086e+00 -5.393707752227783203e-02 4.721241593360900879e-01 1.390430927276611328e-01 -8.688247799873352051e-01
1.403715571512143135e+09 1.300640225410461426e+00 -8.372817635536193848e-01 1.079379916191101074e+00 -2.141401357948780060e-02 4.831383228302001953e-01 1.418619304895401001e-01 -8.637095093727111816e-01
1.403715571712143183e+09 1.233409523963928223e+00 -7.415748834609985352e-01 9.676588773727416992e-01 6.875657290220260620e-02 4.936765730381011963e-01 1.067152768373489380e-01 -8.603299856185913086e-01
1.403715571912143230e+09 1.082513332366943359e+00 -6.199263334274291992e-01 1.013631820678710938e+00 1.173877492547035217e-01 4.706836640834808350e-01 1.704681962728500366e-01 -8.576815724372863770e-01
1.403715572312143087e+09 9.368329048156738281e-01 -6.238760352134704590e-01 1.155551314353942871e+00 -3.566382220014929771e-03 4.921528100967407227e-01 2.191116511821746826e-01 -8.424744009971618652e-01
1.403715572512143135e+09 7.555016279220581055e-01 -6.242167353630065918e-01 1.274276018142700195e+00 -5.708443000912666321e-02 5.390855669975280762e-01 2.221246212720870972e-01 -8.104251027107238770e-01
1.403715572712143183e+09 4.881558418273925781e-01 -6.086688041687011719e-01 1.347474455833435059e+00 -5.096328258514404297e-02 6.163414716720581055e-01 2.366968840360641479e-01 -7.493335008621215820e-01
1.403715573012143135e+09 3.202079534530639648e-01 -6.332147717475891113e-01 1.322660803794860840e+00 -4.567018523812294006e-02 6.706422567367553711e-01 2.352466136217117310e-01 -7.020059227943420410e-01
1.403715573212143183e+09 1.747461557388305664e-01 -6.753090023994445801e-01 1.268158912658691406e+00 -3.319761902093887329e-02 7.194610238075256348e-01 2.418594807386398315e-01 -6.502136588096618652e-01
1.403715573412143230e+09 -1.772272586822509766e-02 -7.294435501098632812e-01 1.190795183181762695e+00 -1.254694303497672081e-03 7.822470664978027344e-01 2.573122084140777588e-01 -5.673433542251586914e-01
1.403715573712143183e+09 -2.166571617126464844e-01 -7.771039605140686035e-01 1.138551473617553711e+00 -1.321095321327447891e-02 8.178241252899169922e-01 3.179038465023040771e-01 -4.795063138008117676e-01
1.403715574012143135e+09 -4.452739953994750977e-01 -8.264608383178710938e-01 1.046101927757263184e+00 -8.506436832249164581e-03 8.644664287567138672e-01 3.494029939174652100e-01 -3.613075017929077148e-01
1.403715574312143087e+09 -6.245570182800292969e-01 -8.481027483940124512e-01 9.616134762763977051e-01 -5.384813994169235229e-02 8.955363035202026367e-01 3.395455777645111084e-01 -2.825312614440917969e-01
1.403715574612143278e+09 -9.151650667190551758e-01 -8.336367607116699219e-01 7.262775897979736328e-01 -7.865596562623977661e-02 9.096210002899169922e-01 3.549410998821258545e-01 -2.010462880134582520e-01
1.403715575012143135e+09 -1.063634157180786133e+00 -7.926067709922790527e-01 3.886882364749908447e-01 -5.477021634578704834e-02 9.330651760101318359e-01 3.024696409702301025e-01 -1.868202388286590576e-01
1.403715575312143087e+09 -1.097793698310852051e+00 -7.592037320137023926e-01 7.906800508499145508e-02 -8.550896495580673218e-02 9.213294386863708496e-01 3.117859363555908203e-01 -2.159395217895507812e-01
1.403715575812143087e+09 -9.293599724769592285e-01 -7.380154132843017578e-01 -2.207362055778503418e-01 -8.391924947500228882e-02 9.162256121635437012e-01 3.129910230636596680e-01 -2.356368005275726318e-01
1.403715576112143278e+09 -7.673979997634887695e-01 -7.172788977622985840e-01 -3.729336261749267578e-01 -5.038498342037200928e-02 9.198531508445739746e-01 3.088144659996032715e-01 -2.365696728229522705e-01
1.403715576312143087e+09 -5.830534696578979492e-01 -6.981441974639892578e-01 -5.177495479583740234e-01 -5.011447146534919739e-02 9.273023605346679688e-01 2.884691655635833740e-01 -2.332047224044799805e-01
1.403715576512143135e+09 -3.809777498245239258e-01 -6.940220594406127930e-01 -6.452296972274780273e-01 -6.218234077095985413e-02 9.364674687385559082e-01 2.545000016689300537e-01 -2.332206368446350098e-01
1.403715576912143230e+09 -1.476094126701354980e-02 -7.138409614562988281e-01 -7.522125244140625000e-01 -5.835494026541709900e-02 9.212650060653686523e-01 2.820172905921936035e-01 -2.614035010337829590e-01
1.403715577112143278e+09 6.890027523040771484e-01 -7.092346549034118652e-01 -8.014982938766479492e-01 -1.855778135359287262e-02 9.027256965637207031e-01 2.905246317386627197e-01 -3.167606890201568604e-01
1.403715577712143183e+09 1.095697045326232910e+00 -6.382851004600524902e-01 -7.637794017791748047e-01 -2.168764732778072357e-02 8.988553881645202637e-01 2.928801774978637695e-01 -3.252842128276824951e-01
1.403715578012143135e+09 1.599927067756652832e+00 -5.826058387756347656e-01 -6.709289550781250000e-01 3.847824409604072571e-02 8.836302161216735840e-01 2.871461212635040283e-01 -3.677828311920166016e-01
1.403715578212143183e+09 1.785938739776611328e+00 -5.111073255538940430e-01 -5.673236846923828125e-01 6.712123751640319824e-02 8.567954897880554199e-01 2.881949543952941895e-01 -4.223029315471649170e-01
1.403715578412143230e+09 1.902306556701660156e+00 -4.514370560646057129e-01 -4.325997829437255859e-01 4.205651953816413879e-02 8.217477202415466309e-01 2.934371232986450195e-01 -4.866791665554046631e-01
1.403715578612143278e+09 1.969809055328369141e+00 -3.866850733757019043e-01 -2.842903137207031250e-01 3.615890443325042725e-02 7.692551016807556152e-01 3.519178032875061035e-01 -5.320647954940795898e-01
1.403715578812143087e+09 1.935488581657409668e+00 -2.964996695518493652e-01 -1.493589878082275391e-01 7.882301695644855499e-03 7.474651932716369629e-01 3.601428866386413574e-01 -5.581495165824890137e-01
1.403715579112143278e+09 1.776190996170043945e+00 -2.378003597259521484e-01 -1.894237995147705078e-01 -1.079675704240798950e-01 7.538167238235473633e-01 3.324728012084960938e-01 -5.563859343528747559e-01
1.403715579412143230e+09 1.695869684219360352e+00 -1.806744337081909180e-01 -3.262574672698974609e-01 -9.557115286588668823e-02 7.557337284088134766e-01 3.272621035575866699e-01 -5.591350793838500977e-01
1.403715579612143278e+09 1.666438341140747070e+00 -1.427823901176452637e-01 -4.218715429306030273e-01 -7.485931366682052612e-02 7.592751979827880859e-01 3.229917883872985840e-01 -5.599763393402099609e-01
1.403715579712143183e+09 1.639445185661315918e+00 -1.027981340885162354e-01 -5.320369005203247070e-01 -6.732825189828872681e-02 7.656912207603454590e-01 3.126648366451263428e-01 -5.580543875694274902e-01
1.403715579812143087e+09 1.616566896438598633e+00 -6.514093279838562012e-02 -6.558218002319335938e-01 -6.705012917518615723e-02 7.714555859565734863e-01 3.037521541118621826e-01 -5.550633072853088379e-01
1.403715579912143230e+09 1.598041772842407227e+00 -3.268411755561828613e-02 -7.910311222076416016e-01 -7.240512967109680176e-02 7.725254297256469727e-01 3.000959455966949463e-01 -5.548914074897766113e-01
1.403715580012143135e+09 1.584422707557678223e+00 -3.262877464294433594e-03 -9.370594024658203125e-01 -6.450664252042770386e-02 7.722371220588684082e-01 2.889145314693450928e-01 -5.621540546417236328e-01
1.403715580112143278e+09 1.564587354660034180e+00 8.913260698318481445e-02 -1.230432510375976562e+00 -4.838506504893302917e-02 7.549177408218383789e-01 2.641207277774810791e-01 -5.983295440673828125e-01
1.403715580412143230e+09 1.557592272758483887e+00 2.107957005500793457e-01 -1.519611597061157227e+00 -2.788290008902549744e-02 7.254036664962768555e-01 2.338620722293853760e-01 -6.467771530151367188e-01
1.403715580612143278e+09 1.565226674079895020e+00 3.218596577644348145e-01 -1.799671769142150879e+00 3.560628974810242653e-03 6.972457766532897949e-01 2.044929563999176025e-01 -6.870358586311340332e-01
1.403715580812143087e+09 1.579386949539184570e+00 4.194999933242797852e-01 -2.042588233947753906e+00 4.746957495808601379e-02 6.826225519180297852e-01 1.812133193016052246e-01 -7.063532471656799316e-01
1.403715581012143135e+09 1.453656673431396484e+00 4.832852482795715332e-01 -2.302631378173828125e+00 3.754526376724243164e-02 6.822640895843505859e-01 2.123162448406219482e-01 -6.985899209976196289e-01
1.403715581712143183e+09 1.264482736587524414e+00 5.017092823982238770e-01 -2.210284471511840820e+00 -5.204477533698081970e-02 7.452424764633178711e-01 2.915459871292114258e-01 -5.974160432815551758e-01
1.403715582012143135e+09 1.140304088592529297e+00 4.627224206924438477e-01 -2.234094142913818359e+00 -5.791220441460609436e-02 8.123843073844909668e-01 2.591146230697631836e-01 -5.191701650619506836e-01
1.403715582412143230e+09 9.354176521301269531e-01 5.285375714302062988e-01 -2.378157854080200195e+00 -7.409171201288700104e-03 7.841104269027709961e-01 3.414399623870849609e-01 -5.182033181190490723e-01
1.403715583212143183e+09 7.808511257171630859e-01 6.473794579505920410e-01 -2.518542766571044922e+00 -2.560302428901195526e-02 7.994551658630371094e-01 2.816691398620605469e-01 -5.299796462059020996e-01
1.403715583412143230e+09 6.345338821411132812e-01 7.704130411148071289e-01 -2.663063526153564453e+00 -5.976387485861778259e-02 8.287019133567810059e-01 1.863209903240203857e-01 -5.243720412254333496e-01
1.403715583712143183e+09 1.000459671020507812e+00 7.348133921623229980e-01 -2.588569879531860352e+00 -3.216055035591125488e-02 8.432930707931518555e-01 1.610540747642517090e-01 -5.117459893226623535e-01
1.403715584312143087e+09 1.319731950759887695e+00 6.064218282699584961e-01 -2.423586606979370117e+00 2.580090053379535675e-02 8.216670751571655273e-01 2.446284741163253784e-01 -5.141541361808776855e-01
1.403715584512143135e+09 1.613433599472045898e+00 5.145238637924194336e-01 -2.211505413055419922e+00 3.752160444855690002e-02 8.080584406852722168e-01 2.846637070178985596e-01 -5.143930315971374512e-01
1.403715584712143183e+09 1.855191230773925781e+00 4.224303066730499268e-01 -1.991058707237243652e+00 1.201826520264148712e-02 7.947701215744018555e-01 3.196783959865570068e-01 -5.157536864280700684e-01
1.403715585012143135e+09 2.049828052520751953e+00 3.305416703224182129e-01 -1.795920252799987793e+00 -1.914470456540584564e-03 7.787088751792907715e-01 3.527423739433288574e-01 -5.188272595405578613e-01
1.403715585112143278e+09 2.277501583099365234e+00 1.545582413673400879e-01 -1.560956597328186035e+00 -1.173606142401695251e-02 7.823982238769531250e-01 3.444075584411621094e-01 -5.187473297119140625e-01
1.403715585712143183e+09 2.412349700927734375e+00 4.721647500991821289e-02 -1.542795658111572266e+00 7.541761267930269241e-03 7.532328963279724121e-01 2.220651954412460327e-01 -6.190884113311767578e-01
1.403715588112143278e+09 2.436084508895874023e+00 2.102851867675781250e-03 -1.435824394226074219e+00 -2.769150771200656891e-02 7.038421034812927246e-01 1.949835419654846191e-01 -6.825108528137207031e-01
1.403715588312143087e+09 2.481188297271728516e+00 2.060014009475708008e-02 -1.287737607955932617e+00 -3.697426617145538330e-02 6.511942744255065918e-01 1.678110659122467041e-01 -7.392011880874633789e-01
1.403715588512143135e+09 2.563483238220214844e+00 4.875406622886657715e-02 -1.128256559371948242e+00 -3.413710370659828186e-02 5.977190136909484863e-01 1.525014340877532959e-01 -7.863268852233886719e-01
1.403715588712143183e+09 2.678100585937500000e+00 7.789307832717895508e-02 -9.638112783432006836e-01 -7.896873168647289276e-03 5.393535494804382324e-01 1.595468670129776001e-01 -8.267890214920043945e-01
1.403715588912143230e+09 2.798614978790283203e+00 1.132250428199768066e-01 -7.907936573028564453e-01 3.257622942328453064e-02 4.716498255729675293e-01 1.857861280441284180e-01 -8.613761663436889648e-01
1.403715589112143278e+09 2.878184080123901367e+00 1.105575859546661377e-01 -6.206101179122924805e-01 5.392526835203170776e-02 4.185131192207336426e-01 1.846665740013122559e-01 -8.876019120216369629e-01
1.403715589312143087e+09 2.895839691162109375e+00 4.679384827613830566e-02 -4.476591348648071289e-01 7.207100093364715576e-02 3.749982118606567383e-01 1.764017492532730103e-01 -9.072290658950805664e-01
1.403715589512143135e+09 2.845241785049438477e+00 -5.425497144460678101e-02 -2.518389821052551270e-01 8.960957825183868408e-02 3.376531600952148438e-01 1.699280738830566406e-01 -9.214581251144409180e-01
1.403715589712143183e+09 2.716336965560913086e+00 -2.266543209552764893e-01 -2.851611375808715820e-02 5.285782739520072937e-02 3.296403586864471436e-01 1.548437178134918213e-01 -9.298207759857177734e-01
1.403715589912143230e+09 2.529991865158081055e+00 -4.432359933853149414e-01 1.995434910058975220e-01 -1.244877930730581284e-02 3.409097194671630859e-01 1.247686147689819336e-01 -9.316965341567993164e-01
1.403715590112143278e+09 2.237780570983886719e+00 -7.259673476219177246e-01 5.225996971130371094e-01 -1.940808072686195374e-02 3.520932197570800781e-01 1.423329114913940430e-01 -9.248757362365722656e-01
1.403715590512143135e+09 2.031561613082885742e+00 -8.844209909439086914e-01 7.031143903732299805e-01 -2.993674576282501221e-02 3.815691769123077393e-01 1.852018088102340698e-01 -9.051016569137573242e-01
1.403715590612143278e+09 1.793397426605224609e+00 -1.027208089828491211e+00 8.399187326431274414e-01 -2.128929086029529572e-02 4.389784932136535645e-01 2.127712219953536987e-01 -8.726815581321716309e-01
1.403715590812143087e+09 1.526675462722778320e+00 -1.155050873756408691e+00 9.341703653335571289e-01 -1.742432639002799988e-02 5.152227282524108887e-01 2.058721184730529785e-01 -8.317804932594299316e-01
1.403715591012143135e+09 1.245470523834228516e+00 -1.270739436149597168e+00 1.009139657020568848e+00 -2.025145106017589569e-02 5.858191251754760742e-01 2.290469855070114136e-01 -7.771379947662353516e-01
1.403715591212143183e+09 9.618659019470214844e-01 -1.367415904998779297e+00 1.063140511512756348e+00 -3.539624810218811035e-02 6.466630101203918457e-01 2.755620181560516357e-01 -7.103798985481262207e-01
1.403715591412143230e+09 6.737540960311889648e-01 -1.444851517677307129e+00 1.082448482513427734e+00 -4.502041637897491455e-02 7.043958902359008789e-01 3.055972754955291748e-01 -6.390696763992309570e-01
1.403715591612143278e+09 3.822885751724243164e-01 -1.473360419273376465e+00 1.072699189186096191e+00 -4.290612414479255676e-02 7.583452463150024414e-01 3.186222016811370850e-01 -5.670550465583801270e-01
1.403715591812143087e+09 9.557104110717773438e-02 -1.436641335487365723e+00 1.034715175628662109e+00 -5.525438115000724792e-02 7.976863384246826172e-01 3.295419216156005859e-01 -5.020415186882019043e-01
1.403715592012143135e+09 -3.120378255844116211e-01 -1.282892227172851562e+00 9.255347251892089844e-01 -9.636271744966506958e-02 8.461062908172607422e-01 3.443835973739624023e-01 -3.952446579933166504e-01
1.403715592312143087e+09 -5.204675197601318359e-01 -1.190786600112915039e+00 7.754325866699218750e-01 -1.183888539671897888e-01 8.783945441246032715e-01 3.410489261150360107e-01 -3.131976723670959473e-01
1.403715592512143135e+09 -6.567013263702392578e-01 -1.114463567733764648e+00 5.651980042457580566e-01 -1.364967525005340576e-01 9.004632830619812012e-01 3.435166478157043457e-01 -2.291963249444961548e-01
1.403715592712143183e+09 -7.011928558349609375e-01 -1.025543332099914551e+00 3.244620561599731445e-01 -1.391777992248535156e-01 9.177438020706176758e-01 3.438163399696350098e-01 -1.420077383518218994e-01
1.403715592912143230e+09 -6.546527743339538574e-01 -9.361846446990966797e-01 5.862689018249511719e-02 -6.633521616458892822e-02 9.345229864120483398e-01 3.451028168201446533e-01 -5.630727484822273254e-02
1.403715593112143278e+09 -5.757583975791931152e-01 -8.411192893981933594e-01 -2.035938799381256104e-01 -3.254254907369613647e-02 9.404357075691223145e-01 3.365090489387512207e-01 3.582555800676345825e-02
1.403715593312143087e+09 -5.005711317062377930e-01 -7.429571747779846191e-01 -4.526087939739227295e-01 -5.566466599702835083e-02 9.348415732383728027e-01 3.291050493717193604e-01 1.210890486836433411e-01
1.403715593512143135e+09 -4.041875600814819336e-01 -6.454749107360839844e-01 -6.869144439697265625e-01 -8.210600912570953369e-02 9.241649508476257324e-01 3.138272166252136230e-01 2.017182111740112305e-01
1.403715593712143183e+09 -2.754552960395812988e-01 -5.680317878723144531e-01 -8.978270292282104492e-01 -7.569686323404312134e-02 9.149455428123474121e-01 2.798844575881958008e-01 2.807301282882690430e-01
1.403715593912143230e+09 -1.199038028717041016e-01 -5.020506978034973145e-01 -1.056475400924682617e+00 -7.837677747011184692e-02 8.866189718246459961e-01 2.730175852775573730e-01 3.650006055831909180e-01
1.403715594112143278e+09 5.501389503479003906e-02 -4.499680995941162109e-01 -1.167535305023193359e+00 -7.276704162359237671e-02 8.481619954109191895e-01 2.802002429962158203e-01 4.436372220516204834e-01
1.403715594312143087e+09 3.477708101272583008e-01 -3.995682597160339355e-01 -1.267579078674316406e+00 -7.926429063081741333e-02 7.925799489021301270e-01 2.553678154945373535e-01 5.480161309242248535e-01
1.403715594612143278e+09 5.604114532470703125e-01 -3.857474327087402344e-01 -1.282809019088745117e+00 -9.276299178600311279e-02 7.407414317131042480e-01 2.411852329969406128e-01 6.201022863388061523e-01
1.403715594812143087e+09 7.928695678710937500e-01 -3.860301375389099121e-01 -1.249657988548278809e+00 -8.363917469978332520e-02 6.709368824958801270e-01 2.633422017097473145e-01 6.881127953529357910e-01
1.403715595012143135e+09 1.057460784912109375e+00 -3.898406624794006348e-01 -1.191956520080566406e+00 -7.757676392793655396e-02 6.065139770507812500e-01 2.563855946063995361e-01 7.485914826393127441e-01
1.403715595212143183e+09 1.352452516555786133e+00 -3.961476087570190430e-01 -1.125660419464111328e+00 -5.307153612375259399e-02 5.436421036720275879e-01 2.342889457941055298e-01 8.042048215866088867e-01
1.403715595412143230e+09 1.666255474090576172e+00 -3.991295695304870605e-01 -1.052248239517211914e+00 -2.721215598285198212e-02 4.786680042743682861e-01 1.955431699752807617e-01 8.555111885070800781e-01
1.403715595612143278e+09 1.978575468063354492e+00 -3.954528868198394775e-01 -9.797841310501098633e-01 -1.062892563641071320e-02 4.232469797134399414e-01 1.084471121430397034e-01 8.994377255439758301e-01
1.403715595812143087e+09 2.242874383926391602e+00 -4.083516299724578857e-01 -8.975361585617065430e-01 2.291749231517314911e-02 3.731033802032470703e-01 1.196084171533584595e-02 9.274296164512634277e-01
1.403715596012143135e+09 2.398866653442382812e+00 -5.123975872993469238e-01 -8.109703660011291504e-01 6.594996154308319092e-02 2.890780270099639893e-01 4.739849537145346403e-04 9.550310373306274414e-01
1.403715596412143230e+09 2.303128004074096680e+00 -5.724344849586486816e-01 -8.338065743446350098e-01 -4.299038648605346680e-02 2.427570074796676636e-01 5.282396078109741211e-02 9.676933884620666504e-01
1.403715596612143278e+09 2.179252862930297852e+00 -6.470229625701904297e-01 -8.306228518486022949e-01 -1.064276248216629028e-01 1.913055330514907837e-01 7.867286354303359985e-02 9.725667238235473633e-01
1.403715596812143087e+09 1.988846182823181152e+00 -8.550339937210083008e-01 -5.914708375930786133e-01 -1.513237357139587402e-01 1.202817112207412720e-01 8.079054951667785645e-02 9.778069257736206055e-01
1.403715597212143183e+09 1.951728940010070801e+00 -1.002054333686828613e+00 -3.332522213459014893e-01 -8.386081457138061523e-02 1.009675189852714539e-01 8.182797580957412720e-02 9.879661798477172852e-01
1.403715597412143230e+09 1.938549876213073730e+00 -1.162585854530334473e+00 -3.055652603507041931e-02 -8.787746541202068329e-03 6.855448335409164429e-02 7.035250961780548096e-02 9.951249361038208008e-01
1.403715597612143278e+09 1.944476842880249023e+00 -1.302123785018920898e+00 2.687874734401702881e-01 1.375251263380050659e-02 2.052858285605907440e-02 4.133056104183197021e-02 9.988399744033813477e-01
1.403715597912143230e+09 1.982536554336547852e+00 -1.538098335266113281e+00 8.192558288574218750e-01 3.543758019804954529e-02 -3.018437884747982025e-02 8.962708525359630585e-03 9.988757967948913574e-01
1.403715598312143087e+09 2.020287513732910156e+00 -1.633347868919372559e+00 1.167577266693115234e+00 9.604682028293609619e-02 -3.089386411011219025e-02 1.081770379096269608e-02 9.948384761810302734e-01
1.403715598512143135e+09 2.102759599685668945e+00 -1.594553112983703613e+00 1.383019804954528809e+00 5.027766898274421692e-02 -1.919622160494327545e-02 1.090537104755640030e-02 9.984912276268005371e-01
1.403715599012143135e+09 2.179145812988281250e+00 -1.378662109375000000e+00 1.334936857223510742e+00 9.626208804547786713e-03 -2.643941529095172882e-02 3.377204015851020813e-02 9.990334510803222656e-01
1.403715599812143087e+09 2.301806449890136719e+00 -1.172617435455322266e+00 1.262748956680297852e+00 3.261783346533775330e-02 -3.217049315571784973e-02 5.587193742394447327e-02 9.973863363265991211e-01
1.403715600012143135e+09 2.516966581344604492e+00 -9.315616488456726074e-01 1.136756420135498047e+00 6.227870471775531769e-03 -1.627764850854873657e-02 -3.991951793432235718e-02 9.990509152412414551e-01
1.403715600412143230e+09 2.578181982040405273e+00 -7.554170489311218262e-01 1.012075662612915039e+00 -1.066007930785417557e-02 -9.862973541021347046e-02 -8.749271929264068604e-02 9.912132620811462402e-01
1.403715600612143278e+09 2.545813083648681641e+00 -6.586766839027404785e-01 9.247472286224365234e-01 -3.465276584029197693e-02 -1.866620182991027832e-01 -8.195090293884277344e-02 9.783867001533508301e-01
1.403715600812143087e+09 2.485166788101196289e+00 -6.138532161712646484e-01 8.478474617004394531e-01 -2.552854456007480621e-02 -2.635743618011474609e-01 -1.048338338732719421e-01 9.585857987403869629e-01
1.403715601012143135e+09 2.299845933914184570e+00 -6.834009289741516113e-01 7.092198729515075684e-01 4.222324118018150330e-03 -3.299350142478942871e-01 -1.407328546047210693e-01 9.334449172019958496e-01
1.403715601512143135e+09 2.025650501251220703e+00 -8.013020753860473633e-01 5.545660853385925293e-01 6.996284238994121552e-03 -3.432004153728485107e-01 -1.312678307294845581e-01 9.300179481506347656e-01
1.403715601912143230e+09 1.782278776168823242e+00 -8.737156987190246582e-01 4.294449388980865479e-01 4.249684512615203857e-02 -3.319546282291412354e-01 -1.067424863576889038e-01 9.362725615501403809e-01
1.403715602112143278e+09 1.502693057060241699e+00 -8.929087519645690918e-01 2.035222053527832031e-01 4.049513861536979675e-02 -2.518241405487060547e-01 -6.410454958677291870e-02 9.647981524467468262e-01
1.403715602612143278e+09 1.297950029373168945e+00 -8.168474435806274414e-01 -6.274459511041641235e-02 4.327424801886081696e-03 -1.375705152750015259e-01 -5.407784134149551392e-02 9.890051484107971191e-01
1.403715603012143135e+09 1.059392333030700684e+00 -5.956603884696960449e-01 -2.644121646881103516e-01 -6.802153307944536209e-03 -3.544099628925323486e-02 -1.694793626666069031e-02 9.992049336433410645e-01
1.403715603412143230e+09 7.744655013084411621e-01 -3.997525572776794434e-01 -4.325035214424133301e-01 -2.267860434949398041e-02 1.374298520386219025e-02 3.007510863244533539e-02 9.991958141326904297e-01
1.403715603812143087e+09 5.468364953994750977e-01 -3.019462227821350098e-01 -5.676804780960083008e-01 -4.783267900347709656e-02 8.209293708205223083e-03 7.883656024932861328e-02 9.957055449485778809e-01
1.403715604412143230e+09 4.005388617515563965e-01 -2.626511752605438232e-01 -5.715693235397338867e-01 -1.188932172954082489e-02 2.899855375289916992e-02 2.350127324461936951e-02 9.992324709892272949e-01
1.403715605112143278e+09 2.650972902774810791e-01 -2.792079746723175049e-01 -4.632287621498107910e-01 -7.959775626659393311e-03 2.333689108490943909e-02 2.331194654107093811e-02 9.994241595268249512e-01
1.403715605512143135e+09 1.469471305608749390e-01 -2.527502477169036865e-01 -3.063496351242065430e-01 -5.577742122113704681e-03 1.479614246636629105e-02 1.965357549488544464e-02 9.996818304061889648e-01
1.403715606212143183e+09 5.950323492288589478e-02 -1.968133896589279175e-01 -1.604563146829605103e-01 -2.314528683200478554e-03 3.094107378274202347e-03 2.735536172986030579e-02 9.996183514595031738e-01
1.403715606612143278e+09 7.360318675637245178e-03 -2.085504233837127686e-01 -7.410639524459838867e-02 7.758139632642269135e-03 -1.407721079885959625e-02 4.601742699742317200e-02 9.988113045692443848e-01
1.403715607112143278e+09 6.890974007546901703e-03 -1.554683595895767212e-01 -1.014409027993679047e-02 6.496594287455081940e-03 -6.048798561096191406e-03 7.652568630874156952e-03 9.999313950538635254e-01
1.403715607612143278e+09 -2.929624542593955994e-02 -1.197790130972862244e-01 -2.377424575388431549e-02 4.302639514207839966e-03 -8.054053760133683681e-04 8.675492368638515472e-03 9.999528527259826660e-01
1.403715607912143230e+09 -4.303663223981857300e-02 -1.020928993821144104e-01 -2.771678380668163300e-02 1.780656515620648861e-03 -2.178277121856808662e-03 6.154983770102262497e-03 9.999771714210510254e-01
