1.403715528712143104e+18 5.514683539013923719e-01 2.051227525071205982e+00 9.571438137438785798e-01 -4.181752985856575511e-01 7.070349325673518370e-01 -4.995718680327543293e-01 2.750617611601821055e-01
1.403715528812143104e+18 5.621898224156759438e-01 2.054240775470913771e+00 9.797875489562343221e-01 -4.156581720902684518e-01 7.064508246286339554e-01 -5.020752284921513597e-01 2.758187471704089400e-01
1.403715528912143104e+18 5.738068612493167908e-01 2.058200544576986424e+00 1.005560250806121658e+00 -4.140936126564215836e-01 7.052009390001744427e-01 -5.050753655706189393e-01 2.758930783548792509e-01
1.403715529012143104e+18 5.856547402019331994e-01 2.064174086102832817e+00 1.030962689806576460e+00 -4.159985021706919528e-01 7.048378406244265593e-01 -5.052179757495079970e-01 2.736853331751747387e-01
1.403715529212143104e+18 6.128078361518356498e-01 2.085270800489846810e+00 1.097540885500534857e+00 -4.296118373040042626e-01 6.999382306179398050e-01 -4.938051202512255267e-01 2.857912626050316263e-01
1.403715529312143104e+18 6.276842938023994289e-01 2.098136225857630599e+00 1.139875674307513576e+00 -4.443363443726622286e-01 6.951593703470564378e-01 -4.838502014413343932e-01 2.919034865386208044e-01
1.403715529412143104e+18 6.444233601239421905e-01 2.110845966405561214e+00 1.175913027273201017e+00 -4.610262494230685792e-01 6.873015603447230060e-01 -4.754042179980301208e-01 2.984328936298560886e-01
1.403715529812143104e+18 7.419537865301160107e-01 2.156975124038441383e+00 1.253777671550151851e+00 -4.923686454595888606e-01 6.600681324036592468e-01 -4.688472231778385568e-01 3.194768518560691106e-01
1.403715530012143104e+18 8.049843805794241192e-01 2.185526158360501903e+00 1.300583177558971792e+00 -4.933897111112515721e-01 6.529557316320926397e-01 -4.717724192389443072e-01 3.280947880472781519e-01
1.403715530312143104e+18 8.991806150857679647e-01 2.251686351720323831e+00 1.406112586484058458e+00 -5.022747478384951281e-01 6.433049610918784023e-01 -4.838966925174192357e-01 3.157891633496234807e-01
1.403715530512143104e+18 1.028956680312878014e+00 2.420312540559670378e+00 1.652857914670460948e+00 -5.069610179195297439e-01 6.434435012440198332e-01 -4.643818406982859193e-01 3.366310934041936154e-01
1.403715530912143104e+18 1.161145346899457254e+00 2.619451683671869535e+00 1.814872088092486679e+00 -5.463549959985871673e-01 6.320361131534290022e-01 -4.239262517832512178e-01 3.497329024645701723e-01
1.403715531312143104e+18 1.300132838092268095e+00 2.753628539344749271e+00 1.910917564008659086e+00 -5.353172890571421538e-01 6.334485902358942822e-01 -4.067317984921666740e-01 3.830763992469356505e-01
1.403715532312143104e+18 1.713867397467274900e+00 2.717267006460565071e+00 1.798071153151894253e+00 -4.511499634690352423e-01 6.547040947275665213e-01 -4.628342812937458750e-01 3.919319926570778989e-01
1.403715533412143104e+18 1.617669813319301264e+00 2.572343801945422115e+00 1.796133280052912840e+00 -4.351868234435435912e-01 6.745222177112732975e-01 -4.724791090333729793e-01 3.638621965002871717e-01
1.403715533912143104e+18 1.228202185187353024e+00 2.043802773419199248e+00 1.999373283932258216e+00 -4.263696334540166277e-01 7.015844155508584867e-01 -4.591376753640258324e-01 3.393830263666208769e-01
1.403715534312143104e+18 8.867991591619541758e-01 1.512053870653311982e+00 2.026115524265609036e+00 -4.518893280261823131e-01 6.867987406194328015e-01 -4.809122586080220585e-01 3.046751132274139184e-01
1.403715534512143104e+18 7.294761119390534843e-01 1.252301963281655217e+00 1.974311979628105673e+00 -4.379705940174520307e-01 6.963683663018029879e-01 -4.884264389482416147e-01 2.910197088282822087e-01
1.403715534712143104e+18 5.822423848570321692e-01 9.910657146220798186e-01 1.912335027576606450e+00 -4.093671904784205173e-01 7.208613419076083106e-01 -4.940599255003575996e-01 2.620729270976842606e-01
1.403715534912143104e+18 4.576421516856118421e-01 7.350395119082193673e-01 1.848485277290309314e+00 -3.733059542821782206e-01 7.500762934791663783e-01 -4.991014737329906303e-01 2.211920825336777530e-01
1.403715535312143104e+18 3.110790185921651352e-01 8.739034856522653882e-02 1.710463481191605961e+00 -3.115254442149423264e-01 7.891154624086961222e-01 -4.887530839978395103e-01 2.033939710925412037e-01
1.403715536012143104e+18 3.422075650514271317e-01 -9.439025833100858076e-01 1.550855227955515669e+00 -4.000356808718604773e-01 7.422005846950410213e-01 -4.895965106886094320e-01 2.222723618205021123e-01
1.403715536412143104e+18 4.638821771518060744e-01 -1.366806642610573830e+00 1.507274460268853700e+00 -4.353207451971553010e-01 7.134754137118434203e-01 -5.055262827255442293e-01 2.142238555889617591e-01
1.403715536712143104e+18 6.901257853033866407e-01 -1.712517648025755346e+00 1.500406835764076963e+00 -4.365383400670450609e-01 6.788320248006143309e-01 -5.435951169551733742e-01 2.304901485510790493e-01
1.403715536912143104e+18 9.486777983897636268e-01 -1.900291962212780961e+00 1.515204543328926512e+00 -4.375182318701944517e-01 6.272849219294956979e-01 -5.984640601863147058e-01 2.386046775870002690e-01
1.403715537212143104e+18 1.148563488317852377e+00 -1.829777960358148770e+00 1.572720941448273457e+00 -4.027125869596876462e-01 6.227926699022481305e-01 -6.055195147016712021e-01 2.886138942180673239e-01
1.403715537512143104e+18 1.198784304317773719e+00 -1.661498767498664098e+00 1.610253941346059037e+00 -3.976271367029902692e-01 6.861448942047311261e-01 -5.316665925928804048e-01 2.973692630969720918e-01
1.403715537812143104e+18 1.200588554893118776e+00 -1.277761595519306237e+00 1.713289950853081223e+00 -3.791488325226967659e-01 6.954538589921324121e-01 -5.281964735365444197e-01 3.059388470808919180e-01
1.403715538212143104e+18 1.056750266510177338e+00 -9.247809475966901616e-01 1.748651514878872826e+00 -3.456778118383656562e-01 7.243901155627681110e-01 -5.262007266183904575e-01 2.808533535207954346e-01
1.403715538912143104e+18 6.146774162994097512e-01 -4.153537809162937133e-01 1.682263984570574467e+00 -2.259767730000469821e-01 7.753963151752635286e-01 -5.702552176110108340e-01 1.500134636108626796e-01
1.403715539312143104e+18 2.747095298825633081e-01 -3.065980851668625995e-02 1.483175911368382671e+00 -8.853966844099020461e-02 8.158978688698327320e-01 -5.696030356489870661e-01 4.498640311787148460e-02
1.403715539512143104e+18 1.203668915681140872e-01 1.563098145369745673e-01 1.388195184452084341e+00 -3.923850637564166299e-02 8.234826226788830583e-01 -5.654350682638832337e-01 2.489765733427534017e-02
1.403715539812143104e+18 -1.686344276371761763e-01 4.825218425852455528e-01 1.406045017123073837e+00 -1.737118478462792645e-02 8.324797440747936372e-01 -5.531538961758858397e-01 2.639099827179481120e-02
1.403715540212143104e+18 -5.003526273214101705e-01 6.591838986714193549e-01 1.554820009025863925e+00 -2.790646294073114569e-02 8.473471507087876331e-01 -5.290135041563928109e-01 3.699659351900947551e-02
1.403715541012143104e+18 -1.233106661360569678e+00 3.367057687219527917e-01 1.746248740223193874e+00 -1.737187344146222043e-02 8.411241880682035488e-01 -5.397063353849361755e-01 3.042022033289455696e-02
1.403715541412143104e+18 -1.640813827826118843e+00 -5.930474272072183695e-02 1.790959469862078102e+00 -1.999262771809420108e-02 8.416212651299026515e-01 -5.395574217772095560e-01 1.231785383896105181e-02
1.403715541712143104e+18 -1.842570119065172429e+00 -2.940379118026812399e-01 1.801802644398364350e+00 4.466549799138545829e-02 -8.397689437263844425e-01 5.406628202663132932e-01 2.183641965914030411e-02
1.403715541912143104e+18 -2.005843995136642022e+00 -5.519736777976564923e-01 1.811001533764016402e+00 7.883030206426916431e-02 -8.237772313904272448e-01 5.589289485843014216e-01 5.268099233713510049e-02
1.403715542312143104e+18 -2.115372998953637840e+00 -1.042146428728244478e+00 1.864956718278876657e+00 -1.358587754075545884e-01 7.791981994437668924e-01 -6.115577661320108493e-01 1.973975207483828764e-02
1.403715542512143104e+18 -2.066309519262326866e+00 -1.347126776522813874e+00 1.909837776937822307e+00 -1.703245017517224791e-01 7.736050936808183121e-01 -6.020513228961233976e-01 1.002942058802384906e-01
1.403715543012143104e+18 -2.133961104565255784e+00 -1.543241385055961867e+00 1.745397744749998203e+00 -1.604596548934919542e-01 7.554927492648010334e-01 -6.325103902752898799e-01 5.842954007669987071e-02
1.403715544012143104e+18 -2.171252603648578194e+00 -1.384898634709346155e+00 1.644175534056270038e+00 7.810539259875524942e-02 -7.843866025290955335e-01 6.153118512508013449e-01 5.341453937735230091e-03
1.403715544312143104e+18 -2.173193698128049078e+00 -1.238035183805798134e+00 1.518872138877353839e+00 -2.025683070149738793e-02 -7.996461886280852305e-01 5.987961741756491207e-01 3.998469225982559383e-02
1.403715544512143104e+18 -2.157515306834727475e+00 -1.069516218211338021e+00 1.373448966976122954e+00 -9.870292898502146250e-02 -7.971794230022650751e-01 5.904540667661846154e-01 7.827320352986032181e-02
1.403715544712143104e+18 -2.108807363275240654e+00 -7.809783416216826701e-01 1.307698640312688232e+00 -1.275275157376908886e-01 -7.815720691690715149e-01 6.005762489383531522e-01 1.104083449549286833e-01
1.403715545512143104e+18 -1.867135199167498261e+00 1.135093276461875966e-01 1.362222934748246406e+00 -2.211125195510599273e-01 -7.810972672306529807e-01 5.736871022635929851e-01 1.089927590209048003e-01
1.403715545912143104e+18 -1.825085057195948490e+00 6.030083961428798212e-01 1.377624543529549772e+00 -1.384173784968855125e-01 -7.993579218426087873e-01 5.757497035962837462e-01 1.018814061853647868e-01
1.403715546212143104e+18 -1.811865490938832757e+00 8.564488619840677774e-01 1.396266592680719398e+00 -6.303200912167236658e-02 -8.097945293904432740e-01 5.807292813907998230e-01 5.489342156143497964e-02
1.403715546412143104e+18 -1.799598499451411371e+00 1.109106170385550261e+00 1.423877966580264331e+00 -1.805767233352170015e-02 8.153218580999447296e-01 -5.787108613792530942e-01 4.234040154699844627e-03
1.403715546812143104e+18 -1.770781647660863989e+00 1.584403028406204728e+00 1.474328117992838250e+00 -1.910177860416470419e-01 8.227702078329810487e-01 -5.239365504601354306e-01 1.097810621653632912e-01
1.403715547012143104e+18 -1.742967534612965386e+00 1.773717334186187378e+00 1.495727569228165521e+00 -2.791673413374928803e-01 8.021615340818435413e-01 -5.076707774700436326e-01 1.444743938315045662e-01
1.403715547212143104e+18 -1.686637761147264936e+00 1.927310483228824589e+00 1.517435994324962900e+00 -3.569885502692020651e-01 7.714693846682288969e-01 -4.941550852872015898e-01 1.822221588641630696e-01
1.403715547412143104e+18 -1.588172630179477407e+00 2.055048607387802928e+00 1.532651332919856113e+00 -4.170832406346147714e-01 7.493253767619887373e-01 -4.668068468336962207e-01 2.159731878530615212e-01
1.403715547812143104e+18 -1.236745536772429821e+00 2.259771023847634730e+00 1.548025950641875648e+00 -5.316027002416239267e-01 6.789200661548223659e-01 -4.195537702210546116e-01 2.836207798477468622e-01
1.403715548012143104e+18 -9.777549718187151795e-01 2.345317085802022916e+00 1.559829859423249587e+00 -5.508912962982547290e-01 6.367858729360770242e-01 -4.262374901552081208e-01 3.306722450978550887e-01
1.403715548212143104e+18 -6.901827764220589412e-01 2.428786037567227218e+00 1.563915523050425360e+00 -5.539218877797617013e-01 6.102198162296977868e-01 -4.446437257335669191e-01 3.508479375525411226e-01
1.403715548512143104e+18 -3.985539250219566343e-01 2.525067399052799644e+00 1.530961209074394480e+00 -5.519820063488709572e-01 6.091966018874956923e-01 -4.484522014160279846e-01 3.508361269323911347e-01
1.403715548712143104e+18 -1.081811019111639238e-01 2.634850040698243134e+00 1.482476691105588662e+00 -5.410814764141057553e-01 6.198856517839562708e-01 -4.442241831499654237e-01 3.544537906394238380e-01
1.403715548912143104e+18 1.808932044902902270e-01 2.752885159252060454e+00 1.436435829100990214e+00 -5.316388730194123724e-01 6.264446271900538932e-01 -4.459410386263235604e-01 3.550546828704546631e-01
1.403715549212143104e+18 8.575512443832321585e-01 3.061466972948502008e+00 1.349932117810136223e+00 -5.299897305097417410e-01 5.912202784596156668e-01 -4.517541308086305274e-01 4.068017615370962958e-01
1.403715550012143104e+18 1.584286635410665500e+00 3.221804103021232102e+00 1.278034132281631541e+00 -4.167639370245027064e-01 7.075845054687447400e-01 -4.384693420864528846e-01 3.652076456848372676e-01
1.403715550312143104e+18 1.702473777142075706e+00 3.099077938495368834e+00 1.324558294601372088e+00 -3.765117043156033794e-01 7.347096352335901193e-01 -4.713796221814720022e-01 3.102288513345228815e-01
1.403715550512143104e+18 1.797852590731415567e+00 2.930562264756579882e+00 1.391599040453921132e+00 -3.264408040808693401e-01 7.562072236814152415e-01 -5.039960860320085168e-01 2.599518831389718843e-01
1.403715550712143104e+18 1.876920946264380330e+00 2.742202302526815405e+00 1.418663706205866681e+00 -2.536125946964903344e-01 7.830227727837441032e-01 -5.176460674604757006e-01 2.336633004048256634e-01
1.403715550912143104e+18 1.926394050322451701e+00 2.528572441719895814e+00 1.399699595329323198e+00 -1.793229499764680546e-01 8.046567620419745603e-01 -5.265746835279299098e-01 2.075810144963253223e-01
1.403715551312143104e+18 1.869200340184457909e+00 2.006332054587103730e+00 1.451539399268612751e+00 -4.703403809535743746e-02 8.205520218598314486e-01 -5.555234558211717966e-01 1.259994790254707897e-01
1.403715551512143104e+18 1.752807840588210153e+00 1.722739714276320333e+00 1.497962585663732860e+00 1.609008760175941605e-02 8.170739169296943327e-01 -5.713940191786299749e-01 7.510125299238111507e-02
1.403715551712143104e+18 1.575177422227772350e+00 1.443223975299244621e+00 1.539791453747719308e+00 6.874105119546015941e-02 7.966222067569824761e-01 -6.005055396672601686e-01 7.799000648195884497e-03
1.403715551912143104e+18 1.371809937169138793e+00 1.210213769419748342e+00 1.581963932034004650e+00 -1.262197695761698435e-01 -7.690299707375665150e-01 6.247450684618593986e-01 4.852909754057359304e-02
1.403715552312143104e+18 9.553247088488779903e-01 9.278180361266668008e-01 1.639405367308169659e+00 -2.230943207724309651e-01 -7.342963666309051396e-01 6.160781045793569666e-01 1.774416497039129625e-01
1.403715552512143104e+18 7.795521451656385326e-01 8.808336770479583411e-01 1.664575016523509809e+00 -2.919702705766757389e-01 -7.031329340071361678e-01 6.068615531041038347e-01 2.282027466486184486e-01
1.403715552712143104e+18 6.465742173017441363e-01 8.902202372857273005e-01 1.681557306794059903e+00 -3.767334271190264650e-01 -6.650423462832401045e-01 5.865253648944426246e-01 2.679152830218474168e-01
1.403715552912143104e+18 5.427403181140810773e-01 9.748461782087933791e-01 1.684219285891844553e+00 -4.672690094927826610e-01 -6.254096771913458808e-01 5.518611702982274547e-01 2.932092378492218154e-01
1.403715553312143104e+18 4.089482600711979998e-01 1.348582167834578849e+00 1.656669399589281166e+00 -5.776300211438988308e-01 -5.159503749289404695e-01 4.951373529744857449e-01 3.936721617963415132e-01
1.403715553512143104e+18 4.079965151373599608e-01 1.628421512960552819e+00 1.625245681623059157e+00 -5.930948958466950582e-01 -4.643971415960386206e-01 4.544631371387828356e-01 4.754334826029847916e-01
1.403715553712143104e+18 4.864490781182119195e-01 1.918132030036730384e+00 1.582429290422977752e+00 -6.215466401856105660e-01 -4.605778270731860635e-01 3.958548143690083232e-01 4.948199725389018644e-01
1.403715553912143104e+18 6.170728846694819580e-01 2.192484120931667668e+00 1.542986116362033311e+00 -6.527814774554261401e-01 -4.853300133959979057e-01 3.406547868853738725e-01 4.714715653782652338e-01
1.403715554312143104e+18 8.252194361265341449e-01 2.711593435410210695e+00 1.470151440954582167e+00 -6.736468983003942590e-01 -5.400397290608723866e-01 2.721905976706170405e-01 4.248166969244849822e-01
1.403715554512143104e+18 8.351126200845414571e-01 2.945042545614544593e+00 1.399721847769755279e+00 -5.630919467497561559e-01 -5.967050718609806514e-01 2.258765108787576248e-01 5.252145452614485066e-01
1.403715554712143104e+18 7.487540879209724221e-01 2.885142330132935307e+00 1.271481794909644636e+00 -4.955521847320818463e-01 -5.869891989185809233e-01 2.435861908637158013e-01 5.920620577107509330e-01
1.403715555212143104e+18 7.183951064771454398e-01 2.501453063079787320e+00 1.331148749299633449e+00 -6.093038602212031973e-01 -5.221662121551864377e-01 3.436808928241504857e-01 4.878265026734806553e-01
1.403715555312143104e+18 7.085429585607998515e-01 2.288757644708041550e+00 1.357417357767471744e+00 -6.643986289834816761e-01 -4.836231070179524694e-01 3.918897417303245367e-01 4.136491055105901427e-01
1.403715555412143104e+18 6.992925479731741945e-01 2.094137184322284018e+00 1.366741967039853733e+00 -6.849965155216343193e-01 -4.624355082143019047e-01 4.144057906993127705e-01 3.810525096370276366e-01
1.403715555512143104e+18 6.817072933935822698e-01 1.787476918695196204e+00 1.397566351119237327e+00 -6.654529649543793335e-01 -4.682246701214883844e-01 4.091145746608405576e-01 4.129930683717683570e-01
1.403715555812143104e+18 6.795915973638867458e-01 1.566726513869872051e+00 1.475814172730510299e+00 -6.605861543420636917e-01 -4.844438416294881700e-01 3.999936806378235898e-01 4.110293814907070575e-01
1.403715555912143104e+18 6.878565658053537035e-01 1.373318856436954949e+00 1.658039851725447988e+00 -6.805127611853161174e-01 -4.784761283508782159e-01 4.190442892494982141e-01 3.638198181925688113e-01
1.403715556312143104e+18 7.075639571693859153e-01 1.540116895799708896e+00 1.846006201634767807e+00 -6.331372112160648102e-01 -5.319524503029755547e-01 3.769341310938172374e-01 4.172343744309106039e-01
1.403715556912143104e+18 6.824110111504566589e-01 1.792149143071551265e+00 1.791188491306852315e+00 -6.263602150810944069e-01 -5.603883725104055191e-01 3.467012280661337376e-01 4.164564939776292385e-01
1.403715557312143104e+18 5.029840779634751069e-01 2.029917862409390317e+00 1.745061255446410886e+00 -6.445511486479414964e-01 -5.567608112801059050e-01 3.420068114511062296e-01 3.969918849553288887e-01
1.403715558412143104e+18 -5.817625622653485040e-01 2.580451491805599851e+00 1.856900180161343838e+00 -6.056188456283935206e-01 -5.084068829677950152e-01 3.712131226603490042e-01 4.867741496171046345e-01
1.403715558812143104e+18 -1.012783889248647373e+00 2.648230610962072351e+00 1.842671017995218818e+00 -5.404072683249135922e-01 -5.657455989255888440e-01 4.065865772492632813e-01 4.717830612036220117e-01
1.403715559312143104e+18 -1.085282128238856725e+00 2.540422556725013159e+00 1.823750445019903577e+00 -5.019466343576786116e-01 -6.348193198594723752e-01 4.253855961884826509e-01 4.050939421239538318e-01
1.403715559712143104e+18 -1.096825968733521783e+00 2.347273282565298214e+00 1.699298386765233149e+00 -4.524539513551323333e-01 -6.840644653292868860e-01 4.339460031886824831e-01 3.728700785708778942e-01
1.403715560412143104e+18 -1.076779357895759182e+00 1.914785282970615343e+00 1.655692344832893292e+00 -3.820936576475188473e-01 -7.326990991041260060e-01 4.839756372275829110e-01 2.879653616803556360e-01
1.403715560812143104e+18 -1.072871750463598506e+00 1.496183880278078693e+00 1.667442032921496953e+00 -2.923120049076040061e-01 -7.718545986943212700e-01 5.116415785881597289e-01 2.387824644339304747e-01
1.403715561012143104e+18 -1.064496663698097478e+00 1.265435509347165866e+00 1.676457648068919726e+00 -2.404342988538865078e-01 -7.905300049607908441e-01 5.248426109391781669e-01 2.044355471386467837e-01
1.403715561212143104e+18 -1.045273685885974579e+00 1.018527447913443851e+00 1.688908657707817618e+00 -2.126744907935651796e-01 -7.987966808868863788e-01 5.417599992722315072e-01 1.522810781362644028e-01
1.403715561412143104e+18 -1.041176456123118932e+00 7.730983566251525829e-01 1.695385776436681313e+00 -1.887582677635398221e-01 -8.015003954881236847e-01 5.554192816326616322e-01 1.160898530188902295e-01
1.403715561912143104e+18 -1.036981464249048468e+00 1.117226902640895414e-01 1.724079447092851325e+00 -4.491127277506665877e-02 -7.789153444060940013e-01 6.207453074245148361e-01 7.713058496409855302e-02
1.403715562312143104e+18 -7.697989171941954645e-01 -2.299189245745973942e-01 1.769263444340994473e+00 2.168804516248117042e-02 -8.086009907489096760e-01 5.836405288846809869e-01 7.111820793666361051e-02
1.403715562812143104e+18 -5.836454376627085994e-01 -3.019167204914816605e-01 1.784816691555869639e+00 1.384159784395076059e-02 -8.165925168683568769e-01 5.768910167847416393e-01 1.348429889891270689e-02
1.403715563012143104e+18 -3.882137318737446385e-01 -3.674264365694344114e-01 1.794395816004342725e+00 -4.308471918509030468e-02 8.113503812243845204e-01 -5.825203857986435141e-01 2.289685543448487931e-02
1.403715563212143104e+18 -1.924482558209936744e-01 -4.219217151718035463e-01 1.801697685088168743e+00 -1.053202861310196525e-01 7.881855090423023347e-01 -6.033969400773058211e-01 5.986128440279150920e-02
1.403715563412143104e+18 5.128962728952135564e-03 -4.377432898365571923e-01 1.803068153178904121e+00 -1.848656124753894070e-01 7.669027817293591065e-01 -6.049903005763177521e-01 1.080350170474650151e-01
1.403715563812143104e+18 3.627092648220107129e-01 -3.595792989162063247e-01 1.706587240373277803e+00 -3.139461104771822941e-01 7.134023769568981210e-01 -5.913861037665472109e-01 2.067785398447328227e-01
1.403715564012143104e+18 5.201724221078126709e-01 -2.450096438846318669e-01 1.604031587782943191e+00 -3.574609639483159462e-01 6.973659578987719820e-01 -5.519232585029745231e-01 2.851019058872241718e-01
1.403715564212143104e+18 6.315928941102997296e-01 -1.080780454111458511e-01 1.508002532858101041e+00 -4.147071887195261652e-01 6.678823678451241141e-01 -5.136407267212820260e-01 3.436921503310352288e-01
1.403715564412143104e+18 6.870546492296610852e-01 3.000910314324412020e-02 1.452854182110380865e+00 -4.984644078193756767e-01 6.292709911663598721e-01 -4.628559889031916286e-01 3.759196554454621308e-01
1.403715564812143104e+18 7.337943868256753266e-01 2.717961290745929404e-01 1.533973184754395369e+00 -6.360359926219526505e-01 5.049294396328616319e-01 -3.893750817790514462e-01 4.346165238126690755e-01
1.403715565012143104e+18 7.425460290212368974e-01 4.063516341495689854e-01 1.658926230998868379e+00 -6.788660895086602309e-01 4.365354320890974527e-01 -3.564748327560947616e-01 4.706414162156994374e-01
1.403715565212143104e+18 7.297978520724213158e-01 5.506418497360734410e-01 1.772950421993838788e+00 -7.096249843048922923e-01 3.800113769164320532e-01 -3.022682373550218959e-01 5.105464207598041648e-01
1.403715565412143104e+18 6.964033947349848042e-01 6.924874680173884745e-01 1.839559505274765305e+00 -7.227886057932459973e-01 3.197013882114013161e-01 -2.608152634993579633e-01 5.543852920459911848e-01
1.403715565812143104e+18 5.516607596347643527e-01 8.789028767357867089e-01 1.945759340736608278e+00 -7.762973124193585095e-01 1.617884157622200003e-01 -1.409357787985714705e-01 5.927259885563245234e-01
1.403715566012143104e+18 4.441582112228936174e-01 9.115093790054409340e-01 2.009503385048803992e+00 -7.926528851487859573e-01 6.176973739200722346e-02 -6.661691960899587817e-02 6.028665600525847656e-01
1.403715566212143104e+18 3.349694324066396778e-01 9.106874367219474076e-01 2.075498139673745079e+00 -7.949271825448841478e-01 -3.593285907288782527e-02 4.619863014246211076e-03 6.056222097610278743e-01
1.403715566412143104e+18 2.240526288384446785e-01 8.770503805958653754e-01 2.121156082703555157e+00 -7.851482039490896847e-01 -1.262800247953640431e-01 6.956828058356905042e-02 6.022922110652327854e-01
1.403715566812143104e+18 2.307682507970598706e-02 7.071406461410798538e-01 2.100203798233802654e+00 -7.362613471036917323e-01 -2.924525197728712889e-01 1.975882482370228121e-01 5.773643880585120902e-01
1.403715567012143104e+18 -4.835641523156697374e-02 5.654601397728966639e-01 2.094686996815296798e+00 -6.982236317018046812e-01 -3.834516199707707629e-01 2.776631439447452276e-01 5.369839790623686104e-01
1.403715567212143104e+18 -1.023884847076693694e-01 3.876388565436399425e-01 2.085381238759906442e+00 -6.464910924993934049e-01 -4.811014988347518395e-01 3.497016751793891598e-01 4.778068161031454042e-01
1.403715567412143104e+18 -1.276098958407266837e-01 2.031022596131837332e-01 2.056365948060430160e+00 -5.727013604477675379e-01 -5.831351770828516745e-01 3.978245454972531570e-01 4.167758966035960411e-01
1.403715567812143104e+18 -1.429932643681746107e-01 -1.453123775396363282e-01 1.892854212238346490e+00 -3.927375840880046876e-01 -7.081381461912052977e-01 5.006405707547858519e-01 3.060336172186366999e-01
1.403715568012143104e+18 -1.293548468407675900e-01 -3.154635319481877698e-01 1.816707875891930168e+00 -2.944014385142486034e-01 -7.458562623415697646e-01 5.416256916943124056e-01 2.523248680238674435e-01
1.403715568212143104e+18 -8.332346624432118709e-02 -4.787590927678135877e-01 1.752629206772922998e+00 -2.035953921007353229e-01 -7.702704293803396274e-01 5.739348364964319549e-01 1.892912713079729359e-01
1.403715568412143104e+18 -8.945369380848888774e-03 -6.226013149577804828e-01 1.693621757487636215e+00 -1.155699434903898482e-01 -7.863713889302690330e-01 5.941185551347361038e-01 1.236396751779988007e-01
1.403715568812143104e+18 2.126513286455101737e-01 -8.249053318234151888e-01 1.628026174906784362e+00 -6.126597910374530220e-02 7.973065118046667177e-01 -6.004413387774399924e-01 4.359440960700519153e-03
1.403715569012143104e+18 3.515147246557784322e-01 -8.863736146801368676e-01 1.605138748073274169e+00 -1.341609001958113112e-01 7.981880917866450709e-01 -5.842181672414344940e-01 5.988118280146533662e-02
1.403715569212143104e+18 4.996661481186211451e-01 -9.352597275388356834e-01 1.584417778015966949e+00 -1.888195637252580161e-01 7.835667868962870042e-01 -5.808300614274393148e-01 1.140469314353898395e-01
1.403715569412143104e+18 6.449876450265981109e-01 -9.708935604855999379e-01 1.577772938791506263e+00 -2.318158201866873103e-01 7.560920168334447355e-01 -5.928584968294010604e-01 1.520035865665328445e-01
1.403715569912143104e+18 9.890303218221468962e-01 -8.894542303535881711e-01 1.567098655619377556e+00 -3.671385776207624074e-01 7.036250449044298971e-01 -5.551459893941267376e-01 2.488654083344209733e-01
1.403715570312143104e+18 1.189398887011003714e+00 -6.716896018412106262e-01 1.554505207123615174e+00 -4.883077074128354123e-01 6.171074615946016140e-01 -5.080615010439075707e-01 3.501535018852438008e-01
1.403715570512143104e+18 1.241470450502874856e+00 -5.219343029259033706e-01 1.539768273611535676e+00 -5.495515723275055109e-01 5.577426702704437744e-01 -4.737881625982529044e-01 4.030396507711529464e-01
1.403715570712143104e+18 1.248228527474147365e+00 -3.528462802533565146e-01 1.512500719286440143e+00 -6.154062013754584282e-01 5.002517965578260339e-01 -4.177527886525804202e-01 4.432899219723911433e-01
1.403715570912143104e+18 1.239990759700373868e+00 -2.686128807457468515e-01 1.498596581800262895e+00 -6.445731513132733070e-01 4.686874837642733271e-01 -3.888962480607376371e-01 4.621874115692368723e-01
1.403715571012143104e+18 1.202282235994615478e+00 -9.215896668416179160e-02 1.469570968955663970e+00 -6.873518405514310592e-01 4.209812996402556018e-01 -3.338409021248339714e-01 4.887457874112454692e-01
1.403715571212143104e+18 1.154799256504404736e+00 7.551932785139814364e-02 1.448350621247400216e+00 -6.895733563529786725e-01 3.886475927013011145e-01 -3.188959627446075196e-01 5.212935831570928435e-01
1.403715571512143104e+18 1.034563922990198837e+00 2.969084107011192852e-01 1.413893353709247958e+00 -7.039788443573704591e-01 3.974056082014377211e-01 -2.897518032115816156e-01 5.123733617226245984e-01
1.403715571712143104e+18 9.469230231133761722e-01 4.205003889012814966e-01 1.357276569783799847e+00 -7.083625811680535067e-01 4.529037978084394234e-01 -2.110201531929890018e-01 4.985690508625983952e-01
1.403715571912143104e+18 1.020941669886552106e+00 5.451173481312823199e-01 1.220625937578552200e+00 -7.534124912662651941e-01 4.552351110807037471e-01 -2.031321476323095232e-01 4.287982535430675535e-01
1.403715572312143104e+18 1.209292956648813089e+00 6.039320369835061708e-01 1.171187542064841214e+00 -7.583626622834318542e-01 3.565535652596636962e-01 -2.840569271588355704e-01 4.659048075391450938e-01
1.403715572512143104e+18 1.395071884071623636e+00 7.052739685976294748e-01 1.124361199387479804e+00 -7.560130078315613344e-01 2.927155047385193165e-01 -2.860303903570678430e-01 5.108312647707975440e-01
1.403715572712143104e+18 1.580951085749911833e+00 9.051469021745073285e-01 1.073633972041830642e+00 -7.813785954552181501e-01 2.257343988098952647e-01 -2.220368493944006316e-01 5.377649200806745577e-01
1.403715573012143104e+18 1.650508000119007335e+00 1.060137110449724362e+00 1.097394991875296766e+00 -7.894785573442050230e-01 1.810437418883891758e-01 -1.708991558795776300e-01 5.610171561872339119e-01
1.403715573212143104e+18 1.690224493063003930e+00 1.207497278293828025e+00 1.148474303803258989e+00 -8.005047150391180200e-01 1.350058450998068982e-01 -1.170319317450079777e-01 5.720744269245557900e-01
1.403715573412143104e+18 1.738012713934656173e+00 1.405170110163976638e+00 1.216310162814699947e+00 -8.170530684470611593e-01 6.962582890452784223e-02 -3.031382328641258478e-02 5.715396743957146253e-01
1.403715573712143104e+18 1.807471993980213520e+00 1.597322395318621524e+00 1.269496038750570044e+00 -8.369624137314759516e-01 -3.312033978910607079e-02 4.357957770473693503e-03 5.462398459441663023e-01
1.403715574012143104e+18 1.859187898876606848e+00 1.834241520817958104e+00 1.336155394543147246e+00 -8.340082489558418022e-01 -1.393057969458982304e-01 7.882243607605816937e-02 5.280257182959126050e-01
1.403715574312143104e+18 1.884717275146556625e+00 2.027860218817257643e+00 1.376269279058250694e+00 -7.971253359375336522e-01 -2.217161697025922529e-01 1.031946934876017546e-01 5.520724537004954025e-01
1.403715575012143104e+18 1.615277324690312710e+00 2.689701066262025986e+00 1.492375581928832684e+00 -7.496914209599174761e-01 -2.835927441550998296e-01 1.774018783939043942e-01 5.710223308628080696e-01
1.403715575312143104e+18 1.369132057882616937e+00 2.870936383682528348e+00 1.561031188377802748e+00 -7.540134746857090065e-01 -2.796439640580636876e-01 1.336175399259910690e-01 5.791453067947649469e-01
1.403715575812143104e+18 1.035525447034421953e+00 2.869586917442125795e+00 1.647090689417967546e+00 -7.610190214267357200e-01 -2.642059824137262258e-01 1.222054585779600439e-01 5.797508721660038500e-01
1.403715576312143104e+18 6.113356611386129291e-01 2.714357752936588764e+00 1.722600724025226793e+00 -7.578921913509031327e-01 -2.413875479595462281e-01 1.584645722696507997e-01 5.849961173501926348e-01
1.403715576512143104e+18 4.070910470562233430e-01 2.599590118369862868e+00 1.769667747513305134e+00 -7.355561783237914986e-01 -2.356993428481669872e-01 1.633151794136778467e-01 6.137842295821221983e-01
1.403715576912143104e+18 1.465369631251457472e-01 2.329178001896957007e+00 1.839965127773673270e+00 -7.599608051832027478e-01 -2.215362270634358144e-01 1.375964987967085995e-01 5.953557576799635154e-01
1.403715577712143104e+18 -4.299969264507943478e-01 1.377201610960623102e+00 1.822385422376217479e+00 -7.932596403981456712e-01 -1.567429950391795723e-01 1.181460186877050789e-01 5.763786036016574910e-01
1.403715578012143104e+18 -6.183169240528627597e-01 9.009030201317422826e-01 1.762015462693709678e+00 -8.161129463449908750e-01 -8.985751744396774932e-02 1.335848822521463197e-01 5.550138418099006543e-01
1.403715578212143104e+18 -6.468706101009029652e-01 6.985213598299917503e-01 1.668887689398845575e+00 -8.341441514041745275e-01 -3.030154451443848804e-02 1.141528964378998590e-01 5.387526958754708106e-01
1.403715578412143104e+18 -6.122901987293651871e-01 5.404998422484366127e-01 1.573567519918271707e+00 -8.402271091167365924e-01 9.274903116003921019e-03 4.764450778923917662e-02 5.400577581657740600e-01
1.403715578812143104e+18 -4.450825187786641157e-01 3.960642593500620645e-01 1.335845113092859027e+00 -8.696428878021467135e-01 3.403083303079593863e-02 -6.240522005276812056e-02 4.885373461758462654e-01
1.403715579412143104e+18 -5.076525585042941380e-01 7.032691698932758140e-01 1.273910418693148916e+00 -8.227442841716436916e-01 -6.349376032053781829e-03 -1.224114985008421114e-01 5.550377944984209444e-01
1.403715579712143104e+18 -6.718438707493530337e-01 8.599984202548125456e-01 1.265497791683508400e+00 -8.249964515062807591e-01 1.069379225760033574e-02 -9.393420898029583577e-02 5.571739963354734870e-01
1.403715579812143104e+18 -7.732058167563072848e-01 9.435034052473321164e-01 1.269603361858181234e+00 -8.205334558063297479e-01 1.092362824882990927e-02 -8.731616945390398288e-02 5.647843914276495791e-01
1.403715579912143104e+18 -8.844220352071835434e-01 1.028008864697799840e+00 1.282563527198188780e+00 -8.169766439996756224e-01 9.326523416660471508e-03 -8.949698764963585906e-02 5.696072930727155148e-01
1.403715580012143104e+18 -1.005934787122826579e+00 1.113014174154685731e+00 1.302161879907756781e+00 -8.142918960566853936e-01 2.321480617847134637e-02 -8.472026365505740120e-02 5.737702133404297689e-01
1.403715580412143104e+18 -1.533876926778858563e+00 1.440192825549144517e+00 1.290362145673163763e+00 -7.979749968149811856e-01 1.370536973257250324e-01 -1.068550583966959289e-01 5.770911409842629514e-01
1.403715580812143104e+18 -2.035382916044333967e+00 1.696017793827742537e+00 1.266229577975533482e+00 -7.855219173512961728e-01 2.510216718474880260e-01 -8.819982562272679627e-02 5.587165903960217284e-01
1.403715581012143104e+18 -2.205570480561032998e+00 1.937163939989006600e+00 1.285821081600311722e+00 -8.009880555229867971e-01 2.275122617616692766e-01 -9.991637200600783641e-02 5.446769907594329885e-01
1.403715581712143104e+18 -2.043239244569468482e+00 2.060218105413265555e+00 1.229603497363326303e+00 -8.207300787496916161e-01 6.048670203640694326e-02 -1.061276532516407661e-01 5.581043073902791640e-01
1.403715582012143104e+18 -1.989861168988968920e+00 2.174827232703220758e+00 1.268625817193878014e+00 -7.976249224735076915e-01 -1.890188838039013296e-03 -3.302864512536009267e-02 6.022458126350657137e-01
1.403715582412143104e+18 -2.027280822760180623e+00 2.429953218331339482e+00 1.244647915766714519e+00 -8.541568057576788275e-01 -3.822743487252807520e-03 -3.206097176832978235e-02 5.190121693171939610e-01
1.403715583212143104e+18 -2.102644371459907457e+00 2.646102215151789228e+00 1.171695359711063977e+00 -8.202632972827449409e-01 1.613726515490224861e-02 -2.771984422141611157e-02 5.710860898678064013e-01
1.403715583412143104e+18 -2.186710971302542550e+00 2.857557499818079272e+00 1.096517452837940887e+00 -7.568928211381392712e-01 2.704438073387917599e-02 -9.938770726843043635e-03 6.529035760483388184e-01
1.403715583712143104e+18 -2.294211618998442948e+00 2.499076572543994512e+00 1.122078299561415360e+00 -7.490129198930437493e-01 3.894423090713228924e-02 2.888078552581629932e-02 6.607790046148261931e-01
1.403715584312143104e+18 -2.276511998990839114e+00 2.126627470362442818e+00 1.203362075596855485e+00 -8.132892766240256144e-01 4.079478571906532819e-02 3.579165697418268399e-02 5.793231354585686166e-01
1.403715584512143104e+18 -2.219080954527961058e+00 1.758562409616855948e+00 1.233596382895247423e+00 -8.376016356428428455e-01 3.377257610368991636e-02 2.701368117045157766e-02 5.445669601631888401e-01
1.403715584712143104e+18 -2.129323926526748068e+00 1.431719238158145391e+00 1.258932974159291174e+00 -8.487573990436546589e-01 1.061146514155383858e-02 -6.751619294612205661e-03 5.286328499186372376e-01
1.403715585012143104e+18 -2.037199497372252033e+00 1.157973026125804772e+00 1.290271947038894362e+00 -8.610659754391728482e-01 -3.873053419472223015e-03 -3.395842470789715156e-02 5.073432869266661926e-01
1.403715585712143104e+18 -1.921145587368017882e+00 6.866765685733553504e-01 1.490717229772108965e+00 -8.020194613108702075e-01 1.330852162754961598e-01 -5.304591169042676552e-02 5.798613973532448229e-01
1.403715588312143104e+18 -1.738586632915265273e+00 5.020548528564643398e-01 1.435139888930778262e+00 -7.507078248698590972e-01 2.452711257469742945e-01 -1.733473795377014626e-01 5.884135642228085494e-01
1.403715588512143104e+18 -1.657431946520202537e+00 3.580038773827842746e-01 1.359890044670958975e+00 -7.335121546005237692e-01 3.008159725863852052e-01 -2.137324388437019662e-01 5.707785159552938303e-01
1.403715588712143104e+18 -1.588360553223972405e+00 1.835700203369883265e-01 1.283532720066970167e+00 -7.330612214921322645e-01 3.555381006651509024e-01 -2.426653242984677938e-01 5.266188801239461981e-01
1.403715588912143104e+18 -1.517087174109364556e+00 6.914757171263552493e-04 1.198781866753496406e+00 -7.426841039254278298e-01 4.078838830906580948e-01 -2.679434871555930187e-01 4.585382725381504931e-01
1.403715589312143104e+18 -1.264333810292712190e+00 -2.555057479340612225e-01 1.153111652544626331e+00 -7.172332895362950600e-01 4.906442873684533912e-01 -3.020218732867187561e-01 3.919532876632479956e-01
1.403715589512143104e+18 -1.048728249247183442e+00 -3.171904539200811612e-01 1.181848099617597292e+00 -7.045708574289528681e-01 5.225548516675876387e-01 -3.110381116196569429e-01 3.657480375621630642e-01
1.403715589712143104e+18 -7.503990870035508465e-01 -3.326450714920778928e-01 1.265346347962060358e+00 -6.833491668716868972e-01 5.182604334785740896e-01 -3.401218384410992779e-01 3.856905161419175720e-01
1.403715589912143104e+18 -4.064914423755194850e-01 -3.058292589299300701e-01 1.386390739673821315e+00 -6.508600488324254307e-01 4.959085937598620708e-01 -3.735059480771552587e-01 4.369773108754662072e-01
1.403715590512143104e+18 3.840877415784973992e-01 -1.662948346614503414e-01 1.614809800364492176e+00 -6.976002174964490710e-01 4.316844907821016930e-01 -3.716807262315532379e-01 4.345755109472807520e-01
1.403715590812143104e+18 9.030666027219078629e-01 1.297323037956865655e-01 1.771546193217561571e+00 -7.525310063096862789e-01 3.412602219887529431e-01 -2.748569556978457951e-01 4.916220085952525687e-01
1.403715591012143104e+18 1.137519449696055895e+00 3.245277876420586960e-01 1.843428303917947098e+00 -7.807513800693440809e-01 2.724229844141121681e-01 -2.255767116920637250e-01 5.151001332021949430e-01
1.403715591212143104e+18 1.350196048546622674e+00 5.337528440631744697e-01 1.904153533746701710e+00 -8.117436741092848296e-01 1.817036891520600328e-01 -1.892880999444258583e-01 5.217528074783305270e-01
1.403715591412143104e+18 1.530861000658087168e+00 7.658021329099955476e-01 1.957919574956660025e+00 -8.292705394986641387e-01 9.844856243929321626e-02 -1.435914880713363151e-01 5.310364746669388181e-01
1.403715591812143104e+18 1.772571476823132208e+00 1.292956552758085742e+00 1.939870086717364162e+00 -8.327149691582185209e-01 -3.817343861774057101e-02 -4.814484347556034077e-02 5.502823300548898011e-01
1.403715592012143104e+18 1.835869456123657040e+00 1.718913655413688346e+00 1.812362989718857342e+00 -8.112065328135410480e-01 -1.531920493541227557e-01 -6.053072257745314294e-03 5.643044545735571571e-01
1.403715592312143104e+18 1.787177179198659038e+00 1.983264040814689322e+00 1.765405861989903569e+00 -7.845554334650352013e-01 -2.291034810428381752e-01 3.494328076180510528e-02 5.751202777890430662e-01
1.403715592512143104e+18 1.658916928787731893e+00 2.211409765693570950e+00 1.756335505541152031e+00 -7.570018435707146498e-01 -3.040076248676850668e-01 7.374131184568466502e-02 5.736634830457014722e-01
1.403715592712143104e+18 1.456966617119205276e+00 2.375756212240223153e+00 1.749522406061132518e+00 -7.284189704760758444e-01 -3.710371900896851094e-01 1.234885663100442205e-01 5.625724673423101452e-01
1.403715592912143104e+18 1.189819226144551934e+00 2.472841028601119984e+00 1.754631182626756880e+00 -7.217849076288935795e-01 -3.988526786217337916e-01 2.246228892870217320e-01 5.191219947986865924e-01
1.403715593312143104e+18 6.378592019742013175e-01 2.605975049363950191e+00 1.747188285661300799e+00 -6.387755680424835880e-01 -5.103671335895016981e-01 3.269453461957959051e-01 4.739176122751179721e-01
1.403715593512143104e+18 3.695265058044031048e-01 2.645666223038682929e+00 1.736516022527155645e+00 -5.813028109507732966e-01 -5.706082791639480734e-01 3.492874900999389798e-01 4.631322521591129115e-01
1.403715593712143104e+18 1.105957318320012206e-01 2.643570058838652592e+00 1.738519042837380013e+00 -5.213340918520377176e-01 -6.055099669305934462e-01 3.994764513512010229e-01 4.494296490401746280e-01
1.403715593912143104e+18 -1.153065594925882786e-01 2.591827081282727541e+00 1.735373226041242667e+00 -4.657682550171036162e-01 -6.548629886987982207e-01 4.304453696137657270e-01 4.110123871963808351e-01
1.403715594312143104e+18 -5.480947182789281946e-01 2.297817974987847567e+00 1.729047757717311118e+00 -3.279907909529058974e-01 -7.493837680361040698e-01 4.881523950692642777e-01 3.042256538200520666e-01
1.403715594812143104e+18 -7.556321360022876243e-01 1.903427602152018006e+00 1.730391047570360552e+00 -2.111889675256286014e-01 -8.189670561929851544e-01 5.028222372246453631e-01 1.784992398259946933e-01
1.403715595012143104e+18 -8.369737562558375865e-01 1.645117704127419200e+00 1.726922748859602175e+00 -1.496541199143242018e-01 -8.372679714955001407e-01 5.125381002984858991e-01 1.178587461451150453e-01
1.403715595212143104e+18 -9.254252821033044363e-01 1.355938184490255605e+00 1.724352678023011620e+00 -8.551551148084259035e-02 -8.368178683208324919e-01 5.374715437408779106e-01 5.955914895249210528e-02
1.403715595412143104e+18 -1.018306350994371501e+00 1.047406474718525660e+00 1.717153544798964537e+00 -1.089912704727840839e-02 -8.250588461583240329e-01 5.648717208645316346e-01 8.890915197230493325e-03
1.403715595812143104e+18 -1.171659633419956492e+00 4.705786362267889711e-01 1.700946846095274134e+00 -1.873155220826218104e-01 7.428660143448129194e-01 -6.425825640693493268e-01 1.227307102677608480e-02
1.403715596012143104e+18 -1.145451578416281757e+00 2.806378815245536007e-01 1.777682974369569457e+00 -2.378686175574146744e-01 7.120953534323753997e-01 -6.542891109174270303e-01 9.079916153923320299e-02
1.403715596412143104e+18 -1.098737803901120635e+00 3.674065232441099393e-01 1.837523065943823308e+00 -2.604549838263864880e-01 7.857040956558208888e-01 -5.507646705621050964e-01 1.071939976411071804e-01
1.403715596812143104e+18 -6.602295634787793688e-01 4.906214150523240392e-01 2.010412534526589301e+00 -3.375646630466877518e-01 8.258602556800167527e-01 -4.209233888625613096e-01 1.637938859016729309e-01
1.403715597212143104e+18 -3.861865561523015744e-01 3.817942740342994412e-01 2.062629460591062447e+00 -3.323116968749253441e-01 7.936855444483521538e-01 -4.646588752076654116e-01 2.091036162876615534e-01
1.403715597412143104e+18 -8.342735454501515324e-02 2.292800686075970873e-01 2.114059255960886397e+00 -3.390753650415626597e-01 7.466337701167560237e-01 -5.100944004353216155e-01 2.595565695329246636e-01
1.403715597912143104e+18 7.037895652599068796e-01 -2.600768077607034101e-01 2.191162163120802031e+00 -4.214857599890237672e-01 6.734749090881133604e-01 -5.180709802855222312e-01 3.168339633644584041e-01
1.403715598312143104e+18 9.987618697096662945e-01 -4.705388439617537166e-01 2.168303825951610087e+00 -4.020853576832952303e-01 6.403879772324833075e-01 -5.574386858014986901e-01 3.427721040643229022e-01
1.403715598512143104e+18 1.122215826098575953e+00 -6.400535327705583200e-01 2.064640639274723632e+00 -4.102701669911891225e-01 6.695106487367459280e-01 -5.323234305195427840e-01 3.163315454156109818e-01
1.403715599012143104e+18 9.792116943746170810e-01 -6.568631078059630202e-01 1.880187378578699997e+00 -4.094954598703372528e-01 6.982486331447290695e-01 -4.948855356405065797e-01 3.159914892380918938e-01
1.403715599812143104e+18 7.969039603241038217e-01 -7.037153138551410780e-01 1.715021118784623377e+00 -3.899581331202087719e-01 6.931490868090012247e-01 -5.015345375907948045e-01 3.404997877720879473e-01
1.403715600012143104e+18 5.146331584266845560e-01 -8.011522365984813376e-01 1.538654641887822638e+00 -4.566214144238024408e-01 6.716567654757722439e-01 -5.172018587377855692e-01 2.699561271733044165e-01
1.403715600412143104e+18 3.287836394677151053e-01 -7.732381219871613531e-01 1.416178949744460569e+00 -5.330639525598980244e-01 6.319117001497656094e-01 -4.797945984883875137e-01 2.938155355940500479e-01
1.403715600812143104e+18 1.968365376106689935e-01 -5.965122257352404311e-01 1.332387739408058103e+00 -6.194581162778780570e-01 5.637979882550279154e-01 -3.879040864950513146e-01 3.846217496417566606e-01
1.403715601012143104e+18 1.958787891243205515e-01 -3.778231298942607008e-01 1.435210274842423139e+00 -6.594108922053327770e-01 4.976039182398547811e-01 -3.777170321756920801e-01 4.182074358469710096e-01
1.403715601512143104e+18 2.402376183289933742e-01 -8.013138035940681192e-02 1.584921751262764689e+00 -6.573540385237612860e-01 4.941348071266891684e-01 -3.696809382927842558e-01 4.324956234291140178e-01
1.403715601912143104e+18 2.796119530518679230e-01 1.823185986134139291e-01 1.683402718980774981e+00 -6.273621206038955123e-01 4.938926746130192780e-01 -3.955746349214085966e-01 4.538804950664608873e-01
1.403715603012143104e+18 -1.790287991831329695e-02 1.176465042828744867e+00 1.616507150783009106e+00 -4.540398477365284458e-01 6.828074404969556310e-01 -4.937477364200800189e-01 2.895427233577697601e-01
1.403715603412143104e+18 -7.571367990638488976e-02 1.528875602281103419e+00 1.474090189137418294e+00 -4.006146441594787833e-01 7.243616847549468885e-01 -4.904612954947852321e-01 2.724991269078241851e-01
1.403715603812143104e+18 -1.045781051312985044e-01 1.803548113371804318e+00 1.415989331861036149e+00 -3.749339834001791938e-01 7.538154629080509039e-01 -4.553304576144160953e-01 2.895875175849980110e-01
1.403715604412143104e+18 -4.817731495443422496e-02 1.937659949655092362e+00 1.373619676142115553e+00 -3.944592886263665332e-01 7.203343200349157094e-01 -5.062642843960485362e-01 2.630908803838952759e-01
1.403715605512143104e+18 2.893645010240443183e-01 2.033475824577601454e+00 1.265762742213296210e+00 -4.028165843183794115e-01 7.118795846751599932e-01 -5.059530825683115074e-01 2.738206247900590862e-01
1.403715606212143104e+18 4.340265982774850206e-01 2.047132295771247890e+00 1.161136711341954619e+00 -4.024786471204546690e-01 7.101924026354059505e-01 -5.011189564496244531e-01 2.872585618182281197e-01
1.403715607912143104e+18 5.634288127190465456e-01 2.085009969888460990e+00 1.023562995122721864e+00 -4.189560514212211650e-01 6.979389595782269362e-01 -5.077904997608903015e-01 2.819678067315254388e-01
