1.403715528712143104e+18 5.652792041999999961e-01 2.054254153400000060e+00 9.794676753000000069e-01 2.655277376999999883e-01 4.065979371999999814e-01 -7.137375069000000405e-01 5.047295406730000211e-01
1.403715528812143104e+18 5.750433209999999962e-01 2.056634832499999899e+00 1.001064146000000044e+00 2.663326534000000079e-01 4.041546458999999980e-01 -7.130317390000000533e-01 5.072589862949999917e-01
1.403715528912143104e+18 5.857467133000000548e-01 2.060203820799999974e+00 1.025269415899999981e+00 2.666411840999999838e-01 4.025862546000000264e-01 -7.115061356999999864e-01 5.104760576829999730e-01
1.403715529012143104e+18 5.971820174999999953e-01 2.065633474999999830e+00 1.050138919599999943e+00 2.644657792999999812e-01 4.043967430000000030e-01 -7.110239130000000074e-01 5.108484324240000207e-01
1.403715529212143104e+18 6.227176365000000047e-01 2.086747838500000007e+00 1.114264854299999996e+00 2.764365858000000231e-01 4.181413143000000110e-01 -7.061467415000000081e-01 5.000974252969999645e-01
1.403715529312143104e+18 6.370751382999999546e-01 2.099284416700000211e+00 1.154751236200000086e+00 2.828281125000000062e-01 4.329520338000000246e-01 -7.014108844999999981e-01 4.904931868929999772e-01
1.403715529412143104e+18 6.532160604000000204e-01 2.112104877799999780e+00 1.189738679299999990e+00 2.892694645000000175e-01 4.499056187000000095e-01 -6.937177720999999631e-01 4.823523234009999827e-01
1.403715529812143104e+18 7.488114232000000481e-01 2.158850919699999871e+00 1.266300673499999974e+00 3.102728464999999769e-01 4.819290996999999743e-01 -6.667378135999999511e-01 4.763777823900000041e-01
1.403715530012143104e+18 8.098550628999999779e-01 2.187974607200000143e+00 1.311900045900000089e+00 3.186914062999999797e-01 4.831736957000000166e-01 -6.599000866999999992e-01 4.790728994019999853e-01
1.403715530312143104e+18 9.001787729000000349e-01 2.251380742299999849e+00 1.419891260500000030e+00 3.061649261000000122e-01 4.921247572999999931e-01 -6.505461672000000251e-01 4.907809548870000205e-01
1.403715530512143104e+18 9.614829153999999711e-01 2.326305513199999897e+00 1.549331290200000044e+00 3.143013022999999739e-01 4.909041279999999952e-01 -6.560426714999999520e-01 4.794119749940000119e-01
1.403715530912143104e+18 1.086290094900000058e+00 2.515102977899999814e+00 1.746175064200000016e+00 3.434266455000000162e-01 5.138642029000000111e-01 -6.388657568000000175e-01 4.580963489070000172e-01
1.403715531312143104e+18 1.233034914399999904e+00 2.708828645400000124e+00 1.881313937100000055e+00 3.572549890000000228e-01 5.350108899000000084e-01 -6.473585476000000005e-01 4.087286769019999877e-01
1.403715532312143104e+18 1.698467105300000002e+00 2.891768413499999912e+00 1.939094910899999968e+00 3.788210151999999997e-01 5.245904001000000205e-01 -6.086206620999999872e-01 4.592172037869999834e-01
1.403715533412143104e+18 1.647604676600000095e+00 2.644922893599999991e+00 1.795642078900000049e+00 3.659493501000000149e-01 4.322666252999999847e-01 -6.695495418000000365e-01 4.805518170770000097e-01
1.403715533912143104e+18 1.305661258800000057e+00 2.176021727200000200e+00 1.963164933100000065e+00 3.403845119000000197e-01 4.083815049999999780e-01 -7.120543547000000029e-01 4.586300538590000198e-01
1.403715534312143104e+18 9.681701862999999575e-01 1.656813045600000089e+00 2.032244324200000118e+00 3.006075162999999884e-01 4.385928150999999775e-01 -6.947768743000000136e-01 4.843103949490000226e-01
1.403715534512143104e+18 8.080469765000000137e-01 1.393908563899999953e+00 1.995493494400000012e+00 2.894612478999999960e-01 4.369538955999999752e-01 -6.964183304000000074e-01 4.901887271320000128e-01
1.403715534712143104e+18 6.623664634000000495e-01 1.134656426600000101e+00 1.938870431700000063e+00 2.715365540999999938e-01 4.139371081000000063e-01 -7.122773931000000447e-01 4.975790244280000052e-01
1.403715534912143104e+18 5.299843777999999617e-01 8.813588675000000316e-01 1.875854771900000051e+00 2.326153672999999866e-01 3.801542276000000053e-01 -7.428697019000000124e-01 4.995172270450000118e-01
1.403715535312143104e+18 3.561562158000000089e-01 3.832603204000000208e-01 1.751442739200000043e+00 1.769692408999999911e-01 3.269508183000000012e-01 -7.874667593999999937e-01 4.916107739639999918e-01
1.403715536012143104e+18 3.504652066999999760e-01 -6.121240235999999557e-01 1.591775161599999988e+00 2.122396564000000041e-01 3.544359129999999913e-01 -7.525507684000000141e-01 5.128321878099999509e-01
1.403715536412143104e+18 4.554720995000000050e-01 -1.179947403299999920e+00 1.518317299700000067e+00 2.101698861999999890e-01 4.123973392999999987e-01 -7.334648083000000485e-01 4.977815067270000005e-01
1.403715536712143104e+18 6.509904321999999688e-01 -1.555531958700000050e+00 1.500299245599999942e+00 2.102186198000000061e-01 4.269090676999999778e-01 -7.003705829999999910e-01 5.320129944749999451e-01
1.403715536912143104e+18 8.230044303000000339e-01 -1.736145462499999903e+00 1.504811040799999944e+00 2.276489651999999975e-01 4.245405681000000153e-01 -6.711391653999999596e-01 5.634833408560000478e-01
1.403715537212143104e+18 1.070956067900000086e+00 -1.845838990000000068e+00 1.532817255399999912e+00 2.382165642000000083e-01 4.157811196000000264e-01 -6.181510900000000142e-01 6.231116746520000138e-01
1.403715537512143104e+18 1.221815488999999921e+00 -1.683768022600000025e+00 1.593212028700000005e+00 2.888333271999999896e-01 3.834303318999999766e-01 -6.627388494000000518e-01 5.747466460040000502e-01
1.403715537812143104e+18 1.254204130199999989e+00 -1.405909088900000103e+00 1.666102174099999944e+00 2.959907853000000033e-01 3.702974594999999813e-01 -7.042080545000000136e-01 5.285454214029999820e-01
1.403715538212143104e+18 1.173181748299999994e+00 -1.038861057899999940e+00 1.750280858900000069e+00 2.907603577000000272e-01 3.573378547000000127e-01 -7.225759242999999499e-01 5.154144987980000536e-01
1.403715538912143104e+18 7.334988755000000360e-01 -4.665044076000000040e-01 1.702543220499999954e+00 1.697328141999999984e-01 2.423967083000000133e-01 -7.666993961000000413e-01 5.697426116379999961e-01
1.403715539312143104e+18 3.851676418000000157e-01 -9.039878480000000660e-02 1.552008299899999999e+00 6.210645089999999868e-02 1.057771307999999938e-01 -8.105140275000000116e-01 5.727311748140000436e-01
1.403715539512143104e+18 2.201696667999999968e-01 1.015114872999999945e-01 1.431642129799999941e+00 1.975366419999999984e-02 5.068127959999999682e-02 -8.227130487999999575e-01 5.658484249080000250e-01
1.403715539812143104e+18 4.083798000000000029e-04 3.581006098999999776e-01 1.374046314199999896e+00 1.513129690000000055e-02 9.872571999999999164e-04 -8.221081868999999820e-01 5.691293334450000518e-01
1.403715540212143104e+18 -3.056477522000000113e-01 6.264901870000000317e-01 1.478660192200000001e+00 4.052239650000000193e-02 2.758624000000000102e-04 -8.529187262999999852e-01 5.204685443669999634e-01
1.403715541012143104e+18 -1.027731525100000098e+00 5.130041758000000174e-01 1.702043008500000010e+00 2.059430500000000025e-02 6.828191600000000153e-03 -8.508074499000000124e-01 5.250294598189999551e-01
1.403715541412143104e+18 -1.406255303000000012e+00 1.553110571999999912e-01 1.767498442700000005e+00 2.694102660000000093e-02 -3.501013199999999936e-03 -8.296303133000000329e-01 5.576517436229999625e-01
1.403715541712143104e+18 -1.716584705100000052e+00 -1.619968518000000079e-01 1.782137849399999974e+00 5.241741900000000155e-03 -1.527463329999999980e-02 8.475748254999999620e-01 -5.304301319209999699e-01
1.403715541912143104e+18 -1.903789813599999992e+00 -4.122955159999999730e-01 1.794488175799999974e+00 4.573123619999999723e-02 -4.824276210000000287e-02 8.330625627000000089e-01 -5.491703347669999458e-01
1.403715542312143104e+18 -2.075352126199999869e+00 -9.237145324000000102e-01 1.831016169800000037e+00 2.166986829999999892e-02 -1.120748337999999955e-01 7.936900680999999791e-01 -5.975162962669999800e-01
1.403715542512143104e+18 -2.056079336999999896e+00 -1.128282328000000057e+00 1.864865755000000069e+00 5.165105960000000024e-02 1.277488516999999990e-01 -7.718760503999999578e-01 6.206607460949999933e-01
1.403715543012143104e+18 -1.986706051000000084e+00 -1.426298069800000068e+00 1.881885936700000039e+00 1.099445410000000067e-01 1.576762968000000043e-01 -7.865295493999999721e-01 5.868744765159999988e-01
1.403715544012143104e+18 -2.101919543799999790e+00 -1.492495111600000035e+00 1.700652154799999982e+00 2.574930770000000146e-02 1.333455749000000135e-01 -7.654361938000000531e-01 6.290177772170000292e-01
1.403715544312143104e+18 -2.125179913399999787e+00 -1.299823835900000057e+00 1.572124461400000062e+00 2.731439529999999880e-02 -1.714291310000000054e-02 7.963705264999999534e-01 -6.039486971499999912e-01
1.403715544512143104e+18 -2.117787807100000030e+00 -1.138679806899999924e+00 1.427939453200000042e+00 6.413143059999999729e-02 7.809556310000000112e-02 8.013734042000000279e-01 -5.895667135200000075e-01
1.403715544712143104e+18 -2.097945365300000198e+00 -9.607129370000000446e-01 1.311975832899999972e+00 9.780563330000000000e-02 1.316182200000000080e-01 7.934822076999999974e-01 -5.860859052110000134e-01
1.403715545512143104e+18 -1.889981891399999947e+00 -9.763203360000000108e-02 1.342997424500000037e+00 1.281759658999999940e-01 2.103941430000000057e-01 7.876329255999999779e-01 -5.647473778460000426e-01
1.403715545912143104e+18 -1.816735297399999949e+00 3.686357346999999951e-01 1.361334367800000056e+00 1.134993410000000036e-01 2.132954290999999891e-01 7.878671121000000444e-01 -5.664700990309999851e-01
1.403715546212143104e+18 -1.805124839699999928e+00 7.406944306999999617e-01 1.379488047199999956e+00 8.575084850000000425e-02 1.151423018999999937e-01 8.063927524999999763e-01 -5.736896120190000392e-01
1.403715546412143104e+18 -1.792975642700000094e+00 9.883453433000000121e-01 1.402792643900000025e+00 3.042694240000000036e-02 3.684235329999999836e-02 8.154600519000000380e-01 -5.768377119609999770e-01
1.403715546812143104e+18 -1.772462272999999922e+00 1.475883222900000069e+00 1.457203336400000104e+00 7.580312940000000221e-02 1.386236896999999968e-01 -8.263536529999999658e-01 5.405339937159999719e-01
1.403715547012143104e+18 -1.756525946400000038e+00 1.685325769599999912e+00 1.480314751999999956e+00 1.213097811999999942e-01 2.239874219999999916e-01 -8.180214628999999960e-01 5.157077253830000263e-01
1.403715547212143104e+18 -1.718773681400000086e+00 1.855924109999999905e+00 1.503510300699999913e+00 1.595143347000000100e-01 3.072837697999999951e-01 -7.922828557000000105e-01 5.024139114429999609e-01
1.403715547412143104e+18 -1.643828615999999965e+00 1.996807776400000067e+00 1.525816598100000032e+00 1.943232427000000095e-01 3.777748874999999895e-01 -7.641059492999999758e-01 4.854551575570000277e-01
1.403715547812143104e+18 -1.345954599399999951e+00 2.224948286600000102e+00 1.548147576300000106e+00 2.586411310000000241e-01 4.979528444999999914e-01 -7.059247406999999974e-01 4.322244676970000143e-01
1.403715548012143104e+18 -1.106625603199999919e+00 2.320004722899999816e+00 1.560905785899999954e+00 3.028493592000000012e-01 5.365426331999999521e-01 -6.651555527000000412e-01 4.218677033379999997e-01
1.403715548212143104e+18 -8.234992027999999964e-01 2.409363396899999898e+00 1.572465769399999935e+00 3.376650515999999880e-01 5.452186681999999784e-01 -6.281274540000000295e-01 4.406527185870000030e-01
1.403715548512143104e+18 -3.822141479000000230e-01 2.557527051400000140e+00 1.544108214099999987e+00 3.439209152000000103e-01 5.440134409000000337e-01 -6.166903229000000319e-01 4.532778682659999725e-01
1.403715548712143104e+18 -9.087375759999999358e-02 2.673339222900000145e+00 1.500402835999999906e+00 3.472602557999999728e-01 5.330359178000000364e-01 -6.275942812999999454e-01 4.487855202189999781e-01
1.403715548912143104e+18 1.966874939000000100e-01 2.795317387599999925e+00 1.459547324899999943e+00 3.474917586999999863e-01 5.236382980999999548e-01 -6.343627195000000052e-01 4.501514751219999888e-01
1.403715549212143104e+18 6.181532672999999756e-01 2.986182920800000140e+00 1.406894420600000029e+00 3.711634006999999791e-01 5.267510466000000502e-01 -6.131171215999999813e-01 4.570103501580000116e-01
1.403715550012143104e+18 1.448918653100000009e+00 3.343191358499999932e+00 1.319172900699999929e+00 3.993342767999999987e-01 4.531894233000000050e-01 -6.776449171999999743e-01 4.194625705880000166e-01
1.403715550312143104e+18 1.655187531699999992e+00 3.237566427800000035e+00 1.334623259200000023e+00 3.250637472999999833e-01 3.889370126000000205e-01 -7.318867702000000364e-01 4.554155421439999851e-01
1.403715550512143104e+18 1.760892675900000093e+00 3.089034953900000158e+00 1.401437470200000091e+00 2.704267086000000098e-01 3.446023703000000160e-01 -7.523947036999999449e-01 4.919561072979999894e-01
1.403715550712143104e+18 1.850921453800000060e+00 2.911034983500000006e+00 1.450785567899999906e+00 2.307184697999999923e-01 2.824438692999999834e-01 -7.767274292000000413e-01 5.135065229640000117e-01
1.403715550912143104e+18 1.920692441699999975e+00 2.713064090200000056e+00 1.452655074499999976e+00 2.099979765999999970e-01 2.046886116999999949e-01 -8.015669639000000402e-01 5.210506927920000031e-01
1.403715551312143104e+18 1.921210971100000053e+00 2.217994086100000040e+00 1.465567603700000054e+00 1.294510412000000055e-01 7.387495260000000175e-02 -8.217309986999999927e-01 5.500391668570000503e-01
1.403715551512143104e+18 1.837047568100000028e+00 1.935194858900000092e+00 1.511912444200000039e+00 9.265585969999999560e-02 4.181246000000000116e-04 -8.231628596000000186e-01 5.601942729840000412e-01
1.403715551712143104e+18 1.689311965199999932e+00 1.647546440599999995e+00 1.554635520199999954e+00 2.627433900000000072e-02 -5.347025069999999936e-02 -8.093738732999999907e-01 5.842640881420000376e-01
1.403715551912143104e+18 1.496948487300000075e+00 1.383336783300000095e+00 1.599521337599999926e+00 2.902544099999999905e-02 1.132934545000000015e-01 7.819591326999999481e-01 -6.122597747569999971e-01
1.403715552312143104e+18 1.060845597299999943e+00 1.026101877599999934e+00 1.667637140999999934e+00 1.574071149000000058e-01 2.097571280999999954e-01 7.446382967000000352e-01 -6.137904809530000394e-01
1.403715552512143104e+18 8.635356642999999499e-01 9.415135795000000307e-01 1.693982712499999987e+00 2.153272005000000100e-01 2.695137036999999958e-01 7.179925215000000360e-01 -6.045521476609999612e-01
1.403715552712143104e+18 7.041394367000000098e-01 9.213077173000000508e-01 1.717727254299999951e+00 2.576493532999999947e-01 3.477696995999999818e-01 6.791421805999999783e-01 -5.928228615949999725e-01
1.403715552912143104e+18 5.834492866999999583e-01 9.702629500999999657e-01 1.728887685299999921e+00 2.929068546999999967e-01 4.350754560999999798e-01 6.398744806999999701e-01 -5.616721204510000121e-01
1.403715553312143104e+18 4.260675000999999962e-01 1.285936660900000028e+00 1.711106192499999956e+00 3.612909109999999924e-01 5.764445977000000054e-01 5.379435564000000225e-01 -4.977923598530000215e-01
1.403715553512143104e+18 3.917769918999999823e-01 1.552983387600000098e+00 1.689751817199999895e+00 4.449469880999999960e-01 5.972680172000000010e-01 4.774445315999999995e-01 -4.661971821790000248e-01
1.403715553712143104e+18 4.294512437999999932e-01 1.854155827200000051e+00 1.651810897500000097e+00 5.001190106999999774e-01 6.156524314000000331e-01 4.425729118000000240e-01 -4.183088292250000118e-01
1.403715553912143104e+18 5.446991505999999594e-01 2.148550499999999808e+00 1.603025404300000067e+00 4.915278178999999970e-01 6.484049195000000099e-01 4.619605392999999727e-01 -3.529361483690000023e-01
1.403715554312143104e+18 8.010213526999999667e-01 2.689967540800000112e+00 1.530960443399999926e+00 4.152012703999999887e-01 7.001047916000000537e-01 5.083660103999999569e-01 -2.811141853260000212e-01
1.403715554512143104e+18 8.425277277999999592e-01 2.958345597700000162e+00 1.479104052100000066e+00 4.762135210999999813e-01 6.341112023999999625e-01 5.597430820000000029e-01 -2.404399040540000088e-01
1.403715554712143104e+18 8.257871142999999581e-01 3.145520602399999976e+00 1.391102191299999902e+00 5.632268124999999515e-01 5.313503991000000370e-01 6.011484373000000048e-01 -1.976432832320000055e-01
1.403715555212143104e+18 7.210148858999999577e-01 2.599552212799999928e+00 1.364896038899999997e+00 4.920892565000000163e-01 6.210453264999999945e-01 5.113978390000000207e-01 -3.326005357290000020e-01
1.403715555312143104e+18 7.099018299999999559e-01 2.378812867500000205e+00 1.391373147099999930e+00 4.182933667000000022e-01 6.755124722999999998e-01 4.724875645000000124e-01 -3.814040647099999903e-01
1.403715555412143104e+18 6.980085326999999618e-01 2.176510811500000031e+00 1.400012352300000096e+00 3.858105108000000061e-01 6.959286574999999919e-01 4.510746503999999990e-01 -4.041846275729999993e-01
1.403715555512143104e+18 6.873835251000000035e-01 2.004631052300000160e+00 1.410630441399999935e+00 3.968525540000000240e-01 6.900699996000000391e-01 4.488150014000000243e-01 -4.060499236360000097e-01
1.403715555812143104e+18 6.818196863000000052e-01 1.633518144299999975e+00 1.516648713099999934e+00 4.156650024999999915e-01 6.722793871000000143e-01 4.735833093999999854e-01 -3.885638693540000022e-01
1.403715555912143104e+18 6.854146534999999707e-01 1.546061145399999948e+00 1.577926369999999912e+00 4.014078996000000066e-01 6.776283470999999725e-01 4.734274330000000086e-01 -3.944084014440000230e-01
1.403715556312143104e+18 6.908212854999999930e-01 1.413722931299999930e+00 1.803913342500000017e+00 3.830489742000000031e-01 6.807647521999999896e-01 4.630115725000000237e-01 -4.188712442290000171e-01
1.403715556912143104e+18 7.066969663000000068e-01 1.745329930900000104e+00 1.872003516299999948e+00 4.362606494999999862e-01 6.300955725000000340e-01 5.418926000999999548e-01 -3.449762676290000218e-01
1.403715557312143104e+18 6.201976300000000553e-01 1.990127120299999941e+00 1.816264330499999913e+00 3.902623340999999968e-01 6.602909767000000318e-01 5.518952475999999718e-01 -3.272961539579999912e-01
1.403715558412143104e+18 -3.967337117999999996e-01 2.615044838999999843e+00 1.878161543500000086e+00 4.685692115000000268e-01 6.339841039000000400e-01 5.227312745000000094e-01 -3.244365341989999818e-01
1.403715558812143104e+18 -8.144280289999999978e-01 2.728219305300000119e+00 1.907146972600000101e+00 4.915140950999999925e-01 6.110580734999999653e-01 4.964717444999999785e-01 -3.722065716440000060e-01
1.403715559312143104e+18 -1.100180973100000070e+00 2.727032158400000128e+00 1.896358312400000079e+00 4.686181603999999834e-01 5.359889118999999758e-01 5.728187863000000490e-01 -4.061915116340000242e-01
1.403715559712143104e+18 -1.142401263200000017e+00 2.588631547299999891e+00 1.845331384599999902e+00 3.969379742999999960e-01 5.123579976000000036e-01 6.363728443999999707e-01 -4.182811611350000236e-01
1.403715560412143104e+18 -1.127936608800000018e+00 2.084103116900000163e+00 1.697307823500000090e+00 3.112973781999999745e-01 4.133972591000000252e-01 7.164224368999999593e-01 -4.679054822850000073e-01
1.403715560812143104e+18 -1.120158694599999949e+00 1.663667960599999995e+00 1.708714946700000015e+00 2.573160138000000208e-01 3.359043004000000221e-01 7.551308523999999966e-01 -5.007336275349999477e-01
1.403715561012143104e+18 -1.116342889600000055e+00 1.434344595400000033e+00 1.714968629199999928e+00 2.347048404000000033e-01 2.810269490999999786e-01 7.775545152999999710e-01 -5.112205664159999996e-01
1.403715561212143104e+18 -1.102760577399999997e+00 1.188645915099999950e+00 1.722700437300000109e+00 1.915796781000000115e-01 2.361496046000000071e-01 7.936738964999999757e-01 -5.268893025549999942e-01
1.403715561412143104e+18 -1.089151296899999899e+00 9.326152936999999588e-01 1.730664965699999946e+00 1.365433097000000040e-01 2.222421623999999984e-01 7.963753396999999623e-01 -5.456653407479999940e-01
1.403715561912143104e+18 -1.100142377300000085e+00 3.204426836000000001e-01 1.748646595300000106e+00 1.098059309000000011e-01 1.058512761000000024e-01 7.954006784999999580e-01 -5.865798544139999571e-01
1.403715562312143104e+18 -1.031901216500000107e+00 -5.349565280000000145e-02 1.788053737999999893e+00 9.290627640000000131e-02 3.158363670000000067e-02 7.743853590999999481e-01 -6.250585679000000283e-01
1.403715562812143104e+18 -6.988944343999999864e-01 -2.863007294000000091e-01 1.822724001000000094e+00 5.398797639999999842e-02 1.841825299999999945e-03 8.145771638000000037e-01 -5.775343715059999550e-01
1.403715563012143104e+18 -4.950464017000000272e-01 -3.573648850999999738e-01 1.836397694900000044e+00 4.691400600000000289e-03 -6.293333800000000186e-03 8.184365507999999956e-01 -5.745432942860000392e-01
1.403715563212143104e+18 -2.926951731999999917e-01 -4.220326534000000129e-01 1.844785338000000108e+00 2.441507269999999841e-02 5.486625769999999708e-02 -8.038504354000000074e-01 5.917922570050000441e-01
1.403715563412143104e+18 -8.965332319999999577e-02 -4.628035256999999958e-01 1.851069530600000013e+00 7.279471210000000581e-02 1.277132937999999884e-01 -7.812929427999999454e-01 6.066066122750000122e-01
1.403715563812143104e+18 2.942317966999999923e-01 -4.260015991000000168e-01 1.777788874799999919e+00 1.574492184999999878e-01 2.775039429999999752e-01 -7.309432536000000091e-01 6.032605284530000445e-01
1.403715564012143104e+18 4.706432695000000166e-01 -3.342899270999999950e-01 1.684432258600000010e+00 2.332464533999999978e-01 3.226881913999999907e-01 -7.119632358999999910e-01 5.784261178180000185e-01
1.403715564212143104e+18 6.083573952999999923e-01 -2.049842443000000070e-01 1.581278116100000020e+00 3.062364926000000209e-01 3.719292893000000211e-01 -6.930961359999999738e-01 5.361954500450000216e-01
1.403715564412143104e+18 6.923631676000000512e-01 -6.970246880000000034e-02 1.505267017900000059e+00 3.513012079999999759e-01 4.451552731999999790e-01 -6.574142606999999749e-01 4.962164183689999897e-01
1.403715564812143104e+18 7.543294819000000428e-01 1.826424417999999994e-01 1.528688587300000012e+00 4.064083302000000009e-01 6.028664288999999732e-01 -5.513074747999999747e-01 4.091997143400000203e-01
1.403715565012143104e+18 7.723684789000000439e-01 3.097073881999999889e-01 1.626483440899999966e+00 4.428725863999999901e-01 6.523429756999999940e-01 -4.817716050999999999e-01 3.823723771279999850e-01
1.403715565212143104e+18 7.702694343999999527e-01 4.505028495999999771e-01 1.755190313099999955e+00 4.810947884999999813e-01 6.923672412000000387e-01 -4.208695717000000003e-01 3.347300577349999751e-01
1.403715565412143104e+18 7.513054145999999989e-01 5.941521999000000109e-01 1.844706436100000069e+00 5.254382100000000166e-01 7.133161563000000038e-01 -3.630085987000000181e-01 2.886511838220000015e-01
1.403715565812143104e+18 6.363352312000000177e-01 8.156078321999999936e-01 1.947128419500000041e+00 5.830883640999999784e-01 7.598297592999999628e-01 -2.203974318999999960e-01 1.846392929239999980e-01
1.403715566012143104e+18 5.342697174999999632e-01 8.694140036999999932e-01 2.011162969599999961e+00 5.956487065000000136e-01 7.857653401999999954e-01 -1.246103816000000003e-01 1.106693336640000025e-01
1.403715566212143104e+18 4.227749290000000215e-01 8.882828659000000515e-01 2.073186717100000021e+00 6.028954426999999505e-01 7.964638689999999910e-01 -2.494394039999999965e-02 3.924525904489999800e-02
1.403715566412143104e+18 3.110598561999999845e-01 8.700288673999999611e-01 2.127871300399999832e+00 6.031057982999999956e-01 7.939769559999999560e-01 7.068349829999999445e-02 -2.945899660209999951e-02
1.403715566812143104e+18 1.038991474000000026e-01 7.344293574000000380e-01 2.126322851299999872e+00 5.901200843999999668e-01 7.556741179000000530e-01 2.397014484999999973e-01 -1.525061606950000037e-01
1.403715567012143104e+18 1.702801400000000104e-02 6.062650504000000051e-01 2.111254763399999845e+00 5.655156974999999697e-01 7.213721341000000065e-01 3.291696236000000164e-01 -2.268514908029999888e-01
1.403715567212143104e+18 -4.384341580000000044e-02 4.439241952999999907e-01 2.096909167999999823e+00 5.158026028000000096e-01 6.777538002999999867e-01 4.228998387999999831e-01 -3.094401191589999933e-01
1.403715567412143104e+18 -7.628337540000000583e-02 2.702725004000000042e-01 2.076051460500000001e+00 4.531834109000000277e-01 6.157978911000000499e-01 5.283669387999999634e-01 -3.691153359620000241e-01
1.403715567812143104e+18 -1.011586715999999997e-01 -7.684763270000000146e-02 1.931900086800000027e+00 3.411221697999999858e-01 4.448769644000000190e-01 6.811271582000000269e-01 -4.709415528620000124e-01
1.403715568012143104e+18 -9.589643250000000341e-02 -2.523795627000000041e-01 1.847312576300000009e+00 2.868016535999999839e-01 3.468475588000000109e-01 7.304144298000000424e-01 -5.137473534750000015e-01
1.403715568212143104e+18 -6.592319539999999534e-02 -4.242320446000000245e-01 1.774604443699999923e+00 2.311642546000000076e-01 2.505622759000000199e-01 7.593962055999999849e-01 -5.541651705150000273e-01
1.403715568412143104e+18 -1.854567600000000096e-03 -5.819115860000000362e-01 1.707527049599999902e+00 1.628484306999999909e-01 1.639702678999999941e-01 7.812394348000000210e-01 -5.798785091020000060e-01
1.403715568812143104e+18 2.095238533000000070e-01 -8.159762589000000288e-01 1.624068311300000067e+00 3.396963239999999801e-02 -1.485426630000000019e-02 8.007757626000000517e-01 -5.978156847029999499e-01
1.403715569012143104e+18 3.466640842000000000e-01 -8.887836129999999724e-01 1.601312391900000076e+00 2.547327270000000060e-02 9.486585270000000292e-02 -8.042270033999999734e-01 5.861488799259999549e-01
1.403715569212143104e+18 4.945571253000000111e-01 -9.403459333999999448e-01 1.577652617300000060e+00 8.075894690000000320e-02 1.613285735999999970e-01 -8.000731543000000334e-01 5.721311314029999817e-01
1.403715569412143104e+18 6.473677619000000050e-01 -9.817814321000000177e-01 1.562429253599999956e+00 1.285903350000000001e-01 2.063061754000000136e-01 -7.746771767000000253e-01 5.837615605929999951e-01
1.403715569912143104e+18 9.993104453000000165e-01 -9.427771543999999837e-01 1.541153981899999970e+00 2.177356957000000093e-01 3.362451343000000259e-01 -7.263427859000000097e-01 5.585306919039999540e-01
1.403715570312143104e+18 1.221683668600000106e+00 -7.504262022000000032e-01 1.533563776899999898e+00 3.190211404000000139e-01 4.563651759999999835e-01 -6.490076563000000132e-01 5.184065973460000309e-01
1.403715570512143104e+18 1.291139056900000082e+00 -6.095819898000000014e-01 1.522554943700000107e+00 3.742397867999999739e-01 5.170711722999999926e-01 -5.950943689000000036e-01 4.883079733130000211e-01
1.403715570712143104e+18 1.316202597299999999e+00 -4.463745063999999818e-01 1.501521276599999899e+00 4.195839469000000044e-01 5.817442898000000362e-01 -5.378415873999999874e-01 4.430003608699999984e-01
1.403715570912143104e+18 1.299440179000000084e+00 -2.705169165999999903e-01 1.475548708300000067e+00 4.583090304999999920e-01 6.433485021999999498e-01 -4.754781095999999763e-01 3.872674845049999814e-01
1.403715571012143104e+18 1.279250643699999967e+00 -1.811150719000000076e-01 1.461531067299999931e+00 4.716921326999999886e-01 6.700754585999999513e-01 -4.476057779000000014e-01 3.579867026799999907e-01
1.403715571212143104e+18 1.229713280499999950e+00 -4.746323400000000345e-03 1.436134068100000105e+00 5.025189191000000166e-01 6.906125929999999968e-01 -4.115418825000000114e-01 3.180601534849999967e-01
1.403715571512143104e+18 1.122591885300000092e+00 2.274031894999999914e-01 1.406772638400000108e+00 5.165511292000000143e-01 6.964304041000000112e-01 -3.886627428000000162e-01 3.116101659469999730e-01
1.403715571712143104e+18 1.021775839000000019e+00 3.612205499999999736e-01 1.371299064800000078e+00 5.049343850999999939e-01 7.049249926999999749e-01 -4.304376562000000184e-01 2.506899389739999928e-01
1.403715571912143104e+18 9.532498526999999555e-01 4.662707736000000214e-01 1.301201933199999994e+00 4.807581083999999949e-01 7.118440325999999541e-01 -4.786966595000000102e-01 1.816568817230000132e-01
1.403715572312143104e+18 1.139882911299999968e+00 5.727670665999999855e-01 1.173541024299999957e+00 4.371712774000000024e-01 7.599152319999999960e-01 -4.111847173000000022e-01 2.496742730809999866e-01
1.403715572512143104e+18 1.337609881099999898e+00 6.628521313999999887e-01 1.124851327900000086e+00 4.895810731999999943e-01 7.534724714999999629e-01 -3.249237688000000124e-01 2.949816128359999956e-01
1.403715572712143104e+18 1.497915960899999899e+00 7.882291726000000276e-01 1.075454830900000047e+00 5.216072706000000059e-01 7.612428759999999572e-01 -2.726641749000000003e-01 2.721936567400000118e-01
1.403715573012143104e+18 1.640694330999999950e+00 1.014117905099999994e+00 1.055834686999999938e+00 5.485419159000000100e-01 7.847157407999999501e-01 -2.095049827999999892e-01 1.985714853570000049e-01
1.403715573212143104e+18 1.688992036499999960e+00 1.172186829299999955e+00 1.101752003999999951e+00 5.672981636999999688e-01 7.935668327999999550e-01 -1.640583948000000070e-01 1.466605553700000009e-01
1.403715573412143104e+18 1.717537869899999903e+00 1.317561061399999955e+00 1.152255424700000086e+00 5.718883751000000126e-01 8.066925455000000245e-01 -1.174243061000000005e-01 9.166436527179999683e-02
1.403715573712143104e+18 1.767920617299999941e+00 1.517415980500000039e+00 1.216693993000000029e+00 5.659155303999999775e-01 8.231037332999999734e-01 -4.248581540000000156e-02 2.085215003499999928e-02
1.403715574012143104e+18 1.832506897700000081e+00 1.724191959999999968e+00 1.272887246700000086e+00 5.370868779999999898e-01 8.409026554999999847e-01 6.186167570000000032e-02 -2.436272747610000039e-02
1.403715574312143104e+18 1.868576494400000065e+00 1.990466829200000065e+00 1.339111284499999943e+00 5.416342355000000053e-01 8.165523476999999586e-01 1.758335802999999864e-01 -9.464232877799999555e-02
1.403715575012143104e+18 1.693286049599999954e+00 2.600184428299999961e+00 1.440956549600000081e+00 5.416559721000000494e-01 7.732255643000000012e-01 2.864356638000000177e-01 -1.633574150690000060e-01
1.403715575312143104e+18 1.503951470300000093e+00 2.801098151300000172e+00 1.501910280900000005e+00 5.886155074000000154e-01 7.418898290000000006e-01 2.735762070000000157e-01 -1.681883616610000132e-01
1.403715575812143104e+18 1.165804543999999998e+00 2.940302722599999807e+00 1.598591739800000022e+00 5.935760209999999537e-01 7.489703799000000384e-01 2.768432283999999743e-01 -1.003429334069999984e-01
1.403715576312143104e+18 6.552981187999999957e-01 2.781376163600000062e+00 1.696861951900000109e+00 5.745474898000000330e-01 7.695098606000000396e-01 2.364584835999999912e-01 -1.477739558349999982e-01
1.403715576512143104e+18 4.442569194000000055e-01 2.674269692699999812e+00 1.741279072500000025e+00 6.013257562999999584e-01 7.480448127000000058e-01 2.328541375000000024e-01 -1.568924588800000020e-01
1.403715576912143104e+18 8.653893729999999340e-02 2.322837340199999989e+00 1.832114434700000016e+00 5.971203358000000128e-01 7.617781690999999578e-01 2.150972842999999968e-01 -1.299018242299999903e-01
1.403715577712143104e+18 -4.695917683999999981e-01 1.347282101600000059e+00 1.804592777399999903e+00 5.772483579999999614e-01 7.949707629000000164e-01 1.508831016000000136e-01 -1.097274304810000045e-01
1.403715578012143104e+18 -6.101063270000000038e-01 9.815484420000000210e-01 1.775660741700000100e+00 5.679992547000000114e-01 8.060877552999999862e-01 1.108813366999999994e-01 -1.237121928310000035e-01
1.403715578212143104e+18 -6.595243993999999610e-01 7.567926953000000401e-01 1.692128618099999926e+00 5.387453924999999755e-01 8.312437188000000310e-01 5.139750929999999801e-02 -1.270652511589999978e-01
1.403715578412143104e+18 -6.464869136999999988e-01 5.790118159999999570e-01 1.594045378999999985e+00 5.443716655000000459e-01 8.353214803999999827e-01 3.974576900000000371e-03 -7.669235237259999782e-02
1.403715578812143104e+18 -5.111933556000000101e-01 3.494470098999999941e-01 1.386789051100000059e+00 4.707398488000000270e-01 8.804121820000000431e-01 -4.188973480000000166e-02 3.903376200550000286e-02
1.403715579412143104e+18 -4.598514745000000237e-01 6.046866438000000343e-01 1.254471201899999944e+00 5.595984240000000387e-01 8.169975103000000072e-01 8.921611600000000503e-03 1.388707199820000127e-01
1.403715579712143104e+18 -6.920580038000000433e-01 8.314234266000000151e-01 1.240350630800000076e+00 5.575565833000000193e-01 8.238917326000000374e-01 -1.641104380000000043e-02 1.003182289829999962e-01
1.403715579812143104e+18 -7.966614545000000325e-01 9.139395174000000122e-01 1.245061525299999916e+00 5.651561993999999478e-01 8.194537409000000050e-01 -1.653978769999999918e-02 9.391736921229999757e-02
1.403715579912143104e+18 -9.115913880999999552e-01 9.967324120999999648e-01 1.260189980899999895e+00 5.697836817000000442e-01 8.160134990999999838e-01 -1.522541500000000082e-02 9.610781479509999947e-02
1.403715580012143104e+18 -1.037014038099999924e+00 1.079754810899999917e+00 1.280734337900000019e+00 5.736733579999999666e-01 8.134262614999999697e-01 -2.911793110000000101e-02 9.159007333219999769e-02
1.403715580412143104e+18 -1.574446882399999970e+00 1.394012497999999933e+00 1.272039574699999953e+00 5.755847511999999666e-01 7.971429011999999759e-01 -1.428116205000000138e-01 1.134470373139999932e-01
1.403715580812143104e+18 -2.080647418799999926e+00 1.635367045800000030e+00 1.249132451299999946e+00 5.569267807000000126e-01 7.844006650999999497e-01 -2.560072755999999727e-01 9.491276141679999556e-02
1.403715581012143104e+18 -2.249725076199999840e+00 1.720612452799999970e+00 1.247475623899999997e+00 5.431304326000000460e-01 7.843623559000000300e-01 -2.928076721999999799e-01 6.362935554529999815e-02
1.403715581712143104e+18 -2.165851596600000040e+00 1.931422070800000057e+00 1.247588429999999970e+00 5.516919686000000267e-01 8.109962040000000538e-01 -1.493556186999999980e-01 1.249561045689999983e-01
1.403715582012143104e+18 -2.066687924500000051e+00 2.040492655500000030e+00 1.222833282100000085e+00 5.655132676999999886e-01 8.191800867999999847e-01 -4.078286390000000067e-02 8.646090172190000478e-02
1.403715582412143104e+18 -2.028161263699999939e+00 2.176630797100000070e+00 1.242367343800000024e+00 5.859632700000000360e-01 8.096361090000000482e-01 1.740939520000000032e-02 2.886746027789999919e-02
1.403715583212143104e+18 -2.139737437399999997e+00 2.509138117400000034e+00 1.183280360399999953e+00 5.391848824999999623e-01 8.409737644000000456e-01 -1.329927550000000076e-02 4.319628867809999911e-02
1.403715583412143104e+18 -2.201761595799999860e+00 2.670626298300000201e+00 1.141062070400000072e+00 5.991937964000000338e-01 7.995697217999999662e-01 -2.910880139999999852e-02 2.842062727050000126e-02
1.403715583712143104e+18 -2.284432306199999818e+00 2.838324561799999923e+00 1.072813032100000008e+00 6.849735260000000547e-01 7.277169715000000316e-01 -2.880577080000000165e-02 2.023624573780000158e-02
1.403715584312143104e+18 -2.350393050800000161e+00 2.248572754000000007e+00 1.157418805600000100e+00 6.140646128000000203e-01 7.875281895000000310e-01 -4.563060359999999982e-02 -2.533475873089999914e-02
1.403715584512143104e+18 -2.300990227699999835e+00 1.868929539700000086e+00 1.203419418900000037e+00 5.572335046999999930e-01 8.290260846000000461e-01 -4.103869660000000058e-02 -2.285602120559999950e-02
1.403715584712143104e+18 -2.213552485600000175e+00 1.517576035500000087e+00 1.220444786500000101e+00 5.363152122000000022e-01 8.436449878999999763e-01 -2.503461159999999935e-02 -1.547843262090000012e-03
1.403715585012143104e+18 -2.059091388600000183e+00 1.091985547499999987e+00 1.261115084899999905e+00 5.082201074000000096e-01 8.601436681999999889e-01 5.035435000000000215e-04 4.318493743560000014e-02
1.403715585712143104e+18 -1.906574541799999967e+00 7.526040932999999988e-01 1.385132343700000046e+00 5.407147075999999553e-01 8.397813259999999946e-01 1.090570390000000084e-02 4.770739099239999781e-02
1.403715588312143104e+18 -1.791200387599999999e+00 5.008852941000000447e-01 1.441121788100000023e+00 5.901784446000000184e-01 7.604955119999999846e-01 -2.218817063000000089e-01 1.552562019550000061e-01
1.403715588512143104e+18 -1.703191843699999986e+00 3.771047473999999955e-01 1.364501593900000032e+00 5.785926193999999523e-01 7.394368317999999718e-01 -2.799301671000000158e-01 2.002569699160000050e-01
1.403715588712143104e+18 -1.628210292899999967e+00 2.151951804999999995e-01 1.290405152099999952e+00 5.492270603000000140e-01 7.289444359000000206e-01 -3.358382568000000123e-01 2.328138974739999978e-01
1.403715588912143104e+18 -1.560733757499999985e+00 3.005462620000000015e-02 1.210765076099999948e+00 4.888114097999999852e-01 7.360061333999999844e-01 -3.892048498999999828e-01 2.605339939260000182e-01
1.403715589312143104e+18 -1.346789818500000013e+00 -2.668662949000000228e-01 1.116949948600000075e+00 4.033207139000000163e-01 7.201665122000000530e-01 -4.778211426000000261e-01 3.006319213029999826e-01
1.403715589512143104e+18 -1.159771875599999946e+00 -3.462673949000000251e-01 1.138213265999999946e+00 3.732540436999999822e-01 7.053451711999999540e-01 -5.171885239000000301e-01 3.093309539340000081e-01
1.403715589712143104e+18 -9.007869557000000027e-01 -3.801769537999999948e-01 1.187121409700000019e+00 3.604772660000000184e-01 6.935841333000000164e-01 -5.346978945999999455e-01 3.210846495960000269e-01
1.403715589912143104e+18 -5.612859648000000368e-01 -3.649942436999999984e-01 1.303967339099999956e+00 4.111572347999999932e-01 6.596083678999999922e-01 -5.122628836999999491e-01 3.653125609999999801e-01
1.403715590512143104e+18 4.123888109000000135e-01 -1.851039355999999914e-01 1.591111278300000098e+00 4.305763007999999781e-01 6.932205155999999757e-01 -4.400542204999999818e-01 3.747020803519999776e-01
1.403715590812143104e+18 8.146366951000000300e-01 3.812624729999999906e-02 1.707483729300000030e+00 4.652043768999999940e-01 7.412168728000000373e-01 -3.764732252999999917e-01 3.040564846120000220e-01
1.403715591012143104e+18 1.057903931100000028e+00 2.331537501000000012e-01 1.784755976300000047e+00 5.038741460000000227e-01 7.619200273999999773e-01 -3.172983366000000083e-01 2.547753569139999952e-01
1.403715591212143104e+18 1.280460608000000056e+00 4.418125307999999918e-01 1.850279802600000023e+00 5.174201260999999885e-01 7.943432890999999607e-01 -2.390057519000000075e-01 2.101699380369999870e-01
1.403715591412143104e+18 1.476943979699999909e+00 6.694087827000000379e-01 1.906239361399999943e+00 5.264708282000000183e-01 8.190078428999999494e-01 -1.476658238000000123e-01 1.739236177000000050e-01
1.403715591812143104e+18 1.750839472600000057e+00 1.199805316900000030e+00 1.941983292700000030e+00 5.476313026000000361e-01 8.334900978999999488e-01 -4.157192300000000194e-03 7.332755909429999885e-02
1.403715592012143104e+18 1.830596310800000071e+00 1.487283773899999995e+00 1.883265017700000099e+00 5.532496832000000087e-01 8.291501715000000328e-01 6.733481430000000378e-02 4.348337641060000258e-02
1.403715592312143104e+18 1.833440029899999990e+00 1.916162418399999900e+00 1.772127077099999948e+00 5.736376818999999738e-01 7.985270459000000098e-01 1.823035177000000007e-01 -7.732679327050000044e-03
1.403715592512143104e+18 1.732416919200000072e+00 2.164765641999999879e+00 1.754200164300000031e+00 5.749477290000000185e-01 7.749756600999999634e-01 2.581943257000000047e-01 -4.672820719049999849e-02
1.403715592712143104e+18 1.557094409000000068e+00 2.360044327899999850e+00 1.746847713600000018e+00 5.736498621000000186e-01 7.438876693999999512e-01 3.324795390999999989e-01 -8.375157920860000493e-02
1.403715592912143104e+18 1.308574272900000057e+00 2.483449891299999823e+00 1.747073543399999984e+00 5.446671517000000184e-01 7.309316394000000550e-01 3.769861935000000108e-01 -1.641890442039999898e-01
1.403715593312143104e+18 7.359505598000000148e-01 2.621756835899999860e+00 1.744297715300000107e+00 4.825099393999999764e-01 6.725395655000000472e-01 4.666918731999999959e-01 -3.115660230310000056e-01
1.403715593512143104e+18 4.568883095999999866e-01 2.676005867200000221e+00 1.733412954400000094e+00 4.745894616999999926e-01 6.170428971000000429e-01 5.374135809000000208e-01 -3.243602151450000193e-01
1.403715593712143104e+18 1.803235186999999906e-01 2.690331091400000041e+00 1.729963501100000078e+00 4.642507100000000109e-01 5.589842166999999806e-01 5.814000799999999858e-01 -3.660353408409999787e-01
1.403715593912143104e+18 -7.290268719999999647e-02 2.656200927400000023e+00 1.728066215799999972e+00 4.410879141999999864e-01 5.011336811000000058e-01 6.223867336999999722e-01 -4.085844335100000113e-01
1.403715594312143104e+18 -4.678209222999999972e-01 2.457324541100000204e+00 1.716897885799999912e+00 3.430941271999999875e-01 4.041966003999999946e-01 7.121492366999999657e-01 -4.601684395940000005e-01
1.403715594812143104e+18 -7.922799751000000334e-01 2.010516121899999842e+00 1.711686838599999927e+00 2.289236357999999971e-01 2.462223041999999917e-01 8.030712652999999479e-01 -4.919807808910000024e-01
1.403715595012143104e+18 -8.744959181000000470e-01 1.760226984900000069e+00 1.706526341300000027e+00 1.563700586000000003e-01 1.931876046999999874e-01 8.288857249000000094e-01 -5.011740308730000537e-01
1.403715595212143104e+18 -9.592713365999999686e-01 1.468926677400000047e+00 1.700979058299999958e+00 9.800776939999999993e-02 1.312880631999999992e-01 8.384736933999999975e-01 -5.197304947530000385e-01
1.403715595412143104e+18 -1.050085287399999956e+00 1.147820083000000047e+00 1.691296861599999923e+00 4.412335190000000323e-02 6.191832580000000003e-02 8.339744552000000199e-01 -5.465398968769999977e-01
1.403715595812143104e+18 -1.228436069700000077e+00 5.057380991000000048e-01 1.662483654599999916e+00 7.420536800000000419e-03 -1.337765009000000116e-01 7.745336606999999596e-01 -6.181799025340000142e-01
1.403715596012143104e+18 -1.255281401600000013e+00 2.635292206000000026e-01 1.669552154300000035e+00 2.032236709999999877e-02 1.995372995999999954e-01 -7.172737308000000089e-01 6.673007287740000404e-01
1.403715596412143104e+18 -1.197243196200000082e+00 2.141131173999999970e-01 1.768265456900000032e+00 8.366976060000000381e-02 2.383439139999999901e-01 -7.588465287000000226e-01 6.002861781430000043e-01
1.403715596812143104e+18 -1.006527872299999959e+00 4.107680246000000035e-01 1.895183714200000091e+00 1.299673000999999883e-01 2.938141530999999751e-01 -8.284165860000000103e-01 4.588111859210000087e-01
1.403715597212143104e+18 -5.639906471000000199e-01 3.541523961999999970e-01 2.002751387800000060e+00 1.701334701999999977e-01 3.247891954000000081e-01 -8.193112867999999827e-01 4.407897414390000157e-01
1.403715597412143104e+18 -2.504100305999999998e-01 2.133010921999999865e-01 2.057062233199999923e+00 2.239687136000000078e-01 3.201950927000000169e-01 -7.800503188999999837e-01 4.887070881300000225e-01
1.403715597912143104e+18 4.802112090000000277e-01 -2.034023748000000076e-01 2.137119866699999982e+00 2.933175259999999951e-01 4.007774322000000056e-01 -7.021501419000000244e-01 5.102229483139999466e-01
1.403715598312143104e+18 9.422117976999999645e-01 -5.188139591999999523e-01 2.149541304200000003e+00 3.146272808999999726e-01 4.052637922999999809e-01 -6.644467470999999570e-01 5.433980612459999859e-01
1.403715598512143104e+18 1.105099249000000006e+00 -6.394385441000000059e-01 2.118156643799999905e+00 3.436075601999999951e-01 3.778974737999999944e-01 -6.385273956999999445e-01 5.756822985059999453e-01
1.403715599012143104e+18 1.128921041899999977e+00 -7.678165649999999509e-01 1.995247717900000106e+00 2.919255747000000234e-01 4.071440249000000122e-01 -6.867910594999999674e-01 5.266224856840000523e-01
1.403715599812143104e+18 8.137915272000000311e-01 -8.241651836000000175e-01 1.666126694299999933e+00 3.276520488999999925e-01 3.795621558999999756e-01 -7.022572738000000259e-01 5.053824552550000293e-01
1.403715600012143104e+18 6.719072337999999478e-01 -8.789895880000000439e-01 1.577472471100000107e+00 2.931938727999999772e-01 4.021461344999999743e-01 -7.000854270999999907e-01 5.120510074080000251e-01
1.403715600412143104e+18 3.876728288999999883e-01 -9.206842152999999973e-01 1.401499245999999976e+00 2.608800034000000045e-01 4.989903434999999887e-01 -6.493050482000000123e-01 5.112271661239999876e-01
1.403715600812143104e+18 2.172108527999999927e-01 -7.621277212999999495e-01 1.275550611899999964e+00 3.546814644999999877e-01 5.884676610000000307e-01 -6.018047334999999665e-01 4.071092401110000258e-01
1.403715601012143104e+18 1.882329927999999986e-01 -6.589527644999999545e-01 1.281343898300000061e+00 3.890936313999999729e-01 6.277896035000000152e-01 -5.524171555000000344e-01 3.864215910430000012e-01
1.403715601512143104e+18 2.160062594000000114e-01 -3.409847980999999861e-01 1.459938974299999970e+00 4.122489382999999785e-01 6.553364221999999906e-01 -5.033496426000000357e-01 3.836979592279999851e-01
1.403715601912143104e+18 2.663446200999999847e-01 4.819479300000000313e-03 1.596242844500000091e+00 4.322959591000000157e-01 6.374489795000000125e-01 -5.066565001999999707e-01 3.873992684009999743e-01
1.403715603012143104e+18 1.981669520000000143e-02 9.347304145000000508e-01 1.653989558099999924e+00 3.015091742000000075e-01 4.814874111999999928e-01 -6.672599190000000347e-01 4.816910744910000153e-01
1.403715603412143104e+18 -7.894754900000000575e-02 1.287093005400000045e+00 1.477515750600000066e+00 2.510723982999999992e-01 4.176932253000000261e-01 -7.171887463999999657e-01 4.981318322909999985e-01
1.403715603812143104e+18 -1.088196641999999992e-01 1.632574069099999914e+00 1.362831477500000110e+00 2.811980036000000238e-01 3.618964816999999945e-01 -7.419040840999999720e-01 4.894251212199999812e-01
1.403715604412143104e+18 -1.255365895999999981e-01 1.856142322099999964e+00 1.330860887100000056e+00 2.430172912000000129e-01 3.882735911999999900e-01 -7.422772278999999473e-01 4.890917414270000152e-01
1.403715605512143104e+18 1.605929549000000012e-01 1.977048243700000096e+00 1.271733942400000039e+00 2.689502762000000047e-01 3.804065643000000274e-01 -7.262721829999999601e-01 5.054555480010000101e-01
1.403715606212143104e+18 3.669516782000000199e-01 1.992101098100000023e+00 1.124834846499999985e+00 2.625313660999999965e-01 3.948702645000000122e-01 -7.149801091999999914e-01 5.137686244339999542e-01
1.403715607912143104e+18 5.590622838000000039e-01 2.042246787099999850e+00 9.472073460000000056e-01 2.694384523999999725e-01 4.071204150000000133e-01 -7.058459697000000199e-01 5.132614880089999554e-01
