1.403715894384058112e+18 8.297791631064570517e-01 2.309984599838826203e+00 1.044572592620777618e+00 -5.549490463849356958e-01 6.015338482188323788e-01 -4.528324510029593797e-01 3.537391082169821788e-01
1.403715894784058112e+18 8.462225632344199111e-01 2.466684266302528350e+00 1.151907056940099539e+00 -5.504011503887525913e-01 6.166364953864691412e-01 -4.360797105412987928e-01 3.558826945251027940e-01
1.403715894984058112e+18 8.710775913107359214e-01 2.571855366894906680e+00 1.208775150719075819e+00 -5.420970129104899504e-01 6.142343713651633452e-01 -4.395624371340865477e-01 3.682822687666469363e-01
1.403715895284058112e+18 9.089705197984870866e-01 2.739784256535101381e+00 1.301494880705381441e+00 -5.380711206464154905e-01 6.158973504842345514e-01 -4.383256935194508874e-01 3.728545416023559267e-01
1.403715895884058112e+18 9.750691808328686427e-01 3.076988736624555187e+00 1.459900771276971820e+00 -5.367413279859024611e-01 6.186533633656161602e-01 -4.367103314559942495e-01 3.721032776366483552e-01
1.403715896184058112e+18 1.008006627001350131e+00 3.243936856474913810e+00 1.535602692969262106e+00 -5.298447134612800369e-01 6.258679195312986110e-01 -4.262647643213947624e-01 3.819061109968308609e-01
1.403715896384058112e+18 1.027299480956581412e+00 3.332236296007073051e+00 1.585197660972221811e+00 -5.103393833864020568e-01 6.367519898926512489e-01 -4.094391482493291989e-01 4.079953443526035950e-01
1.403715896684058112e+18 1.028652227928178675e+00 3.374193661658076770e+00 1.656109045725937090e+00 -4.922286641849571986e-01 6.396043668886155498e-01 -4.022372422418653559e-01 4.322295651217822887e-01
1.403715897184058112e+18 9.245379884929991743e-01 3.103266385036064889e+00 1.769952758509603097e+00 -4.813783787543874371e-01 6.598752318960789953e-01 -3.663187782530727965e-01 4.457017921178575426e-01
1.403715897284058112e+18 8.925204626678435726e-01 2.980636448736344146e+00 1.786853139582787353e+00 -4.917243550810942443e-01 6.546228780816699677e-01 -3.769331932587584033e-01 4.331251712056325975e-01
1.403715897384058112e+18 8.609908587353823917e-01 2.838240635529158951e+00 1.806334665508160908e+00 -5.108935491047360555e-01 6.436894854038215374e-01 -3.964825350097055945e-01 4.092104926514073537e-01
1.403715897484058112e+18 7.690085857879110920e-01 2.370161818804342957e+00 1.862814608618281076e+00 -5.241382916527252966e-01 6.355782889703540661e-01 -4.120938974051558401e-01 3.892273237252346640e-01
1.403715897884058112e+18 7.168841605545737128e-01 2.035939293866604327e+00 1.897316458209053591e+00 -5.114978956751169425e-01 6.397697108549035283e-01 -4.070074171690279408e-01 4.042395108867482545e-01
1.403715897984058112e+18 6.629073545472182749e-01 1.673967142544937836e+00 1.926985897127273750e+00 -5.124211895342579703e-01 6.258847834650336228e-01 -4.286185501215546423e-01 4.024660244479281168e-01
1.403715898184058112e+18 5.973967321417870124e-01 1.290823146553053080e+00 1.955534569187379335e+00 -5.039930899408084919e-01 6.200845997885340299e-01 -4.557842703207971580e-01 3.921055385035360219e-01
1.403715898384058112e+18 5.118879172585875104e-01 9.329520514822347010e-01 1.967808437558573154e+00 -4.910153893382195323e-01 6.438391714310232050e-01 -4.633943225333110871e-01 3.600565380713748320e-01
1.403715898784058112e+18 3.097535554851340578e-01 2.280547255988627509e-01 1.904757769684285229e+00 -4.445259761838426527e-01 6.891261857942526659e-01 -4.837653044001659630e-01 3.057333590059849726e-01
1.403715898984058112e+18 2.162731761907231709e-01 -9.743942662980931146e-02 1.804023194663680441e+00 -4.329469365106973777e-01 7.007181408388256649e-01 -4.862865514007306267e-01 2.916786368457008893e-01
1.403715899184058112e+18 1.341375735219326737e-01 -4.109951789255723575e-01 1.688701866546083119e+00 -4.401265768782167132e-01 7.122498012725402283e-01 -4.755177691338611790e-01 2.699475285136830327e-01
1.403715899384058112e+18 9.509442496363496033e-02 -7.071743015448661573e-01 1.625271028714312838e+00 -4.536671305234942220e-01 7.166013133743086572e-01 -4.670205849489233452e-01 2.501209019389634136e-01
1.403715899684058112e+18 1.716201166061793737e-01 -1.264482324987439288e+00 1.570019204129440293e+00 -4.631546600073511155e-01 6.994137875033828999e-01 -4.822677529094759885e-01 2.524399518049634805e-01
1.403715899984058112e+18 3.440150408275125526e-01 -1.605564622287211751e+00 1.534680220743645629e+00 -4.777544182825927965e-01 6.781295684538410917e-01 -5.047588058471709216e-01 2.389760492597662600e-01
1.403715900384058112e+18 7.157677507404878181e-01 -1.853645465721734720e+00 1.510915989000866766e+00 -4.610007226957492654e-01 6.835718865655489029e-01 -4.995777599675784164e-01 2.657628102594291608e-01
1.403715900684058112e+18 1.040821148024670961e+00 -1.932097258493581826e+00 1.520178554032256102e+00 -4.227145409203770243e-01 6.658997104893707997e-01 -5.264826450061533825e-01 3.173421134548197187e-01
1.403715900984058112e+18 1.329570134170718898e+00 -1.887553503128172050e+00 1.579093269977642988e+00 -4.031616285793726551e-01 6.460777136866955317e-01 -5.559154963939646477e-01 3.331700016322774460e-01
1.403715901484058112e+18 1.201808940786017743e+00 -1.627355050065110831e+00 1.661532366665552374e+00 -4.229977602707322148e-01 6.803726406702155227e-01 -5.156806980006650720e-01 3.037093715098841407e-01
1.403715902184058112e+18 9.311565068599485517e-01 -1.254494413645934170e+00 1.719215455980314111e+00 -4.399113750609447981e-01 6.815599662143480009e-01 -5.118561132924043244e-01 2.827672432073402020e-01
1.403715902884058112e+18 6.079179811615207374e-01 -7.156148546452651971e-01 1.722254868621509782e+00 -4.854443071702856383e-01 6.859567948072934351e-01 -4.462444286855354325e-01 3.076897953471741110e-01
1.403715903384058112e+18 5.420789979974912631e-01 -2.262872308540564426e-01 1.667051655538331012e+00 -5.681097098373162346e-01 6.314303463273628347e-01 -3.962257674300477817e-01 3.486433945307677029e-01
1.403715903684058112e+18 6.171371734242143692e-01 -7.547493107010394553e-02 1.743470611546667159e+00 -5.938486430537405214e-01 5.976759704576000143e-01 -3.799898188492785711e-01 3.817524866345856083e-01
1.403715903884058112e+18 7.290633026539168338e-01 7.155649329306346118e-02 1.868562654778305632e+00 -6.189659591903535762e-01 5.482012195102740071e-01 -3.611791789425330412e-01 4.311683719724944686e-01
1.403715904284058112e+18 9.657592989621368584e-01 3.054528414377231105e-01 2.098236533155692474e+00 -6.950279276942576967e-01 4.205928133464068575e-01 -3.069960369359929775e-01 4.957734345363564166e-01
1.403715904484058112e+18 1.100371731497628236e+00 4.674507040857678319e-01 2.176474863034134177e+00 -7.325578031604070839e-01 3.247143684741267133e-01 -2.831026649281167540e-01 5.270412934921189230e-01
1.403715904784058112e+18 1.173101566064086887e+00 6.254972939889626993e-01 2.144719555254586574e+00 -7.574452145663437275e-01 2.444209778584588155e-01 -1.957293060577777188e-01 5.729093918442961231e-01
1.403715905384058112e+18 1.130773944067462011e+00 7.486407388061264712e-01 1.845461542674651012e+00 -8.014989220586759000e-01 5.679624234089535734e-02 -8.062244421010274220e-02 5.898081775325972886e-01
1.403715905684058112e+18 1.056195286384962628e+00 7.460514244882747725e-01 1.764339781743078817e+00 -8.115664599602866458e-01 1.750947803468406311e-02 -8.596798797498158770e-03 5.839344092420970522e-01
1.403715905884058112e+18 9.791371899369425424e-01 7.409676525764083976e-01 1.684116782394586398e+00 -8.250189836971042467e-01 -5.328063983827995703e-02 5.116979238261930990e-02 5.602557472309770414e-01
1.403715906284058112e+18 8.317357210105927878e-01 7.802442851119661960e-01 1.545926498820486605e+00 -7.841698863472261749e-01 -2.444005938137932821e-01 1.287826946059711652e-01 5.556626284533345839e-01
1.403715906484058112e+18 7.263953838289032294e-01 8.032789893768845779e-01 1.498617073069890226e+00 -7.504781432822260623e-01 -3.190634500158755493e-01 1.829585226979504597e-01 5.490967585879675816e-01
1.403715906684058112e+18 6.034210029988741342e-01 8.074229313750362902e-01 1.499507041314307898e+00 -7.193538511160090243e-01 -3.749182435473289998e-01 2.549882612985152619e-01 5.262578589816142571e-01
1.403715906884058112e+18 4.859384632008433291e-01 8.032260764563305955e-01 1.506979677758759406e+00 -6.759563301289573944e-01 -4.376331916262882760e-01 3.170293660599998731e-01 5.010515047389582088e-01
1.403715907284058112e+18 2.980238101799375094e-01 7.655683064366129997e-01 1.484551027573037807e+00 -5.523677380521456737e-01 -5.875476860732418150e-01 3.965887636776254110e-01 4.386284886709804764e-01
1.403715907484058112e+18 2.310009043720708810e-01 7.114105550783851317e-01 1.537445421901516784e+00 -4.853041716405514516e-01 -6.458146265697684019e-01 4.301076795501561634e-01 4.030021254147541643e-01
1.403715907684058112e+18 1.682461900338114713e-01 5.842009743482610151e-01 1.617762788219296866e+00 -4.038003407452072091e-01 -6.903393822782817324e-01 4.926596048040359777e-01 3.430208971535487206e-01
1.403715907984058112e+18 1.666270217013210431e-01 4.476837835959219802e-01 1.671746641457977800e+00 -3.173470201354917086e-01 -7.290657602744577970e-01 5.469553044321532331e-01 2.619043355121886685e-01
1.403715908284058112e+18 2.019147791772879508e-01 3.821861332925471366e-01 1.698727058200224738e+00 -2.447385215136384518e-01 -7.594327284634088127e-01 5.678160792445001714e-01 2.023607846825664636e-01
1.403715908484058112e+18 2.581284171482065570e-01 3.346536707369869301e-01 1.716682362626409830e+00 -1.639704685133303863e-01 -7.823859673840799500e-01 5.836382662861917536e-01 1.426613389199905824e-01
1.403715908684058112e+18 3.215204771281756635e-01 3.166781811247421086e-01 1.732837985564025907e+00 -7.617440606216173415e-02 -7.925954238385539696e-01 5.987064948020623945e-01 8.683597787258587331e-02
1.403715908884058112e+18 4.373204300399757827e-01 3.416090481060081174e-01 1.729745550671588639e+00 4.095402132434360076e-02 -8.068751100110614916e-01 5.892623636512573926e-01 6.722482140974081477e-03
1.403715909184058112e+18 5.697210689294851527e-01 4.035161284561157302e-01 1.713463490702197056e+00 -1.420714203662917230e-01 8.041761103223702412e-01 -5.741358742539915960e-01 5.902959424299444174e-02
1.403715909484058112e+18 7.356622624640877239e-01 4.891495290322838141e-01 1.667821670926553423e+00 -2.455253675252006829e-01 7.779989632526634891e-01 -5.668538341345946696e-01 1.145060601291735258e-01
1.403715909784058112e+18 8.805887969925355607e-01 5.793415713930307742e-01 1.630041462167239441e+00 -3.148752116383890520e-01 7.501522183869141491e-01 -5.519466892032512950e-01 1.829756886103756364e-01
1.403715909984058112e+18 1.022338537939939451e+00 6.905748915813432198e-01 1.589713129074108666e+00 -3.894348615348534048e-01 7.004642458731191734e-01 -5.333381283958311680e-01 2.706303192067808228e-01
1.403715910184058112e+18 1.137913827843010539e+00 8.189226100243263140e-01 1.536036587944597187e+00 -4.724995613438262021e-01 6.503423737758542433e-01 -4.929898043860935775e-01 3.328062712342426122e-01
1.403715910384058112e+18 1.229214760140051377e+00 9.507024676251574213e-01 1.489907018747598011e+00 -5.299712889482078859e-01 5.944307051003266951e-01 -4.656858483402207538e-01 3.859005835447161803e-01
1.403715910784058112e+18 1.295891345877449030e+00 1.241350564183711702e+00 1.423459440531378739e+00 -6.121319614594625813e-01 5.007400391459264632e-01 -4.003194728352917897e-01 4.629235299969114981e-01
1.403715910984058112e+18 1.267941630203706538e+00 1.395205389065441448e+00 1.406736243591452107e+00 -6.446797987656123219e-01 4.566990781993137682e-01 -3.600640296741824953e-01 4.961530041934809621e-01
1.403715911184058112e+18 1.198793748214256993e+00 1.533597433630750739e+00 1.381301159121659516e+00 -6.704558283543157193e-01 4.028229778988802745e-01 -3.234631592420215140e-01 5.325356469904872769e-01
1.403715911384058112e+18 1.092382662986995046e+00 1.647273232078205973e+00 1.360733150752967413e+00 -7.032650330923002624e-01 3.561872715938125267e-01 -2.737901386198891562e-01 5.509880949519174731e-01
1.403715911784058112e+18 8.306871924558675291e-01 1.802888276134279710e+00 1.340439949656563989e+00 -7.674796386671207671e-01 2.547286108235465862e-01 -1.994184318050157556e-01 5.534623999114305359e-01
1.403715911984058112e+18 6.853404615720549709e-01 1.869760800074695695e+00 1.397159258666452297e+00 -7.795031705216766138e-01 2.148460352660053474e-01 -1.676736928463510856e-01 5.640048944862090519e-01
1.403715912184058112e+18 5.399136395513133291e-01 1.928840601997496851e+00 1.466256820412228601e+00 -7.851733857605129874e-01 1.862113123288251515e-01 -1.350316291081732067e-01 5.749735303425209665e-01
1.403715912384058112e+18 3.931943421461432386e-01 1.983069652220415646e+00 1.525363569243368911e+00 -7.918881161663312573e-01 1.522536007840952221e-01 -1.075782011293994617e-01 5.815143877537157779e-01
1.403715912784058112e+18 1.103948709887934143e-01 2.059974639671556584e+00 1.619480739415855686e+00 -8.033525922077964232e-01 4.354726655540385599e-02 -2.644559509382655299e-02 5.933202159615831306e-01
1.403715912984058112e+18 -2.795456955150088518e-02 2.085065850475260163e+00 1.624530006854256525e+00 -8.029667476591522135e-01 -3.099289440799318784e-02 2.557588157314350658e-02 5.946677365820807193e-01
1.403715913184058112e+18 -1.568845802068473683e-01 2.102566731520097765e+00 1.601240758659924657e+00 -7.898486363220460493e-01 -1.042037765461892723e-01 7.079489657896556598e-02 6.002239475996352658e-01
1.403715913384058112e+18 -3.926358133971350473e-01 2.080568044047566456e+00 1.561278400456796778e+00 -7.483486541751038779e-01 -2.048660800112328262e-01 6.609923693773851749e-02 6.274034363401197467e-01
1.403715913884058112e+18 -7.221390335127154669e-01 1.873414362609514994e+00 1.547122607323388355e+00 -7.724308855588435385e-01 -1.967139297613924032e-01 7.226231659572594779e-02 5.995267420831448257e-01
1.403715914284058112e+18 -1.153241070078941721e+00 1.562794709777720836e+00 1.563804832737085704e+00 -8.186988780427204571e-01 -1.321469511096045879e-01 7.154056562066977987e-02 5.542123039726751799e-01
1.403715914684058112e+18 -1.602099623924473804e+00 1.357225863339562633e+00 1.603626968744659376e+00 -8.562544348455528587e-01 -1.368774354291809117e-02 8.255919242776130207e-02 5.097302896922077942e-01
1.403715915184058112e+18 -1.914625595567562844e+00 1.469927560106607967e+00 1.639467696160561871e+00 -8.356071612219793110e-01 1.351972955108408274e-03 5.177757480397988249e-02 5.468801761182170429e-01
1.403715916384058112e+18 -2.146080535030834291e+00 2.358899123222092609e+00 1.373092241824250603e+00 -8.131821106707641800e-01 3.238365384048558920e-02 -1.330127274221997759e-02 5.809554457894489099e-01
1.403715917284058112e+18 -1.982886006718610705e+00 3.210993297185176676e+00 1.248225911360121732e+00 -7.617716711072756164e-01 2.089242637520272450e-01 -1.418359754697503528e-01 5.966046674110475623e-01
1.403715917984058112e+18 -1.832604110871060454e+00 3.175717185222044048e+00 1.152072150036898224e+00 -7.449853740031679994e-01 2.420429033913581995e-01 -1.642968329708005826e-01 5.995152843047509839e-01
1.403715918484058112e+18 -1.812108172731471623e+00 3.013331310060457291e+00 1.034144448851673115e+00 -7.493353133430793456e-01 3.049898181735014036e-01 -1.611682383830604637e-01 5.652456084960102434e-01
1.403715918784058112e+18 -1.777957647453357604e+00 2.879330953249323866e+00 9.733269742385356471e-01 -7.659248149938909789e-01 2.997496007807307628e-01 -1.929044226074077550e-01 5.350675082144952244e-01
1.403715918984058112e+18 -1.703951552124150837e+00 2.712893080392414280e+00 9.805727552855932894e-01 -7.941561384428456050e-01 2.856296946001742332e-01 -2.111680917435277138e-01 4.930920222083868820e-01
1.403715919384058112e+18 -1.568411433908196040e+00 2.870213088269941260e+00 8.362363192266292211e-01 -7.757257697465393953e-01 2.772036361636638357e-01 -1.915327868611348128e-01 5.335942895177846479e-01
1.403715920484058112e+18 -1.561410122087514507e+00 3.023055016847148835e+00 9.008148818261599855e-01 -7.531241243126242102e-01 2.706698278443608330e-01 -1.795629203321746914e-01 5.721005639875108573e-01
1.403715920784058112e+18 -1.567328707227874540e+00 3.127904114545688508e+00 1.015703799013659703e+00 -7.590901271586029120e-01 2.471593163716771235e-01 -1.570310866903733837e-01 5.814083668075836764e-01
1.403715921184058112e+18 -1.563309904950184848e+00 3.186552569573828819e+00 1.236952601941784025e+00 -7.904500453595734166e-01 2.019083732900542327e-01 -1.333895098075512098e-01 5.626979414034793958e-01
1.403715921984058112e+18 -1.491557519259414155e+00 3.363412613171157695e+00 1.753436638706752815e+00 -7.834621348792194517e-01 2.043578506241230386e-01 -1.339275359625225759e-01 5.713916058272050513e-01
1.403715922284058112e+18 -1.463660618914146117e+00 3.406044025754328963e+00 1.910079122872571533e+00 -7.754799411179384983e-01 2.009620088578552566e-01 -1.411753251266229248e-01 5.816482265896859571e-01
1.403715922784058112e+18 -1.459752398541995122e+00 3.415196696090966988e+00 2.413762035217309254e+00 -7.903123357733812249e-01 1.965383269049592596e-01 -1.372135385637834049e-01 5.638719205782696253e-01
1.403715924484058112e+18 -1.406874045367482395e+00 3.113396691024463259e+00 2.066251668975543687e+00 -7.875134578287655840e-01 2.020256058094329621e-01 -1.308337395255784186e-01 5.673541582976768805e-01
1.403715924784058112e+18 -1.342474228625978316e+00 2.963990434759888437e+00 1.907780072121662673e+00 -7.760166011914474415e-01 2.476133279344035210e-01 -1.312147443437457761e-01 5.650385521106758846e-01
1.403715924984058112e+18 -1.269387762670850961e+00 2.854452198191923085e+00 1.812157151577390879e+00 -7.480474473457817686e-01 2.849970014721211475e-01 -1.765784808682829554e-01 5.727318445534604896e-01
1.403715925184058112e+18 -1.192242244232877280e+00 2.718347371858388595e+00 1.761126954036250858e+00 -7.222451626813340964e-01 3.271312370088952926e-01 -2.225611048035658901e-01 5.672862005946021080e-01
1.403715925384058112e+18 -1.124794150772056245e+00 2.552509275376223297e+00 1.748188571013647996e+00 -7.079740117134126764e-01 3.890527641897056910e-01 -2.382435827621367519e-01 5.391203397085169158e-01
1.403715925784058112e+18 -9.751102478505261351e-01 2.153304955538575705e+00 1.729233933147966251e+00 -6.548010083464010922e-01 4.880904604745280317e-01 -3.022461118943883251e-01 4.915797287389142012e-01
1.403715925984058112e+18 -8.907495251556988292e-01 1.920260335286402498e+00 1.712439421971587050e+00 -6.132357580863266877e-01 5.284778459796914962e-01 -3.475647041178429597e-01 4.731298423946959653e-01
1.403715926184058112e+18 -8.142839083846892256e-01 1.666374996780931150e+00 1.657042011396576253e+00 -5.568578364479128684e-01 5.714858401593806425e-01 -3.917181497403606771e-01 4.581158976152923668e-01
1.403715926384058112e+18 -7.679379605269347486e-01 1.392119233251310373e+00 1.566240759364072588e+00 -5.060291703848598388e-01 6.026589223071125989e-01 -4.460042715755252463e-01 4.263999200511481291e-01
1.403715926784058112e+18 -8.043078073557501373e-01 8.404534052838361635e-01 1.376554590790640020e+00 -4.434614938477079438e-01 6.800978908356589692e-01 -4.915899992346560166e-01 3.148778096464063259e-01
1.403715926984058112e+18 -8.557171740576137164e-01 5.871846725635854192e-01 1.341135083996913391e+00 -4.144421601574401204e-01 7.037272525041352589e-01 -5.066866110234794496e-01 2.761780733087924600e-01
1.403715927184058112e+18 -9.038563332413436235e-01 3.571887075348019192e-01 1.315962187918572113e+00 -3.904304934063513866e-01 7.028186945490498827e-01 -5.462116461454697980e-01 2.350803054828258243e-01
1.403715927384058112e+18 -9.479113839469923697e-01 1.765522483668862108e-01 1.300294841224340470e+00 -3.547777747833179007e-01 6.960630082544271291e-01 -5.865279946756236651e-01 2.135741803715651699e-01
1.403715927884058112e+18 -1.148553851518971047e+00 1.898516556463647476e-02 1.255905750834068302e+00 -2.105974113672653691e-01 7.426036138587372992e-01 -6.221049855938900475e-01 1.310495704249964866e-01
1.403715928284058112e+18 -1.394184155119212454e+00 1.495415787488112436e-01 1.105626725794697673e+00 -4.463607432936243097e-02 7.781990266053484540e-01 -6.259442764917242386e-01 2.465073196081695936e-02
1.403715928484058112e+18 -1.515747158924730442e+00 2.886661371211285410e-01 9.987796217601246918e-01 -3.118064660476375580e-02 -7.859949722278908313e-01 6.172785477931691522e-01 1.438281419410387604e-02
1.403715928684058112e+18 -1.638682354391872042e+00 4.753006747359354023e-01 9.171051546629851448e-01 -6.215464565946297176e-02 -8.128006846127828755e-01 5.776792661887113489e-01 4.217241434409404327e-02
1.403715928884058112e+18 -1.755853654827404409e+00 6.652044547103435068e-01 9.235068643195331051e-01 -4.842626058560978858e-02 -8.544155620826706654e-01 5.161605777732920508e-01 3.474481989289998629e-02
1.403715929184058112e+18 -1.996912242392922421e+00 8.124469449355180561e-01 1.126333319674952094e+00 4.608055136303350341e-02 -8.664373370268133590e-01 4.953321908130994822e-01 4.253168861281533125e-02
1.403715929484058112e+18 -2.074021554882460538e+00 7.698259510570009123e-01 1.194405067556480127e+00 1.110540773597360337e-01 -8.205864004424212599e-01 5.507403173534923813e-01 1.048334591249521358e-01
1.403715929784058112e+18 -1.905783444198058119e+00 6.532399705047262639e-01 1.318929909316188587e+00 2.263569509351323270e-02 -8.119347443423119426e-01 5.831918584880905199e-01 1.169839436100075791e-02
1.403715931484058112e+18 -1.927474141869653046e+00 2.008918873619336409e-02 1.485428436473525959e+00 -6.897827441080786950e-03 -8.502022801343822600e-01 5.260554129154144665e-01 1.934438867691285271e-02
1.403715931784058112e+18 -1.997847965698673178e+00 -3.643479010147996355e-01 1.514545023507709143e+00 9.233676725177877506e-03 -8.359997663148458491e-01 5.482238683018050285e-01 2.167302839620892374e-02
1.403715931984058112e+18 -2.026024102981443420e+00 -6.420594859667754228e-01 1.529758910042920084e+00 1.411503540058267614e-02 -8.103249350826658981e-01 5.855726891152318592e-01 1.670003357091914831e-02
1.403715932184058112e+18 -2.042379018212749919e+00 -8.986376568041642976e-01 1.569425563568025206e+00 1.939206214577361351e-02 -7.638425642183431785e-01 6.448513419969356120e-01 1.830933474574738748e-02
1.403715932384058112e+18 -2.032683665986008137e+00 -1.113163995082060431e+00 1.640024123490950059e+00 1.708461451262710193e-02 -7.073715419818887851e-01 7.065112640316557613e-01 1.324580452490527194e-02
1.403715932684058112e+18 -1.967589655490646461e+00 -7.251588173255427705e-01 1.792392704171665185e+00 6.888013013089376059e-03 -7.740777069874703598e-01 6.326946839354959939e-01 2.130013477690565968e-02
1.403715933184058112e+18 -1.922834784321690194e+00 -3.994838203080424144e-01 1.844767275838050224e+00 2.466067615859778928e-04 -8.409243627543565580e-01 5.405877262139009432e-01 2.471974065739307794e-02
1.403715933384058112e+18 -1.878599656476059643e+00 -1.151482612102103786e-01 1.902776268683960881e+00 -2.008020648226254909e-02 -8.942916532907227989e-01 4.469810552512336610e-01 6.867343639971021201e-03
1.403715934184058112e+18 -1.871368505367419832e+00 -4.197974530496599854e-01 2.271768699802866109e+00 -1.893924859826122756e-02 -8.051760343464726688e-01 5.916635786997423985e-01 3.559590168593448206e-02
1.403715934284058112e+18 -1.879208097395350441e+00 -6.881203115728498076e-01 2.332652311857936311e+00 -1.702752165660332759e-02 -7.242183590516224623e-01 6.882187865862060550e-01 3.965770679981178715e-02
1.403715934484058112e+18 -1.816127995970784115e+00 -3.565269527639611802e-01 2.414602230607204802e+00 -1.504705883290587652e-02 -7.720618666817721243e-01 6.351976822447151783e-01 1.476362107607959856e-02
1.403715935184058112e+18 -1.793617998857324647e+00 3.143114212916131578e-02 2.398925143416225758e+00 -1.855408093056967050e-02 -8.442124608187976387e-01 5.354002057335733866e-01 1.754100280883156768e-02
1.403715935384058112e+18 -1.775516961295459328e+00 3.784876587593155595e-01 2.340642179289848190e+00 -1.708787971226554195e-02 -8.807474560820728327e-01 4.727414558380247378e-01 2.252640459640252099e-02
1.403715935884058112e+18 -1.726681370296225815e+00 5.054576427846058095e-01 2.114341159621014654e+00 -1.404933992179374300e-02 -8.140294764474839129e-01 5.790489175514128561e-01 4.313906124307270024e-02
1.403715936384058112e+18 -1.670862305432146311e+00 2.540053539371527336e-01 2.070843616180117586e+00 -3.643542277584515404e-02 -7.445630432372932761e-01 6.659658336827254388e-01 2.806854074651324304e-02
1.403715936884058112e+18 -1.592226008557717121e+00 3.811662431140037111e-01 1.986732133981102821e+00 -1.688725641455455020e-02 -8.002180670767479187e-01 5.991178771348856236e-01 2.058239519907208159e-02
1.403715937284058112e+18 -1.539179339253297307e+00 5.595504354388105561e-01 1.893892071657810927e+00 -4.353405273182878871e-02 8.146364445141740518e-01 -5.780031800295586386e-01 1.961054302577124042e-02
1.403715937884058112e+18 -1.413862535229545747e+00 7.707874393354681164e-01 1.576394401452072991e+00 -1.541421608871020310e-01 8.521785612227090745e-01 -4.928340589101218305e-01 8.453688193695367559e-02
1.403715938184058112e+18 -1.233683193592041372e+00 5.946210910986384768e-01 1.533162281802144866e+00 -2.530221524568133096e-01 7.986583204231051392e-01 -5.291000246372750127e-01 1.348252258069720655e-01
1.403715938984058112e+18 -6.991301603806189258e-01 5.549226901983228544e-02 1.528223862958196344e+00 -3.130434771051841536e-01 8.038570178225737939e-01 -4.757112755271131199e-01 1.718035467493630730e-01
1.403715939284058112e+18 -4.722435923025368743e-01 -1.744019928460778246e-01 1.532270051283831869e+00 -2.985304267365829212e-01 7.541859625476347029e-01 -5.490818126108981678e-01 2.014752621750417194e-01
1.403715939484058112e+18 -2.509903599636994498e-01 -3.784868973084045685e-01 1.526653427999272505e+00 -2.807997094387381098e-01 7.090246996274798263e-01 -6.080719971050546624e-01 2.206443854575786401e-01
1.403715939684058112e+18 -1.494454604676336285e-01 -2.247636291286618793e-01 1.782006538597911804e+00 -2.954607040028234821e-01 7.852051618628523855e-01 -5.155801390462456668e-01 1.741635621912386023e-01
1.403715940484058112e+18 -2.029245534446959542e-01 -6.262985960840028454e-02 1.862183731055240710e+00 -3.070214066572302669e-01 8.393363435755946123e-01 -4.227542620373352378e-01 1.501039377785755302e-01
1.403715940684058112e+18 8.966342262028303978e-02 -1.923762764602958697e-01 2.094751558384623902e+00 -2.993924105951192849e-01 8.196126964604707466e-01 -4.633291751276126247e-01 1.546780131576742379e-01
1.403715941184058112e+18 2.243405568293548313e-01 -3.052029068060662098e-01 2.161776474558906092e+00 -2.790253905456662187e-01 7.690744716489728017e-01 -5.455534408317288531e-01 1.817710969471043325e-01
1.403715941284058112e+18 4.636489293641197218e-01 -5.081245746861604573e-01 2.275877522483982229e+00 -2.437655654567818797e-01 6.943673222897853714e-01 -6.392533945701853737e-01 2.231310564761063431e-01
1.403715941484058112e+18 6.809982776195303567e-01 -6.676005907216500113e-01 2.319329528712786637e+00 -2.150972778380365602e-01 6.455144697393313535e-01 -6.851677398398338115e-01 2.599796120979302461e-01
1.403715941784058112e+18 4.301297954298279880e-01 -3.504954192493912046e-01 2.203977128253574502e+00 -2.501614006556255876e-01 7.141619564409877885e-01 -6.143778979826047815e-01 2.234541833684747236e-01
1.403715942284058112e+18 1.746044059004867588e-01 -8.642422742463695684e-02 2.047638921520652744e+00 -2.817112199405816253e-01 7.937257708948350921e-01 -5.068045654347852480e-01 1.838132792576385455e-01
1.403715942484058112e+18 -5.350536834954278120e-02 1.538038751999151188e-01 1.843357134132165509e+00 -2.945008067946865982e-01 8.356998744430772508e-01 -4.336751445123913085e-01 1.637096933149044531e-01
1.403715942684058112e+18 -2.135298374522984766e-01 3.024093831968748258e-01 1.644392657313520800e+00 -3.110420294775437244e-01 8.524793775395004269e-01 -3.945405130442059538e-01 1.444629721941616540e-01
1.403715943184058112e+18 -1.500626680716264927e-01 1.542312250813901997e-01 1.306652867267791951e+00 -3.164058067426189225e-01 7.964744293626812022e-01 -4.863472349037221698e-01 1.702416398312928680e-01
1.403715943384058112e+18 7.426938050776210609e-03 -1.461695533212648002e-02 1.281716321891316790e+00 -2.963985351817216007e-01 7.207998956736139107e-01 -5.846231932255349095e-01 2.254132664281676413e-01
1.403715944284058112e+18 -1.159830344329989549e-01 1.077878816581590016e-01 1.392349702811678247e+00 -3.418898233537718823e-01 7.949035075642369996e-01 -4.518327860912337290e-01 2.169951514717169960e-01
1.403715944484058112e+18 -2.288275344728315508e-01 2.092654535476143884e-01 1.424953892703807234e+00 -3.989317958615182236e-01 8.043430006757340545e-01 -3.846741328582388708e-01 2.142698556130148146e-01
1.403715944684058112e+18 -1.477302148764383372e-01 1.377706731754666514e-01 1.528704084520547957e+00 -4.927661306076285830e-01 7.137228840170349864e-01 -4.131701762843733583e-01 2.776177061815964242e-01
1.403715945284058112e+18 1.729700966679907914e-01 -3.700420983441610190e-02 1.699919604365799586e+00 -4.520296779063434078e-01 5.511053819362431438e-01 -5.817238608374679654e-01 3.918537712274124951e-01
1.403715945684058112e+18 8.417472940598424991e-02 3.536847598359926792e-02 1.792093492689858181e+00 -4.769237604233014793e-01 6.289737281353254827e-01 -4.986300396558061010e-01 3.581952813928404589e-01
1.403715945884058112e+18 -4.125933485829169634e-02 1.167907239041898748e-01 1.837320363929107803e+00 -5.126973425719862920e-01 6.878398884154159898e-01 -4.163873213052906030e-01 3.010636502145301319e-01
1.403715946484058112e+18 1.123896506671235862e-01 2.692136013975205966e-01 2.017578023405684817e+00 -5.630773239237962802e-01 6.271879067494416926e-01 -4.105939965143280967e-01 3.478387944672959864e-01
1.403715946684058112e+18 3.175823443858688533e-01 3.045653414480702370e-01 2.093498294774391422e+00 -5.296908354534441976e-01 5.728741726423242087e-01 -4.680648472054468878e-01 4.149193897211199134e-01
1.403715946884058112e+18 5.191432665259106960e-01 3.677407818089164504e-01 2.183055235619562939e+00 -5.024268105766658277e-01 5.373647821570696204e-01 -5.031237231912285557e-01 4.535117529604280051e-01
1.403715947184058112e+18 1.687103098951274749e-01 5.521211016445655151e-01 2.165131255563717438e+00 -5.364775967185930750e-01 6.241082871761081119e-01 -4.088138825053128644e-01 3.944006130422206824e-01
1.403715947784058112e+18 -3.989049728046278886e-02 6.004865909757082232e-01 2.070515888438754892e+00 -5.728784386466200251e-01 6.549628761439928448e-01 -3.554186582064231548e-01 3.413378133253704427e-01
1.403715947984058112e+18 -1.787115261442018266e-01 6.303035623928816555e-01 1.943577051745788209e+00 -6.035749418918944231e-01 6.676907037520426469e-01 -3.170715886697058616e-01 2.989180846013964055e-01
1.403715948384058112e+18 -2.505848721453096672e-03 6.425219769696259853e-01 1.786187025175574039e+00 -5.790119646907416762e-01 6.305270031725144220e-01 -3.765224605018717141e-01 3.541351151084449200e-01
1.403715948784058112e+18 4.974506633215647344e-01 6.381617838844144686e-01 1.588056209541756747e+00 -5.117670264638964905e-01 5.371547390994050319e-01 -4.849883327849683901e-01 4.629747443973681875e-01
1.403715949284058112e+18 4.350829134429212708e-01 6.560890801647507597e-01 1.531823005631658186e+00 -5.802859797006718612e-01 5.621072059101888119e-01 -4.096341500082902320e-01 4.236785738902282827e-01
1.403715949484058112e+18 3.624949529378078683e-01 6.668852041645600970e-01 1.498822664585834241e+00 -6.405485406917734714e-01 5.760556180837538287e-01 -3.390672840233884822e-01 3.780090856008442302e-01
1.403715949684058112e+18 5.493090994104641300e-01 7.569478828096940504e-01 1.476636292772421921e+00 -7.276388176584002165e-01 4.876169690953022773e-01 -3.038378912395255371e-01 3.747719017403983166e-01
1.403715950184058112e+18 7.757515498199295534e-01 8.627263191317964264e-01 1.501155956672759695e+00 -6.920907951579564621e-01 4.302665600831389603e-01 -3.455411876882250599e-01 4.652765910110464587e-01
1.403715950384058112e+18 9.797025387921044493e-01 9.901749281613065889e-01 1.519772165200893310e+00 -6.385839366008740914e-01 4.001403441213038925e-01 -3.720819933302242921e-01 5.418978235435372159e-01
1.403715951284058112e+18 6.149903630617916672e-01 1.145338687070505790e+00 1.652061918465705714e+00 -7.351700880902345414e-01 4.425847786820055751e-01 -2.632640102116351466e-01 4.408352483453257253e-01
1.403715951484058112e+18 4.491368657965144617e-01 1.151973085048737522e+00 1.684301182158432386e+00 -7.782966154130381842e-01 4.366330098420834749e-01 -2.139451401392657992e-01 3.972826074265552454e-01
1.403715951684058112e+18 4.137825708351146048e-01 1.276445787991357328e+00 1.753539049873093614e+00 -8.067674507156646913e-01 4.000654100102422617e-01 -1.777503230897403697e-01 3.968359495063134013e-01
1.403715951984058112e+18 5.393499590214607675e-01 1.449242591001407288e+00 1.832561052169835669e+00 -7.623170808865962211e-01 3.449877052156343216e-01 -2.032931195374807765e-01 5.084565458201014687e-01
1.403715952184058112e+18 6.920389424208404083e-01 1.617749001077395832e+00 1.897001880208302405e+00 -7.150665444564201501e-01 2.899806428478383657e-01 -2.143963707055674128e-01 5.988532875429423141e-01
1.403715952384058112e+18 8.543411873394548550e-01 1.751534070122736209e+00 1.987183973952744376e+00 -6.843041280234795076e-01 2.403063556808665846e-01 -2.104983648768726512e-01 6.554930618805734355e-01
1.403715952684058112e+18 7.665646553549227971e-01 1.457939305977483446e+00 2.097767637270374852e+00 -7.439792700678685700e-01 2.249436472934369380e-01 -1.724652547721070850e-01 6.051040713364929102e-01
1.403715953184058112e+18 6.444639845338311357e-01 1.211641924483489063e+00 2.070064562795739249e+00 -8.201684112283914585e-01 2.402651485753741489e-01 -1.364954445970055497e-01 5.009644989491922606e-01
1.403715953384058112e+18 5.665485705716428733e-01 1.008237207371455391e+00 2.019741823502173794e+00 -8.581276531318935419e-01 2.374925158725127439e-01 -1.083737762127048726e-01 4.421191699805510078e-01
1.403715954184058112e+18 8.139363553357358283e-01 1.421670139967166735e+00 1.914807172591604267e+00 -7.864659531591959851e-01 6.844012540599768435e-02 -1.623338177748376854e-01 5.919754938867440863e-01
1.403715954384058112e+18 8.226041299945914265e-01 1.666815114182297553e+00 1.906740630890605859e+00 -7.270161035531916838e-01 9.471836880579635742e-02 -1.281004664401004245e-01 6.678819403778880615e-01
1.403715955184058112e+18 3.696746656433823608e-01 1.501729860780691928e+00 1.833038909669294725e+00 -8.314116265561177777e-01 1.383551243358038807e-01 -8.015008679682497639e-02 5.321546113525617017e-01
1.403715955384058112e+18 2.336705355937508388e-01 1.369916245022510193e+00 1.831179276976312220e+00 -8.670830042447501551e-01 1.526920121497089833e-01 -6.458869881952553071e-02 4.697664453325424150e-01
1.403715955984058112e+18 1.475264255523749402e-01 1.591024245627895128e+00 1.949032011129760100e+00 -7.929982405265529888e-01 3.254396059278368003e-02 -3.504487897648157074e-02 6.073438380425459915e-01
1.403715956184058112e+18 1.358681051853993793e-01 1.765619225174375639e+00 2.034619711396017827e+00 -7.393368595171563307e-01 -6.779385447781673124e-02 3.836285177499396733e-03 6.699031902972145680e-01
1.403715956484058112e+18 1.002214716504212788e-01 1.706413221809591763e+00 2.112527775028846033e+00 -6.840057159813667242e-01 -1.278708430909157034e-01 7.342972323991918404e-02 7.144181574798792456e-01
1.403715956784058112e+18 9.572619600685983166e-02 1.370373777760023781e+00 2.172915570151902287e+00 -7.646447868259418357e-01 -1.402344537852682760e-01 9.562077875464632115e-02 6.216987330064396300e-01
1.403715957284058112e+18 9.385127662030678941e-02 8.415557203948849097e-01 2.131306296428957303e+00 -8.745959151235149776e-01 -1.354277993843998329e-01 8.178445252240480745e-02 4.583149569114788324e-01
1.403715957484058112e+18 6.091745801643888569e-02 7.014141686288755118e-01 2.055079969911091986e+00 -9.040276579671789881e-01 -1.355692276915090033e-01 7.124070054380381156e-02 3.990986603830353752e-01
1.403715957884058112e+18 -7.028391214926954511e-02 8.040163824509627410e-01 1.953456380017424276e+00 -8.700578509170568964e-01 -1.423036401982193111e-01 7.498659044775733695e-02 4.659678328993843710e-01
1.403715957984058112e+18 -2.052886721668669701e-01 1.016359767920623769e+00 1.917269538732378820e+00 -7.887770874797945808e-01 -1.565063230711259690e-01 1.034112031034749302e-01 5.853568144118086458e-01
1.403715958184058112e+18 -3.432099995059143538e-01 1.205777629444063415e+00 1.883165571702826169e+00 -7.179468454532003108e-01 -1.776455341340578975e-01 1.392056363324959967e-01 6.584953926333037000e-01
1.403715958384058112e+18 -4.773744026954516162e-01 1.293028530596709524e+00 1.818570014135878488e+00 -6.510553078147512940e-01 -2.098481754344267147e-01 1.982951671353496426e-01 7.019756093510979289e-01
1.403715958684058112e+18 -4.409721230466513431e-01 1.097877182269400675e+00 1.730741798300846179e+00 -7.040817875306439877e-01 -2.556542661394229921e-01 2.644466583209329480e-01 6.074353443579474376e-01
1.403715958984058112e+18 -3.302256506910999923e-01 8.970565438399136227e-01 1.667588908709255691e+00 -7.526150099882962241e-01 -3.014729711516970778e-01 2.807680373466442947e-01 5.136672109545227238e-01
1.403715959184058112e+18 -1.867463303268384056e-01 7.355264982062421630e-01 1.602571036595351828e+00 -7.634823118590607915e-01 -3.756775463969848072e-01 2.491212518241862628e-01 4.624929648124778137e-01
1.403715959384058112e+18 -8.049685591212996094e-02 6.303606538096355738e-01 1.545155135365882559e+00 -7.820410732930453968e-01 -4.301636112939778989e-01 2.165427365202582666e-01 3.955758719405205182e-01
1.403715959984058112e+18 -4.323421114565052514e-01 7.367885665125066819e-01 1.647133884452509633e+00 -6.315856913390954785e-01 -4.221115108422512363e-01 3.490331011921001259e-01 5.487233193353586724e-01
1.403715960184058112e+18 -5.761900571140972094e-01 7.777942751872277682e-01 1.714533210715665890e+00 -5.667168420778547766e-01 -3.943191427495837398e-01 3.869810346621131436e-01 6.112201840403977959e-01
1.403715960684058112e+18 -3.391512638512212963e-01 6.021697625258866093e-01 1.765112838699257392e+00 -6.472273960744905352e-01 -4.436414948770272537e-01 3.194732939476545019e-01 5.312398104887716688e-01
1.403715960884058112e+18 -1.335819287407875589e-01 4.641665601457012347e-01 1.782884770688864418e+00 -7.161787646508168681e-01 -4.827580496105502439e-01 2.484442680341011067e-01 4.385294611316860602e-01
1.403715961384058112e+18 -1.303698066244087794e-01 2.594144891332426095e-01 1.927669250276085267e+00 -7.466933327596557701e-01 -4.663511212118580107e-01 2.632350544158942318e-01 3.945541847242045597e-01
1.403715961784058112e+18 -5.311986653726457064e-01 3.138725475735266723e-01 2.110053186148093562e+00 -5.921804986467310572e-01 -4.702844057787683996e-01 3.904761395369658050e-01 5.250554438877168550e-01
1.403715961984058112e+18 -6.707580610175543079e-01 3.265987213266117184e-01 2.120638292629269284e+00 -4.928140090238521398e-01 -4.510324291927207963e-01 4.751149122945910186e-01 5.726865813354239387e-01
1.403715962284058112e+18 -4.883103853779222625e-01 2.639817908554988879e-01 2.080896700118600506e+00 -5.108705831784940976e-01 -4.917162040760450492e-01 5.063281022103698348e-01 4.907731398558352054e-01
1.403715962784058112e+18 1.016551739724478320e-01 2.806739383598773063e-01 1.875704362331004571e+00 -5.782777448020259836e-01 -5.897699459077987427e-01 4.639661270812964755e-01 3.201588569628788239e-01
1.403715962984058112e+18 3.821082273800781026e-01 3.775847985194840106e-01 1.699509243395293190e+00 -5.581936692384854570e-01 -6.736484091304560939e-01 3.853448851123535412e-01 2.934739648006772783e-01
1.403715963184058112e+18 4.929537829549190953e-01 4.314862176188685172e-01 1.596748824075182593e+00 -5.493756936511147160e-01 -7.076303824349653437e-01 3.525383496685473017e-01 2.704853066125376126e-01
1.403715963284058112e+18 5.743257253661988582e-01 4.790317532759895691e-01 1.486441931965977847e+00 -5.396567407728235510e-01 -7.340822703858546072e-01 3.304234672287552077e-01 2.464024243958046478e-01
1.403715963384058112e+18 6.168780199998148417e-01 5.359093877655094484e-01 1.272537667442651621e+00 -4.820580253795234693e-01 -7.407493100985746981e-01 3.876673608352719236e-01 2.619628544253838620e-01
1.403715963884058112e+18 5.108258162209640130e-01 5.643767322165771372e-01 8.878588215880891532e-01 -3.621856328090531374e-01 -7.264249204052345421e-01 5.113064242916430802e-01 2.823015105858424634e-01
1.403715964184058112e+18 4.686806275939929822e-01 4.131959048570399418e-01 1.120641949043784891e+00 -3.732722252952871966e-01 -7.131815546994746402e-01 5.400000218706862976e-01 2.458452607621357533e-01
1.403715964984058112e+18 4.397271459687103201e-01 3.982152145617705585e-01 1.256786409876379906e+00 -3.726748696454247889e-01 -7.870303015031679950e-01 4.360085914511624972e-01 2.271414850514350825e-01
1.403715965784058112e+18 3.182446201514430584e-01 3.242980864353341985e-01 1.341736977765180416e+00 -3.588575900581961742e-01 -7.611127177121278509e-01 4.752167650510233377e-01 2.570947047469530622e-01
1.403715965884058112e+18 2.031785371509188254e-01 2.282762454295714782e-01 1.416599340173660959e+00 -3.245799307118075738e-01 -6.921152726434433022e-01 5.712313180084713782e-01 2.988630108914703265e-01
1.403715966684058112e+18 3.022067963295463899e-01 6.533667932399023215e-02 1.785105617806479250e+00 -3.534074836836857414e-01 -7.083083578594552288e-01 5.284965106641142940e-01 3.067472230985363590e-01
1.403715967284058112e+18 2.782542030633589070e-01 -2.997710875308934320e-02 1.862606048713190798e+00 -3.198262726961226265e-01 -6.383020257012814724e-01 6.091217039419927204e-01 3.453294500411883128e-01
1.403715967884058112e+18 7.141400961885957521e-01 3.351580691672850776e-02 2.014752185162884679e+00 -3.616383236147700520e-01 -7.650087946781263248e-01 5.053670211410612456e-01 1.690663801624365248e-01
1.403715968784058112e+18 1.051841953355560744e+00 4.768434655809690170e-01 1.635541423341945189e+00 -2.871414550933509280e-01 -7.679072160650282086e-01 5.306867605862588544e-01 2.150345423893414987e-01
1.403715969284058112e+18 1.181099497636003193e+00 6.529843180646115464e-01 1.544631671515676263e+00 -3.148403335559016303e-01 -8.326993422087126673e-01 4.187733628562536059e-01 1.792100455154522487e-01
1.403715969484058112e+18 1.123597414291498620e+00 4.927048769921336113e-01 1.423334737757893542e+00 -2.492865432591368502e-01 -7.824854545897376168e-01 5.102648481972892336e-01 2.553478360973508998e-01
1.403715970284058112e+18 1.260760373397435297e+00 7.214359285029559032e-02 1.430871098214069992e+00 -2.574378954265131858e-01 -6.825505681157546523e-01 6.511610794606276231e-01 2.093793221855938247e-01
1.403715970684058112e+18 1.420894603465232553e+00 1.306408765294855279e-01 1.436221284378907947e+00 -3.037911874243795496e-01 -7.612864717429912442e-01 5.524633945320603923e-01 1.514530293077901157e-01
1.403715970884058112e+18 1.534321328325048084e+00 2.251965887028299917e-01 1.456816055965665768e+00 -3.436171345860168924e-01 -8.231454496923893416e-01 4.402740945215665169e-01 1.025551323085492766e-01
1.403715971484058112e+18 1.221190275925965851e+00 2.518329711998257281e-02 1.682819757532092231e+00 -1.233161238898642792e-01 -8.043953510252640493e-01 5.437870388005504596e-01 2.050290449430305362e-01
1.403715971684058112e+18 1.123437430197370634e+00 -1.597938548498829547e-01 1.775062407666585518e+00 -6.880626160336521246e-02 -7.715865539220659874e-01 6.099983304974095910e-01 1.667990556364538357e-01
1.403715971884058112e+18 1.134630866515360825e+00 -3.625897150098156274e-01 1.895540089912057136e+00 -3.667897076695835618e-02 -7.642016542539099566e-01 6.397912700639040162e-01 7.292198220756290761e-02
1.403715972184058112e+18 1.278788658384836907e+00 -1.653037367741427843e-01 2.066027046977978010e+00 -2.153973872310925228e-02 -7.814989864679569020e-01 6.226858726405373190e-01 3.252195903061414622e-02
1.403715972784058112e+18 1.393780265395961671e+00 4.585317982591521346e-01 2.035509778172834849e+00 -6.520774042193204501e-02 -8.107527278406641003e-01 5.814926659785270013e-01 1.715355068704944169e-02
1.403715973484058112e+18 1.351229628324481347e+00 8.397464883629326415e-01 2.022275087869500165e+00 -7.734506757172857072e-02 -8.475433440816392272e-01 5.249402177225860333e-01 1.121553576968785208e-02
1.403715973984058112e+18 8.595144975757637029e-01 1.069790503552148664e+00 2.016870524771908535e+00 -4.612343465867867892e-02 -8.381709302963352703e-01 5.425387620647070808e-01 3.152478451564216105e-02
1.403715974784058112e+18 3.016401325075785955e-01 9.275467490406803517e-01 1.905773313918076584e+00 -2.768616781480238639e-02 -8.231820664090178097e-01 5.659705170551346809e-01 3.580691942423183671e-02
1.403715975484058112e+18 -1.594245576611661441e-01 7.081131059363590108e-01 1.926073027531092885e+00 -1.087281043614584525e-02 -8.225760761848114333e-01 5.673269632232894599e-01 3.728937759549279252e-02
1.403715976384058112e+18 -2.343654145795903698e-01 3.290681548460689942e-01 1.989810271879057790e+00 5.274039313063962758e-02 -8.187806267886498235e-01 5.716699709727779410e-01 3.190676416352944238e-03
1.403715977284058112e+18 -7.624538137394987203e-02 1.988072054372351793e-01 1.970759194395167890e+00 -1.428332628558959261e-01 8.083658420899610952e-01 -5.681493613471961801e-01 5.787596707528890050e-02
1.403715977884058112e+18 2.153820685551850467e-01 8.597891560684001178e-02 1.949704366933148858e+00 -3.139024337945945375e-01 7.534279348896167905e-01 -5.506558862961768996e-01 1.748991248496373496e-01
1.403715978284058112e+18 5.048335598260870194e-01 1.201429127831268318e-01 1.923293172192875655e+00 -4.585239751909552242e-01 6.639078462228900079e-01 -5.315227497192843709e-01 2.578094304512915103e-01
1.403715978484058112e+18 6.652807124345710976e-01 2.143240479551222766e-01 1.910712412380989544e+00 -4.969940857163529513e-01 6.349652404357951641e-01 -4.927942334372196753e-01 3.270624797990479005e-01
1.403715978684058112e+18 8.069708123681413880e-01 3.417735621326589701e-01 1.889665484110588212e+00 -5.439996173390074796e-01 5.941192413984917042e-01 -4.526762478876617535e-01 3.823231067218434420e-01
1.403715978884058112e+18 9.269168459516334835e-01 4.744497998364396452e-01 1.874750120415522137e+00 -6.063503342856156886e-01 5.420676121812301185e-01 -4.098976646549764569e-01 4.128993587380080932e-01
1.403715979284058112e+18 1.094970150406194609e+00 7.911930274256118167e-01 1.892832324392621279e+00 -6.817860375525881533e-01 3.868340135707923344e-01 -3.424062457564353013e-01 5.179625544477478583e-01
1.403715979484058112e+18 1.101498228909155719e+00 9.576178540071165202e-01 1.904197938311430915e+00 -7.219795338016948838e-01 3.120132867338902272e-01 -3.080192445788075273e-01 5.352732074764278147e-01
1.403715979684058112e+18 1.059970669634444418e+00 1.123992523138177768e+00 1.930778175778686379e+00 -7.497051628284288061e-01 2.447832843047845486e-01 -2.595470404645381923e-01 5.573676043146582604e-01
1.403715979884058112e+18 9.630248245017665187e-01 1.285775568920741740e+00 1.955260314830353563e+00 -7.605698757119246922e-01 1.704225619719758333e-01 -2.066977228140795264e-01 5.914098966993446282e-01
1.403715980284058112e+18 6.010855555835168396e-01 1.510329800128502153e+00 1.997891930664727811e+00 -7.750717992450976146e-01 2.638247279213576726e-02 -7.669945045858529709e-02 6.266457256246867891e-01
1.403715980484058112e+18 3.662072137491673152e-01 1.562762242454554862e+00 2.016592903757326471e+00 -7.696249567241060241e-01 -4.381996846032763099e-02 4.274841890865227652e-03 6.369764219171396569e-01
1.403715980684058112e+18 1.222442844069024925e-01 1.559649338852791667e+00 2.023946863441027588e+00 -7.627875958698493442e-01 -1.187973704966866079e-01 8.099913799091464084e-02 6.304612660543839064e-01
1.403715980884058112e+18 -1.048478245068513726e-01 1.509796006149841441e+00 2.026373624392177053e+00 -7.491588205894995633e-01 -1.973008421755150510e-01 1.556594087853278019e-01 6.128650648114839505e-01
1.403715981284058112e+18 -4.336203391180364353e-01 1.295156822580707745e+00 2.034433128938043289e+00 -6.751058221081305266e-01 -3.621177644627611714e-01 3.033576628977531775e-01 5.666365519249624283e-01
1.403715981484058112e+18 -5.125058607871744165e-01 1.140620473179160710e+00 2.058179338219055854e+00 -6.163284080793284270e-01 -4.386822124437007586e-01 3.795388340597163901e-01 5.325856582001546879e-01
1.403715981684058112e+18 -5.183054393048356356e-01 9.771868415689874965e-01 2.063773260513824592e+00 -5.529796426598134751e-01 -5.185420323862073300e-01 4.312609084166267315e-01 4.892256169951370581e-01
1.403715981884058112e+18 -4.537424333780777364e-01 8.142928839701366606e-01 2.062507825058349731e+00 -5.048581428850932307e-01 -6.023843269326469851e-01 4.518952011205815134e-01 4.219503589673855859e-01
1.403715982284058112e+18 -2.065308985540277309e-01 5.077080486308760410e-01 2.071485624687398275e+00 -3.850900022745214479e-01 -6.965564661742928987e-01 5.105170318136262875e-01 3.254030420988638928e-01
1.403715982484058112e+18 -3.913440149554214820e-02 3.704700248430015108e-01 2.076115023386206460e+00 -3.168899482199363793e-01 -7.315070783684393119e-01 5.365354379102655891e-01 2.767812834721226078e-01
1.403715982684058112e+18 1.535296258389378110e-01 2.527789686228327781e-01 2.081243120671808278e+00 -2.408355288212944700e-01 -7.613186085314168627e-01 5.609981422565764042e-01 2.183421826991415182e-01
1.403715982884058112e+18 3.744658926634568674e-01 1.500825824999618696e-01 2.086408170494544745e+00 -1.623301705342391210e-01 -7.849538831521409854e-01 5.765702543396130642e-01 1.583131670754331921e-01
1.403715983284058112e+18 8.432589714875464715e-01 3.262015379832750028e-02 2.085681904531149655e+00 -6.728645741413919953e-04 -8.018027444432602735e-01 5.969591391506978706e-01 2.741701006634345017e-02
1.403715983484058112e+18 1.076612072529490982e+00 2.678444704645244201e-02 2.080809919536255048e+00 -8.237796235579070148e-02 7.833358731371363737e-01 -6.138205865173872455e-01 5.313255821093771508e-02
1.403715983684058112e+18 1.280443691261989869e+00 5.881396584367637459e-02 2.092056638013617409e+00 -1.562496505252583268e-01 7.564201043327245522e-01 -6.206081583945169955e-01 1.351302564423316754e-01
1.403715983884058112e+18 1.443717023827020052e+00 1.454430849226615585e-01 2.101770051356468993e+00 -2.250667757895200571e-01 7.340414494441995785e-01 -6.079850376992071981e-01 2.021936964088199562e-01
1.403715984284058112e+18 1.599434091760845833e+00 4.334159216860706820e-01 2.128312829113553128e+00 -3.449638471172064014e-01 6.989690316929513259e-01 -5.468579732397900184e-01 3.055954744762815478e-01
1.403715984484058112e+18 1.592655836961788696e+00 5.966563171908993990e-01 2.145797309114805707e+00 -4.108291837653116896e-01 6.718324456172345416e-01 -5.158728293875336490e-01 3.372473434771486867e-01
1.403715984684058112e+18 1.539312808382320208e+00 7.655499802732501635e-01 2.161153263480402487e+00 -4.832877428008447440e-01 6.425205281369621435e-01 -4.660848078118524085e-01 3.692766991133506482e-01
1.403715984884058112e+18 1.460133655007811448e+00 9.395904290650138879e-01 2.179093538930534368e+00 -5.338382729190547238e-01 5.975275488797853196e-01 -4.249882870008789837e-01 4.211442539185055178e-01
1.403715985284058112e+18 1.109565132982738511e+00 1.369174077894594888e+00 2.228693409103092105e+00 -5.854917203435534567e-01 5.627345064344049241e-01 -4.098722968307532688e-01 4.153721475590966272e-01
1.403715985684058112e+18 8.119314317724871666e-01 1.708116639269816162e+00 2.172990857103755502e+00 -5.421015005145584098e-01 6.434586874993079020e-01 -3.781225108355597553e-01 3.861479605293081652e-01
1.403715986684058112e+18 6.441796794923251301e-01 2.060949951142454495e+00 1.635011239011803674e+00 -4.868773694175019262e-01 6.477132723793035396e-01 -4.466411918570464268e-01 3.793805341201688663e-01
1.403715987684058112e+18 6.036393288103162336e-01 2.040138284775979471e+00 1.401885277280497943e+00 -5.033101785891406221e-01 6.392480161752027712e-01 -4.438462739559262404e-01 3.755546871496563965e-01
1.403715988884058112e+18 5.655961794532249343e-01 1.922799353652705490e+00 1.365967633838464756e+00 -5.101278846400592037e-01 6.529227195853996024e-01 -4.346215146598763068e-01 3.529385251805466361e-01
1.403715989784058112e+18 5.721054431504424276e-01 1.827959930166999980e+00 1.253836152385186198e+00 -5.219419920682132341e-01 6.359414971480817913e-01 -4.490677387792153530e-01 3.485586537566443543e-01
1.403715990784058112e+18 5.734432471487187488e-01 1.844495850739046761e+00 1.192367909539328030e+00 -5.265596336856606108e-01 6.395656980245827405e-01 -4.428590741150834620e-01 3.428797319135121757e-01
1.403715990884058112e+18 5.873658226183664510e-01 1.875573563199602223e+00 1.137738528143388272e+00 -5.305120521012008927e-01 6.410044028713132169e-01 -4.395456384743399725e-01 3.383340801236975337e-01
1.403715991184058112e+18 6.110933717562609946e-01 1.911115096837143978e+00 1.118050885475952549e+00 -5.242032676837353744e-01 6.352955256152450492e-01 -4.472293745663081799e-01 3.487067762576065433e-01
