1.403715886584058285e+09 -0.000000000000000000e+00 -0.000000000000000000e+00 -0.000000000000000000e+00 -0.000000000000000000e+00 -0.000000000000000000e+00 -0.000000000000000000e+00 1.000000000000000000e+00
1.403715893584058285e+09 -1.275990507565438747e-03 1.560795004479587078e-03 -1.073422841727733612e-03 3.541278839111328125e-02 -5.825222004204988480e-03 8.760510012507438660e-03 9.993174076080322266e-01
1.403715894384058237e+09 -2.635124698281288147e-02 -4.364228621125221252e-02 -3.567560762166976929e-02 2.349459379911422729e-02 6.411441136151552200e-03 -1.637916639447212219e-02 9.995692372322082520e-01
1.403715894784058094e+09 -7.255863398313522339e-02 -7.486274093389511108e-02 -5.022368580102920532e-02 9.439776651561260223e-03 3.034591674804687500e-03 1.646842691116034985e-03 9.999495148658752441e-01
1.403715894984058142e+09 -1.043233722448348999e-01 -9.319989383220672607e-02 -5.441375076770782471e-02 2.244217135012149811e-02 1.780265120032709092e-05 9.545163251459598541e-03 9.997025728225708008e-01
1.403715895284058094e+09 -1.549458354711532593e-01 -1.228043958544731140e-01 -6.182158738374710083e-02 2.492219209671020508e-02 -1.186147681437432766e-03 1.535817794501781464e-02 9.995707273483276367e-01
1.403715895584058285e+09 -2.068607956171035767e-01 -1.491852849721908569e-01 -6.925041228532791138e-02 2.309696935117244720e-02 -5.723680369555950165e-04 1.746348105370998383e-02 9.995805025100708008e-01
1.403715895884058237e+09 -2.565439045429229736e-01 -1.733396053314208984e-01 -7.622785866260528564e-02 2.279005385935306549e-02 -7.926068064989522099e-05 1.795942150056362152e-02 9.995789527893066406e-01
1.403715896184058189e+09 -3.068876862525939941e-01 -1.976245939731597900e-01 -8.298544585704803467e-02 2.110832557082176208e-02 -6.455164402723312378e-03 3.412030637264251709e-02 9.991739988327026367e-01
1.403715896384058237e+09 -3.334694504737854004e-01 -2.133519798517227173e-01 -8.715263009071350098e-02 2.739668264985084534e-02 -1.975372619926929474e-02 6.935715675354003906e-02 9.970200061798095703e-01
1.403715896684058189e+09 -3.451839387416839600e-01 -2.331139445304870605e-01 -9.678617864847183228e-02 4.156421869993209839e-02 -2.997728250920772552e-02 9.508299827575683594e-02 9.941494464874267578e-01
1.403715897184058189e+09 -2.584337294101715088e-01 -2.537857592105865479e-01 -1.272806525230407715e-01 2.194978855550289154e-02 -4.649809747934341431e-02 1.314870566129684448e-01 9.899834990501403809e-01
1.403715897284058094e+09 -2.202187031507492065e-01 -2.552507221698760986e-01 -1.328943967819213867e-01 2.013791911303997040e-02 -3.910201787948608398e-02 1.130332723259925842e-01 9.926172494888305664e-01
1.403715897384058237e+09 -1.760746985673904419e-01 -2.575713396072387695e-01 -1.378379613161087036e-01 1.688346266746520996e-02 -2.550744265317916870e-02 7.795192301273345947e-02 9.964877367019653320e-01
1.403715897484058142e+09 -3.153418749570846558e-02 -2.644531726837158203e-01 -1.499934345483779907e-01 1.425184030085802078e-02 -1.299982611089944839e-02 5.117827281355857849e-02 9.985032081604003906e-01
1.403715897884058237e+09 7.104924321174621582e-02 -2.693246006965637207e-01 -1.542568951845169067e-01 2.210091799497604370e-02 -1.821755245327949524e-02 6.956212222576141357e-02 9.971663951873779297e-01
1.403715897984058142e+09 1.819521188735961914e-01 -2.727433443069458008e-01 -1.572976559400558472e-01 4.012022539973258972e-02 -1.038415450602769852e-02 5.290546268224716187e-02 9.977392554283142090e-01
1.403715898184058189e+09 2.996448874473571777e-01 -2.745878398418426514e-01 -1.624957323074340820e-01 5.662180483341217041e-02 1.270864065736532211e-02 4.089117795228958130e-02 9.974770545959472656e-01
1.403715898384058237e+09 4.103773236274719238e-01 -2.694590389728546143e-01 -1.723894327878952026e-01 3.788037970662117004e-02 5.069702863693237305e-02 4.569888859987258911e-02 9.969486594200134277e-01
1.403715898584058285e+09 5.217013359069824219e-01 -2.561200559139251709e-01 -1.845248639583587646e-01 2.100262977182865143e-02 9.377223998308181763e-02 5.785256251692771912e-02 9.936894774436950684e-01
1.403715898784058094e+09 6.287469863891601562e-01 -2.311011552810668945e-01 -1.910487413406372070e-01 1.719801314175128937e-02 1.315204650163650513e-01 6.916646659374237061e-02 9.887480735778808594e-01
1.403715898984058142e+09 7.286800146102905273e-01 -1.934029012918472290e-01 -1.913881599903106689e-01 1.004160940647125244e-02 1.506660878658294678e-01 7.585813105106353760e-02 9.856188297271728516e-01
1.403715899184058189e+09 8.243954181671142578e-01 -1.529141068458557129e-01 -1.874084174633026123e-01 -1.618026942014694214e-02 1.590996086597442627e-01 7.229099422693252563e-02 9.844793081283569336e-01
1.403715899384058237e+09 9.138215780258178711e-01 -1.318545043468475342e-01 -1.782991886138916016e-01 -3.909413516521453857e-02 1.623620092868804932e-01 6.081357970833778381e-02 9.840793013572692871e-01
1.403715899684058189e+09 1.076826810836791992e+00 -1.276101469993591309e-01 -1.272201538085937500e-01 -2.433246374130249023e-02 1.592870950698852539e-01 4.101674631237983704e-02 9.860797524452209473e-01
1.403715899984058142e+09 1.171482920646667480e+00 -1.392447054386138916e-01 -6.114071607589721680e-02 -1.390568539500236511e-02 1.663705408573150635e-01 6.456886883825063705e-03 9.859441518783569336e-01
1.403715900384058237e+09 1.230373620986938477e+00 -1.770065724849700928e-01 5.466635152697563171e-02 1.342712203040719032e-03 1.560202091932296753e-01 3.316772729158401489e-02 9.871959686279296875e-01
1.403715900684058189e+09 1.240803480148315430e+00 -2.178475558757781982e-01 1.465863585472106934e-01 6.772549450397491455e-02 1.492804586887359619e-01 5.969940871000289917e-02 9.846647381782531738e-01
1.403715900984058142e+09 1.216520071029663086e+00 -2.678030729293823242e-01 2.175274193286895752e-01 1.101238951086997986e-01 1.572713255882263184e-01 5.721249058842658997e-02 9.797271490097045898e-01
1.403715901484058142e+09 1.144861459732055664e+00 -2.748347818851470947e-01 1.617112010717391968e-01 4.715042561292648315e-02 1.566792130470275879e-01 6.552199274301528931e-02 9.843451380729675293e-01
1.403715902184058189e+09 1.044957518577575684e+00 -2.578332722187042236e-01 6.458576768636703491e-02 2.667856775224208832e-02 1.606693118810653687e-01 4.807538166642189026e-02 9.854757189750671387e-01
1.403715902584058285e+09 9.454157948493957520e-01 -2.398660928010940552e-01 -1.747761853039264679e-02 -4.619367420673370361e-03 1.274158060550689697e-01 7.188563048839569092e-02 9.892302155494689941e-01
1.403715902884058237e+09 8.968012928962707520e-01 -2.187935113906860352e-01 -4.771859198808670044e-02 -1.796538755297660828e-02 9.077037125825881958e-02 5.612671375274658203e-02 9.941266179084777832e-01
1.403715903084058285e+09 8.249180316925048828e-01 -1.949099451303482056e-01 -7.340110093355178833e-02 -1.739902794361114502e-02 3.601366281509399414e-02 1.734124496579170227e-02 9.990493655204772949e-01
1.403715903384058237e+09 7.523106932640075684e-01 -1.937596350908279419e-01 -8.015124499797821045e-02 -3.182392567396163940e-02 -1.704271510243415833e-02 9.831105358898639679e-03 9.992998838424682617e-01
1.403715903684058189e+09 7.050991654396057129e-01 -2.232259660959243774e-01 -7.468936592340469360e-02 -1.802840270102024078e-02 -6.947830319404602051e-02 -4.943317268043756485e-03 9.974083304405212402e-01
1.403715903884058237e+09 6.581423282623291016e-01 -2.705823779106140137e-01 -6.454765051603317261e-02 1.020695082843303680e-02 -1.386992037296295166e-01 -2.017084136605262756e-02 9.900765419006347656e-01
1.403715904084058285e+09 6.167460083961486816e-01 -3.199213147163391113e-01 -5.082930624485015869e-02 2.409618906676769257e-02 -2.170791774988174438e-01 -4.420320317149162292e-02 9.748549461364746094e-01
1.403715904284058094e+09 5.814567208290100098e-01 -3.613162934780120850e-01 -3.579669818282127380e-02 4.061015695333480835e-02 -2.863399982452392578e-01 -9.140422940254211426e-02 9.528931975364685059e-01
1.403715904484058142e+09 5.285077095031738281e-01 -3.981971740722656250e-01 -1.458808034658432007e-02 7.115629315376281738e-02 -3.688111603260040283e-01 -1.461156755685806274e-01 9.151859283447265625e-01
1.403715904784058094e+09 4.778547585010528564e-01 -3.972012400627136230e-01 2.486169338226318359e-03 6.830342859029769897e-02 -4.847067594528198242e-01 -1.557389944791793823e-01 8.579857349395751953e-01
1.403715905084058285e+09 4.459910392761230469e-01 -3.580605983734130859e-01 2.347373962402343750e-02 9.658076614141464233e-02 -5.837779641151428223e-01 -1.860524266958236694e-01 7.843850255012512207e-01
1.403715905384058237e+09 4.389206171035766602e-01 -3.083275854587554932e-01 2.035224437713623047e-02 7.150024175643920898e-02 -6.440865993499755859e-01 -2.395800799131393433e-01 7.229396104812622070e-01
1.403715905684058189e+09 4.416891336441040039e-01 -2.770133912563323975e-01 9.305149316787719727e-03 3.698721528053283691e-02 -6.986461281776428223e-01 -2.448359876871109009e-01 6.712532043457031250e-01
1.403715905884058237e+09 4.453161358833312988e-01 -2.456703335046768188e-01 -2.424955368041992188e-03 1.248734258115291595e-02 -7.479085326194763184e-01 -2.816584706306457520e-01 6.009537577629089355e-01
1.403715906084058285e+09 4.437304735183715820e-01 -2.163538485765457153e-01 -1.324051618576049805e-02 2.985369972884654999e-02 -7.946047186851501465e-01 -3.175103962421417236e-01 5.166229605674743652e-01
1.403715906284058094e+09 4.377811253070831299e-01 -1.897758245468139648e-01 -2.870619297027587891e-02 5.830263346433639526e-02 -8.379347324371337891e-01 -3.373253047466278076e-01 4.250623285770416260e-01
1.403715906484058142e+09 4.345548152923583984e-01 -1.641959547996520996e-01 -5.324912071228027344e-02 6.502629071474075317e-02 -8.758069276809692383e-01 -3.417544066905975342e-01 3.345710039138793945e-01
1.403715906684058189e+09 4.383077025413513184e-01 -1.500722616910934448e-01 -8.745548129081726074e-02 4.267931729555130005e-02 -9.080232381820678711e-01 -3.380156755447387695e-01 2.437573373317718506e-01
1.403715906884058237e+09 4.444178938865661621e-01 -1.384584009647369385e-01 -1.205585449934005737e-01 3.245824202895164490e-02 -9.303668737411499023e-01 -3.350280523300170898e-01 1.453280001878738403e-01
1.403715907084058285e+09 4.508753716945648193e-01 -1.171812862157821655e-01 -1.448047012090682983e-01 5.197516456246376038e-02 -9.378862977027893066e-01 -3.405924141407012939e-01 4.080237075686454773e-02
1.403715907284058094e+09 4.630176424980163574e-01 -1.104193180799484253e-01 -1.682074964046478271e-01 5.633775144815444946e-02 -9.356890916824340820e-01 -3.407208323478698730e-01 -7.225845009088516235e-02
1.403715907484058142e+09 4.826127290725708008e-01 -1.175602078437805176e-01 -1.905518770217895508e-01 6.438746303319931030e-02 -9.240038990974426270e-01 -3.351233005523681641e-01 -1.725213080644607544e-01
1.403715907684058189e+09 5.242471098899841309e-01 -1.331375837326049805e-01 -2.118158340454101562e-01 4.011327400803565979e-02 -9.023619294166564941e-01 -3.131868839263916016e-01 -2.933393716812133789e-01
1.403715907984058142e+09 5.658569931983947754e-01 -1.485463380813598633e-01 -2.127618789672851562e-01 8.447697386145591736e-03 -8.588876724243164062e-01 -2.969387471675872803e-01 -4.172147512435913086e-01
1.403715908284058094e+09 5.843730568885803223e-01 -1.604502499103546143e-01 -2.033911943435668945e-01 1.007257378660142422e-03 -8.131695985794067383e-01 -2.871134579181671143e-01 -5.062805414199829102e-01
1.403715908484058142e+09 5.965499877929687500e-01 -1.722086668014526367e-01 -1.879584193229675293e-01 -3.713227342814207077e-03 -7.584434151649475098e-01 -2.699566483497619629e-01 -5.931891202926635742e-01
1.403715908684058189e+09 5.995666980743408203e-01 -1.841851025819778442e-01 -1.715852022171020508e-01 -8.809360675513744354e-03 -6.981952786445617676e-01 -2.399675548076629639e-01 -6.744341254234313965e-01
1.403715908884058237e+09 5.873743295669555664e-01 -1.967409700155258179e-01 -1.403311192989349365e-01 -1.782450708560645580e-04 -5.981325507164001465e-01 -2.131401449441909790e-01 -7.725340127944946289e-01
1.403715909184058189e+09 5.632751584053039551e-01 -2.074092775583267212e-01 -1.045280545949935913e-01 7.035243324935436249e-03 -5.046936273574829102e-01 -1.826138943433761597e-01 -8.437340259552001953e-01
1.403715909484058142e+09 5.303438305854797363e-01 -2.137118428945541382e-01 -5.706491321325302124e-02 5.855408962815999985e-03 -4.127117991447448730e-01 -1.304167509078979492e-01 -9.014578461647033691e-01
1.403715909784058094e+09 4.969989657402038574e-01 -2.197350710630416870e-01 -1.650507003068923950e-02 -1.054672338068485260e-02 -3.224990069866180420e-01 -1.066513434052467346e-01 -9.404832720756530762e-01
1.403715909984058142e+09 4.574528038501739502e-01 -2.245928496122360229e-01 2.258503064513206482e-02 -4.286719113588333130e-02 -2.084374874830245972e-01 -7.705269008874893188e-02 -9.740530252456665039e-01
1.403715910184058189e+09 4.136753976345062256e-01 -2.226049751043319702e-01 5.528043955564498901e-02 -4.476246610283851624e-02 -9.424903243780136108e-02 -3.866466507315635681e-02 -9.937900304794311523e-01
1.403715910384058237e+09 3.699497878551483154e-01 -2.198740243911743164e-01 8.025735616683959961e-02 -6.116759032011032104e-02 -1.879632240161299706e-03 -4.405673127621412277e-03 -9.981160163879394531e-01
1.403715910584058285e+09 3.234179913997650146e-01 -2.157813310623168945e-01 9.304485470056533813e-02 -7.306254655122756958e-02 7.570317387580871582e-02 2.248420007526874542e-02 -9.941958189010620117e-01
1.403715910784058094e+09 2.794141769409179688e-01 -2.079682946205139160e-01 9.408634155988693237e-02 -7.485502213239669800e-02 1.503475010395050049e-01 4.247683286666870117e-02 -9.848797321319580078e-01
1.403715910984058142e+09 2.342849820852279663e-01 -1.994277089834213257e-01 8.181539922952651978e-02 -7.587476819753646851e-02 2.227552533149719238e-01 5.868199467658996582e-02 -9.701441526412963867e-01
1.403715911184058189e+09 1.953425109386444092e-01 -1.837106198072433472e-01 5.984311550855636597e-02 -8.751235902309417725e-02 2.956358492374420166e-01 7.609880715608596802e-02 -9.482352733612060547e-01
1.403715911384058237e+09 1.653690040111541748e-01 -1.650995463132858276e-01 2.806945517659187317e-02 -7.550960779190063477e-02 3.651624023914337158e-01 9.693682938814163208e-02 -9.227989912033081055e-01
1.403715911584058285e+09 1.442764550447463989e-01 -1.425206065177917480e-01 -7.623538374900817871e-03 -5.169384181499481201e-02 4.233000576496124268e-01 1.296076327562332153e-01 -8.951797485351562500e-01
1.403715911784058094e+09 1.291371583938598633e-01 -1.282704770565032959e-01 -4.835041984915733337e-02 -5.181821808218955994e-02 4.713026285171508789e-01 1.658595055341720581e-01 -8.646845817565917969e-01
1.403715911984058142e+09 1.157286539673805237e-01 -1.268509477376937866e-01 -9.786246716976165771e-02 -5.092456936836242676e-02 5.146694779396057129e-01 1.797836124897003174e-01 -8.367794752120971680e-01
1.403715912184058189e+09 1.048126295208930969e-01 -1.289045810699462891e-01 -1.485045850276947021e-01 -4.712087288498878479e-02 5.521152019500732422e-01 1.830235123634338379e-01 -8.120657801628112793e-01
1.403715912384058237e+09 9.527423977851867676e-02 -1.280410587787628174e-01 -1.981382369995117188e-01 -4.598229750990867615e-02 5.862570405006408691e-01 1.935953199863433838e-01 -7.853083014488220215e-01
1.403715912584058285e+09 8.880157768726348877e-02 -1.253835111856460571e-01 -2.449515908956527710e-01 -4.424501582980155945e-02 6.276215314865112305e-01 2.082354873418807983e-01 -7.488468885421752930e-01
1.403715912784058094e+09 8.490520715713500977e-02 -1.209634616971015930e-01 -2.903390228748321533e-01 -4.496571794152259827e-02 6.818426251411437988e-01 2.275265753269195557e-01 -6.937582492828369141e-01
1.403715912984058142e+09 8.306398987770080566e-02 -1.061209440231323242e-01 -3.301554024219512939e-01 -4.565235599875450134e-02 7.376633286476135254e-01 2.498569041490554810e-01 -6.255719661712646484e-01
1.403715913184058189e+09 8.275398612022399902e-02 -8.450688421726226807e-02 -3.637618124485015869e-01 -5.679728090763092041e-02 7.863736748695373535e-01 2.641572356224060059e-01 -5.555281043052673340e-01
1.403715913384058237e+09 9.838268160820007324e-02 -4.593223333358764648e-02 -4.232344031333923340e-01 -1.326165050268173218e-01 8.181849122047424316e-01 2.844430804252624512e-01 -4.817453324794769287e-01
1.403715913884058237e+09 1.735543012619018555e-01 -4.349261522293090820e-03 -5.037449002265930176e-01 -1.013305708765983582e-01 8.118305802345275879e-01 3.046054840087890625e-01 -4.877282679080963135e-01
1.403715914284058094e+09 2.842004895210266113e-01 4.008170962333679199e-02 -6.114943623542785645e-01 -3.259187191724777222e-02 7.805314660072326660e-01 3.170299828052520752e-01 -5.377735495567321777e-01
1.403715914684058189e+09 3.644168972969055176e-01 8.055348694324493408e-02 -7.312687635421752930e-01 6.301088631153106689e-02 7.335765361785888672e-01 2.896081209182739258e-01 -6.115736365318298340e-01
1.403715915184058189e+09 3.437996506690979004e-01 1.074931472539901733e-01 -8.264169692993164062e-01 2.249737456440925598e-02 7.252935767173767090e-01 2.633564472198486328e-01 -6.356780529022216797e-01
1.403715915584058285e+09 1.678059101104736328e-01 1.841132491827011108e-01 -8.781737089157104492e-01 -2.765396423637866974e-02 7.293585538864135742e-01 2.735453248023986816e-01 -6.264538764953613281e-01
1.403715916384058237e+09 8.372730016708374023e-02 2.123375833034515381e-01 -8.969102501869201660e-01 -3.128981217741966248e-02 6.896472573280334473e-01 2.404981255531311035e-01 -6.823257207870483398e-01
1.403715916584058285e+09 -2.788585424423217773e-02 2.404584586620330811e-01 -9.126471877098083496e-01 2.020709216594696045e-03 6.193394660949707031e-01 1.798352152109146118e-01 -7.642472982406616211e-01
1.403715917084058285e+09 -1.075279116630554199e-01 2.409260123968124390e-01 -9.027432203292846680e-01 -3.587206453084945679e-02 5.917846560478210449e-01 1.460251361131668091e-01 -7.919474840164184570e-01
1.403715917284058094e+09 -1.795024871826171875e-01 2.315095365047454834e-01 -8.733948469161987305e-01 -6.184534355998039246e-02 5.436816215515136719e-01 1.490248739719390869e-01 -8.236364722251892090e-01
1.403715917984058142e+09 -1.762505173683166504e-01 2.406354844570159912e-01 -8.192775249481201172e-01 -6.905402243137359619e-02 5.141369104385375977e-01 1.268753856420516968e-01 -8.454568982124328613e-01
1.403715918484058142e+09 -1.299718916416168213e-01 2.704747915267944336e-01 -7.930678129196166992e-01 -1.951762102544307709e-02 4.743934869766235352e-01 1.081700772047042847e-01 -8.734238743782043457e-01
1.403715918784058094e+09 -9.201884269714355469e-02 2.829099297523498535e-01 -7.709215879440307617e-01 -1.878503710031509399e-02 4.470366835594177246e-01 1.454650312662124634e-01 -8.824088573455810547e-01
1.403715918984058142e+09 -4.510936141014099121e-02 2.715852260589599609e-01 -7.443118095397949219e-01 -2.871228847652673721e-03 4.279922842979431152e-01 1.952238827943801880e-01 -8.824409842491149902e-01
1.403715919384058237e+09 -9.951570630073547363e-02 2.966364920139312744e-01 -6.968057155609130859e-01 -2.334460802376270294e-02 4.590261280536651611e-01 1.642160564661026001e-01 -8.728018999099731445e-01
1.403715920484058142e+09 -1.447276175022125244e-01 2.784242033958435059e-01 -7.088312506675720215e-01 -4.810643568634986877e-02 4.821066260337829590e-01 1.331285536289215088e-01 -8.646015524864196777e-01
1.403715920784058094e+09 -1.744142174720764160e-01 2.475004941225051880e-01 -7.282350063323974609e-01 -4.733162000775337219e-02 5.112268328666687012e-01 1.379717886447906494e-01 -8.469773530960083008e-01
1.403715921184058189e+09 -1.893277764320373535e-01 1.855763792991638184e-01 -7.552944421768188477e-01 -3.068584948778152466e-02 5.421749353408813477e-01 1.822500526905059814e-01 -8.196887969970703125e-01
1.403715921584058285e+09 -2.096725106239318848e-01 1.100391224026679993e-01 -7.802727818489074707e-01 -3.103600442409515381e-02 5.435788631439208984e-01 1.907822191715240479e-01 -8.167992234230041504e-01
1.403715921984058142e+09 -2.386263012886047363e-01 3.389940038323402405e-02 -8.029426336288452148e-01 -3.726034611463546753e-02 5.433941483497619629e-01 1.730226725339889526e-01 -8.206080794334411621e-01
1.403715922284058094e+09 -2.505317330360412598e-01 -1.286234706640243530e-02 -8.152358531951904297e-01 -5.171387270092964172e-02 5.434791445732116699e-01 1.681204140186309814e-01 -8.207871913909912109e-01
1.403715922584058285e+09 -2.573093175888061523e-01 -5.958349630236625671e-02 -8.290591239929199219e-01 -5.381765589118003845e-02 5.448548793792724609e-01 1.689255088567733765e-01 -8.195737004280090332e-01
1.403715922784058094e+09 -2.470481991767883301e-01 -1.537208259105682373e-01 -8.730285167694091797e-01 -3.605774417519569397e-02 5.426050424575805664e-01 1.859925240278244019e-01 -8.183436393737792969e-01
1.403715923584058285e+09 -1.903053522109985352e-01 -9.251041710376739502e-02 -8.302473425865173340e-01 -5.352628976106643677e-02 5.507476925849914551e-01 1.649281978607177734e-01 -8.164622783660888672e-01
1.403715924484058142e+09 -1.632626652717590332e-01 -6.420586258172988892e-02 -8.053358197212219238e-01 -3.267654031515121460e-02 5.451756119728088379e-01 1.774704903364181519e-01 -8.186697363853454590e-01
1.403715924784058094e+09 -1.231611967086791992e-01 -2.813513204455375671e-02 -7.628540992736816406e-01 -1.610539667308330536e-02 5.225583314895629883e-01 1.461347341537475586e-01 -8.398322463035583496e-01
1.403715924984058142e+09 -9.454810619354248047e-02 -1.044275425374507904e-02 -7.269580364227294922e-01 -4.224843531847000122e-02 4.769374728202819824e-01 1.206995844841003418e-01 -8.695845603942871094e-01
1.403715925184058189e+09 -5.758297443389892578e-02 -5.763932596892118454e-03 -6.939972639083862305e-01 -5.866714939475059509e-02 4.221015870571136475e-01 9.981986880302429199e-02 -8.991243243217468262e-01
1.403715925384058237e+09 -1.084305346012115479e-02 -1.069287117570638657e-02 -6.668785214424133301e-01 -3.115533664822578430e-02 3.680438995361328125e-01 7.416188716888427734e-02 -9.263223409652709961e-01
1.403715925584058285e+09 4.280152171850204468e-02 -1.747292652726173401e-02 -6.386501193046569824e-01 -1.664970070123672485e-02 3.087762594223022461e-01 5.249760299921035767e-02 -9.495388865470886230e-01
1.403715925784058094e+09 1.023369580507278442e-01 -2.447699755430221558e-02 -6.065112352371215820e-01 -2.052514068782329559e-02 2.453758716583251953e-01 2.910949662327766418e-02 -9.687735438346862793e-01
1.403715925984058142e+09 1.684581488370895386e-01 -3.057371266186237335e-02 -5.714386105537414551e-01 -3.559712320566177368e-02 1.767128556966781616e-01 4.795222077518701553e-03 -9.836068153381347656e-01
1.403715926184058189e+09 2.406478673219680786e-01 -2.506870962679386139e-02 -5.331811904907226562e-01 -5.594560503959655762e-02 1.035448238253593445e-01 -3.202588856220245361e-02 -9.925335645675659180e-01
1.403715926384058237e+09 3.197062313556671143e-01 -6.257722619920969009e-03 -4.982619583606719971e-01 -7.640264183282852173e-02 2.095341868698596954e-02 -4.809980094432830811e-02 -9.956957697868347168e-01
1.403715926584058285e+09 4.020189344882965088e-01 2.006799727678298950e-02 -4.744131863117218018e-01 -6.574547290802001953e-02 -5.740001052618026733e-02 -6.101817265152931213e-02 -9.943136572837829590e-01
1.403715926784058094e+09 4.838931262493133545e-01 4.867142811417579651e-02 -4.629589915275573730e-01 -3.137342259287834167e-02 -1.274940222501754761e-01 -6.597618013620376587e-02 -9.891451597213745117e-01
1.403715926984058142e+09 5.613318085670471191e-01 6.353591382503509521e-02 -4.623273015022277832e-01 -1.926344819366931915e-02 -1.806007772684097290e-01 -7.515167444944381714e-02 -9.804919958114624023e-01
1.403715927184058189e+09 6.318021416664123535e-01 7.525470107793807983e-02 -4.629665911197662354e-01 -2.970343269407749176e-02 -2.379931956529617310e-01 -5.796032398939132690e-02 -9.690808057785034180e-01
1.403715927384058237e+09 6.874539256095886230e-01 8.404368162155151367e-02 -4.656686484813690186e-01 -5.813227593898773193e-02 -2.866422235965728760e-01 -5.284968391060829163e-02 -9.548108577728271484e-01
1.403715927584058285e+09 7.341795563697814941e-01 9.973683208227157593e-02 -4.836769402027130127e-01 -9.213244169950485229e-02 -3.578895926475524902e-01 -1.058869138360023499e-01 -9.231547117233276367e-01
1.403715927884058237e+09 7.421805858612060547e-01 1.192122548818588257e-01 -5.092121362686157227e-01 -6.500824540853500366e-02 -4.357358515262603760e-01 -1.200066655874252319e-01 -8.896664977073669434e-01
1.403715928084058285e+09 7.333372831344604492e-01 1.486628353595733643e-01 -5.386905074119567871e-01 -4.088933020830154419e-02 -5.101554393768310547e-01 -1.637300103902816772e-01 -8.433635234832763672e-01
1.403715928284058094e+09 7.111513018608093262e-01 1.903089582920074463e-01 -5.650477409362792969e-01 -5.133138969540596008e-02 -5.874495506286621094e-01 -1.954743564128875732e-01 -7.836185097694396973e-01
1.403715928484058142e+09 6.730815768241882324e-01 2.348471879959106445e-01 -5.920590162277221680e-01 -4.759249836206436157e-02 -6.420619487762451172e-01 -2.330173999071121216e-01 -7.288308143615722656e-01
1.403715928684058189e+09 6.211663484573364258e-01 2.727168202400207520e-01 -6.243793964385986328e-01 -7.031606510281562805e-03 -6.599597334861755371e-01 -2.690939307212829590e-01 -7.014215588569641113e-01
1.403715928884058237e+09 5.691549777984619141e-01 2.853689193725585938e-01 -6.654744744300842285e-01 4.959099739789962769e-02 -6.299046874046325684e-01 -3.085717558860778809e-01 -7.110164165496826172e-01
1.403715929184058189e+09 5.374197959899902344e-01 2.575443983078002930e-01 -7.617540955543518066e-01 1.052170842885971069e-01 -5.868123173713684082e-01 -2.607681453227996826e-01 -7.593291401863098145e-01
1.403715929484058142e+09 5.541627407073974609e-01 2.473952472209930420e-01 -7.891310453414916992e-01 1.087604314088821411e-01 -6.121565699577331543e-01 -1.488395333290100098e-01 -7.689488530158996582e-01
1.403715929784058094e+09 5.838196277618408203e-01 1.925695687532424927e-01 -7.522474527359008789e-01 2.071317983791232109e-03 -6.074771285057067871e-01 -2.272881716489791870e-01 -7.611224651336669922e-01
1.403715930084058285e+09 5.960083007812500000e-01 1.670471131801605225e-01 -7.001444101333618164e-01 -7.477751374244689941e-02 -5.953266024589538574e-01 -2.851653099060058594e-01 -7.474458217620849609e-01
1.403715930584058285e+09 6.803232431411743164e-01 1.684006601572036743e-01 -7.272097468376159668e-01 6.588228046894073486e-02 -6.035102605819702148e-01 -2.950142323970794678e-01 -7.378356456756591797e-01
1.403715931484058142e+09 7.763133645057678223e-01 1.461465954780578613e-01 -7.508088946342468262e-01 4.770744964480400085e-02 -6.065737605094909668e-01 -2.836616635322570801e-01 -7.411668896675109863e-01
1.403715931784058094e+09 8.945973515510559082e-01 1.447062790393829346e-01 -7.573600411415100098e-01 3.486630693078041077e-02 -6.084222197532653809e-01 -2.569842338562011719e-01 -7.500439882278442383e-01
1.403715931984058142e+09 9.790521860122680664e-01 1.426431387662887573e-01 -7.551647424697875977e-01 -3.091273538302630186e-04 -6.149860620498657227e-01 -2.286809533834457397e-01 -7.546504139900207520e-01
1.403715932184058189e+09 1.057012557983398438e+00 1.324665397405624390e-01 -7.534403800964355469e-01 -5.418350175023078918e-02 -6.303267478942871094e-01 -1.780221462249755859e-01 -7.536978721618652344e-01
1.403715932384058237e+09 1.121723175048828125e+00 1.107925474643707275e-01 -7.498974800109863281e-01 -1.201968640089035034e-01 -6.426035761833190918e-01 -1.285276114940643311e-01 -7.457171082496643066e-01
1.403715932684058189e+09 1.004884362220764160e+00 6.226105988025665283e-02 -7.660266160964965820e-01 -4.500541090965270996e-02 -6.343843936920166016e-01 -1.944437921047210693e-01 -7.468082904815673828e-01
1.403715933184058189e+09 9.062584638595581055e-01 4.373537003993988037e-02 -7.735226750373840332e-01 4.023680090904235840e-02 -6.116504669189453125e-01 -2.666623294353485107e-01 -7.437445521354675293e-01
1.403715933384058237e+09 8.200981616973876953e-01 2.353407442569732666e-02 -7.800694704055786133e-01 1.039786487817764282e-01 -5.760516524314880371e-01 -3.495095968246459961e-01 -7.315709590911865234e-01
1.403715933584058285e+09 8.685545325279235840e-01 -6.157386302947998047e-02 -8.029489517211914062e-01 6.077612563967704773e-02 -6.162235140800476074e-01 -2.936755120754241943e-01 -7.282372713088989258e-01
1.403715934184058189e+09 9.156633019447326660e-01 -8.141189813613891602e-02 -8.080455064773559570e-01 -7.409213576465845108e-03 -6.424383521080017090e-01 -2.360175102949142456e-01 -7.290499210357666016e-01
1.403715934284058094e+09 9.970627427101135254e-01 -9.854528307914733887e-02 -8.059390783309936523e-01 -9.896329790353775024e-02 -6.693400144577026367e-01 -1.541029959917068481e-01 -7.200294733047485352e-01
1.403715934484058142e+09 8.962978124618530273e-01 -1.274327933788299561e-01 -8.120635151863098145e-01 -5.877121910452842712e-02 -6.404361128807067871e-01 -2.088193893432617188e-01 -7.367373704910278320e-01
1.403715935184058189e+09 7.790692448616027832e-01 -1.241383254528045654e-01 -8.204270601272583008e-01 3.425120934844017029e-02 -6.135492920875549316e-01 -2.850292623043060303e-01 -7.356238961219787598e-01
1.403715935384058237e+09 6.737215518951416016e-01 -1.086131632328033447e-01 -8.233314752578735352e-01 9.198757261037826538e-02 -5.940157771110534668e-01 -3.243433833122253418e-01 -7.304005622863769531e-01
1.403715935584058285e+09 5.971373319625854492e-01 -8.478293567895889282e-02 -8.194700479507446289e-01 1.229878664016723633e-01 -5.822426676750183105e-01 -3.440034389495849609e-01 -7.263119816780090332e-01
1.403715935884058237e+09 6.308732628822326660e-01 -5.070818960666656494e-02 -7.889469861984252930e-01 1.011031772941350937e-02 -6.411072611808776855e-01 -2.391160577535629272e-01 -7.291795611381530762e-01
1.403715936384058237e+09 7.033219337463378906e-01 -4.610127210617065430e-02 -7.578703761100769043e-01 -8.973617106676101685e-02 -6.652818322181701660e-01 -1.902270615100860596e-01 -7.163527011871337891e-01
1.403715936884058237e+09 6.610106229782104492e-01 -3.132012486457824707e-02 -7.317821383476257324e-01 -2.177582681179046631e-02 -6.346691846847534180e-01 -2.358113974332809448e-01 -7.356044650077819824e-01
1.403715937284058094e+09 6.042940616607666016e-01 -1.091328263282775879e-02 -7.139050960540771484e-01 -3.616328118368983269e-03 -5.772018432617187500e-01 -2.311217635869979858e-01 -7.832035422325134277e-01
1.403715937584058285e+09 5.509421229362487793e-01 3.011971339583396912e-02 -6.870347261428833008e-01 5.008841678500175476e-02 -5.119012594223022461e-01 -2.529592216014862061e-01 -8.194265961647033691e-01
1.403715937884058237e+09 5.319703817367553711e-01 6.382844597101211548e-02 -6.513916254043579102e-01 6.800281256437301636e-02 -4.554098546504974365e-01 -2.413883954286575317e-01 -8.542301654815673828e-01
1.403715938184058189e+09 5.768508911132812500e-01 5.414528399705886841e-02 -5.892170071601867676e-01 2.941967174410820007e-02 -3.831969499588012695e-01 -1.592689603567123413e-01 -9.093558788299560547e-01
1.403715938584058285e+09 6.292932629585266113e-01 2.605163678526878357e-02 -5.284646153450012207e-01 2.182825095951557159e-02 -3.332692682743072510e-01 -1.462578773498535156e-01 -9.311626553535461426e-01
1.403715938984058142e+09 7.164970040321350098e-01 -9.033537469804286957e-03 -4.183812141418457031e-01 6.523845344781875610e-02 -3.066998720169067383e-01 -1.596751660108566284e-01 -9.360464811325073242e-01
1.403715939284058094e+09 7.761653661727905273e-01 -3.756612911820411682e-02 -3.465395271778106689e-01 -2.308057621121406555e-02 -3.178931474685668945e-01 -1.279545575380325317e-01 -9.391692876815795898e-01
1.403715939484058142e+09 8.282146453857421875e-01 -6.264371424913406372e-02 -2.762207388877868652e-01 -9.585843235254287720e-02 -3.305557370185852051e-01 -1.012847051024436951e-01 -9.334267377853393555e-01
1.403715939684058189e+09 7.813257575035095215e-01 -1.450814306735992432e-01 -2.843509316444396973e-01 2.506733499467372894e-02 -3.283931612968444824e-01 -1.471685469150543213e-01 -9.326688051223754883e-01
1.403715940484058142e+09 7.359805703163146973e-01 -1.605457365512847900e-01 -3.152665197849273682e-01 1.231787204742431641e-01 -3.057450950145721436e-01 -1.924492865800857544e-01 -9.242890477180480957e-01
1.403715940684058189e+09 7.659076452255249023e-01 -2.600648403167724609e-01 -2.560646235942840576e-01 8.438156545162200928e-02 -3.218123018741607666e-01 -1.738896816968917847e-01 -9.268651604652404785e-01
1.403715941184058189e+09 7.950704693794250488e-01 -2.949254214763641357e-01 -2.219226658344268799e-01 -1.041338033974170685e-02 -3.417315185070037842e-01 -1.410873532295227051e-01 -9.290885329246520996e-01
1.403715941284058094e+09 8.475568294525146484e-01 -3.554861545562744141e-01 -1.605724990367889404e-01 -1.358539164066314697e-01 -3.570927381515502930e-01 -1.061453446745872498e-01 -9.180204868316650391e-01
1.403715941484058142e+09 8.870342373847961426e-01 -3.936111927032470703e-01 -9.891334176063537598e-02 -2.158046662807464600e-01 -3.549404740333557129e-01 -9.637772291898727417e-02 -9.045203328132629395e-01
1.403715941784058094e+09 8.008245229721069336e-01 -3.308956027030944824e-01 -1.681327074766159058e-01 -1.098971366882324219e-01 -3.472796678543090820e-01 -1.220856755971908569e-01 -9.232630133628845215e-01
1.403715942284058094e+09 7.301576137542724609e-01 -2.564206123352050781e-01 -2.316367924213409424e-01 2.395042777061462402e-02 -3.264410495758056641e-01 -1.676425486803054810e-01 -9.299240112304687500e-01
1.403715942484058142e+09 6.649090051651000977e-01 -1.718734353780746460e-01 -2.810026407241821289e-01 1.028901860117912292e-01 -3.074933886528015137e-01 -2.001708298921585083e-01 -9.245502352714538574e-01
1.403715942684058189e+09 6.243926286697387695e-01 -9.712301939725875854e-02 -3.083297908306121826e-01 1.508272588253021240e-01 -2.964450418949127197e-01 -2.047754377126693726e-01 -9.205642342567443848e-01
1.403715943184058189e+09 6.618931293487548828e-01 -1.095424406230449677e-02 -2.453418970108032227e-01 5.754082649946212769e-02 -3.095403313636779785e-01 -1.490772664546966553e-01 -9.373632669448852539e-01
1.403715943384058237e+09 7.057342529296875000e-01 -2.306073158979415894e-02 -1.918608248233795166e-01 -7.346030324697494507e-02 -3.120143711566925049e-01 -1.084774062037467957e-01 -9.410012960433959961e-01
1.403715943584058285e+09 7.430477142333984375e-01 -3.917708992958068848e-02 -1.439484059810638428e-01 -1.770443022251129150e-01 -3.246502280235290527e-01 -8.734300732612609863e-02 -9.250020980834960938e-01
1.403715944084058285e+09 7.138942480087280273e-01 -4.138550534844398499e-02 -1.886979043483734131e-01 -6.834679096937179565e-02 -3.000065684318542480e-01 -1.357170641422271729e-01 -9.417566657066345215e-01
1.403715944284058094e+09 6.754989624023437500e-01 -3.901249170303344727e-02 -2.439274489879608154e-01 6.118950992822647095e-02 -2.499305307865142822e-01 -1.646431833505630493e-01 -9.521991014480590820e-01
1.403715944484058142e+09 6.501107215881347656e-01 -3.452485799789428711e-02 -2.831345796585083008e-01 1.283780187368392944e-01 -1.931130588054656982e-01 -1.570566594600677490e-01 -9.599789381027221680e-01
1.403715944684058189e+09 6.695386171340942383e-01 -7.320551574230194092e-02 -2.697858512401580811e-01 6.964370608329772949e-02 -9.761193394660949707e-02 -6.576711684465408325e-02 -9.906040430068969727e-01
1.403715945084058285e+09 6.949021816253662109e-01 -1.108177527785301208e-01 -2.283951789140701294e-01 -6.873700022697448730e-02 -8.052043616771697998e-02 -7.373814936727285385e-03 -9.943527579307556152e-01
1.403715945284058094e+09 7.110267877578735352e-01 -1.590797901153564453e-01 -1.938012987375259399e-01 -1.822895854711532593e-01 -8.092767000198364258e-02 9.730987250804901123e-03 -9.798604846000671387e-01
1.403715945684058189e+09 6.941302418708801270e-01 -1.741253137588500977e-01 -2.320603281259536743e-01 -6.998426467180252075e-02 -7.225970178842544556e-02 -3.295615687966346741e-02 -9.943815469741821289e-01
1.403715945884058237e+09 6.754146218299865723e-01 -1.717677414417266846e-01 -2.753590047359466553e-01 5.052001029253005981e-02 -6.723432242870330811e-02 -4.797219857573509216e-02 -9.953020215034484863e-01
1.403715946084058285e+09 6.405423283576965332e-01 -1.972693204879760742e-01 -2.986393570899963379e-01 1.325931698083877563e-01 -1.431758608669042587e-02 -2.958549931645393372e-02 -9.906254410743713379e-01
1.403715946484058142e+09 6.258527636528015137e-01 -2.393545508384704590e-01 -2.603394687175750732e-01 1.979004777967929840e-02 7.888037711381912231e-03 -5.185362882912158966e-03 -9.997596144676208496e-01
1.403715946684058189e+09 6.079210042953491211e-01 -2.843345403671264648e-01 -2.140372395515441895e-01 -8.812581002712249756e-02 2.221614681184291840e-02 -4.208735655993223190e-03 -9.958527088165283203e-01
1.403715946884058237e+09 5.819813013076782227e-01 -3.325815796852111816e-01 -1.714961528778076172e-01 -1.561091393232345581e-01 2.739192731678485870e-02 -5.559714976698160172e-03 -9.873443245887756348e-01
1.403715947184058189e+09 5.407647490501403809e-01 -2.859394252300262451e-01 -2.738888263702392578e-01 -1.568023860454559326e-02 2.735549211502075195e-02 -4.053947702050209045e-02 -9.986802935600280762e-01
1.403715947784058094e+09 5.335407257080078125e-01 -2.350142747163772583e-01 -3.224982917308807373e-01 7.291194796562194824e-02 2.898141555488109589e-02 -3.118793107569217682e-02 -9.964292645454406738e-01
1.403715947984058142e+09 5.286319851875305176e-01 -1.832963824272155762e-01 -3.473189473152160645e-01 1.364889442920684814e-01 3.275409713387489319e-02 -1.455931086093187332e-02 -9.899929761886596680e-01
1.403715948384058237e+09 5.158425569534301758e-01 -1.599325835704803467e-01 -2.809461057186126709e-01 4.440925270318984985e-02 3.639363497495651245e-02 -1.187201589345932007e-02 -9.982797503471374512e-01
1.403715948584058285e+09 5.078146457672119141e-01 -1.679976880550384521e-01 -2.148248553276062012e-01 -5.739219486713409424e-02 2.369772084057331085e-02 -9.781514294445514679e-03 -9.980224967002868652e-01
1.403715948784058094e+09 4.943833649158477783e-01 -1.630682498216629028e-01 -1.198211982846260071e-01 -1.469542831182479858e-01 4.741387069225311279e-02 -1.010529324412345886e-02 -9.879546761512756348e-01
1.403715949284058094e+09 4.908318221569061279e-01 -1.400369852781295776e-01 -1.312562525272369385e-01 -4.366357997059822083e-02 8.562851697206497192e-02 8.767239749431610107e-03 -9.953313469886779785e-01
1.403715949484058142e+09 4.901230335235595703e-01 -1.223190724849700928e-01 -1.479072868824005127e-01 5.258185043931007385e-02 1.175658851861953735e-01 3.306970000267028809e-02 -9.911204576492309570e-01
1.403715949684058189e+09 4.553175568580627441e-01 -1.375804543495178223e-01 -9.759608656167984009e-02 6.886624544858932495e-02 2.036426961421966553e-01 1.251285374164581299e-01 -9.685711264610290527e-01
1.403715950184058189e+09 4.147945940494537354e-01 -1.704277247190475464e-01 -4.243895411491394043e-02 -4.438281804323196411e-02 2.413727641105651855e-01 1.108564734458923340e-01 -9.630578160285949707e-01
1.403715950384058237e+09 3.686219751834869385e-01 -1.989168226718902588e-01 6.282649468630552292e-03 -1.351650953292846680e-01 2.616589069366455078e-01 7.095765322446823120e-02 -9.530110955238342285e-01
1.403715950584058285e+09 3.229134082794189453e-01 -2.094401717185974121e-01 -5.175317078828811646e-02 -7.142036408185958862e-02 2.744877338409423828e-01 7.210388779640197754e-02 -9.562200307846069336e-01
1.403715951284058094e+09 3.386316895484924316e-01 -1.926078051328659058e-01 -1.162567436695098877e-01 4.055877402424812317e-02 2.861557900905609131e-01 1.122034713625907898e-01 -9.507261514663696289e-01
1.403715951484058142e+09 3.437733948230743408e-01 -1.822096556425094604e-01 -1.660385131835937500e-01 1.079111471772193909e-01 3.072348833084106445e-01 1.435362547636032104e-01 -9.345369338989257812e-01
1.403715951684058189e+09 3.088274598121643066e-01 -1.968901604413986206e-01 -1.890919059514999390e-01 1.248781308531761169e-01 3.521690666675567627e-01 1.689439266920089722e-01 -9.120528697967529297e-01
1.403715951984058142e+09 2.530226409435272217e-01 -2.328905314207077026e-01 -1.709260940551757812e-01 7.729480508714914322e-03 4.073306322097778320e-01 1.331523060798645020e-01 -9.034891128540039062e-01
1.403715952184058189e+09 1.972184777259826660e-01 -2.680084705352783203e-01 -1.434032320976257324e-01 -8.963777124881744385e-02 4.561631083488464355e-01 9.961695969104766846e-02 -8.797481656074523926e-01
1.403715952384058237e+09 1.517432779073715210e-01 -3.115647137165069580e-01 -1.147497743368148804e-01 -1.508624553680419922e-01 4.976504445075988770e-01 8.252710849046707153e-02 -8.501610755920410156e-01
1.403715952684058189e+09 2.445748001337051392e-01 -3.333253264427185059e-01 -1.394003629684448242e-01 -8.490804582834243774e-02 5.186368227005004883e-01 1.362366825342178345e-01 -8.397893309593200684e-01
1.403715953184058189e+09 3.228884935379028320e-01 -3.123324513435363770e-01 -1.594625562429428101e-01 2.863710559904575348e-02 5.015100836753845215e-01 2.068945467472076416e-01 -8.395607471466064453e-01
1.403715953384058237e+09 3.862875998020172119e-01 -2.900190651416778564e-01 -1.665204018354415894e-01 9.092421829700469971e-02 4.980038404464721680e-01 2.472828626632690430e-01 -8.261817097663879395e-01
1.403715953584058285e+09 3.351131379604339600e-01 -2.859727740287780762e-01 -1.162779480218887329e-01 -2.243540436029434204e-02 5.595986247062683105e-01 3.210819065570831299e-01 -7.637097239494323730e-01
1.403715954184058189e+09 2.511932849884033203e-01 -2.879864573478698730e-01 -1.035540252923965454e-01 -1.235550791025161743e-01 5.894421935081481934e-01 2.516215741634368896e-01 -7.576138377189636230e-01
1.403715954384058237e+09 1.773666888475418091e-01 -2.857690751552581787e-01 -1.105852797627449036e-01 -1.542215049266815186e-01 6.206860542297363281e-01 1.556057482957839966e-01 -7.528289556503295898e-01
1.403715954584058285e+09 1.865736544132232666e-01 -2.342744171619415283e-01 -1.847748011350631714e-01 -9.119208157062530518e-02 6.144577264785766602e-01 1.838761419057846069e-01 -7.617843151092529297e-01
1.403715955184058189e+09 2.441927790641784668e-01 -2.130070775747299194e-01 -2.200119942426681519e-01 6.376698147505521774e-03 5.928198099136352539e-01 2.373115271329879761e-01 -7.695500254631042480e-01
1.403715955384058237e+09 2.891315221786499023e-01 -1.971392631530761719e-01 -2.517486512660980225e-01 6.940006464719772339e-02 5.731357336044311523e-01 2.727095484733581543e-01 -7.696288824081420898e-01
1.403715955584058285e+09 2.766904830932617188e-01 -2.013595998287200928e-01 -2.886348664760589600e-01 4.699285700917243958e-02 6.211682558059692383e-01 2.736406624317169189e-01 -7.328455448150634766e-01
1.403715955984058142e+09 2.279355973005294800e-01 -2.190595269203186035e-01 -2.985430955886840820e-01 -6.644952297210693359e-02 6.851652860641479492e-01 2.242457270622253418e-01 -6.898165345191955566e-01
1.403715956184058189e+09 1.772349774837493896e-01 -2.408645004034042358e-01 -3.190754055976867676e-01 -1.391193568706512451e-01 7.577658891677856445e-01 2.063117921352386475e-01 -6.032182574272155762e-01
1.403715956484058142e+09 1.973868012428283691e-01 -2.586626708507537842e-01 -3.354543149471282959e-01 -1.660618484020233154e-01 8.213986754417419434e-01 1.618953198194503784e-01 -5.210735201835632324e-01
1.403715956784058094e+09 2.989124655723571777e-01 -2.763189077377319336e-01 -3.295060992240905762e-01 -7.770808041095733643e-02 8.153259754180908203e-01 2.506481111049652100e-01 -5.161207318305969238e-01
1.403715957084058285e+09 3.840264976024627686e-01 -2.795203328132629395e-01 -3.172452151775360107e-01 -1.749562472105026245e-02 7.858896851539611816e-01 3.266010284423828125e-01 -5.247887372970581055e-01
1.403715957284058094e+09 4.567394554615020752e-01 -2.666125297546386719e-01 -3.028453290462493896e-01 4.533001035451889038e-02 7.520353794097900391e-01 3.909904360771179199e-01 -5.286913514137268066e-01
1.403715957484058142e+09 4.990530908107757568e-01 -2.420745790004730225e-01 -2.971586287021636963e-01 8.202876150608062744e-02 7.222135066986083984e-01 4.384018778800964355e-01 -5.286612510681152344e-01
1.403715957884058237e+09 4.723713397979736328e-01 -1.980136632919311523e-01 -3.258922398090362549e-01 3.232100605964660645e-02 7.534618973731994629e-01 3.911134004592895508e-01 -5.275232791900634766e-01
1.403715957984058142e+09 4.138265848159790039e-01 -1.713153719902038574e-01 -3.679106235504150391e-01 -5.117199569940567017e-02 8.132532238960266113e-01 2.874833345413208008e-01 -5.033428668975830078e-01
1.403715958184058189e+09 3.622881174087524414e-01 -1.449490189552307129e-01 -4.100067615509033203e-01 -1.036866009235382080e-01 8.554512262344360352e-01 2.114321887493133545e-01 -4.612471163272857666e-01
1.403715958384058237e+09 3.407902717590332031e-01 -1.109278947114944458e-01 -4.432085752487182617e-01 -1.286576986312866211e-01 8.978348970413208008e-01 1.485023349523544312e-01 -3.940645754337310791e-01
1.403715958684058189e+09 3.966127038002014160e-01 -9.146884828805923462e-02 -4.147207438945770264e-01 -3.615817427635192871e-02 9.149965047836303711e-01 2.240818142890930176e-01 -3.335587978363037109e-01
1.403715958984058142e+09 4.514328241348266602e-01 -8.759102970361709595e-02 -3.683473169803619385e-01 2.349408902227878571e-02 9.030028581619262695e-01 3.140881359577178955e-01 -2.922030091285705566e-01
1.403715959184058189e+09 4.931433796882629395e-01 -8.685714751482009888e-02 -3.143869042396545410e-01 4.347916226834058762e-03 8.845121860504150391e-01 3.951707780361175537e-01 -2.479100674390792847e-01
1.403715959384058237e+09 5.195883512496948242e-01 -8.367156982421875000e-02 -2.739624977111816406e-01 4.547676537185907364e-03 8.521261811256408691e-01 4.771313965320587158e-01 -2.149558514356613159e-01
1.403715959584058285e+09 5.161825418472290039e-01 -7.674767076969146729e-02 -3.253698348999023438e-01 -2.592730335891246796e-02 9.040081501007080078e-01 3.967356085777282715e-01 -1.571556180715560913e-01
1.403715959984058142e+09 5.032796859741210938e-01 -7.060796022415161133e-02 -3.873730003833770752e-01 -4.811474308371543884e-02 9.531568288803100586e-01 2.672250866889953613e-01 -1.332960724830627441e-01
1.403715960184058189e+09 4.976878762245178223e-01 -7.244464755058288574e-02 -4.366185665130615234e-01 -7.028287649154663086e-02 9.753110408782958984e-01 1.714622676372528076e-01 -1.201227977871894836e-01
1.403715960684058189e+09 5.412912368774414062e-01 -1.149200201034545898e-01 -3.696724176406860352e-01 -6.041891500353813171e-02 9.401892423629760742e-01 3.067782819271087646e-01 -1.352072060108184814e-01
1.403715960884058237e+09 5.744935870170593262e-01 -1.444238722324371338e-01 -3.091889023780822754e-01 -4.534184932708740234e-02 8.866815567016601562e-01 4.359690248966217041e-01 -1.472110450267791748e-01
1.403715961084058285e+09 6.081274747848510742e-01 -1.676539629697799683e-01 -2.753177881240844727e-01 -2.956709638237953186e-02 8.433318734169006348e-01 5.130473375320434570e-01 -1.571608930826187134e-01
1.403715961384058237e+09 6.374812126159667969e-01 -1.859867870807647705e-01 -3.164617121219635010e-01 6.039917934685945511e-03 8.750202059745788574e-01 4.593943655490875244e-01 -1.525118798017501831e-01
1.403715961584058285e+09 6.397044062614440918e-01 -1.909929513931274414e-01 -3.828693628311157227e-01 -1.105055306106805801e-02 9.271578788757324219e-01 3.590721786022186279e-01 -1.064117699861526489e-01
1.403715961784058094e+09 6.397305130958557129e-01 -1.898317784070968628e-01 -4.505264759063720703e-01 -4.384857416152954102e-02 9.615954160690307617e-01 2.652078270912170410e-01 -5.546541139483451843e-02
1.403715961984058142e+09 6.417093873023986816e-01 -1.764409840106964111e-01 -4.907969236373901367e-01 -4.466318339109420776e-02 9.887150526046752930e-01 1.428019553422927856e-01 7.442856673151254654e-03
1.403715962284058094e+09 6.525562405586242676e-01 -1.869082301855087280e-01 -4.332001209259033203e-01 9.092420339584350586e-03 9.774515628814697266e-01 2.007691711187362671e-01 6.478878855705261230e-02
1.403715962584058285e+09 6.464526653289794922e-01 -1.968895792961120605e-01 -3.472170829772949219e-01 5.792165920138359070e-02 9.451882839202880859e-01 3.058780729770660400e-01 9.850347042083740234e-02
1.403715962784058094e+09 6.210600733757019043e-01 -1.984978914260864258e-01 -2.473119497299194336e-01 5.939063802361488342e-02 9.117555618286132812e-01 3.851247131824493408e-01 1.298210322856903076e-01
1.403715962984058142e+09 5.784602761268615723e-01 -1.817214041948318481e-01 -1.535732597112655640e-01 -1.747908443212509155e-02 8.724167943000793457e-01 4.584529995918273926e-01 1.685356199741363525e-01
1.403715963184058189e+09 5.565348267555236816e-01 -1.657932698726654053e-01 -1.133375465869903564e-01 -4.268012195825576782e-02 8.481214642524719238e-01 4.933011233806610107e-01 1.884738057851791382e-01
1.403715963284058094e+09 5.376101732254028320e-01 -1.443458497524261475e-01 -8.008860051631927490e-02 -5.774281919002532959e-02 8.260585665702819824e-01 5.201125741004943848e-01 2.092272043228149414e-01
1.403715963384058237e+09 5.161525011062622070e-01 -8.944413065910339355e-02 -4.591509699821472168e-02 -5.410238355398178101e-02 8.451449871063232422e-01 4.613640606403350830e-01 2.644731998443603516e-01
1.403715963584058285e+09 5.128387808799743652e-01 -3.413839638233184814e-02 -4.161429405212402344e-02 -2.626798488199710846e-02 8.865603804588317871e-01 3.335635662078857422e-01 3.194623291492462158e-01
1.403715963884058237e+09 5.070548057556152344e-01 3.030721843242645264e-02 -3.171098232269287109e-02 -2.493867464363574982e-02 8.699982762336730957e-01 3.270020484924316406e-01 3.681722879409790039e-01
1.403715964184058189e+09 5.569606423377990723e-01 -3.028291463851928711e-02 -6.397920846939086914e-02 2.267129346728324890e-02 8.634957075119018555e-01 3.320477008819580078e-01 3.789532482624053955e-01
1.403715964984058142e+09 5.643422603607177734e-01 -6.492328643798828125e-02 -8.714240789413452148e-02 -6.317380070686340332e-02 8.198215961456298828e-01 4.173565506935119629e-01 3.869304656982421875e-01
1.403715965784058094e+09 5.924637913703918457e-01 -7.472392916679382324e-02 -1.273990273475646973e-01 -4.930907115340232849e-02 8.451091051101684570e-01 3.677464425563812256e-01 3.848657906055450439e-01
1.403715965884058237e+09 6.268135905265808105e-01 -8.254912495613098145e-02 -1.637799143791198730e-01 4.423159174621105194e-03 8.853584527969360352e-01 2.564651072025299072e-01 3.877453505992889404e-01
1.403715966084058285e+09 6.276935935020446777e-01 -1.408398151397705078e-01 -1.568995118141174316e-01 -5.193357542157173157e-02 8.428407311439514160e-01 3.786393702030181885e-01 3.788861334323883057e-01
1.403715966684058189e+09 6.762392520904541016e-01 -1.975088417530059814e-01 -1.723615527153015137e-01 -2.320970222353935242e-02 8.845416307449340820e-01 2.949577867984771729e-01 3.606208264827728271e-01
1.403715967284058094e+09 7.067193984985351562e-01 -2.167027890682220459e-01 -1.839410066604614258e-01 2.345027029514312744e-02 9.142059683799743652e-01 1.903279721736907959e-01 3.570054173469543457e-01
1.403715967584058285e+09 7.009220123291015625e-01 -2.793897688388824463e-01 -1.265841722488403320e-01 3.637749329209327698e-02 8.626575469970703125e-01 3.137671053409576416e-01 3.950302004814147949e-01
1.403715967884058237e+09 6.719847917556762695e-01 -3.097535669803619385e-01 -8.403187990188598633e-02 1.760232634842395782e-02 8.099727630615234375e-01 3.988035917282104492e-01 4.296395778656005859e-01
1.403715968084058285e+09 6.247056722640991211e-01 -2.839672565460205078e-01 -3.782397508621215820e-02 2.655831724405288696e-02 8.480376601219177246e-01 2.531803846359252930e-01 4.647864401340484619e-01
1.403715968784058094e+09 5.208091735839843750e-01 -2.416693866252899170e-01 3.443539142608642578e-02 -1.974655874073505402e-02 8.215436339378356934e-01 3.256860375404357910e-01 4.675519168376922607e-01
1.403715969284058094e+09 4.617010354995727539e-01 -2.307061254978179932e-01 7.320928573608398438e-02 -8.713099360466003418e-02 7.718282341957092285e-01 4.336011707782745361e-01 4.568144679069519043e-01
1.403715969484058142e+09 5.104663372039794922e-01 -1.908139735460281372e-01 7.820200920104980469e-02 -7.437387853860855103e-02 8.240141868591308594e-01 3.002547025680541992e-01 4.746747612953186035e-01
1.403715970084058285e+09 5.759075284004211426e-01 -1.883698552846908569e-01 8.119815587997436523e-02 8.514963090419769287e-03 8.460461497306823730e-01 2.348438650369644165e-01 4.785205423831939697e-01
1.403715970284058094e+09 6.308814883232116699e-01 -2.106081843376159668e-01 1.329413652420043945e-01 8.412054181098937988e-02 8.422591686248779297e-01 2.198843955993652344e-01 4.849475324153900146e-01
1.403715970684058189e+09 6.069533824920654297e-01 -2.305591553449630737e-01 1.740282773971557617e-01 3.778234869241714478e-02 7.991288304328918457e-01 3.519308865070343018e-01 4.859118759632110596e-01
1.403715970884058237e+09 5.743181705474853516e-01 -2.491641938686370850e-01 1.989350020885467529e-01 -1.697771064937114716e-02 7.453434467315673828e-01 4.714259803295135498e-01 4.710971713066101074e-01
1.403715971084058285e+09 5.928662419319152832e-01 -2.660385370254516602e-01 1.426047682762145996e-01 -1.089494228363037109e-01 7.536852955818176270e-01 3.688631951808929443e-01 5.329433083534240723e-01
1.403715971484058142e+09 6.497319936752319336e-01 -2.764260768890380859e-01 9.475409984588623047e-02 -7.937353849411010742e-02 7.651688456535339355e-01 2.442964315414428711e-01 5.903692245483398438e-01
1.403715971684058189e+09 7.102254629135131836e-01 -2.914739847183227539e-01 6.489080190658569336e-02 -2.224544435739517212e-02 7.433968782424926758e-01 1.854370981454849243e-01 6.422455310821533203e-01
1.403715971884058237e+09 7.719963192939758301e-01 -3.271834254264831543e-01 6.255966424942016602e-02 4.025704041123390198e-02 6.854931712150573730e-01 1.912580579519271851e-01 7.013550996780395508e-01
1.403715972184058189e+09 7.092673778533935547e-01 -3.907586336135864258e-01 7.419931888580322266e-02 3.938911855220794678e-02 6.505729556083679199e-01 2.148652672767639160e-01 7.273488640785217285e-01
1.403715972784058094e+09 5.175048112869262695e-01 -3.931791186332702637e-01 8.310639858245849609e-02 2.525640465319156647e-02 6.471899151802062988e-01 2.792394459247589111e-01 7.088953852653503418e-01
1.403715973484058142e+09 4.049612283706665039e-01 -3.829978108406066895e-01 5.679437518119812012e-02 -1.795124821364879608e-02 6.302211880683898926e-01 3.296521902084350586e-01 7.027293443679809570e-01
1.403715973984058142e+09 3.559594750404357910e-01 -3.231714367866516113e-01 -8.796054124832153320e-02 -2.531806752085685730e-02 6.358770132064819336e-01 2.902151942253112793e-01 7.146989703178405762e-01
1.403715974784058094e+09 4.197266697883605957e-01 -2.276407480239868164e-01 -2.229640483856201172e-01 -1.325531210750341415e-02 6.383704543113708496e-01 2.603910267353057861e-01 7.242265343666076660e-01
1.403715975484058142e+09 5.043400526046752930e-01 -1.803562194108963013e-01 -3.432533740997314453e-01 -1.889563165605068207e-02 6.326132416725158691e-01 2.485375851392745972e-01 7.332615256309509277e-01
1.403715976384058237e+09 6.216337680816650391e-01 -1.908949166536331177e-01 -3.553122580051422119e-01 -1.799884624779224396e-02 5.852951407432556152e-01 2.201728969812393188e-01 7.801471948623657227e-01
1.403715977284058094e+09 6.539745926856994629e-01 -2.045617401599884033e-01 -3.039712607860565186e-01 -1.344687771052122116e-02 5.032255649566650391e-01 1.860834062099456787e-01 8.437749743461608887e-01
1.403715977584058285e+09 6.701705455780029297e-01 -2.210067659616470337e-01 -2.538876235485076904e-01 -4.280079621821641922e-03 4.005855917930603027e-01 1.501199305057525635e-01 9.038677811622619629e-01
1.403715977884058237e+09 6.756636500358581543e-01 -2.331849932670593262e-01 -2.163003683090209961e-01 4.193371627479791641e-03 3.283483982086181641e-01 1.060628145933151245e-01 9.385735988616943359e-01
1.403715978084058285e+09 6.713795065879821777e-01 -2.464867979288101196e-01 -1.757340133190155029e-01 1.344053354114294052e-02 2.523438632488250732e-01 4.804809764027595520e-02 9.663504958152770996e-01
1.403715978284058094e+09 6.533774137496948242e-01 -2.594731152057647705e-01 -1.348194032907485962e-01 2.599581144750118256e-02 1.728496104478836060e-01 9.113394655287265778e-03 9.845629930496215820e-01
1.403715978484058142e+09 6.185291409492492676e-01 -2.743183970451354980e-01 -9.307206422090530396e-02 3.942891955375671387e-02 8.177226036787033081e-02 1.256208773702383041e-02 9.957916140556335449e-01
1.403715978684058189e+09 5.743760466575622559e-01 -2.844805121421813965e-01 -5.692250654101371765e-02 4.632694646716117859e-02 -9.270999580621719360e-03 -1.405565300956368446e-03 9.988823533058166504e-01
1.403715978884058237e+09 5.296171307563781738e-01 -2.937930822372436523e-01 -2.770482935011386871e-02 3.726263716816902161e-02 -9.704846143722534180e-02 -4.075627028942108154e-02 9.937465190887451172e-01
1.403715979084058285e+09 4.774994552135467529e-01 -3.053942918777465820e-01 -8.107634261250495911e-03 5.312667042016983032e-02 -1.905448287725448608e-01 -7.200544327497482300e-02 9.775916934013366699e-01
1.403715979284058094e+09 4.282350838184356689e-01 -3.171860575675964355e-01 3.175654448568820953e-03 9.400492161512374878e-02 -2.865729033946990967e-01 -1.049188971519470215e-01 9.476450681686401367e-01
1.403715979484058142e+09 3.783027529716491699e-01 -3.204517662525177002e-01 -3.375722095370292664e-03 1.003229767084121704e-01 -3.599779903888702393e-01 -1.518667042255401611e-01 9.150342941284179688e-01
1.403715979684058189e+09 3.305249810218811035e-01 -3.223501443862915039e-01 -2.494986355304718018e-02 1.017150133848190308e-01 -4.361541271209716797e-01 -1.798707693815231323e-01 8.758254647254943848e-01
1.403715979884058237e+09 2.863399982452392578e-01 -3.172127008438110352e-01 -6.137593835592269897e-02 1.160348653793334961e-01 -5.174296498298645020e-01 -1.947401314973831177e-01 8.251537680625915527e-01
1.403715980084058285e+09 2.539441585540771484e-01 -3.058309555053710938e-01 -1.132225394248962402e-01 1.256151050329208374e-01 -5.955576300621032715e-01 -2.093801051378250122e-01 7.653050422668457031e-01
1.403715980284058094e+09 2.343325167894363403e-01 -2.859511375427246094e-01 -1.756720989942550659e-01 1.119070574641227722e-01 -6.684197187423706055e-01 -2.229517847299575806e-01 7.007028460502624512e-01
1.403715980484058142e+09 2.283914089202880859e-01 -2.635375559329986572e-01 -2.448607534170150757e-01 9.959387779235839844e-02 -7.422004342079162598e-01 -2.256972193717956543e-01 6.231215000152587891e-01
1.403715980684058189e+09 2.392996251583099365e-01 -2.371217310428619385e-01 -3.128910362720489502e-01 8.308121562004089355e-02 -8.042778372764587402e-01 -2.389621734619140625e-01 5.377095937728881836e-01
1.403715980884058237e+09 2.634516060352325439e-01 -2.114883512258529663e-01 -3.737195134162902832e-01 6.558638811111450195e-02 -8.566773533821105957e-01 -2.554674446582794189e-01 4.433267712593078613e-01
1.403715981084058285e+09 2.995694875717163086e-01 -1.892697513103485107e-01 -4.235247373580932617e-01 5.729755386710166931e-02 -9.020364880561828613e-01 -2.614172101020812988e-01 3.386860787868499756e-01
1.403715981284058094e+09 3.411155343055725098e-01 -1.762147694826126099e-01 -4.562915563583374023e-01 4.527897760272026062e-02 -9.364112019538879395e-01 -2.691738307476043701e-01 2.205206453800201416e-01
1.403715981484058142e+09 3.908657431602478027e-01 -1.742449849843978882e-01 -4.742825031280517578e-01 3.274527937173843384e-02 -9.594175219535827637e-01 -2.631922960281372070e-01 9.578984975814819336e-02
1.403715981684058189e+09 4.400881528854370117e-01 -1.757810711860656738e-01 -4.696257710456848145e-01 3.319125622510910034e-02 -9.622604250907897949e-01 -2.688150405883789062e-01 -2.630039490759372711e-02
1.403715981884058237e+09 4.862116575241088867e-01 -1.836161613464355469e-01 -4.447827637195587158e-01 3.592557460069656372e-02 -9.409551024436950684e-01 -3.072746396064758301e-01 -1.374597847461700439e-01
1.403715982084058285e+09 5.281955003738403320e-01 -1.978851854801177979e-01 -4.091268777847290039e-01 3.461240231990814209e-02 -9.206257462501525879e-01 -3.105096518993377686e-01 -2.341666221618652344e-01
1.403715982284058094e+09 5.680730342864990234e-01 -2.162030041217803955e-01 -3.646653890609741211e-01 2.851824834942817688e-02 -8.955488204956054688e-01 -3.063453733921051025e-01 -3.214522898197174072e-01
1.403715982484058142e+09 6.024262905120849609e-01 -2.375832796096801758e-01 -3.132198452949523926e-01 2.437599375844001770e-02 -8.629611134529113770e-01 -2.952949404716491699e-01 -4.092736840248107910e-01
1.403715982684058189e+09 6.299117207527160645e-01 -2.619740366935729980e-01 -2.556870579719543457e-01 1.629504933953285217e-02 -8.182551860809326172e-01 -2.812874913215637207e-01 -5.010692477226257324e-01
1.403715982884058237e+09 6.517642736434936523e-01 -2.896154820919036865e-01 -1.909920573234558105e-01 1.104266103357076645e-02 -7.643969058990478516e-01 -2.661393284797668457e-01 -5.871501564979553223e-01
1.403715983084058285e+09 6.642897725105285645e-01 -3.153672218322753906e-01 -1.260480284690856934e-01 5.312003281687793788e-07 -7.027158141136169434e-01 -2.479090392589569092e-01 -6.668819785118103027e-01
1.403715983284058094e+09 6.679207086563110352e-01 -3.446065783500671387e-01 -5.660676956176757812e-02 -1.025495212525129318e-02 -6.312966346740722656e-01 -2.244865596294403076e-01 -7.422702908515930176e-01
1.403715983484058142e+09 6.601520776748657227e-01 -3.705116808414459229e-01 8.586287498474121094e-03 -4.418504238128662109e-02 -5.486953854560852051e-01 -1.914669871330261230e-01 -8.126016259193420410e-01
1.403715983684058189e+09 6.424504518508911133e-01 -3.973135352134704590e-01 6.216284632682800293e-02 -7.954262942075729370e-02 -4.605631232261657715e-01 -1.635943800210952759e-01 -8.687874078750610352e-01
1.403715983884058237e+09 6.100304722785949707e-01 -4.187350571155548096e-01 1.024203896522521973e-01 -9.441680461168289185e-02 -3.746428787708282471e-01 -1.417921930551528931e-01 -9.113853573799133301e-01
1.403715984084058285e+09 5.661682486534118652e-01 -4.333615303039550781e-01 1.246350929141044617e-01 -8.886285871267318726e-02 -2.907529473304748535e-01 -1.306882649660110474e-01 -9.436560273170471191e-01
1.403715984284058094e+09 5.178664922714233398e-01 -4.431619942188262939e-01 1.301307678222656250e-01 -8.696308732032775879e-02 -2.128800898790359497e-01 -1.139858365058898926e-01 -9.665023088455200195e-01
1.403715984484058142e+09 4.695038497447967529e-01 -4.465932250022888184e-01 1.193323433399200439e-01 -7.386504113674163818e-02 -1.382524669170379639e-01 -8.262747526168823242e-02 -9.841762781143188477e-01
1.403715984684058189e+09 4.213085770606994629e-01 -4.439726769924163818e-01 9.569521993398666382e-02 -4.795680195093154907e-02 -4.934069886803627014e-02 -5.275727808475494385e-02 -9.962340593338012695e-01
1.403715984884058237e+09 3.726522624492645264e-01 -4.390361607074737549e-01 6.441249698400497437e-02 -5.289506539702415466e-02 4.312762618064880371e-02 -3.317831829190254211e-02 -9.971165657043457031e-01
1.403715985084058285e+09 3.312618136405944824e-01 -4.303044378757476807e-01 2.859923802316188812e-02 -5.844727531075477600e-02 9.615620970726013184e-02 1.899395836517214775e-03 -9.936469793319702148e-01
1.403715985284058094e+09 2.589059770107269287e-01 -4.102251827716827393e-01 -5.621973052620887756e-02 -3.709125891327857971e-02 8.236996829509735107e-02 1.528790220618247986e-02 -9.957940578460693359e-01
1.403715985684058189e+09 1.688104718923568726e-01 -3.585950434207916260e-01 -1.461902707815170288e-01 1.818155683577060699e-02 3.492150083184242249e-02 -5.507623776793479919e-02 -9.977056980133056641e-01
1.403715986584058285e+09 1.139391586184501648e-01 -2.817610204219818115e-01 -1.745409220457077026e-01 -1.150946598500013351e-03 1.993181742727756500e-02 -2.916114218533039093e-02 -9.993753433227539062e-01
1.403715986684058189e+09 6.318557262420654297e-02 -1.876005679368972778e-01 -1.449154466390609741e-01 -3.805341571569442749e-02 -3.256348147988319397e-02 -6.460057199001312256e-02 -9.966536164283752441e-01
1.403715987684058189e+09 6.810344010591506958e-02 -1.179502531886100769e-01 -1.281518489122390747e-01 -3.204811364412307739e-02 -2.334604412317276001e-02 -4.906715825200080872e-02 -9.980081319808959961e-01
1.403715988884058237e+09 1.043097823858261108e-01 -1.039637327194213867e-01 -1.295187473297119141e-01 -5.497068632394075394e-03 -3.409506753087043762e-02 -4.599260911345481873e-02 -9.983446598052978516e-01
1.403715989784058094e+09 1.310114264488220215e-01 -7.383780181407928467e-02 -1.106952428817749023e-01 -1.513100881129503250e-02 -3.379375860095024109e-02 -2.227788977324962616e-02 -9.990659356117248535e-01
1.403715990784058094e+09 1.252291798591613770e-01 -5.678904429078102112e-02 -1.038876473903656006e-01 -4.951676819473505020e-03 -3.314844891428947449e-02 -2.118332870304584503e-02 -9.992136955261230469e-01
1.403715990884058237e+09 1.146713048219680786e-01 -4.305805638432502747e-02 -9.501657634973526001e-02 1.634143758565187454e-03 -3.292847424745559692e-02 -1.875281147658824921e-02 -9.992804527282714844e-01
1.403715991084058285e+09 1.075327768921852112e-01 -3.958054631948471069e-02 -9.004042297601699829e-02 -5.022483877837657928e-03 -3.274773061275482178e-02 -1.792487129569053650e-02 -9.992902874946594238e-01
1.403715991184058189e+09 1.028228551149368286e-01 -4.019638895988464355e-02 -8.768620342016220093e-02 -1.355756819248199463e-02 -3.148214891552925110e-02 -2.122989669442176819e-02 -9.991868734359741211e-01
