1.413393218055760384e+18 -8.636338983243602163e-01 3.190739467290004683e-01 1.571487131310457475e+00 -5.609482337911558814e-01 -5.735967723238627469e-01 4.211369657566870206e-01 4.230454796584879884e-01
1.413393219055760384e+18 -5.636375273364917504e-01 6.239340021474087949e-02 1.583363243857227820e+00 -5.843142591074389491e-01 -5.817792048398230387e-01 4.082201828554545830e-01 3.917474769913996679e-01
1.413393219555760384e+18 -5.091847797967280487e-01 -2.663514063994748549e-02 1.629042556524693763e+00 -5.776326160620395278e-01 -5.790307807710920462e-01 4.185354157760767246e-01 3.948316369316043351e-01
1.413393219955760384e+18 -5.276202698451590845e-01 -6.245557464811207771e-02 1.696097110767985860e+00 -5.641225070142897868e-01 -5.756218488859605742e-01 4.247734488580389711e-01 4.123018327757818624e-01
1.413393222055760384e+18 -5.775764588863661064e-01 -1.608351039393710047e-01 2.093998235060298363e+00 -5.637868069289601047e-01 -5.761360032602357295e-01 4.203673261164035391e-01 4.165369770067413602e-01
1.413393222555760384e+18 -6.299546630894496957e-01 -1.813880401764940142e-01 2.008527000923669092e+00 -5.702800793375712995e-01 -5.878375259015002907e-01 4.121126552628573969e-01 3.992378158753671635e-01
1.413393223255760384e+18 -8.453070140974514590e-01 -2.231719382768235227e-01 2.104631612726072021e+00 -5.625860178876606055e-01 -5.964266724732948388e-01 4.136235657349799921e-01 3.958380258494859638e-01
1.413393224255760384e+18 -1.336193973891892872e+00 -3.706977727851265003e-01 1.981783686765699937e+00 -5.617555571717327556e-01 -5.767264805692310370e-01 4.169365549669845628e-01 4.218781455932118507e-01
1.413393224755760384e+18 -1.533866458889353801e+00 -5.038123794419895329e-01 1.790442160091292090e+00 -5.977536269473608943e-01 -5.381475107506333844e-01 4.108933415141187706e-01 4.292487857216775171e-01
1.413393224955760384e+18 -1.801081093613943640e+00 -6.082205547474759388e-01 1.692498715807600584e+00 -6.687742837974991472e-01 -4.676552910260364238e-01 3.593642939342797105e-01 4.526552665678504894e-01
1.413393225755760384e+18 -1.891712270767547555e+00 -5.666765652227790939e-01 1.702085033900166744e+00 -6.998817122356073561e-01 -4.133428942359916869e-01 3.016666772399612673e-01 4.983075922618168674e-01
1.413393226055760384e+18 -2.119150015106871177e+00 -4.698072366975752368e-01 1.617406097236712803e+00 -7.531182036202525021e-01 -3.282435444300162986e-01 2.362082237835594345e-01 5.189169701723387318e-01
1.413393227255760384e+18 -2.504062811505785469e+00 -2.944144145481259467e-01 1.573977563159366433e+00 -7.546258113852615246e-01 -3.059765752663347604e-01 2.369625400709852447e-01 5.298744896506408786e-01
1.413393227955760384e+18 -2.625382459656667500e+00 -1.791455412458335394e-01 1.568022723016925246e+00 -7.802453955973561728e-01 -2.353471350910247839e-01 1.894801784191445793e-01 5.476551019024848976e-01
1.413393229255760384e+18 -2.942599144304565151e+00 3.578000428993752813e-01 1.487145932034562801e+00 -8.003839146611871902e-01 -1.533226765335286290e-01 1.091676992742355023e-01 5.691749813962299065e-01
1.413393230955760384e+18 -3.469472490214775995e+00 1.411225152329471655e+00 1.463092122143512031e+00 -8.180815806559106340e-01 -6.603500211576042445e-02 2.294123907389321662e-02 5.708376349163154506e-01
1.413393231555760384e+18 -3.671665612682888380e+00 1.836178629279565433e+00 1.404952923840830703e+00 -8.017633408873631184e-01 -1.663762560417597278e-02 4.305994451164658898e-02 5.958561703985645330e-01
1.413393232055760384e+18 -3.703532051838898553e+00 2.107626472839770226e+00 1.366743818898495499e+00 -8.141222048115918097e-01 5.985368170598062698e-02 -1.699260965245355526e-02 5.773506938041653713e-01
1.413393232455760384e+18 -3.576081653423440976e+00 2.418665002892827598e+00 1.236056782907545060e+00 -8.134925414322965453e-01 1.142882484372165913e-01 -6.562826605824952086e-02 5.664459479927136387e-01
1.413393233255760384e+18 -3.399304147939337550e+00 2.705349284846815028e+00 1.249503726366369305e+00 -7.992862625355803274e-01 1.203327331037393894e-01 -9.538678840756023569e-02 5.810016045270260943e-01
1.413393233555760384e+18 -3.298711098837060707e+00 2.869990580384360168e+00 1.344945068746306926e+00 -7.950759552300216138e-01 1.642304436945569157e-01 -1.376407062575827622e-01 5.673954729814743025e-01
1.413393234055760384e+18 -3.178072042445946099e+00 3.107051740187244171e+00 1.555248568671338649e+00 -7.648877154944446755e-01 2.493830312052053300e-01 -1.697593984191798633e-01 5.691543139438999255e-01
1.413393235455760384e+18 -2.853946865362384511e+00 3.033590832261413350e+00 1.598644235025393989e+00 -6.383384329584977923e-01 4.980592613861120621e-01 -3.715337158045990962e-01 4.543387669746408175e-01
1.413393236555760384e+18 -2.768659320662071988e+00 3.107893657891858563e+00 1.635418257088341987e+00 -5.726579792634499677e-01 5.805388628310438337e-01 -4.092440299555558658e-01 4.093370145423900208e-01
1.413393237255760384e+18 -2.414073609207577409e+00 3.283823753201488671e+00 1.691793444312204020e+00 -5.818256889331558934e-01 5.777311148881676406e-01 -4.087306609096090781e-01 4.008052811776902091e-01
1.413393246055760384e+18 -9.426322867820020601e-01 3.281944177539362517e+00 1.386380131965899265e+00 -6.776094282175908479e-01 4.423018022266198557e-01 -3.348334366903044090e-01 4.828054972883735196e-01
1.413393247455760384e+18 -1.097183051742260940e+00 3.344571549105241903e+00 1.170854136007243973e+00 -7.103230729252067999e-01 4.322825627400370130e-01 -2.684835865379280317e-01 4.863018422551250164e-01
1.413393248055760384e+18 -9.481420144068650746e-01 3.313654267661348740e+00 1.104636167906880129e+00 -6.972971316332604585e-01 3.977891120946412951e-01 -3.012369097657829897e-01 5.145841590155548761e-01
1.413393248555760384e+18 -8.998334634645637209e-01 3.190908343971382788e+00 1.179950907861823550e+00 -6.902635846137438191e-01 4.067074961032089986e-01 -3.163033823420972612e-01 5.080131560192037155e-01
1.413393249055760384e+18 -9.075869169101404843e-01 3.059991301868115521e+00 1.185876713211027722e+00 -6.985685170601824145e-01 4.294591611101023498e-01 -3.181554681711156740e-01 4.757561917450605082e-01
1.413393250255760384e+18 -9.265982720336358724e-01 3.195980775989473166e+00 1.034171931807587486e+00 -6.763422832100193238e-01 4.293517461640796173e-01 -3.215249523501669260e-01 5.048166984404706126e-01
1.413393251555760384e+18 -9.838752872316589571e-01 3.284295227889612256e+00 1.089061195063373066e+00 -5.531133344932872564e-01 5.693393864359768131e-01 -4.391584209002262207e-01 4.207828223809070289e-01
1.413393251955760384e+18 -1.067310728418705779e+00 3.265106575800756694e+00 1.156109789119841524e+00 -5.081490075816119667e-01 6.360361311854180189e-01 -4.629372139459332902e-01 3.506162601256334055e-01
1.413393252455760384e+18 -1.140667852930103088e+00 3.243839674074073365e+00 1.190636750747074757e+00 -4.403503370979220399e-01 6.825963297836306065e-01 -4.974384363134623510e-01 3.044812527261424595e-01
1.413393253055760384e+18 -9.255491502569178630e-01 3.210299744307900660e+00 1.315719729698181517e+00 -3.900227002286428268e-01 7.103752222537295102e-01 -5.161130775329231257e-01 2.772663486862717575e-01
1.413393256055760384e+18 -1.181104240053520993e-01 2.890236876984134451e+00 1.620261558031044880e+00 -3.455142491208083588e-01 7.403833590522966857e-01 -5.291451888157908678e-01 2.290365788384531587e-01
1.413393257255760384e+18 3.689405844807165380e-01 2.535019698938841159e+00 1.492554181425435278e+00 -3.404122777241525011e-01 7.372381979500364224e-01 -5.334615691474696719e-01 2.366813784410516652e-01
1.413393258255760384e+18 7.117237432900389571e-01 2.331660157514253484e+00 1.456179822677198699e+00 -3.751472572070772560e-01 6.977202706891356687e-01 -5.406468569346017938e-01 2.831111713907136784e-01
1.413393258955760384e+18 9.441794102094008823e-01 2.281438433283661915e+00 1.454299347177588020e+00 -5.372194482626065914e-01 6.096068267868988144e-01 -4.431093613990166324e-01 3.787200482992462702e-01
1.413393259755760384e+18 1.199069307340396406e+00 2.219364961106799594e+00 1.499858997203572741e+00 -6.673505380120992037e-01 4.659250646303053633e-01 -3.405852099989165604e-01 4.707003381071667159e-01
1.413393260055760384e+18 1.414235867229513222e+00 2.164425380126172804e+00 1.533827997647120966e+00 -7.085090821522579407e-01 3.490782138964663162e-01 -3.043885348111699529e-01 5.324536608627337131e-01
1.413393261755760384e+18 1.305724044316681987e+00 2.334763851964053227e+00 1.510071501454025800e+00 -7.766709458831071444e-01 2.426021611183623305e-01 -1.728598299810350236e-01 5.550188396988587902e-01
1.413393265255760384e+18 1.784067782828383741e+00 3.013252710781169519e+00 1.126288391599220562e+00 -8.071275317845731934e-01 1.028752438179638129e-01 -9.384262850733721129e-02 5.737206573931002973e-01
1.413393266455760384e+18 1.695687962847641561e+00 3.004884077795736630e+00 1.229193786937016197e+00 -8.102594907753081221e-01 -7.554638582324532670e-02 4.405151868640432011e-02 5.795099351167372070e-01
1.413393267755760384e+18 1.817899287923248508e+00 2.894687032341044297e+00 1.281306954761328054e+00 -7.915603266665028892e-01 -1.964066018982799644e-01 1.384417336697369716e-01 5.618634908560151686e-01
1.413393270255760384e+18 1.810027386302361929e+00 2.788878707441594607e+00 9.988259769059191218e-01 -7.906321119260389940e-01 -2.243187606981442983e-01 1.489738949922108924e-01 5.498988414254660784e-01
1.413393273055760384e+18 1.183170197918113953e+00 2.704839962588564628e+00 1.186254302954101725e+00 -8.116727900855564837e-01 8.979537677277199537e-02 -8.398782428673817746e-02 5.710254963804541894e-01
1.413393273455760384e+18 1.053280624105185748e+00 2.682834464726105317e+00 1.250094897030586294e+00 -7.907872986726391940e-01 1.783825812634660668e-01 -1.491045607848207610e-01 5.662180965961602919e-01
1.413393274255760384e+18 8.122548889257991123e-01 2.620381984343235438e+00 1.419126470531399731e+00 -7.240945697747577237e-01 3.691076935393352021e-01 -2.613941330923353901e-01 5.206915322700066406e-01
1.413393275455760384e+18 6.885168867326012521e-01 2.475738126721592547e+00 1.392634954752566712e+00 -6.119618408505538287e-01 5.192228104152760704e-01 -3.822284596386669731e-01 4.580521620181656206e-01
1.413393275755760384e+18 6.186547759157711157e-01 2.338890252625856814e+00 1.448657782988955534e+00 -5.913831713131951773e-01 5.648043436030831810e-01 -4.032309128337476789e-01 4.106906732200052423e-01
1.413393277955760384e+18 8.833434417791354853e-01 1.967077714355935480e+00 1.392997409041126122e+00 -5.194630345000572635e-01 6.123237552976854570e-01 -4.460760727439750384e-01 3.952643568694808596e-01
1.413393278955760384e+18 9.595334170997908974e-01 1.431069966808899308e+00 1.433338856722708554e+00 -5.097213803829877543e-01 6.306834330870827454e-01 -4.746108706784570863e-01 3.422967178396387200e-01
1.413393279755760384e+18 1.199054697775806977e+00 1.075654397081949432e+00 1.401818688735914087e+00 -5.129782486970726474e-01 6.163177470466287833e-01 -4.592219715527534607e-01 3.822576773359220303e-01
1.413393280955760384e+18 1.266758833510972515e+00 8.317112081047748351e-01 1.389539050886897664e+00 -5.118744799248314825e-01 6.314698146655459698e-01 -4.200885442900242350e-01 4.034302974792952079e-01
1.413393281555760384e+18 1.352352794004012981e+00 3.159801887426942901e-01 1.431041024896207325e+00 -5.252928981164450839e-01 6.100618321464044147e-01 -4.676628172622175339e-01 3.649430387018824939e-01
1.413393281955760384e+18 1.414722253662142659e+00 1.032732423450015147e-01 1.521993973895300556e+00 -5.048699970074468357e-01 6.351402128079951526e-01 -4.490497833639512382e-01 3.742425527070689650e-01
1.413393282455760384e+18 1.466811205918188143e+00 -1.101393857240083318e-01 1.591200840027602315e+00 -5.178261132629410346e-01 6.092563368311153527e-01 -4.774806057468998222e-01 3.642459383297226294e-01
1.413393283055760384e+18 1.481544517961282281e+00 -2.285957944673890352e-01 1.600273473097083343e+00 -5.859293575533872644e-01 5.670214066574340572e-01 -4.234049490370585533e-01 3.948439710572085870e-01
1.413393283455760384e+18 1.528583512469171124e+00 -2.517608082760943722e-01 1.568989592727326521e+00 -6.553839229345139739e-01 4.809288271703620055e-01 -3.645890158762059574e-01 4.541522060476274048e-01
1.413393284255760384e+18 1.599005094915719516e+00 -1.460510502916855802e-01 1.449440969581275329e+00 -7.407252910449997341e-01 3.272842976942897941e-01 -2.641397353999735964e-01 5.238713886746324544e-01
1.413393284555760384e+18 1.600670374706040899e+00 -5.830401760323788984e-02 1.431650054379251857e+00 -7.713220642126347171e-01 2.603765200672868985e-01 -1.936670132520141863e-01 5.475029032201143009e-01
1.413393285455760384e+18 1.747668111046748241e+00 2.540179359963349315e-01 1.443605222483584472e+00 -8.074123835596827004e-01 -4.716960408858140996e-02 1.013307461893119335e-02 5.880115578144406996e-01
1.413393286055760384e+18 2.010515235621554542e+00 4.759582633585770495e-01 1.414308244000460402e+00 -8.122414147877766721e-01 -6.299157836287631873e-02 1.567942135027565465e-02 5.796982843730218438e-01
1.413393287255760384e+18 2.028051215495410897e+00 5.638920959355381290e-01 1.457115011174356045e+00 -8.035459904139419240e-01 -1.383928249677014721e-01 9.022576381667547774e-02 5.718571314855084298e-01
1.413393287555760384e+18 1.978005186478837274e+00 6.116016880809682643e-01 1.509218657024054222e+00 -7.818201203656431897e-01 -2.315645417075573864e-01 1.743179657443980624e-01 5.520402242898199141e-01
1.413393287955760384e+18 1.943688084921385784e+00 8.097349570901259952e-01 1.526977860131842446e+00 -7.507435426607373952e-01 -3.069354668240308337e-01 2.243793909120856966e-01 5.402116634178133481e-01
1.413393289555760384e+18 1.952448797640491840e+00 1.190535938019168460e+00 1.432944687600224754e+00 -7.408534356432858736e-01 -3.289185586882965029e-01 2.319503824732867536e-01 5.377246402355480015e-01
1.413393290555760384e+18 1.889797887435457513e+00 1.458716315767750960e+00 1.113739995546718431e+00 -7.396514100281240678e-01 -3.323805878617404619e-01 2.469923404173256787e-01 5.305032707074137655e-01
1.413393293255760384e+18 1.945874218745462514e+00 1.326843790055330041e+00 1.368290911220825024e+00 -7.022049285222928816e-01 -4.037732981084078965e-01 2.914868214780093614e-01 5.088327770479288414e-01
1.413393295055760384e+18 2.004786971316274258e+00 3.419695875180244204e-01 1.472386310311681656e+00 -7.162428361761969953e-01 -3.948741753930199438e-01 2.879445586669371893e-01 4.981551127591312134e-01
1.413393295955760384e+18 1.864182095774738368e+00 -1.079719917357123693e-01 1.439462007199971083e+00 -7.193451371091221791e-01 -3.986938309830452276e-01 2.741704012350906772e-01 4.984138781576119559e-01
1.413393298555760384e+18 9.527254046038895474e-01 -1.021145999675015514e-01 1.190388157501097055e+00 -7.213623754669561405e-01 -3.471736480524209578e-01 2.495438111942765436e-01 5.448253551857507038e-01
1.413393300255760384e+18 7.156329392137801282e-01 -1.578426520332876226e-01 1.277262203293323406e+00 -7.294332360335421539e-01 -3.611724948195457197e-01 2.848219514115705731e-01 5.063181205028759457e-01
1.413393300555760384e+18 6.506103296381872125e-01 -1.941358840103432071e-01 1.318903629355346219e+00 -6.702440560556058857e-01 -4.518689809591114326e-01 3.290154273222414827e-01 4.881968639320276027e-01
1.413393302555760384e+18 7.073423527900757346e-01 -7.357999239505441658e-01 1.214205221230157727e+00 -6.028792587084661481e-01 -5.476541389929406867e-01 4.059393221689155395e-01 4.145175631744361655e-01
1.413393303555760384e+18 6.456366600997873739e-01 -9.399067721116030061e-01 1.430595568222081893e+00 -5.985520303430665878e-01 -5.457928637098364844e-01 3.997356455700324940e-01 4.290186832252392835e-01
1.413393304555760384e+18 4.914035773580378574e-01 -1.124687532629420783e+00 1.417020119698548575e+00 -5.884577974210735141e-01 -5.655667097228330720e-01 3.936472940939566567e-01 4.229580657229906615e-01
1.413393305555760384e+18 1.905955984703764372e-01 -1.361004951640169658e+00 1.495423491862204690e+00 -6.051360212480512146e-01 -5.465991894740397372e-01 3.658660143806367060e-01 4.485329211726032383e-01
1.413393307555760384e+18 -6.600638031652865667e-01 -1.960147970215746271e+00 1.601493141259675790e+00 -7.725195782590504878e-01 -2.880517917218249901e-01 1.941572995558107917e-01 5.315473727914573621e-01
1.413393307955760384e+18 -9.047142767112403838e-01 -1.925879458255249643e+00 1.661648001999651347e+00 -7.934484482714336817e-01 -1.866520163403524168e-01 1.131255131360859451e-01 5.681577272284802360e-01
1.413393308555760384e+18 -1.115880699301544876e+00 -1.909069475530724036e+00 1.666265844229179338e+00 -8.175571080997876550e-01 -8.005199756443963366e-02 7.241871486489943888e-02 5.656390920178446802e-01
1.413393308955760384e+18 -1.271650500924036642e+00 -1.870931517754466089e+00 1.561885434758781388e+00 -8.104702017058400543e-01 5.951854785543907178e-03 6.666412432230595098e-03 5.857116923169537470e-01
1.413393309455760384e+18 -1.518751979004591135e+00 -1.831245366164288235e+00 1.467631758271816578e+00 -8.251096199319165603e-01 2.877923034642345529e-02 -2.405261795443530172e-03 5.642340699675723048e-01
1.413393310555760384e+18 -1.545951596544650863e+00 -1.317951239859125323e+00 1.314425343062242124e+00 -8.148436828122390674e-01 1.567767751458388689e-02 -3.880616313775619303e-02 5.781678516756719732e-01
1.413393313455760384e+18 -1.418005010974166868e+00 -6.749456508023011780e-01 1.335457962617710548e+00 -8.209639628394616029e-01 -1.013502007944645789e-01 4.343518145523832252e-02 5.602318212399214348e-01
1.413393315055760384e+18 -1.518866934412284708e+00 -4.470766471825332600e-01 1.267899022315743585e+00 -7.943758763586598048e-01 -1.540903141179198466e-01 6.887292483678786326e-02 5.835063516182820154e-01
1.413393315955760384e+18 -1.751150802862615485e+00 -3.132913478869863155e-01 1.432861472751763454e+00 -7.953824348985535364e-01 -1.415140430724666221e-01 8.439985227482471597e-02 5.832814267608048553e-01
1.413393316555760384e+18 -1.997721188457405539e+00 -2.509252201117018188e-01 1.627023991666976643e+00 -8.026723672668567566e-01 -1.528387706912451571e-01 9.592985122916086738e-02 5.684671007569040979e-01
1.413393318455760384e+18 -2.848490848091929983e+00 -4.651778179587048312e-01 1.269951095265135388e+00 -8.020011181882530371e-01 -1.170333580752148661e-01 1.055418263371663973e-01 5.761582442487876987e-01
1.413393319255760384e+18 -2.927648624704533020e+00 -6.247302404911766471e-01 1.228508172670004450e+00 -8.127140785790281097e-01 -1.243929398591789443e-01 1.069160765329540963e-01 5.590985383377706786e-01
1.413393320555760384e+18 -2.992242009956918025e+00 -6.601488516941667051e-01 8.977538026733417054e-01 -8.083866323472910231e-01 -1.385588341912596388e-01 8.072339335432059115e-02 5.663887674337554357e-01
1.413393320955760384e+18 -2.992843596312300569e+00 -6.680555191672921111e-01 8.862079140266465593e-01 -8.035480368133571805e-01 -1.402991718768282770e-01 7.073747348451842054e-02 5.741279515483482809e-01
1.413393321055760384e+18 -2.979179763639849821e+00 -6.804493659098658220e-01 8.584694009047584284e-01 -7.924746300520572051e-01 -1.304725533750709654e-01 8.920845440595580322e-02 5.890693721474108413e-01
1.413393321255760384e+18 -2.975892800927175230e+00 -6.823795223490236594e-01 8.597577059981627023e-01 -7.984113370710670399e-01 -1.264562220095022393e-01 8.130428735044221977e-02 5.830418283536024093e-01
