1.413393212255760431e+09 -0.000000000000000000e+00 -0.000000000000000000e+00 -0.000000000000000000e+00 -0.000000000000000000e+00 -0.000000000000000000e+00 -0.000000000000000000e+00 1.000000000000000000e+00
1.413393218055760384e+09 -1.798531562089920044e-01 -1.900714486837387085e-01 -2.350007295608520508e-01 -1.388319861143827438e-02 1.785424537956714630e-02 -9.695462882518768311e-03 9.996972084045410156e-01
1.413393218355760574e+09 -2.751348316669464111e-01 -2.019514590501785278e-01 -3.201184272766113281e-01 -1.725128665566444397e-02 8.365024812519550323e-03 2.033258415758609772e-02 9.996094703674316406e-01
1.413393218855760574e+09 -3.977033495903015137e-01 -1.340059936046600342e-01 -4.587327837944030762e-01 -2.855213731527328491e-02 1.795204728841781616e-02 -3.347297664731740952e-03 9.994254708290100098e-01
1.413393219055760384e+09 -4.489893913269042969e-01 -1.221602633595466614e-01 -5.160301327705383301e-01 -5.190264061093330383e-02 1.411259826272726059e-02 7.581016514450311661e-03 9.985237121582031250e-01
1.413393219555760384e+09 -5.409153103828430176e-01 -1.516714692115783691e-01 -5.764991044998168945e-01 -4.032086208462715149e-02 8.349658921360969543e-03 8.222785778343677521e-03 9.991181492805480957e-01
1.413393219955760479e+09 -5.769760608673095703e-01 -2.210639417171478271e-01 -5.746040940284729004e-01 -1.997119747102260590e-02 1.028618961572647095e-02 -2.732307650148868561e-03 9.997439980506896973e-01
1.413393221655760527e+09 -6.774647235870361328e-01 -5.517387986183166504e-01 -6.575691699981689453e-01 -3.914730995893478394e-02 2.020776085555553436e-02 -7.528997957706451416e-03 9.990007877349853516e-01
1.413393222055760384e+09 -6.793768405914306641e-01 -6.177974939346313477e-01 -6.257511973381042480e-01 -2.022754959762096405e-02 1.477243658155202866e-02 -6.919027306139469147e-03 9.996623396873474121e-01
1.413393222555760384e+09 -6.963896155357360840e-01 -5.488770604133605957e-01 -5.520506501197814941e-01 -4.238418489694595337e-02 7.486472837626934052e-03 -5.462201777845621109e-03 9.990584254264831543e-01
1.413393223255760431e+09 -7.306391596794128418e-01 -6.976885795593261719e-01 -3.675493597984313965e-01 -4.400544241070747375e-02 -2.271326724439859390e-03 -1.245925854891538620e-02 9.989510774612426758e-01
1.413393223655760527e+09 -7.594887614250183105e-01 -7.089351415634155273e-01 -1.588735431432723999e-01 -2.341239340603351593e-02 5.728843971155583858e-04 -1.607874035835266113e-02 9.995964169502258301e-01
1.413393224255760431e+09 -8.556070327758789062e-01 -7.066234946250915527e-01 1.444356888532638550e-01 -1.864450424909591675e-02 1.856639795005321503e-02 -1.219783909618854523e-02 9.995793700218200684e-01
1.413393224755760431e+09 -9.773523211479187012e-01 -5.729622244834899902e-01 3.908464014530181885e-01 -1.590665429830551147e-02 5.812088400125503540e-02 2.385993860661983490e-02 9.978976249694824219e-01
1.413393224955760479e+09 -1.068972587585449219e+00 -5.477321147918701172e-01 6.787123680114746094e-01 -3.065699525177478790e-02 1.607683300971984863e-01 7.147136330604553223e-02 9.839235544204711914e-01
1.413393225755760431e+09 -1.023835301399230957e+00 -5.808162093162536621e-01 7.617778778076171875e-01 -2.717074006795883179e-02 2.550778090953826904e-01 7.497261464595794678e-02 9.636265635490417480e-01
1.413393226055760384e+09 -9.162456989288330078e-01 -5.588446855545043945e-01 9.988935589790344238e-01 -3.752593323588371277e-02 3.620361685752868652e-01 1.159689724445343018e-01 9.241606593132019043e-01
1.413393227255760431e+09 -7.242789268493652344e-01 -6.181253194808959961e-01 1.373648285865783691e+00 -2.179874666035175323e-02 3.778010010719299316e-01 1.245992183685302734e-01 9.172056913375854492e-01
1.413393227955760479e+09 -6.039663553237915039e-01 -6.445243954658508301e-01 1.487089037895202637e+00 -1.838959567248821259e-02 4.549461901187896729e-01 1.505996584892272949e-01 8.774995207786560059e-01
1.413393228355760574e+09 -3.903652429580688477e-01 -6.721687912940979004e-01 1.600265860557556152e+00 -2.442369796335697174e-02 5.481835007667541504e-01 1.703511476516723633e-01 8.184612393379211426e-01
1.413393229255760431e+09 -5.304861068725585938e-02 -6.514882445335388184e-01 1.790270805358886719e+00 -2.428462170064449310e-02 5.546910762786865234e-01 1.644517928361892700e-01 8.152813911437988281e-01
1.413393229855760574e+09 4.402785301208496094e-01 -6.751124858856201172e-01 2.051785469055175781e+00 -3.217449784278869629e-02 5.431179404258728027e-01 1.638257205486297607e-01 8.228906393051147461e-01
1.413393230655760527e+09 7.150687575340270996e-01 -7.103286981582641602e-01 2.172870159149169922e+00 -1.971189863979816437e-02 5.854314565658569336e-01 1.989844292402267456e-01 7.856759428977966309e-01
1.413393230955760479e+09 1.021703004837036133e+00 -7.701790332794189453e-01 2.257924556732177734e+00 -4.118038713932037354e-02 6.475035548210144043e-01 1.861597299575805664e-01 7.378265261650085449e-01
1.413393231555760384e+09 1.455582857131958008e+00 -7.686016559600830078e-01 2.449218750000000000e+00 1.279706414788961411e-02 6.639694571495056152e-01 2.014691084623336792e-01 7.199937701225280762e-01
1.413393232055760384e+09 1.728687286376953125e+00 -7.411645054817199707e-01 2.477863311767578125e+00 -2.900363644585013390e-03 7.239585518836975098e-01 2.340003550052642822e-01 6.489371657371520996e-01
1.413393232455760479e+09 2.036133289337158203e+00 -5.830345749855041504e-01 2.375200986862182617e+00 -1.225582603365182877e-02 7.670257091522216797e-01 2.483219206333160400e-01 5.914876461029052734e-01
1.413393233255760431e+09 2.314942121505737305e+00 -5.510631799697875977e-01 2.188486099243164062e+00 -1.256699953228235245e-02 7.879949212074279785e-01 2.247306555509567261e-01 5.730637907981872559e-01
1.413393233555760384e+09 2.473731517791748047e+00 -6.176216602325439453e-01 2.059293746948242188e+00 -2.295842953026294708e-02 8.200204968452453613e-01 2.350402325391769409e-01 5.213400125503540039e-01
1.413393233855760574e+09 2.575191259384155273e+00 -6.890978217124938965e-01 1.979034662246704102e+00 -1.244473736733198166e-02 8.409040570259094238e-01 2.299108356237411499e-01 4.897616505622863770e-01
1.413393234055760384e+09 2.702240705490112305e+00 -7.901276350021362305e-01 1.877622127532958984e+00 1.001643482595682144e-02 8.608622550964355469e-01 2.507742345333099365e-01 4.426377415657043457e-01
1.413393234355760574e+09 2.765504360198974609e+00 -8.330764770507812500e-01 1.789497852325439453e+00 7.138568907976150513e-02 8.847503066062927246e-01 2.378380149602890015e-01 3.944036364555358887e-01
1.413393234655760527e+09 2.730901718139648438e+00 -8.596691489219665527e-01 1.723649978637695312e+00 3.845015307888388634e-03 9.073352813720703125e-01 2.294336557388305664e-01 3.522615432739257812e-01
1.413393234855760574e+09 2.642878055572509766e+00 -9.038780331611633301e-01 1.660584211349487305e+00 -7.704043760895729065e-03 9.192488193511962891e-01 2.696256637573242188e-01 2.867477834224700928e-01
1.413393235155760527e+09 2.556133985519409180e+00 -8.297495841979980469e-01 1.640909552574157715e+00 -2.029017917811870575e-02 9.331804513931274414e-01 2.861802279949188232e-01 2.164797633886337280e-01
1.413393235455760479e+09 2.614643096923828125e+00 -7.471065521240234375e-01 1.556977987289428711e+00 -5.540917627513408661e-03 9.544947743415832520e-01 2.830437421798706055e-01 9.378293901681900024e-02
1.413393236555760384e+09 2.684737682342529297e+00 -7.606517076492309570e-01 1.461843967437744141e+00 1.198621094226837158e-02 9.549501538276672363e-01 2.954710423946380615e-01 -2.496969141066074371e-02
1.413393237255760431e+09 2.844809055328369141e+00 -7.232460379600524902e-01 1.097373723983764648e+00 2.499729394912719727e-03 9.526988267898559570e-01 3.031353354454040527e-01 -2.162586338818073273e-02
1.413393238855760574e+09 2.893165111541748047e+00 -6.147711873054504395e-01 5.366179943084716797e-01 1.622221991419792175e-02 9.544895887374877930e-01 2.961626052856445312e-01 -3.121261298656463623e-02
1.413393240155760527e+09 2.912689447402954102e+00 -5.030367374420166016e-01 9.947383403778076172e-02 9.886058047413825989e-03 9.568656086921691895e-01 2.891190052032470703e-01 -2.684564515948295593e-02
1.413393240855760574e+09 2.897654771804809570e+00 -3.321069478988647461e-01 -2.663500308990478516e-01 2.279196679592132568e-02 9.585388302803039551e-01 2.802943885326385498e-01 -4.603238031268119812e-02
1.413393241655760527e+09 2.820193529129028320e+00 -1.457845568656921387e-01 -6.260764598846435547e-01 -7.116461638361215591e-03 9.530871510505676270e-01 3.018828332424163818e-01 2.100199460983276367e-02
1.413393243355760574e+09 2.755357265472412109e+00 -1.092808842658996582e-01 -6.521432399749755859e-01 -1.514860987663269043e-02 9.529929757118225098e-01 2.710298001766204834e-01 1.346024870872497559e-01
1.413393244655760527e+09 2.761651515960693359e+00 -1.270375847816467285e-01 -4.039176702499389648e-01 -1.715147867798805237e-02 9.451501369476318359e-01 2.852470576763153076e-01 1.582128107547760010e-01
1.413393246055760384e+09 2.786257743835449219e+00 -4.432588815689086914e-02 -2.420513629913330078e-01 -9.949750266969203949e-03 9.446029663085937500e-01 2.772531211376190186e-01 1.753767728805541992e-01
1.413393246855760574e+09 2.807841777801513672e+00 2.248233556747436523e-02 -1.102278232574462891e-01 -1.414350606501102448e-02 9.361977577209472656e-01 2.779753804206848145e-01 2.146242856979370117e-01
1.413393247455760479e+09 2.858636617660522461e+00 1.231232285499572754e-01 -3.961205482482910156e-02 1.172169018536806107e-02 9.202300906181335449e-01 3.164272904396057129e-01 2.300283163785934448e-01
1.413393248055760384e+09 2.822559833526611328e+00 2.260776162147521973e-01 -1.647231578826904297e-01 -1.158887753263115883e-03 9.343190193176269531e-01 2.637639939785003662e-01 2.397398054599761963e-01
1.413393248555760384e+09 2.696744441986083984e+00 1.664950847625732422e-01 -2.254931926727294922e-01 -6.495259702205657959e-03 9.395035505294799805e-01 2.613266110420227051e-01 2.213580757379531860e-01
1.413393249055760384e+09 2.566188812255859375e+00 1.592953205108642578e-01 -2.137503623962402344e-01 -1.876376569271087646e-02 9.353043437004089355e-01 2.921598851680755615e-01 1.987370252609252930e-01
1.413393250255760431e+09 2.705202579498291016e+00 3.002111911773681641e-01 -1.619160175323486328e-01 4.592585843056440353e-03 9.438300728797912598e-01 2.651590108871459961e-01 1.971155405044555664e-01
1.413393250855760574e+09 2.807388305664062500e+00 2.928986549377441406e-01 -1.329790353775024414e-01 2.849410288035869598e-03 9.579829573631286621e-01 2.742769718170166016e-01 8.386107534170150757e-02
1.413393251555760384e+09 2.794964790344238281e+00 2.319071143865585327e-01 -1.248994171619415283e-01 4.448827821761369705e-03 9.646884799003601074e-01 2.606166005134582520e-01 -3.788555413484573364e-02
1.413393251955760479e+09 2.778233289718627930e+00 1.454842984676361084e-01 -6.105315685272216797e-02 3.787804162129759789e-04 9.457117319107055664e-01 2.930696904659271240e-01 -1.404971480369567871e-01
1.413393252455760479e+09 2.759511947631835938e+00 9.309470653533935547e-02 1.640558242797851562e-03 4.073935095220804214e-03 9.278522729873657227e-01 2.862670421600341797e-01 -2.390080392360687256e-01
1.413393253055760384e+09 2.715073108673095703e+00 2.864128351211547852e-02 -2.369337081909179688e-01 1.165076158940792084e-02 9.119412302970886230e-01 2.772389948368072510e-01 -3.022682666778564453e-01
1.413393254355760574e+09 2.666711807250976562e+00 -4.258775711059570312e-02 -4.333002567291259766e-01 8.698545861989259720e-04 8.854013085365295410e-01 2.917943000793457031e-01 -3.618284463882446289e-01
1.413393254855760574e+09 2.644997119903564453e+00 -8.778220415115356445e-02 -6.761455535888671875e-01 1.405493821948766708e-02 8.972918987274169922e-01 2.580263316631317139e-01 -3.578997552394866943e-01
1.413393256055760384e+09 2.356866836547851562e+00 -5.324289202690124512e-02 -1.080809593200683594e+00 9.386728517711162567e-03 8.844448328018188477e-01 2.844196557998657227e-01 -3.698308169841766357e-01
1.413393257255760431e+09 1.983658552169799805e+00 1.986479014158248901e-01 -1.501492023468017578e+00 1.188567187637090683e-02 8.876164555549621582e-01 2.745893895626068115e-01 -3.695895373821258545e-01
1.413393258255760431e+09 1.766756296157836914e+00 3.240832090377807617e-01 -1.813578367233276367e+00 1.492541283369064331e-03 9.169763922691345215e-01 2.489618808031082153e-01 -3.117211759090423584e-01
1.413393258655760527e+09 1.736509323120117188e+00 3.587376475334167480e-01 -1.917940378189086914e+00 9.392938576638698578e-03 9.367710351943969727e-01 2.719288468360900879e-01 -2.200602293014526367e-01
1.413393258955760479e+09 1.706908226013183594e+00 3.867852091789245605e-01 -2.035046339035034180e+00 3.399513196200132370e-03 9.526345729827880859e-01 2.908202707767486572e-01 -8.887878805398941040e-02
1.413393259355760574e+09 1.670755863189697266e+00 4.030824899673461914e-01 -2.170908689498901367e+00 -1.008530613034963608e-03 9.549514651298522949e-01 2.931545078754425049e-01 4.612098634243011475e-02
1.413393259755760431e+09 1.633543729782104492e+00 4.095975160598754883e-01 -2.289987325668334961e+00 -5.181167740374803543e-03 9.461778402328491211e-01 2.874398827552795410e-01 1.486572772264480591e-01
1.413393260055760384e+09 1.569145321846008301e+00 4.331998825073242188e-01 -2.503914117813110352e+00 -1.932518742978572845e-02 9.309274554252624512e-01 2.339867204427719116e-01 2.797336578369140625e-01
1.413393260655760527e+09 1.650026679039001465e+00 4.429281949996948242e-01 -2.382913112640380859e+00 -2.857779618352651596e-03 8.904910087585449219e-01 2.822844684123992920e-01 3.568376302719116211e-01
1.413393261755760431e+09 1.744215607643127441e+00 4.270993471145629883e-01 -2.400630235671997070e+00 -7.476872298866510391e-03 8.569214344024658203e-01 2.587099075317382812e-01 4.457567632198333740e-01
1.413393262355760574e+09 2.021776676177978516e+00 5.389853715896606445e-01 -2.620769500732421875e+00 -7.296164520084857941e-03 8.429725170135498047e-01 2.590500116348266602e-01 4.714204370975494385e-01
1.413393263655760527e+09 2.181936264038085938e+00 7.191249132156372070e-01 -2.767848014831542969e+00 -6.792383268475532532e-03 8.437664508819580078e-01 2.149748206138610840e-01 4.917296171188354492e-01
1.413393264155760527e+09 2.298118829727172852e+00 8.995039463043212891e-01 -2.811695337295532227e+00 -2.367692999541759491e-02 8.214341402053833008e-01 2.461028546094894409e-01 5.139249563217163086e-01
1.413393265255760431e+09 2.408042907714843750e+00 9.196140170097351074e-01 -2.792053222656250000e+00 -2.671347744762897491e-02 7.791987061500549316e-01 2.234137803316116333e-01 5.849975943565368652e-01
1.413393266155760527e+09 2.408590316772460938e+00 8.534827828407287598e-01 -2.757936954498291016e+00 -2.719192951917648315e-02 7.084299325942993164e-01 2.036867439746856689e-01 6.752032637596130371e-01
1.413393266455760479e+09 2.401767969131469727e+00 7.972422242164611816e-01 -2.733262777328491211e+00 -2.531615458428859711e-02 6.333449482917785645e-01 1.813915669918060303e-01 7.518845796585083008e-01
1.413393266655760527e+09 2.392032146453857422e+00 7.620237469673156738e-01 -2.714386224746704102e+00 -1.081050746142864227e-02 5.598588585853576660e-01 1.569374799728393555e-01 8.135182261466979980e-01
1.413393266855760574e+09 2.331908226013183594e+00 6.466293334960937500e-01 -2.788309097290039062e+00 -2.040097117424011230e-02 4.998280107975006104e-01 1.512085348367691040e-01 8.525794148445129395e-01
1.413393267755760431e+09 2.285765171051025391e+00 7.792953252792358398e-01 -2.859817266464233398e+00 -2.706641145050525665e-02 5.124897956848144531e-01 1.510307192802429199e-01 8.448735475540161133e-01
1.413393269355760574e+09 2.201201915740966797e+00 8.841372132301330566e-01 -2.800465345382690430e+00 -3.125839307904243469e-02 4.690110385417938232e-01 1.325777024030685425e-01 8.726251721382141113e-01
1.413393270255760431e+09 2.184795618057250977e+00 1.050365567207336426e+00 -2.773916482925415039e+00 -3.966325893998146057e-02 4.878165721893310547e-01 1.447547823190689087e-01 8.599464893341064453e-01
1.413393270855760574e+09 2.268160343170166016e+00 1.006971597671508789e+00 -2.678289890289306641e+00 -2.843471057713031769e-02 5.644024014472961426e-01 1.326755285263061523e-01 8.142718076705932617e-01
1.413393271855760574e+09 2.217500925064086914e+00 8.979119062423706055e-01 -2.456905841827392578e+00 -1.811259798705577850e-02 6.398494243621826172e-01 1.791616678237915039e-01 7.471050024032592773e-01
1.413393272655760527e+09 2.168113470077514648e+00 7.990399003028869629e-01 -2.336184024810791016e+00 -3.491388633847236633e-02 7.125704288482666016e-01 1.866136044263839722e-01 6.754256486892700195e-01
1.413393273055760384e+09 2.124090433120727539e+00 7.061579227447509766e-01 -2.214472293853759766e+00 -3.027768060564994812e-02 7.687818408012390137e-01 2.240682393312454224e-01 5.982066988945007324e-01
1.413393273455760479e+09 2.106534481048583984e+00 6.107176542282104492e-01 -2.104863405227661133e+00 -2.208392880856990814e-02 8.296810984611511230e-01 2.361707687377929688e-01 5.053365230560302734e-01
1.413393273855760574e+09 2.095788717269897461e+00 5.088516473770141602e-01 -2.001504421234130859e+00 -1.069693267345428467e-02 8.700731396675109863e-01 2.589140534400939941e-01 4.193112552165985107e-01
1.413393274255760431e+09 2.051571607589721680e+00 3.848925828933715820e-01 -1.913689374923706055e+00 1.049851067364215851e-03 9.156987071037292480e-01 2.770546078681945801e-01 2.910938560962677002e-01
1.413393274855760574e+09 1.984472751617431641e+00 4.016030430793762207e-01 -1.847099304199218750e+00 -2.887802664190530777e-03 9.513251781463623047e-01 2.635207176208496094e-01 1.597776412963867188e-01
1.413393275455760479e+09 1.912650942802429199e+00 3.787676095962524414e-01 -1.781030893325805664e+00 1.077975612133741379e-02 9.596487879753112793e-01 2.736211121082305908e-01 6.394884735345840454e-02
1.413393275755760431e+09 1.777982354164123535e+00 3.070205450057983398e-01 -1.722180724143981934e+00 1.391714555211365223e-03 9.541417956352233887e-01 2.993422150611877441e-01 -2.423845231533050537e-03
1.413393276355760574e+09 1.505631327629089355e+00 3.469621539115905762e-01 -1.893075227737426758e+00 6.639186758548021317e-03 9.616380333900451660e-01 2.742266654968261719e-01 2.829074161127209663e-03
1.413393277955760479e+09 1.396355867385864258e+00 4.313885867595672607e-01 -1.946449637413024902e+00 1.945481076836585999e-02 9.569637179374694824e-01 2.736410200595855713e-01 -9.467074275016784668e-02
1.413393278355760574e+09 1.172800064086914062e+00 4.406459927558898926e-01 -1.962793588638305664e+00 3.697155788540840149e-02 9.437027573585510254e-01 2.912758290767669678e-01 -1.523700803518295288e-01
1.413393278955760479e+09 8.570705652236938477e-01 4.145630002021789551e-01 -2.006656885147094727e+00 -1.389829628169536591e-02 9.458950161933898926e-01 2.898313105106353760e-01 -1.452149003744125366e-01
1.413393279755760431e+09 4.924991130828857422e-01 5.089903473854064941e-01 -2.213672161102294922e+00 9.243541397154331207e-03 9.556126594543457031e-01 2.724446058273315430e-01 -1.117723807692527771e-01
1.413393280955760479e+09 2.461630105972290039e-01 5.395314097404479980e-01 -2.264942884445190430e+00 5.041815340518951416e-02 9.518556594848632812e-01 2.871071100234985352e-01 -9.485919773578643799e-02
1.413393281155760527e+09 -3.110659122467041016e-02 5.491372942924499512e-01 -2.277763128280639648e+00 -7.547510787844657898e-03 9.514176845550537109e-01 2.915225028991699219e-01 -9.880351275205612183e-02
1.413393281555760384e+09 -2.732764482498168945e-01 5.239559412002563477e-01 -2.335421800613403320e+00 -1.303873211145401001e-02 9.532676339149475098e-01 2.801582813262939453e-01 -1.123486235737800598e-01
1.413393281955760479e+09 -4.897944033145904541e-01 4.533219337463378906e-01 -2.409835815429687500e+00 2.232276462018489838e-02 9.496664404869079590e-01 2.860201597213745117e-01 -1.258089542388916016e-01
1.413393282455760479e+09 -7.062489986419677734e-01 4.009993076324462891e-01 -2.468636751174926758e+00 -1.626517623662948608e-02 9.546553492546081543e-01 2.716800570487976074e-01 -1.206588968634605408e-01
1.413393283055760384e+09 -8.253443241119384766e-01 3.965797424316406250e-01 -2.479953765869140625e+00 -1.561042014509439468e-02 9.547758102416992188e-01 2.960825562477111816e-01 -2.223972976207733154e-02
1.413393283455760479e+09 -8.499624729156494141e-01 4.391536712646484375e-01 -2.516139030456542969e+00 -1.637548021972179413e-02 9.509683847427368164e-01 2.862564921379089355e-01 1.159667000174522400e-01
1.413393283855760574e+09 -8.125960826873779297e-01 5.398898720741271973e-01 -2.538206577301025391e+00 -2.350487373769283295e-02 9.320568442344665527e-01 2.771421372890472412e-01 2.321852147579193115e-01
1.413393284255760431e+09 -7.454338073730468750e-01 5.724990963935852051e-01 -2.557592391967773438e+00 -2.421223372220993042e-02 9.089828729629516602e-01 2.608506679534912109e-01 3.242236673831939697e-01
1.413393284555760384e+09 -6.575660705566406250e-01 5.897428393363952637e-01 -2.558455944061279297e+00 -1.338364370167255402e-02 8.691757917404174805e-01 2.601574957370758057e-01 4.203242659568786621e-01
1.413393284855760574e+09 -5.678420066833496094e-01 5.957254767417907715e-01 -2.561414718627929688e+00 -7.415108382701873779e-03 8.165225386619567871e-01 2.561128735542297363e-01 5.173414945602416992e-01
1.413393285155760527e+09 -4.816825389862060547e-01 6.016798615455627441e-01 -2.596464395523071289e+00 -7.184416055679321289e-03 7.605093717575073242e-01 2.376282364130020142e-01 6.042406558990478516e-01
1.413393285455760479e+09 -3.518784046173095703e-01 6.152742505073547363e-01 -2.717199325561523438e+00 -2.617929130792617798e-02 6.674973964691162109e-01 1.775704920291900635e-01 7.226552963256835938e-01
1.413393286055760384e+09 -1.406762599945068359e-01 7.112432718276977539e-01 -2.972910165786743164e+00 -3.663766011595726013e-02 6.552462577819824219e-01 1.775657385587692261e-01 7.333351373672485352e-01
1.413393287255760431e+09 -5.422949790954589844e-02 6.741327047348022461e-01 -3.004879713058471680e+00 -2.829394489526748657e-02 5.743105411529541016e-01 1.654331237077713013e-01 8.012482523918151855e-01
1.413393287555760384e+09 -5.290269851684570312e-03 6.105740070343017578e-01 -2.972309112548828125e+00 -2.358228713274002075e-02 4.681010544300079346e-01 1.453320980072021484e-01 8.713231086730957031e-01
1.413393287955760479e+09 1.938019990921020508e-01 5.836489200592041016e-01 -2.952632904052734375e+00 -2.205971255898475647e-02 3.885283768177032471e-01 1.120376363396644592e-01 9.143340587615966797e-01
1.413393289555760384e+09 5.753251314163208008e-01 6.751244068145751953e-01 -2.953475236892700195e+00 -2.474421076476573944e-02 3.693896234035491943e-01 9.850222617387771606e-02 9.237079620361328125e-01
1.413393290555760384e+09 8.508324623107910156e-01 9.657906293869018555e-01 -2.821769714355468750e+00 -2.120147086679935455e-02 3.549841344356536865e-01 1.053660213947296143e-01 9.286736845970153809e-01
1.413393292155760527e+09 9.626049995422363281e-01 7.997043728828430176e-01 -2.876633405685424805e+00 -1.817187294363975525e-02 2.953491508960723877e-01 5.783773958683013916e-02 9.534639120101928711e-01
1.413393293255760431e+09 7.127802371978759766e-01 7.352530956268310547e-01 -2.936334609985351562e+00 -2.387739159166812897e-02 2.717168331146240234e-01 7.268531620502471924e-02 9.593313932418823242e-01
1.413393294155760527e+09 2.095150351524353027e-01 7.166685461997985840e-01 -3.001144886016845703e+00 -3.488979861140251160e-02 2.787799835205078125e-01 6.366509199142456055e-02 9.576070308685302734e-01
1.413393295055760384e+09 -2.751982808113098145e-01 6.542412042617797852e-01 -2.976574897766113281e+00 -3.370158001780509949e-02 2.775180339813232422e-01 8.885956555604934692e-02 9.560083746910095215e-01
1.413393295955760479e+09 -7.183087468147277832e-01 6.511927843093872070e-01 -2.812425613403320312e+00 -4.438969865441322327e-02 2.850660085678100586e-01 8.266489952802658081e-02 9.539043903350830078e-01
1.413393297155760527e+09 -9.284000992774963379e-01 7.071746587753295898e-01 -2.341245651245117188e+00 -2.004909329116344452e-02 3.395558893680572510e-01 1.178975924849510193e-01 9.329522848129272461e-01
1.413393298555760384e+09 -6.705176830291748047e-01 6.536873579025268555e-01 -1.868743896484375000e+00 -1.076801121234893799e-02 3.474692404270172119e-01 8.148355782032012939e-02 9.340822696685791016e-01
1.413393300255760431e+09 -7.176458835601806641e-01 5.081694722175598145e-01 -1.660251617431640625e+00 -2.152614854276180267e-02 3.037723302841186523e-01 1.100921332836151123e-01 9.461177587509155273e-01
1.413393300555760384e+09 -7.518375515937805176e-01 4.511501789093017578e-01 -1.606783151626586914e+00 -2.191106975078582764e-02 2.050217539072036743e-01 5.265287682414054871e-02 9.770945906639099121e-01
1.413393301155760527e+09 -8.131112456321716309e-01 5.779705643653869629e-01 -1.561913728713989258e+00 -1.258643995970487595e-02 1.065576002001762390e-01 2.079078927636146545e-02 9.940094947814941406e-01
1.413393301655760527e+09 -9.658057093620300293e-01 6.523026823997497559e-01 -1.593181371688842773e+00 -3.049798123538494110e-02 3.469567373394966125e-02 -1.072727516293525696e-02 9.988749027252197266e-01
1.413393302555760384e+09 -1.293699383735656738e+00 5.692791342735290527e-01 -1.610176682472229004e+00 -3.322101011872291565e-02 5.078069120645523071e-02 2.598779462277889252e-02 9.978188276290893555e-01
1.413393303555760384e+09 -1.498401403427124023e+00 3.451345860958099365e-01 -1.597999453544616699e+00 -2.611034363508224487e-02 6.132980063557624817e-02 1.554340869188308716e-02 9.976549148559570312e-01
1.413393304555760384e+09 -1.676347255706787109e+00 3.187482357025146484e-01 -1.437515497207641602e+00 -3.748856857419013977e-02 4.853755980730056763e-02 -9.907553903758525848e-04 9.981171488761901855e-01
1.413393305555760384e+09 -1.901093006134033203e+00 1.655266135931015015e-01 -1.157353162765502930e+00 -3.771394118666648865e-02 9.375657141208648682e-02 -3.900833195075392723e-03 9.948729872703552246e-01
1.413393306155760527e+09 -2.186110496520996094e+00 6.245452910661697388e-03 -9.262568950653076172e-01 -4.222911223769187927e-02 1.183898299932479858e-01 2.812708541750907898e-02 9.916700124740600586e-01
1.413393306655760527e+09 -2.406713724136352539e+00 -3.317577391862869263e-02 -6.790006756782531738e-01 -2.668340876698493958e-02 2.020064443349838257e-01 9.176553785800933838e-02 9.747105240821838379e-01
1.413393307155760527e+09 -2.475922584533691406e+00 -8.226964622735977173e-02 -4.821846187114715576e-01 -3.544477000832557678e-02 3.141517639160156250e-01 9.804483503103256226e-02 9.436311125755310059e-01
1.413393307555760384e+09 -2.465777635574340820e+00 -1.564207077026367188e-01 -3.380084633827209473e-01 -4.476781934499740601e-02 4.178151488304138184e-01 1.261400729417800903e-01 8.986184000968933105e-01
1.413393307955760479e+09 -2.422266483306884766e+00 -2.784931063652038574e-01 -1.192576885223388672e-01 -3.447247296571731567e-02 5.349723696708679199e-01 1.441700458526611328e-01 8.317639827728271484e-01
1.413393308555760384e+09 -2.396728515625000000e+00 -3.381414711475372314e-01 8.244764804840087891e-02 -2.186044678092002869e-02 6.111147403717041016e-01 2.010151743888854980e-01 7.652802467346191406e-01
1.413393308955760479e+09 -2.350497007369995117e+00 -2.781999707221984863e-01 2.581851482391357422e-01 -7.161565124988555908e-03 6.915777325630187988e-01 2.082614749670028687e-01 6.915896534919738770e-01
1.413393309455760479e+09 -2.299063444137573242e+00 -2.518807649612426758e-01 5.192977190017700195e-01 -2.018660865724086761e-02 7.003497481346130371e-01 2.349629998207092285e-01 6.737174987792968750e-01
1.413393310555760384e+09 -1.782754659652709961e+00 -1.132217645645141602e-01 5.626775026321411133e-01 -3.474984318017959595e-02 7.184114456176757812e-01 2.005395442247390747e-01 6.651776432991027832e-01
1.413393312155760527e+09 -1.331191301345825195e+00 -1.226006150245666504e-01 6.014086604118347168e-01 -1.101860590279102325e-02 6.926902532577514648e-01 1.924429386854171753e-01 6.949997544288635254e-01
1.413393313455760479e+09 -1.146058082580566406e+00 -1.028011068701744080e-01 4.052679538726806641e-01 -5.221760272979736328e-02 6.167020201683044434e-01 1.815069615840911865e-01 7.642036676406860352e-01
1.413393315055760384e+09 -9.131507873535156250e-01 -6.486058235168457031e-02 5.100359320640563965e-01 -3.715419396758079529e-02 5.821546912193298340e-01 1.374765485525131226e-01 8.005096912384033203e-01
1.413393315955760479e+09 -7.723724246025085449e-01 -2.852918207645416260e-01 6.851314306259155273e-01 -2.327971160411834717e-02 5.791234970092773438e-01 1.515687704086303711e-01 8.006878495216369629e-01
1.413393316555760384e+09 -7.028011083602905273e-01 -5.373427271842956543e-01 8.695650100708007812e-01 -3.295597806572914124e-02 5.628231167793273926e-01 1.608247458934783936e-01 8.101108074188232422e-01
1.413393317155760527e+09 -6.464922428131103516e-01 -5.728845596313476562e-01 1.138166666030883789e+00 -1.459546294063329697e-02 5.619449019432067871e-01 1.409682184457778931e-01 8.149434924125671387e-01
1.413393317855760574e+09 -7.296570539474487305e-01 -5.190974473953247070e-01 1.487164974212646484e+00 -2.488846518099308014e-02 5.729865431785583496e-01 1.606029868125915527e-01 8.032893538475036621e-01
1.413393318455760479e+09 -8.757510185241699219e-01 -4.138378500938415527e-01 1.792630076408386230e+00 -7.082819007337093353e-03 5.765010118484497070e-01 1.808352172374725342e-01 7.968029975891113281e-01
1.413393319255760431e+09 -1.031193614006042480e+00 -3.938311338424682617e-01 1.886852025985717773e+00 -2.345466800034046173e-02 5.677047967910766602e-01 1.910000294446945190e-01 8.004249930381774902e-01
1.413393319655760527e+09 -1.088310003280639648e+00 -2.685722708702087402e-01 1.920448422431945801e+00 -3.995941206812858582e-02 5.662773251533508301e-01 1.763738542795181274e-01 8.041303753852844238e-01
1.413393320155760527e+09 -1.063138723373413086e+00 -1.303894966840744019e-01 1.971073865890502930e+00 -2.216979488730430603e-02 5.747773647308349609e-01 1.556210964918136597e-01 8.030701875686645508e-01
1.413393320555760384e+09 -1.058722376823425293e+00 -9.126026183366775513e-02 2.036912918090820312e+00 -3.882018476724624634e-02 5.785253047943115234e-01 1.665653735399246216e-01 7.975321412086486816e-01
1.413393320855760574e+09 -1.058214902877807617e+00 -5.560723319649696350e-02 2.059201717376708984e+00 -2.057297900319099426e-02 5.839838981628417969e-01 1.559298187494277954e-01 7.963827848434448242e-01
1.413393320955760479e+09 -1.066416025161743164e+00 -8.023891597986221313e-02 2.040852785110473633e+00 -3.898613527417182922e-02 5.855873227119445801e-01 1.552594453096389771e-01 7.946458458900451660e-01
1.413393321055760384e+09 -1.078935503959655762e+00 -4.984411597251892090e-02 2.035453557968139648e+00 -1.123673934489488602e-02 5.830709338188171387e-01 1.554552018642425537e-01 7.973303198814392090e-01
1.413393321255760431e+09 -1.081021070480346680e+00 -5.022172257304191589e-02 2.032033443450927734e+00 -1.976492255926132202e-02 5.883105397224426270e-01 1.604377180337905884e-01 7.923129796981811523e-01
