1.403715523912143230e+09 -0.000000000000000000e+00 -0.000000000000000000e+00 -0.000000000000000000e+00 -0.000000000000000000e+00 -0.000000000000000000e+00 -0.000000000000000000e+00 1.000000000000000000e+00
1.403715528612143278e+09 -9.432317689061164856e-03 -3.594540432095527649e-02 3.430652432143688202e-04 -1.513672433793544769e-02 7.008226239122450352e-04 6.003494840115308762e-03 9.998672008514404297e-01
1.403715528712143183e+09 -1.938540861010551453e-02 -7.217258214950561523e-02 6.421313155442476273e-04 -1.051691640168428421e-02 1.761445775628089905e-03 9.195331484079360962e-03 9.999008774757385254e-01
1.403715528812143087e+09 -3.172890841960906982e-02 -1.161869913339614868e-01 2.360054058954119682e-04 -7.121462840586900711e-03 3.234612522646784782e-03 1.041597872972488403e-02 9.999152421951293945e-01
1.403715528912143230e+09 -4.613682255148887634e-02 -1.658838540315628052e-01 -1.573347137309610844e-03 -3.556217998266220093e-03 4.718214273452758789e-03 1.018325053155422211e-02 9.999306797981262207e-01
1.403715529012143135e+09 -6.402041763067245483e-02 -2.146741747856140137e-01 -4.667045548558235168e-03 -4.369939211755990982e-03 5.096269305795431137e-03 7.491900585591793060e-03 9.999493956565856934e-01
1.403715529112143278e+09 -8.783534914255142212e-02 -2.690770030021667480e-01 -1.050757523626089096e-02 -5.917154252529144287e-03 -2.742461860179901123e-03 8.223723620176315308e-03 9.999449253082275391e-01
1.403715529212143183e+09 -1.163009256124496460e-01 -3.398696482181549072e-01 -2.348825894296169281e-02 -7.865833118557929993e-03 -1.680462062358856201e-02 5.134004168212413788e-03 9.998146891593933105e-01
1.403715529312143087e+09 -1.466057598590850830e-01 -4.184426665306091309e-01 -3.877751529216766357e-02 -1.352626550942659378e-02 -3.426114842295646667e-02 -1.353873056359589100e-03 9.993205070495605469e-01
1.403715529412143230e+09 -1.788576692342758179e-01 -4.874491691589355469e-01 -4.704348742961883545e-02 -1.700742729008197784e-02 -5.317992717027664185e-02 -1.066054590046405792e-02 9.983832240104675293e-01
1.403715529612143278e+09 -2.499392926692962646e-01 -5.882968902587890625e-01 -3.024010360240936279e-02 -1.284010335803031921e-02 -8.019539713859558105e-02 -2.320658043026924133e-02 9.964262843132019043e-01
1.403715529812143087e+09 -3.346075117588043213e-01 -6.681508421897888184e-01 1.292788237333297729e-02 -6.871307734400033951e-03 -9.460960328578948975e-02 -3.146036714315414429e-02 9.949935078620910645e-01
1.403715530012143135e+09 -4.379490017890930176e-01 -7.826067805290222168e-01 5.489457398653030396e-02 2.187338192015886307e-03 -1.018292084336280823e-01 -3.165806084871292114e-02 9.942956566810607910e-01
1.403715530312143087e+09 -6.267098784446716309e-01 -1.011896014213562012e+00 7.316428422927856445e-02 8.033238351345062256e-03 -9.532891213893890381e-02 -5.152717977762222290e-02 9.940789341926574707e-01
1.403715530512143135e+09 -1.006485462188720703e+00 -1.489426851272583008e+00 -3.766292333602905273e-02 2.108635846525430679e-03 -1.205812171101570129e-01 -3.884503245353698730e-02 9.919409751892089844e-01
1.403715530912143230e+09 -1.446237802505493164e+00 -1.809657216072082520e+00 -1.183321475982666016e-01 -2.547162398695945740e-02 -1.700629442930221558e-01 -5.356975644826889038e-02 9.836463928222656250e-01
1.403715531312143087e+09 -1.791654229164123535e+00 -2.032608509063720703e+00 -8.713728189468383789e-02 -2.110350318253040314e-02 -1.946848779916763306e-01 -2.371598780155181885e-02 9.803519845008850098e-01
1.403715531612143278e+09 -2.206156492233276367e+00 -2.225273847579956055e+00 2.189868092536926270e-01 1.491053309291601181e-02 -1.905186027288436890e-01 -3.969542682170867920e-02 9.807674288749694824e-01
1.403715532312143087e+09 -2.130207061767578125e+00 -2.086831569671630859e+00 6.598873734474182129e-01 3.411389514803886414e-02 -1.288599818944931030e-01 3.329447656869888306e-02 9.905164241790771484e-01
1.403715533412143230e+09 -1.798167824745178223e+00 -2.062383174896240234e+00 6.444939970970153809e-01 2.319466881453990936e-02 -9.169317036867141724e-02 3.596659749746322632e-02 9.948672652244567871e-01
1.403715533612143278e+09 -1.119007349014282227e+00 -2.203466415405273438e+00 4.901608228683471680e-01 -4.253136925399303436e-03 -8.034622669219970703e-02 6.999931484460830688e-02 9.942969679832458496e-01
1.403715533912143230e+09 -5.365439653396606445e-01 -2.323004961013793945e+00 3.932753205299377441e-01 -7.700431160628795624e-03 -6.807591021060943604e-02 4.481246322393417358e-02 9.966435432434082031e-01
1.403715534112143278e+09 7.539642602205276489e-02 -2.350549459457397461e+00 3.447405397891998291e-01 -6.134964060038328171e-03 -5.814027041196823120e-02 1.411955617368221283e-02 9.981897473335266113e-01
1.403715534312143087e+09 6.701118350028991699e-01 -2.296756267547607422e+00 3.325457572937011719e-01 -6.609699223190546036e-03 -5.132576078176498413e-02 -2.876315265893936157e-03 9.986560344696044922e-01
1.403715534512143135e+09 1.246209383010864258e+00 -2.172430038452148438e+00 3.582489490509033203e-01 -8.147268556058406830e-03 -2.881680615246295929e-02 1.923715579323470592e-03 9.995497465133666992e-01
1.403715534712143183e+09 1.815769314765930176e+00 -2.036571264266967773e+00 4.073892533779144287e-01 -2.107360213994979858e-02 1.509238313883543015e-02 1.607224904000759125e-02 9.995347857475280762e-01
1.403715534912143230e+09 2.356267929077148438e+00 -1.909914493560791016e+00 4.885535836219787598e-01 -3.984006494283676147e-02 7.215469330549240112e-02 3.152640163898468018e-02 9.960987567901611328e-01
1.403715535112143278e+09 2.858661413192749023e+00 -1.809913635253906250e+00 6.175799965858459473e-01 -6.178182736039161682e-02 1.091847419738769531e-01 4.647387936711311340e-02 9.910106062889099121e-01
1.403715535312143087e+09 3.572165250778198242e+00 -1.731751084327697754e+00 9.455419778823852539e-01 -5.754602700471878052e-02 1.222371906042098999e-01 8.510407805442810059e-02 9.871696233749389648e-01
1.403715535612143278e+09 4.317856788635253906e+00 -1.721635103225708008e+00 1.394124031066894531e+00 -1.926189102232456207e-02 1.096598058938980103e-01 6.576362252235412598e-02 9.916042089462280273e-01
1.403715536012143135e+09 5.264091491699218750e+00 -1.716412544250488281e+00 2.054540395736694336e+00 -4.942646250128746033e-02 5.181642994284629822e-02 1.277237758040428162e-02 9.973509907722473145e-01
1.403715536412143230e+09 5.857035160064697266e+00 -1.816417217254638672e+00 2.666976451873779297e+00 -3.681108728051185608e-02 3.843628242611885071e-02 -3.247547894716262817e-02 9.980546236038208008e-01
1.403715536712143183e+09 6.223077774047851562e+00 -2.027974128723144531e+00 3.348628044128417969e+00 1.388746313750743866e-02 3.308261558413505554e-02 -5.011376366019248962e-02 9.980989098548889160e-01
1.403715536912143230e+09 6.294122695922851562e+00 -2.259759902954101562e+00 3.921203136444091797e+00 8.151228725910186768e-02 3.599959611892700195e-02 -8.347250521183013916e-02 9.925180673599243164e-01
1.403715537212143183e+09 5.989477157592773438e+00 -2.468526601791381836e+00 4.133190155029296875e+00 1.194252073764801025e-01 2.040135674178600311e-02 -3.767452761530876160e-02 9.919183254241943359e-01
1.403715537512143135e+09 5.662089347839355469e+00 -2.525902271270751953e+00 4.031761169433593750e+00 4.070887342095375061e-02 2.861009212210774422e-03 1.729798875749111176e-02 9.990172982215881348e-01
1.403715537812143087e+09 5.023599147796630859e+00 -2.619072914123535156e+00 3.610688209533691406e+00 4.229166731238365173e-02 7.184086367487907410e-03 3.942330926656723022e-02 9.983013868331909180e-01
1.403715538212143183e+09 4.568099975585937500e+00 -2.507612228393554688e+00 3.033671140670776367e+00 2.485724352300167084e-02 4.885796830058097839e-02 6.289018690586090088e-02 9.965139031410217285e-01
1.403715538612143278e+09 4.271449565887451172e+00 -2.203046321868896484e+00 2.334945201873779297e+00 3.432568162679672241e-02 1.605993211269378662e-01 6.555270403623580933e-02 9.842420816421508789e-01
1.403715538912143230e+09 4.126849174499511719e+00 -1.990703463554382324e+00 1.907665133476257324e+00 7.201991509646177292e-03 2.336097657680511475e-01 8.977738022804260254e-02 9.681501984596252441e-01
1.403715539112143278e+09 3.966745615005493164e+00 -1.701520681381225586e+00 1.505044221878051758e+00 -2.030083443969488144e-03 3.159111440181732178e-01 1.207807138562202454e-01 9.410674571990966797e-01
1.403715539312143087e+09 3.785506010055541992e+00 -1.324539065361022949e+00 1.141676187515258789e+00 -2.073123492300510406e-02 3.875278830528259277e-01 1.500449180603027344e-01 9.093288183212280273e-01
1.403715539512143135e+09 3.608043909072875977e+00 -1.009381175041198730e+00 7.841961383819580078e-01 -2.255972661077976227e-02 4.269056320190429688e-01 1.787295788526535034e-01 8.861706256866455078e-01
1.403715539812143087e+09 3.333201169967651367e+00 -7.834801077842712402e-01 8.070707321166992188e-03 -2.913478575646877289e-02 4.342751502990722656e-01 2.019658982753753662e-01 8.773632049560546875e-01
1.403715540212143183e+09 3.364483833312988281e+00 -8.111047148704528809e-01 -7.826086878776550293e-01 -5.201772227883338928e-02 4.155189096927642822e-01 2.128927856683731079e-01 8.827881217002868652e-01
1.403715540612143278e+09 3.801884651184082031e+00 -8.045508861541748047e-01 -1.393213987350463867e+00 -7.728956639766693115e-02 4.183020591735839844e-01 2.216222733259201050e-01 8.774584531784057617e-01
1.403715541012143135e+09 4.638693332672119141e+00 -7.976949214935302734e-01 -1.774492025375366211e+00 -4.145867377519607544e-02 4.284897446632385254e-01 2.114256322383880615e-01 8.774833083152770996e-01
1.403715541412143230e+09 5.713295936584472656e+00 -7.296172976493835449e-01 -2.083570718765258789e+00 -5.029021203517913818e-02 4.399474859237670898e-01 2.006621807813644409e-01 8.738717436790466309e-01
1.403715541712143183e+09 6.310811996459960938e+00 -6.837583780288696289e-01 -2.192769050598144531e+00 -6.978159397840499878e-02 4.512689411640167236e-01 1.649798452854156494e-01 8.742246031761169434e-01
1.403715541912143230e+09 6.912121295928955078e+00 -6.635715365409851074e-01 -2.217998266220092773e+00 -7.127158343791961670e-02 4.587846100330352783e-01 1.136091947555541992e-01 8.783678412437438965e-01
1.403715542112143278e+09 7.448525905609130859e+00 -7.071862220764160156e-01 -2.136724233627319336e+00 -4.482981935143470764e-02 4.380053579807281494e-01 7.833762466907501221e-02 8.944298624992370605e-01
1.403715542312143087e+09 7.864386558532714844e+00 -8.188111186027526855e-01 -1.969101905822753906e+00 3.117177635431289673e-03 3.890502154827117920e-01 7.729040831327438354e-02 9.179632067680358887e-01
1.403715542512143135e+09 8.342567443847656250e+00 -1.007862091064453125e+00 -1.633032679557800293e+00 2.399812452495098114e-02 3.097102940082550049e-01 9.433967620134353638e-02 9.458348751068115234e-01
1.403715543012143135e+09 8.728490829467773438e+00 -7.108093500137329102e-01 -1.448088526725769043e+00 3.943916782736778259e-02 3.519088923931121826e-01 6.398507207632064819e-02 9.330115914344787598e-01
1.403715544012143135e+09 8.484918594360351562e+00 -4.603393077850341797e-01 -1.590071916580200195e+00 8.333954960107803345e-03 4.388864338397979736e-01 1.060454472899436951e-01 8.922239542007446289e-01
1.403715544312143087e+09 8.222978591918945312e+00 -1.907455921173095703e-01 -1.648108005523681641e+00 1.296681468375027180e-03 5.103379487991333008e-01 1.682215034961700439e-01 8.433594107627868652e-01
1.403715544512143135e+09 7.906280040740966797e+00 1.115795373916625977e-01 -1.686053514480590820e+00 2.045582514256238937e-03 5.726789832115173340e-01 2.049075812101364136e-01 7.937553524971008301e-01
1.403715544712143183e+09 7.358636856079101562e+00 2.748891115188598633e-01 -1.835988521575927734e+00 1.131737791001796722e-02 6.098356246948242188e-01 1.994328647851943970e-01 7.669413089752197266e-01
1.403715545112143278e+09 6.488105297088623047e+00 2.110196352005004883e-01 -2.097285509109497070e+00 -1.570645347237586975e-02 6.327767372131347656e-01 2.228062152862548828e-01 7.414205074310302734e-01
1.403715545512143135e+09 5.597779273986816406e+00 2.462446689605712891e-01 -2.325777769088745117e+00 1.888524554669857025e-02 6.449429392814636230e-01 2.727889418601989746e-01 7.136372923851013184e-01
1.403715545912143230e+09 4.720662117004394531e+00 3.136005997657775879e-01 -2.728836536407470703e+00 -8.568003773689270020e-03 6.038937568664550781e-01 2.257785648107528687e-01 7.643710374832153320e-01
1.403715546212143183e+09 4.276018142700195312e+00 3.339658379554748535e-01 -2.958361625671386719e+00 -1.113145425915718079e-02 5.377622842788696289e-01 2.000145316123962402e-01 8.189518451690673828e-01
1.403715546412143230e+09 3.831943035125732422e+00 3.369432687759399414e-01 -3.194940090179443359e+00 -1.260604429990053177e-02 4.559675753116607666e-01 1.762673109769821167e-01 8.722755312919616699e-01
1.403715546612143278e+09 3.397426605224609375e+00 3.362002968788146973e-01 -3.428830623626708984e+00 -2.635124698281288147e-02 3.680059015750885010e-01 1.453962028026580811e-01 9.180072546005249023e-01
1.403715546812143087e+09 2.986952304840087891e+00 3.421316444873809814e-01 -3.636867761611938477e+00 -5.741075426340103149e-02 2.730137109756469727e-01 1.271902322769165039e-01 9.518351554870605469e-01
1.403715547012143135e+09 2.633820056915283203e+00 3.313200473785400391e-01 -3.788868904113769531e+00 -6.777200102806091309e-02 1.913083344697952271e-01 7.896655797958374023e-02 9.759982228279113770e-01
1.403715547212143183e+09 2.313845634460449219e+00 2.927851080894470215e-01 -3.862126827239990234e+00 -6.696437299251556396e-02 1.110611930489540100e-01 3.445480018854141235e-02 9.909561276435852051e-01
1.403715547412143230e+09 1.995351076126098633e+00 2.333211302757263184e-01 -3.836788415908813477e+00 -7.701666653156280518e-02 3.912690281867980957e-02 7.627181243151426315e-03 9.962325692176818848e-01
1.403715547612143278e+09 1.660029530525207520e+00 1.546490043401718140e-01 -3.706490993499755859e+00 -8.310040831565856934e-02 -3.435274586081504822e-02 -2.504382841289043427e-02 9.956339597702026367e-01
1.403715547812143087e+09 1.290412664413452148e+00 3.373424336314201355e-02 -3.470307111740112305e+00 -7.692363113164901733e-02 -1.058842316269874573e-01 -5.496416240930557251e-02 9.898738861083984375e-01
1.403715548012143135e+09 8.831419944763183594e-01 -1.307581961154937744e-01 -3.135791063308715820e+00 -3.620315715670585632e-02 -1.572824716567993164e-01 -6.418852508068084717e-02 9.848002195358276367e-01
1.403715548212143183e+09 4.505955576896667480e-01 -2.992081344127655029e-01 -2.749194622039794922e+00 -2.163690049201250076e-03 -1.723461598157882690e-01 -7.233276963233947754e-02 9.823747873306274414e-01
1.403715548512143135e+09 -1.111465692520141602e-02 -3.966049253940582275e-01 -2.344062089920043945e+00 1.513160648755729198e-03 -1.699830293655395508e-01 -7.246335595846176147e-02 9.827780127525329590e-01
1.403715548712143183e+09 -4.956048727035522461e-01 -4.599042832851409912e-01 -1.943046450614929199e+00 -2.357018413022160530e-03 -1.658680289983749390e-01 -5.732397735118865967e-02 9.844776391983032227e-01
1.403715548912143230e+09 -9.920555353164672852e-01 -5.256111025810241699e-01 -1.554675698280334473e+00 -1.709226868115365505e-03 -1.590011864900588989e-01 -4.813123121857643127e-02 9.861029982566833496e-01
1.403715549112143278e+09 -1.482975959777832031e+00 -5.956679582595825195e-01 -1.181224584579467773e+00 8.015207946300506592e-03 -1.711027622222900391e-01 -4.767208546400070190e-02 9.840666055679321289e-01
1.403715549212143183e+09 -2.199654340744018555e+00 -7.054523825645446777e-01 -6.912007927894592285e-01 4.294181615114212036e-02 -2.020031362771987915e-01 -3.707769140601158142e-02 9.777402281761169434e-01
1.403715549612143278e+09 -3.065154075622558594e+00 -8.448017239570617676e-01 -4.077272117137908936e-02 2.221985487267374992e-03 -1.876809895038604736e-01 2.937674708664417267e-02 9.817881584167480469e-01
1.403715550012143135e+09 -3.195109844207763672e+00 -9.805978536605834961e-01 3.810252547264099121e-01 -1.173015311360359192e-02 -9.022647142410278320e-02 7.376464456319808960e-02 9.931164979934692383e-01
1.403715550312143087e+09 -3.094410181045532227e+00 -1.171937346458435059e+00 6.583157181739807129e-01 -1.462277490645647049e-02 -1.015264261513948441e-02 7.646468281745910645e-02 9.969133734703063965e-01
1.403715550512143135e+09 -2.891330480575561523e+00 -1.399496674537658691e+00 9.296289682388305664e-01 -1.022471208125352859e-02 7.016838341951370239e-02 8.615853637456893921e-02 9.937548041343688965e-01
1.403715550712143183e+09 -2.640204191207885742e+00 -1.546491265296936035e+00 1.220954656600952148e+00 -5.470824893563985825e-03 1.385721117258071899e-01 1.313796788454055786e-01 9.815840721130371094e-01
1.403715550912143230e+09 -2.319685220718383789e+00 -1.595272064208984375e+00 1.520059823989868164e+00 -9.594692382961511612e-04 2.041423916816711426e-01 1.768386811017990112e-01 9.628359675407409668e-01
1.403715551112143278e+09 -1.891074657440185547e+00 -1.664069414138793945e+00 1.760011196136474609e+00 2.803817391395568848e-03 2.787513434886932373e-01 1.913787424564361572e-01 9.410971999168395996e-01
1.403715551312143087e+09 -1.349269390106201172e+00 -1.788313746452331543e+00 1.900009393692016602e+00 1.303777936846017838e-02 3.452956974506378174e-01 2.266169041395187378e-01 9.106292724609375000e-01
1.403715551512143135e+09 -7.320346832275390625e-01 -1.874404430389404297e+00 1.956645250320434570e+00 2.176806516945362091e-02 4.190285801887512207e-01 2.389994859695434570e-01 8.756828308105468750e-01
1.403715551712143183e+09 -5.695343017578125000e-02 -1.916824460029602051e+00 1.916055679321289062e+00 3.826119750738143921e-02 5.001704692840576172e-01 2.249562740325927734e-01 8.353204727172851562e-01
1.403715551912143230e+09 5.727527141571044922e-01 -1.928219199180603027e+00 1.780631780624389648e+00 6.114061921834945679e-02 5.716502666473388672e-01 2.183722406625747681e-01 7.885375022888183594e-01
1.403715552112143278e+09 1.101438760757446289e+00 -1.896733164787292480e+00 1.578268051147460938e+00 4.498925432562828064e-02 6.351279020309448242e-01 2.156401872634887695e-01 7.403296232223510742e-01
1.403715552312143087e+09 1.513760089874267578e+00 -1.840288877487182617e+00 1.323165893554687500e+00 4.480459541082382202e-02 6.979628801345825195e-01 2.084173858165740967e-01 6.836685538291931152e-01
1.403715552512143135e+09 1.781526684761047363e+00 -1.786847472190856934e+00 1.056969046592712402e+00 5.150737613439559937e-02 7.560626268386840820e-01 2.202343791723251343e-01 6.141767501831054688e-01
1.403715552712143183e+09 1.903461217880249023e+00 -1.730058431625366211e+00 8.121876716613769531e-01 6.289615482091903687e-02 8.078790307044982910e-01 2.488537281751632690e-01 5.305162668228149414e-01
1.403715552912143230e+09 1.857002377510070801e+00 -1.644760012626647949e+00 5.512948036193847656e-01 7.271204143762588501e-02 8.460130691528320312e-01 2.920804023742675781e-01 4.400725662708282471e-01
1.403715553112143278e+09 1.664727449417114258e+00 -1.529584050178527832e+00 2.761149406433105469e-01 7.841875404119491577e-02 8.797203898429870605e-01 3.127045929431915283e-01 3.495114445686340332e-01
1.403715553312143087e+09 1.320794105529785156e+00 -1.403440237045288086e+00 -2.378779649734497070e-02 7.615073770284652710e-02 9.185113310813903809e-01 2.875334918498992920e-01 2.605046033859252930e-01
1.403715553512143135e+09 8.169733285903930664e-01 -1.267312288284301758e+00 -2.803713083267211914e-01 4.345595091581344604e-02 9.523272514343261719e-01 2.461915016174316406e-01 1.748550236225128174e-01
1.403715553712143183e+09 2.144158631563186646e-01 -1.157957315444946289e+00 -4.053927361965179443e-01 3.899134928360581398e-03 9.545190930366516113e-01 2.706455290317535400e-01 1.250167787075042725e-01
1.403715553912143230e+09 -4.142827987670898438e-01 -1.093084692955017090e+00 -4.298462867736816406e-01 -2.887516841292381287e-02 9.374590516090393066e-01 3.298417925834655762e-01 1.074300855398178101e-01
1.403715554112143278e+09 -1.014307618141174316e+00 -1.042497754096984863e+00 -4.439399540424346924e-01 -3.608166053891181946e-02 9.111979007720947266e-01 3.966481983661651611e-01 1.052929013967514038e-01
1.403715554312143087e+09 -1.563113689422607422e+00 -9.515087604522705078e-01 -5.421915650367736816e-01 -7.909322530031204224e-02 9.013807177543640137e-01 4.100140333175659180e-01 1.146543025970458984e-01
1.403715554512143135e+09 -1.998057365417480469e+00 -7.598602771759033203e-01 -7.060474753379821777e-01 -2.129003405570983887e-01 9.114583134651184082e-01 3.184570968151092529e-01 1.500078290700912476e-01
1.403715554712143183e+09 -1.815857410430908203e+00 -4.691570699214935303e-01 -7.032496333122253418e-01 -2.422586083412170410e-01 9.288343191146850586e-01 2.283521443605422974e-01 1.625822782516479492e-01
1.403715555112143278e+09 -1.478718161582946777e+00 -5.517563223838806152e-01 -5.761127471923828125e-01 -1.586814820766448975e-01 9.397006034851074219e-01 2.600715160369873047e-01 1.553896665573120117e-01
1.403715555212143183e+09 -1.091678023338317871e+00 -6.660016179084777832e-01 -4.180155694484710693e-01 -6.420581787824630737e-02 9.381980895996093750e-01 3.059374988079071045e-01 1.485402882099151611e-01
1.403715555312143087e+09 -6.985907554626464844e-01 -7.677062153816223145e-01 -2.432665228843688965e-01 3.549465537071228027e-02 9.240624904632568359e-01 3.526695966720581055e-01 1.430833190679550171e-01
1.403715555412143230e+09 -3.401060402393341064e-01 -8.316579461097717285e-01 -7.292717695236206055e-02 8.141297101974487305e-02 9.154146909713745117e-01 3.685069084167480469e-01 1.399659663438796997e-01
1.403715555512143135e+09 2.302736639976501465e-01 -9.617732763290405273e-01 1.792389750480651855e-01 5.595281720161437988e-02 9.271765351295471191e-01 3.425568044185638428e-01 1.409535109996795654e-01
1.403715555812143087e+09 6.355696916580200195e-01 -1.171417474746704102e+00 3.397357463836669922e-01 4.084504768252372742e-02 9.238920211791992188e-01 3.495045900344848633e-01 1.503389626741409302e-01
1.403715555912143230e+09 9.914180040359497070e-01 -1.582389116287231445e+00 4.182119369506835938e-01 8.259596675634384155e-02 9.073795676231384277e-01 3.796490430831909180e-01 1.603337228298187256e-01
1.403715556312143087e+09 6.900285482406616211e-01 -1.916237473487854004e+00 1.558013558387756348e-01 -9.471991099417209625e-03 9.175499677658081055e-01 3.534813225269317627e-01 1.818334460258483887e-01
1.403715556912143230e+09 2.594103515148162842e-01 -1.725232243537902832e+00 -9.741753339767456055e-02 -4.657231271266937256e-02 9.085732698440551758e-01 3.693925142288208008e-01 1.894067823886871338e-01
1.403715557312143087e+09 1.202640682458877563e-02 -1.455397367477416992e+00 -6.003692150115966797e-01 -3.480169177055358887e-02 9.012247920036315918e-01 3.917010128498077393e-01 1.820795238018035889e-01
1.403715557612143278e+09 -7.495748996734619141e-02 -1.086952805519104004e+00 -1.406510353088378906e+00 -4.245956614613533020e-02 9.220783710479736328e-01 3.446926176548004150e-01 1.707504093647003174e-01
1.403715558112143278e+09 -1.732945442199707031e-03 -9.376571178436279297e-01 -2.330869436264038086e+00 -5.358501523733139038e-02 9.238596558570861816e-01 3.461504876613616943e-01 1.542462557554244995e-01
1.403715558412143230e+09 1.408164501190185547e-01 -8.225009441375732422e-01 -3.031683921813964844e+00 -3.843225538730621338e-02 9.434712529182434082e-01 2.904627323150634766e-01 1.549720019102096558e-01
1.403715558812143087e+09 4.580571651458740234e-01 -4.966661930084228516e-01 -3.807250976562500000e+00 -5.423118546605110168e-02 9.305872917175292969e-01 2.669645845890045166e-01 2.445326447486877441e-01
1.403715559312143087e+09 7.219259738922119141e-01 -4.403734207153320312e-01 -3.808714389801025391e+00 -5.836781859397888184e-02 8.912681341171264648e-01 2.978442013263702393e-01 3.369318842887878418e-01
1.403715559712143183e+09 1.065711498260498047e+00 -2.423901557922363281e-01 -3.552376270294189453e+00 -7.719182968139648438e-02 8.607375025749206543e-01 2.979567945003509521e-01 4.054554998874664307e-01
1.403715560112143278e+09 1.474052429199218750e+00 -2.131533622741699219e-01 -3.267229557037353516e+00 -6.239990144968032837e-02 8.254804611206054688e-01 3.002827465534210205e-01 4.738338589668273926e-01
1.403715560412143230e+09 1.807091712951660156e+00 -2.824689149856567383e-01 -3.069336175918579102e+00 -5.008355528116226196e-02 7.999280691146850586e-01 2.985497117042541504e-01 5.181455612182617188e-01
1.403715560612143278e+09 2.166455268859863281e+00 -3.455088138580322266e-01 -2.873355865478515625e+00 -4.561440646648406982e-02 7.724274992942810059e-01 2.896484434604644775e-01 5.633638501167297363e-01
1.403715560812143087e+09 2.545778512954711914e+00 -4.161126613616943359e-01 -2.662750244140625000e+00 -5.426402390003204346e-02 7.422567605972290039e-01 2.695341408252716064e-01 6.111150979995727539e-01
1.403715561012143135e+09 2.948011398315429688e+00 -4.991835355758666992e-01 -2.429588317871093750e+00 -5.412326380610466003e-02 7.025167942047119141e-01 2.548937201499938965e-01 6.622461676597595215e-01
1.403715561212143183e+09 3.369069576263427734e+00 -5.985293388366699219e-01 -2.165332317352294922e+00 -3.191479295492172241e-02 6.612001061439514160e-01 2.606888711452484131e-01 7.027355432510375977e-01
1.403715561412143230e+09 3.802983283996582031e+00 -6.776531934738159180e-01 -1.922976016998291016e+00 -1.492188591510057449e-02 6.301321387290954590e-01 2.597081661224365234e-01 7.316163778305053711e-01
1.403715561612143278e+09 4.446560382843017578e+00 -7.714442014694213867e-01 -1.608262062072753906e+00 -1.476588100194931030e-02 5.971720218658447266e-01 2.034027278423309326e-01 7.757544517517089844e-01
1.403715561912143230e+09 4.984642028808593750e+00 -9.118758440017700195e-01 -1.282064676284790039e+00 1.951036043465137482e-02 5.512531995773315430e-01 1.513318121433258057e-01 8.202669620513916016e-01
1.403715562312143087e+09 5.328324317932128906e+00 -1.265892267227172852e+00 -5.264075994491577148e-01 -3.723015636205673218e-02 5.057368874549865723e-01 1.303747296333312988e-01 8.519663810729980469e-01
1.403715562812143087e+09 5.267977237701416016e+00 -1.436216950416564941e+00 -1.542797088623046875e-01 -1.956527866423130035e-02 4.686695933341979980e-01 1.702896654605865479e-01 8.665838241577148438e-01
1.403715563012143135e+09 5.186978340148925781e+00 -1.598663091659545898e+00 2.312809228897094727e-01 -5.590397398918867111e-03 4.292725026607513428e-01 1.644803285598754883e-01 8.880541324615478516e-01
1.403715563212143183e+09 5.085489749908447266e+00 -1.754789948463439941e+00 6.076623201370239258e-01 1.928257569670677185e-02 3.743431866168975830e-01 1.241565048694610596e-01 9.187386035919189453e-01
1.403715563412143230e+09 4.913647651672363281e+00 -1.886878609657287598e+00 9.513301253318786621e-01 2.987664379179477692e-02 2.950761914253234863e-01 8.331070840358734131e-02 9.513657689094543457e-01
1.403715563612143278e+09 4.704096794128417969e+00 -1.938123464584350586e+00 1.255339384078979492e+00 3.749737143516540527e-02 2.199571877717971802e-01 3.939383476972579956e-02 9.739922881126403809e-01
1.403715563812143087e+09 4.404505252838134766e+00 -1.901487231254577637e+00 1.537672758102416992e+00 5.431504547595977783e-02 1.402967870235443115e-01 2.364287152886390686e-02 9.883359074592590332e-01
1.403715564012143135e+09 4.051828861236572266e+00 -1.780099749565124512e+00 1.750724196434020996e+00 5.551524087786674500e-02 4.119148477911949158e-02 3.691718727350234985e-02 9.969245195388793945e-01
1.403715564212143183e+09 3.705713033676147461e+00 -1.637226223945617676e+00 1.863024353981018066e+00 5.227942764759063721e-02 -5.403106659650802612e-02 2.460107579827308655e-02 9.968662858009338379e-01
1.403715564412143230e+09 3.411419153213500977e+00 -1.536749124526977539e+00 1.859614729881286621e+00 2.669130638241767883e-02 -1.513323336839675903e-01 -1.998889259994029999e-02 9.879203438758850098e-01
1.403715564612143278e+09 3.178779363632202148e+00 -1.547844171524047852e+00 1.781647562980651855e+00 1.439279131591320038e-02 -2.428539395332336426e-01 -7.299685478210449219e-02 9.672054648399353027e-01
1.403715564812143087e+09 2.959529399871826172e+00 -1.656046271324157715e+00 1.651917815208435059e+00 2.528416551649570465e-02 -3.269087374210357666e-01 -1.187405884265899658e-01 9.372257590293884277e-01
1.403715565012143135e+09 2.734220981597900391e+00 -1.859663128852844238e+00 1.458746910095214844e+00 4.013668373227119446e-02 -4.063939452171325684e-01 -1.502551138401031494e-01 9.003646969795227051e-01
1.403715565212143183e+09 2.514992713928222656e+00 -2.021755695343017578e+00 1.230852723121643066e+00 3.939570486545562744e-02 -4.882547259330749512e-01 -1.603693217039108276e-01 8.569346666336059570e-01
1.403715565412143230e+09 2.315907478332519531e+00 -2.084998369216918945e+00 1.003961563110351562e+00 5.601156130433082581e-02 -5.595850944519042969e-01 -1.612817943096160889e-01 8.109965324401855469e-01
1.403715565612143278e+09 2.187608718872070312e+00 -2.107356786727905273e+00 7.805958390235900879e-01 6.160781159996986389e-02 -6.316172480583190918e-01 -1.781615316867828369e-01 7.520123720169067383e-01
1.403715565812143087e+09 2.150999546051025391e+00 -2.136719942092895508e+00 5.451431274414062500e-01 5.434954538941383362e-02 -7.072836160659790039e-01 -2.128448337316513062e-01 6.719323396682739258e-01
1.403715566012143135e+09 2.203789234161376953e+00 -2.178913593292236328e+00 3.158779144287109375e-01 5.300348624587059021e-02 -7.813568711280822754e-01 -2.408951967954635620e-01 5.732728242874145508e-01
1.403715566212143183e+09 2.312206506729125977e+00 -2.229197502136230469e+00 1.085739135742187500e-01 5.354079231619834900e-02 -8.408166766166687012e-01 -2.627816796302795410e-01 4.702196717262268066e-01
1.403715566412143230e+09 2.477335929870605469e+00 -2.249415397644042969e+00 -6.103658676147460938e-02 5.550361797213554382e-02 -8.851011395454406738e-01 -2.779206931591033936e-01 3.691549599170684814e-01
1.403715566612143278e+09 2.673888683319091797e+00 -2.195765733718872070e+00 -1.559190750122070312e-01 5.849088728427886963e-02 -9.175502061843872070e-01 -2.841112613677978516e-01 2.719582915306091309e-01
1.403715566812143087e+09 2.936522006988525391e+00 -2.135911464691162109e+00 -1.970877647399902344e-01 5.324679240584373474e-02 -9.415619373321533203e-01 -2.913855910301208496e-01 1.603756248950958252e-01
1.403715567012143135e+09 3.229094743728637695e+00 -2.120257139205932617e+00 -1.721664667129516602e-01 3.679877892136573792e-02 -9.522132873535156250e-01 -3.018288016319274902e-01 2.889721840620040894e-02
1.403715567212143183e+09 3.563482284545898438e+00 -2.115359306335449219e+00 -8.790341019630432129e-02 2.523927018046379089e-02 -9.411446452140808105e-01 -3.172034025192260742e-01 -1.139816716313362122e-01
1.403715567412143230e+09 3.877045392990112305e+00 -2.091422080993652344e+00 5.766415596008300781e-02 3.765535354614257812e-02 -9.087251424789428711e-01 -3.262183964252471924e-01 -2.576476633548736572e-01
1.403715567612143278e+09 4.154148101806640625e+00 -1.988249540328979492e+00 2.413902282714843750e-01 3.954294696450233459e-02 -8.672347664833068848e-01 -3.119340240955352783e-01 -3.860535919666290283e-01
1.403715567812143087e+09 4.428852081298828125e+00 -1.877118229866027832e+00 4.424800872802734375e-01 3.145923465490341187e-02 -8.164357542991638184e-01 -2.808062136173248291e-01 -5.035781264305114746e-01
1.403715568012143135e+09 4.677750110626220703e+00 -1.794188618659973145e+00 6.571555137634277344e-01 2.606079727411270142e-02 -7.559194564819335938e-01 -2.439689040184020996e-01 -6.069480180740356445e-01
1.403715568212143183e+09 4.887816429138183594e+00 -1.748157978057861328e+00 9.057312011718750000e-01 1.396598201245069504e-02 -6.854026913642883301e-01 -2.139000892639160156e-01 -6.958986520767211914e-01
1.403715568412143230e+09 5.040634155273437500e+00 -1.723414540290832520e+00 1.176455497741699219e+00 4.352347459644079208e-03 -6.071927547454833984e-01 -1.868697702884674072e-01 -7.722550034523010254e-01
1.403715568612143278e+09 5.125149250030517578e+00 -1.739801406860351562e+00 1.452781438827514648e+00 2.133410307578742504e-04 -5.223026871681213379e-01 -1.577444076538085938e-01 -8.380433320999145508e-01
1.403715568812143087e+09 5.151986598968505859e+00 -1.780569553375244141e+00 1.716411113739013672e+00 -5.628301878459751606e-04 -4.324550926685333252e-01 -1.305859684944152832e-01 -8.921489119529724121e-01
1.403715569012143135e+09 5.120995044708251953e+00 -1.835377216339111328e+00 1.986470580101013184e+00 7.846166379749774933e-03 -3.496744632720947266e-01 -1.124885603785514832e-01 -9.300605058670043945e-01
1.403715569212143183e+09 5.060310363769531250e+00 -1.895875215530395508e+00 2.258025646209716797e+00 -5.016117822378873825e-03 -2.785234451293945312e-01 -9.650935232639312744e-02 -9.555550813674926758e-01
1.403715569412143230e+09 4.984098911285400391e+00 -1.974543213844299316e+00 2.504171371459960938e+00 -3.166334331035614014e-02 -2.275602370500564575e-01 -7.085427641868591309e-02 -9.706665277481079102e-01
1.403715569612143278e+09 4.767847061157226562e+00 -2.066486120223999023e+00 2.792491436004638672e+00 -2.744653448462486267e-02 -1.388420015573501587e-01 -3.545393422245979309e-02 -9.892990589141845703e-01
1.403715569912143230e+09 4.551914215087890625e+00 -2.127913475036621094e+00 2.935887575149536133e+00 -3.593167290091514587e-02 -6.029291823506355286e-02 -1.332093030214309692e-02 -9.974448680877685547e-01
1.403715570112143278e+09 4.318533420562744141e+00 -2.161407470703125000e+00 3.017075061798095703e+00 -4.577947407960891724e-02 2.491995133459568024e-02 1.398861128836870193e-02 -9.985427260398864746e-01
1.403715570312143087e+09 4.059573173522949219e+00 -2.166716814041137695e+00 3.040467023849487305e+00 -5.658635124564170837e-02 1.176904737949371338e-01 4.386565834283828735e-02 -9.904659390449523926e-01
1.403715570512143135e+09 3.793323993682861328e+00 -2.138065576553344727e+00 2.995909214019775391e+00 -6.818993389606475830e-02 2.171706855297088623e-01 7.559744268655776978e-02 -9.708100557327270508e-01
1.403715570712143183e+09 3.532762289047241211e+00 -2.058493614196777344e+00 2.876484632492065430e+00 -5.728881806135177612e-02 3.173386752605438232e-01 1.100307554006576538e-01 -9.401635527610778809e-01
1.403715570912143230e+09 3.413257598876953125e+00 -2.011635303497314453e+00 2.800963163375854492e+00 -5.329693108797073364e-02 3.657001852989196777e-01 1.262311190366744995e-01 -9.205914735794067383e-01
1.403715571012143135e+09 3.183584213256835938e+00 -1.904212594032287598e+00 2.616670131683349609e+00 -3.868697956204414368e-02 4.416884481906890869e-01 1.478274464607238770e-01 -8.840598464012145996e-01
1.403715571212143183e+09 2.978835344314575195e+00 -1.808208107948303223e+00 2.424198627471923828e+00 -5.763061717152595520e-02 4.806903600692749023e-01 1.422630995512008667e-01 -8.633520603179931641e-01
1.403715571512143135e+09 2.758601665496826172e+00 -1.642689704895019531e+00 2.096530914306640625e+00 -2.490369603037834167e-02 4.917961061000823975e-01 1.455188393592834473e-01 -8.581029772758483887e-01
1.403715571712143183e+09 2.650434970855712891e+00 -1.480364203453063965e+00 1.906477093696594238e+00 6.581276655197143555e-02 5.023142099380493164e-01 1.114596351981163025e-01 -8.549420833587646484e-01
1.403715571912143230e+09 2.394258499145507812e+00 -1.274036407470703125e+00 1.979886770248413086e+00 1.137169450521469116e-01 4.788807630538940430e-01 1.757202595472335815e-01 -8.525633215904235840e-01
1.403715572312143087e+09 2.141498565673828125e+00 -1.279982686042785645e+00 2.214103937149047852e+00 -7.726217154413461685e-03 5.001720190048217773e-01 2.230824977159500122e-01 -8.366615772247314453e-01
1.403715572512143135e+09 1.829261064529418945e+00 -1.279870033264160156e+00 2.407991409301757812e+00 -6.107854470610618591e-02 5.467650890350341797e-01 2.256166934967041016e-01 -8.039990663528442383e-01
1.403715572712143183e+09 1.372961521148681641e+00 -1.251736879348754883e+00 2.522153377532958984e+00 -5.469424650073051453e-02 6.232017278671264648e-01 2.403843551874160767e-01 -7.421883344650268555e-01
1.403715573012143135e+09 1.088332891464233398e+00 -1.290787696838378906e+00 2.473685503005981445e+00 -4.920736327767372131e-02 6.770080327987670898e-01 2.391463816165924072e-01 -6.942965984344482422e-01
1.403715573212143183e+09 8.432724475860595703e-01 -1.360181808471679688e+00 2.375700950622558594e+00 -3.653563186526298523e-02 7.252524495124816895e-01 2.460363060235977173e-01 -6.419815421104431152e-01
1.403715573412143230e+09 6.253292560577392578e-01 -1.420478820800781250e+00 2.277614831924438477e+00 -1.244872435927391052e-02 7.688620686531066895e-01 2.555311620235443115e-01 -5.860034823417663574e-01
1.403715573612143278e+09 2.989230155944824219e-01 -1.498587489128112793e+00 2.176621437072753906e+00 -1.468525640666484833e-02 8.107445240020751953e-01 3.014883995056152344e-01 -5.015799403190612793e-01
1.403715573912143230e+09 -6.012248992919921875e-02 -1.579530000686645508e+00 2.045441150665283203e+00 -9.024986997246742249e-03 8.497655391693115234e-01 3.505517840385437012e-01 -3.936122655868530273e-01
1.403715574212143183e+09 -3.408458232879638672e-01 -1.621680259704589844e+00 1.905032634735107422e+00 -2.996331825852394104e-02 8.848050832748413086e-01 3.473047912120819092e-01 -3.091951012611389160e-01
1.403715574412143230e+09 -7.651436328887939453e-01 -1.630481123924255371e+00 1.648851990699768066e+00 -8.728484809398651123e-02 9.056882858276367188e-01 3.481304645538330078e-01 -2.256442606449127197e-01
1.403715574812143087e+09 -1.094662189483642578e+00 -1.559568285942077637e+00 1.153717517852783203e+00 -4.921171814203262329e-02 9.209485054016113281e-01 3.436338007450103760e-01 -1.770532429218292236e-01
1.403715575212143183e+09 -1.230470418930053711e+00 -1.506489753723144531e+00 7.120854258537292480e-01 -6.819006055593490601e-02 9.369028210639953613e-01 2.900880575180053711e-01 -1.827903389930725098e-01
1.403715575612143278e+09 -1.153805851936340332e+00 -1.449044823646545410e+00 8.144010603427886963e-02 -1.174698099493980408e-01 9.166811704635620117e-01 3.123355805873870850e-01 -2.198704034090042114e-01
1.403715576012143135e+09 -9.477781057357788086e-01 -1.425647735595703125e+00 -1.706980168819427490e-01 -8.659894019365310669e-02 9.175752997398376465e-01 3.147873580455780029e-01 -2.268591076135635376e-01
1.403715576112143278e+09 -6.676115393638610840e-01 -1.389100432395935059e+00 -4.228079915046691895e-01 -5.307931080460548401e-02 9.212352037429809570e-01 3.108077645301818848e-01 -2.278308421373367310e-01
1.403715576312143087e+09 -3.493794798851013184e-01 -1.355746269226074219e+00 -6.614267826080322266e-01 -5.272308737039566040e-02 9.287402629852294922e-01 2.903867065906524658e-01 -2.243600487709045410e-01
1.403715576512143135e+09 -3.540962934494018555e-04 -1.348317623138427734e+00 -8.705552220344543457e-01 -6.453735381364822388e-02 9.380019903182983398e-01 2.562504410743713379e-01 -2.243280708789825439e-01
1.403715576912143230e+09 6.262245774269104004e-01 -1.382067799568176270e+00 -1.040462732315063477e+00 -6.108162552118301392e-02 9.230185151100158691e-01 2.837452292442321777e-01 -2.525758743286132812e-01
1.403715577112143278e+09 1.827063202857971191e+00 -1.373984813690185547e+00 -1.101299047470092773e+00 -2.159200794994831085e-02 9.049975872039794922e-01 2.925084233283996582e-01 -3.081429600715637207e-01
1.403715577712143183e+09 2.518128871917724609e+00 -1.254039049148559570e+00 -1.023051619529724121e+00 -2.477551996707916260e-02 9.012330174446105957e-01 2.948227822780609131e-01 -3.166145384311676025e-01
1.403715578012143135e+09 3.374999046325683594e+00 -1.159035682678222656e+00 -8.477966785430908203e-01 3.527872264385223389e-02 8.864307403564453125e-01 2.895315289497375488e-01 -3.593989014625549316e-01
1.403715578212143183e+09 3.688906908035278320e+00 -1.037989854812622070e+00 -6.644625663757324219e-01 6.377764791250228882e-02 8.601099848747253418e-01 2.907891869544982910e-01 -4.142281413078308105e-01
1.403715578412143230e+09 3.883656501770019531e+00 -9.377536177635192871e-01 -4.304351806640625000e-01 3.849579393863677979e-02 8.256630897521972656e-01 2.957187294960021973e-01 -4.789038002490997314e-01
1.403715578612143278e+09 3.994561433792114258e+00 -8.284132480621337891e-01 -1.746883392333984375e-01 3.194945678114891052e-02 7.734673619270324707e-01 3.539851009845733643e-01 -5.248066782951354980e-01
1.403715578812143087e+09 3.931861877441406250e+00 -6.754266023635864258e-01 5.523633956909179688e-02 3.566902596503496170e-03 7.519029974937438965e-01 3.619004487991333008e-01 -5.510511994361877441e-01
1.403715579112143278e+09 3.661242008209228516e+00 -5.747681856155395508e-01 -1.785039901733398438e-02 -1.120108440518379211e-01 7.583326101303100586e-01 3.331547081470489502e-01 -5.489929318428039551e-01
1.403715579412143230e+09 3.528236389160156250e+00 -4.760544300079345703e-01 -2.535781860351562500e-01 -9.956720471382141113e-02 7.603212594985961914e-01 3.280674815177917480e-01 -5.516971349716186523e-01
1.403715579612143278e+09 3.481010913848876953e+00 -4.105517864227294922e-01 -4.174580574035644531e-01 -7.882884144783020020e-02 7.638813257217407227e-01 3.239943385124206543e-01 -5.525386333465576172e-01
1.403715579712143183e+09 3.438354730606079102e+00 -3.414202928543090820e-01 -6.059942245483398438e-01 -7.119643688201904297e-02 7.703133225440979004e-01 3.137521445751190186e-01 -5.505525469779968262e-01
1.403715579812143087e+09 3.403277397155761719e+00 -2.762489318847656250e-01 -8.175446987152099609e-01 -7.083205878734588623e-02 7.760779857635498047e-01 3.048590421676635742e-01 -5.474913120269775391e-01
1.403715579912143230e+09 3.375839710235595703e+00 -2.197139859199523926e-01 -1.048508167266845703e+00 -7.617153227329254150e-02 7.771608829498291016e-01 3.011516630649566650e-01 -5.472902655601501465e-01
1.403715580012143135e+09 3.356863737106323242e+00 -1.680835485458374023e-01 -1.297447443008422852e+00 -6.822688877582550049e-02 7.769094705581665039e-01 2.900701165199279785e-01 -5.546315312385559082e-01
1.403715580112143278e+09 3.331670284271240234e+00 -7.848143577575683594e-03 -1.794530630111694336e+00 -5.202103778719902039e-02 7.599828243255615234e-01 2.653395533561706543e-01 -5.910287499427795410e-01
1.403715580412143230e+09 3.328304290771484375e+00 2.017305493354797363e-01 -2.281723737716674805e+00 -3.140948340296745300e-02 7.310608029365539551e-01 2.350833117961883545e-01 -6.397652029991149902e-01
1.403715580612143278e+09 3.349352359771728516e+00 3.922609686851501465e-01 -2.752547502517700195e+00 2.050706534646451473e-04 7.034497261047363281e-01 2.058791071176528931e-01 -6.802736520767211914e-01
1.403715580812143087e+09 3.380568265914916992e+00 5.597330331802368164e-01 -3.160366773605346680e+00 4.427903145551681519e-02 6.891430020332336426e-01 1.829034388065338135e-01 -6.997625827789306641e-01
1.403715581012143135e+09 3.176579236984252930e+00 6.699148416519165039e-01 -3.601725816726684570e+00 3.402233123779296875e-02 6.887496709823608398e-01 2.138433754444122314e-01 -6.919085979461669922e-01
1.403715581712143183e+09 2.854434728622436523e+00 6.998491883277893066e-01 -3.452755928039550781e+00 -5.610664188861846924e-02 7.505187988281250000e-01 2.923449873924255371e-01 -5.900068283081054688e-01
1.403715582012143135e+09 2.645976066589355469e+00 6.337043046951293945e-01 -3.498256206512451172e+00 -6.150391325354576111e-02 8.168742060661315918e-01 2.600915431976318359e-01 -5.111616253852844238e-01
1.403715582412143230e+09 2.304920196533203125e+00 7.458592057228088379e-01 -3.747498989105224609e+00 -1.179164275527000427e-02 7.884405851364135742e-01 3.428278267383575439e-01 -5.105795264244079590e-01
1.403715583212143183e+09 2.048974037170410156e+00 9.471672177314758301e-01 -3.988759040832519531e+00 -2.941896952688694000e-02 8.039965629577636719e-01 2.829029262065887451e-01 -5.221973657608032227e-01
1.403715583412143230e+09 1.807094573974609375e+00 1.155141353607177734e+00 -4.237290859222412109e+00 -6.262778490781784058e-02 8.333029150962829590e-01 1.873770952224731445e-01 -5.163079500198364258e-01
1.403715583712143183e+09 2.421528816223144531e+00 1.093987226486206055e+00 -4.098873138427734375e+00 -3.472145274281501770e-02 8.479031920433044434e-01 1.624242812395095825e-01 -5.034610033035278320e-01
1.403715584312143087e+09 2.954709053039550781e+00 8.775199651718139648e-01 -3.810209512710571289e+00 2.234719507396221161e-02 8.261983394622802734e-01 2.463997453451156616e-01 -5.061463117599487305e-01
1.403715584512143135e+09 3.443718671798706055e+00 7.215505242347717285e-01 -3.443897962570190430e+00 3.364565968513488770e-02 8.124864697456359863e-01 2.865000367164611816e-01 -5.066077709197998047e-01
1.403715584712143183e+09 3.844673156738281250e+00 5.640305280685424805e-01 -3.065330505371093750e+00 7.842360064387321472e-03 7.990916967391967773e-01 3.213048279285430908e-01 -5.080888867378234863e-01
1.403715585012143135e+09 4.167276382446289062e+00 4.075567722320556641e-01 -2.730631828308105469e+00 -6.416729651391506195e-03 7.829665541648864746e-01 3.542046546936035156e-01 -5.113328099250793457e-01
1.403715585112143278e+09 4.544366836547851562e+00 1.084029674530029297e-01 -2.327569484710693359e+00 -1.614191569387912750e-02 7.866717576980590820e-01 3.458000123500823975e-01 -5.111843943595886230e-01
1.403715585712143183e+09 4.772209644317626953e+00 -7.328069210052490234e-02 -2.294988155364990234e+00 4.086619708687067032e-03 7.586169838905334473e-01 2.236518412828445435e-01 -6.119343042373657227e-01
1.403715588112143278e+09 4.809778213500976562e+00 -1.508896350860595703e-01 -2.114224433898925781e+00 -3.101243637502193451e-02 7.098554372787475586e-01 1.961574405431747437e-01 -6.757705211639404297e-01
1.403715588312143087e+09 4.883611202239990234e+00 -1.225698590278625488e-01 -1.865102291107177734e+00 -3.989872336387634277e-02 6.574544310569763184e-01 1.687965840101242065e-01 -7.332595586776733398e-01
1.403715588512143135e+09 5.021177768707275391e+00 -7.801419496536254883e-02 -1.594192981719970703e+00 -3.667091578245162964e-02 6.041158437728881836e-01 1.533959805965423584e-01 -7.811331152915954590e-01
1.403715588712143183e+09 5.215157032012939453e+00 -3.131043910980224609e-02 -1.312907934188842773e+00 -1.025139354169368744e-02 5.456919670104980469e-01 1.604986488819122314e-01 -8.224083781242370605e-01
1.403715588912143230e+09 5.420593261718750000e+00 2.636653184890747070e-02 -1.014086961746215820e+00 3.020365908741950989e-02 4.779634773731231689e-01 1.869457811117172241e-01 -8.577237129211425781e-01
1.403715589112143278e+09 5.553544998168945312e+00 2.004742622375488281e-02 -7.189331054687500000e-01 5.158532410860061646e-02 4.247630536556243896e-01 1.860483884811401367e-01 -8.844779729843139648e-01
1.403715589312143087e+09 5.579099655151367188e+00 -9.128746390342712402e-02 -4.195855855941772461e-01 6.970295310020446777e-02 3.812469244003295898e-01 1.778965592384338379e-01 -9.045137166976928711e-01
1.403715589512143135e+09 5.485925197601318359e+00 -2.672435641288757324e-01 -8.158957958221435547e-02 8.720810711383819580e-02 3.439429402351379395e-01 1.714765131473541260e-01 -9.190722107887268066e-01
1.403715589712143183e+09 5.255909919738769531e+00 -5.674775242805480957e-01 3.024282455444335938e-01 5.057819187641143799e-02 3.360267877578735352e-01 1.561247557401657104e-01 -9.274442791938781738e-01
1.403715589912143230e+09 4.926218986511230469e+00 -9.459689855575561523e-01 6.947798132896423340e-01 -1.429630443453788757e-02 3.474841713905334473e-01 1.255615353584289551e-01 -9.291311502456665039e-01
1.403715590112143278e+09 4.411409854888916016e+00 -1.435512304306030273e+00 1.246791839599609375e+00 -2.136942744255065918e-02 3.585997223854064941e-01 1.429777741432189941e-01 -9.222293496131896973e-01
1.403715590512143135e+09 4.049744606018066406e+00 -1.709369421005249023e+00 1.553850173950195312e+00 -3.214950114488601685e-02 3.878762722015380859e-01 1.856909841299057007e-01 -9.022401571273803711e-01
1.403715590612143278e+09 3.634495258331298828e+00 -1.955576062202453613e+00 1.784362792968750000e+00 -2.364746108651161194e-02 4.450218379497528076e-01 2.132693678140640259e-01 -8.694323301315307617e-01
1.403715590812143087e+09 3.171134948730468750e+00 -2.173565864562988281e+00 1.940783262252807617e+00 -1.976663991808891296e-02 5.209671854972839355e-01 2.062184214591979980e-01 -8.280557990074157715e-01
1.403715591012143135e+09 2.683279514312744141e+00 -2.370967149734497070e+00 2.062435626983642578e+00 -2.278526127338409424e-02 5.910663008689880371e-01 2.292671650648117065e-01 -7.730188369750976562e-01
1.403715591212143183e+09 2.193429708480834961e+00 -2.535028457641601562e+00 2.147174358367919922e+00 -3.834002092480659485e-02 6.512733697891235352e-01 2.755707800388336182e-01 -7.059984803199768066e-01
1.403715591412143230e+09 1.696565866470336914e+00 -2.667691230773925781e+00 2.171730279922485352e+00 -4.818866401910781860e-02 7.083665132522583008e-01 3.055755794048309326e-01 -6.344434022903442383e-01
1.403715591612143278e+09 1.194977998733520508e+00 -2.716184377670288086e+00 2.148243665695190430e+00 -4.617545008659362793e-02 7.618214488029479980e-01 3.186483681201934814e-01 -5.621024370193481445e-01
1.403715591812143087e+09 7.024004459381103516e-01 -2.653583526611328125e+00 2.076712608337402344e+00 -5.858381092548370361e-02 8.007164001464843750e-01 3.295580148696899414e-01 -4.968026280403137207e-01
1.403715592012143135e+09 3.407001495361328125e-03 -2.391038417816162109e+00 1.879852414131164551e+00 -9.970302134752273560e-02 8.483645915985107422e-01 3.443341255187988281e-01 -3.895778059959411621e-01
1.403715592312143087e+09 -3.516564369201660156e-01 -2.232274532318115234e+00 1.617711663246154785e+00 -1.216223165392875671e-01 8.801096677780151367e-01 3.408966362476348877e-01 -3.072533607482910156e-01
1.403715592512143135e+09 -5.785632133483886719e-01 -2.099655866622924805e+00 1.251943945884704590e+00 -1.397161781787872314e-01 9.014835953712463379e-01 3.433498442173004150e-01 -2.234224975109100342e-01
1.403715592712143183e+09 -6.489301919937133789e-01 -1.946863412857055664e+00 8.388704061508178711e-01 -1.422982215881347656e-01 9.181622266769409180e-01 3.437628448009490967e-01 -1.362223476171493530e-01
1.403715592912143230e+09 -5.622311234474182129e-01 -1.792429208755493164e+00 3.864445686340332031e-01 -6.948667019605636597e-02 9.344716072082519531e-01 3.455113768577575684e-01 -5.055989325046539307e-02
1.403715593112143278e+09 -4.201526939868927002e-01 -1.626563310623168945e+00 -6.058776378631591797e-02 -3.574901074171066284e-02 9.398662447929382324e-01 3.371146619319915771e-01 4.155993834137916565e-02
1.403715593312143087e+09 -2.855744957923889160e-01 -1.453501105308532715e+00 -4.830802977085113525e-01 -5.872752144932746887e-02 9.338085651397705078e-01 3.293664455413818359e-01 1.267696321010589600e-01
1.403715593512143135e+09 -1.168667078018188477e-01 -1.286725521087646484e+00 -8.816561698913574219e-01 -8.501628041267395020e-02 9.225535392761230469e-01 3.140656948089599609e-01 2.074367403984069824e-01
1.403715593712143183e+09 1.068573594093322754e-01 -1.153041839599609375e+00 -1.238680720329284668e+00 -7.827827334403991699e-02 9.128477573394775391e-01 2.802506685256958008e-01 2.864281237125396729e-01
1.403715593912143230e+09 3.762847185134887695e-01 -1.039084434509277344e+00 -1.504132032394409180e+00 -8.078435808420181274e-02 8.840455412864685059e-01 2.734206914901733398e-01 3.703761696815490723e-01
1.403715594112143278e+09 6.790597438812255859e-01 -9.472962021827697754e-01 -1.687489151954650879e+00 -7.518789917230606079e-02 8.452369570732116699e-01 2.805454134941101074e-01 4.485706388950347900e-01
1.403715594312143087e+09 1.008073449134826660e+00 -8.847734332084655762e-01 -1.814197182655334473e+00 -7.506998628377914429e-02 8.089351058006286621e-01 2.687954008579254150e-01 5.174335837364196777e-01
1.403715594512143135e+09 1.360436081886291504e+00 -8.455991744995117188e-01 -1.871617078781127930e+00 -8.810917288064956665e-02 7.659117579460144043e-01 2.430949211120605469e-01 5.886601805686950684e-01
1.403715594712143183e+09 1.737859845161437988e+00 -8.336765170097351074e-01 -1.848426580429077148e+00 -9.192298352718353271e-02 7.014971971511840820e-01 2.552231848239898682e-01 6.590242981910705566e-01
1.403715594912143230e+09 2.160156488418579102e+00 -8.408086299896240234e-01 -1.761766791343688965e+00 -8.297194540500640869e-02 6.335751414299011230e-01 2.634503245353698730e-01 7.226978540420532227e-01
1.403715595112143278e+09 2.644629001617431641e+00 -8.484410643577575684e-01 -1.650468230247497559e+00 -6.703487038612365723e-02 5.702114105224609375e-01 2.490297108888626099e-01 7.799676656723022461e-01
1.403715595312143087e+09 3.179763317108154297e+00 -8.542954921722412109e-01 -1.521703600883483887e+00 -4.198805242776870728e-02 5.057955384254455566e-01 2.188836932182312012e-01 8.333654403686523438e-01
1.403715595512143135e+09 3.728163957595825195e+00 -8.466622233390808105e-01 -1.385010838508605957e+00 -2.032776921987533569e-02 4.437502324581146240e-01 1.613020151853561401e-01 8.812798857688903809e-01
1.403715595712143183e+09 4.243695259094238281e+00 -8.450210094451904297e-01 -1.241457819938659668e+00 2.004372188821434975e-03 3.925924897193908691e-01 5.616576597094535828e-02 9.179938435554504395e-01
1.403715595912143230e+09 4.617132186889648438e+00 -8.901629447937011719e-01 -1.091039896011352539e+00 6.042107939720153809e-02 3.439126312732696533e-01 -1.305879373103380203e-02 9.369647502899169922e-01
1.403715596112143278e+09 4.655349731445312500e+00 -1.091736435890197754e+00 -1.031378030776977539e+00 7.219261489808559418e-03 2.629219591617584229e-01 2.845524623990058899e-02 9.643704295158386230e-01
1.403715596512143135e+09 4.446586132049560547e+00 -1.207481980323791504e+00 -1.061888933181762695e+00 -7.919993251562118530e-02 2.112508118152618408e-01 7.136014103889465332e-02 9.716008901596069336e-01
1.403715596712143183e+09 4.143533229827880859e+00 -1.438067555427551270e+00 -9.250183701515197754e-01 -1.405951082706451416e-01 1.392299532890319824e-01 8.462400734424591064e-02 9.765689969062805176e-01
1.403715597112143278e+09 3.961700201034545898e+00 -1.764519214630126953e+00 -4.249087572097778320e-01 -1.229057088494300842e-01 1.067045852541923523e-01 8.108568936586380005e-02 9.833277463912963867e-01
1.403715597312143087e+09 3.918988227844238281e+00 -2.043625116348266602e+00 7.474187016487121582e-02 -4.538906738162040710e-02 7.975096255540847778e-02 8.227659761905670166e-02 9.923760890960693359e-01
1.403715597512143135e+09 3.906345605850219727e+00 -2.308680772781372070e+00 6.042437553405761719e-01 1.136721204966306686e-02 4.046625271439552307e-02 5.614312365651130676e-02 9.975376129150390625e-01
1.403715597712143183e+09 3.927731275558471680e+00 -2.632230281829833984e+00 1.349051594734191895e+00 1.840559951961040497e-02 -2.275319024920463562e-02 2.311011590063571930e-02 9.993045330047607422e-01
1.403715598112143278e+09 4.011656761169433594e+00 -2.959488868713378906e+00 2.219352245330810547e+00 6.889946758747100830e-02 -3.719979152083396912e-02 6.356889847666025162e-03 9.969095587730407715e-01
1.403715598412143230e+09 4.136489868164062500e+00 -2.974935770034790039e+00 2.762339830398559570e+00 8.028697222471237183e-02 -2.837290242314338684e-02 1.754944398999214172e-02 9.962133169174194336e-01
1.403715598912143230e+09 4.251858234405517578e+00 -2.725623846054077148e+00 2.741720914840698242e+00 2.657330408692359924e-02 -2.332668192684650421e-02 8.824072778224945068e-03 9.993357658386230469e-01
1.403715599412143230e+09 4.510155677795410156e+00 -2.198703289031982422e+00 2.574259042739868164e+00 3.411418944597244263e-02 -3.823278844356536865e-02 5.667093768715858459e-02 9.970772266387939453e-01
1.403715600012143135e+09 4.883014202117919922e+00 -1.779462218284606934e+00 2.363380670547485352e+00 8.717539720237255096e-03 -2.225905656814575195e-02 -3.916939347982406616e-02 9.989466667175292969e-01
1.403715600412143230e+09 4.992315769195556641e+00 -1.473198771476745605e+00 2.152221918106079102e+00 -7.539376150816679001e-03 -1.046824976801872253e-01 -8.703494817018508911e-02 9.906612038612365723e-01
1.403715600612143278e+09 4.937685012817382812e+00 -1.304953217506408691e+00 2.001945018768310547e+00 -3.139333054423332214e-02 -1.925793588161468506e-01 -8.184377104043960571e-02 9.773583412170410156e-01
1.403715600812143087e+09 4.834863662719726562e+00 -1.226245760917663574e+00 1.868864536285400391e+00 -2.198561653494834900e-02 -2.692932784557342529e-01 -1.048739105463027954e-01 9.570785164833068848e-01
1.403715601012143135e+09 4.519558906555175781e+00 -1.344964027404785156e+00 1.626162767410278320e+00 7.988541387021541595e-03 -3.354075849056243896e-01 -1.407896429300308228e-01 9.314592480659484863e-01
1.403715601512143135e+09 4.051612854003906250e+00 -1.546725273132324219e+00 1.353104352951049805e+00 1.073350664228200912e-02 -3.486636281013488770e-01 -1.313472539186477661e-01 9.279366731643676758e-01
1.403715601912143230e+09 3.637115240097045898e+00 -1.670984745025634766e+00 1.132795929908752441e+00 4.604869708418846130e-02 -3.375743627548217773e-01 -1.065512150526046753e-01 9.341145753860473633e-01
1.403715602112143278e+09 3.161756277084350586e+00 -1.703882813453674316e+00 7.386186718940734863e-01 4.365781322121620178e-02 -2.577989101409912109e-01 -6.366056948900222778e-02 9.631101489067077637e-01
1.403715602612143278e+09 2.816356897354125977e+00 -1.571504116058349609e+00 2.774533927440643311e-01 7.376462686806917191e-03 -1.438521593809127808e-01 -5.351464450359344482e-02 9.881236553192138672e-01
1.403715603012143135e+09 2.412808418273925781e+00 -1.192495703697204590e+00 -7.198004424571990967e-02 -4.233140498399734497e-03 -4.212877526879310608e-02 -1.627678051590919495e-02 9.989706873893737793e-01
1.403715603412143230e+09 1.927123188972473145e+00 -8.559791445732116699e-01 -3.658233582973480225e-01 -2.054301835596561432e-02 6.847285199910402298e-03 3.076409921050071716e-02 9.992921352386474609e-01
1.403715603812143087e+09 1.539686203002929688e+00 -6.881602406501770020e-01 -6.033890247344970703e-01 -4.612294957041740417e-02 1.104397582821547985e-03 7.932519912719726562e-02 9.957806468009948730e-01
1.403715604412143230e+09 1.288887977600097656e+00 -6.208563446998596191e-01 -6.126084923744201660e-01 -9.775036014616489410e-03 2.196536399424076080e-02 2.433267608284950256e-02 9.994148015975952148e-01
1.403715605112143278e+09 1.054339289665222168e+00 -6.500591039657592773e-01 -4.294867813587188721e-01 -5.792237818241119385e-03 1.622909493744373322e-02 2.414845116436481476e-02 9.995598793029785156e-01
1.403715605512143135e+09 8.483265638351440430e-01 -6.061109900474548340e-01 -1.628679633140563965e-01 -3.365705022588372231e-03 7.612984627485275269e-03 2.050245553255081177e-02 9.997552037239074707e-01
1.403715606212143183e+09 6.953125000000000000e-01 -5.119414925575256348e-01 8.517166972160339355e-02 -1.810354006011039019e-04 -4.192186519503593445e-03 2.823449857532978058e-02 9.995925426483154297e-01
1.403715606612143278e+09 6.045017242431640625e-01 -5.326430797576904297e-01 2.310620993375778198e-01 9.770167991518974304e-03 -2.146980166435241699e-02 4.692381992936134338e-02 9.986199140548706055e-01
1.403715607112143278e+09 6.019084453582763672e-01 -4.430086314678192139e-01 3.402014672756195068e-01 8.674362674355506897e-03 -1.335896644741296768e-02 8.602086454629898071e-03 9.998362064361572266e-01
1.403715607612143278e+09 5.408425331115722656e-01 -3.824811875820159912e-01 3.165056705474853516e-01 6.432462483644485474e-03 -8.216178044676780701e-03 9.612256661057472229e-03 9.998994469642639160e-01
1.403715607912143230e+09 5.176944732666015625e-01 -3.526137769222259521e-01 3.096200227737426758e-01 3.881164360791444778e-03 -9.657367132604122162e-03 7.077857386320829391e-03 9.999208450317382812e-01
