1.403715528712143104e+18 5.425859729184959734e-01 2.195530503291710289e+00 9.561887149519791018e-01 -4.169555307787027321e-01 7.106591625814523416e-01 -4.975316227599348440e-01 2.712451369996247141e-01
1.403715528812143104e+18 5.531332246169694544e-01 2.198277245318574380e+00 9.781529857054142019e-01 -4.144348375185761824e-01 7.098642378757887839e-01 -5.002077729202526468e-01 2.722658868572003787e-01
1.403715528912143104e+18 5.645814775613550163e-01 2.201945972680238395e+00 1.003186522485528531e+00 -4.128820262457113532e-01 7.083744282420071370e-01 -5.034037029074841518e-01 2.726147716377063102e-01
1.403715529012143104e+18 5.762448314362192958e-01 2.207625890028156235e+00 1.027911398499977258e+00 -4.148066598140751071e-01 7.077684739850041984e-01 -5.037348679572850596e-01 2.706481202796078289e-01
1.403715529212143104e+18 6.031530889220212410e-01 2.227979655688932858e+00 1.093173820257907991e+00 -4.284522584326426187e-01 7.024884812149200242e-01 -4.926272039110843326e-01 2.832967242505105565e-01
1.403715529312143104e+18 6.178647755083964688e-01 2.240485210532190852e+00 1.134824420649788390e+00 -4.431789761318156717e-01 6.975227202958822481e-01 -4.828176369472230722e-01 2.897267320053285578e-01
1.403715529412143104e+18 6.345257488919545663e-01 2.252757546437864189e+00 1.170330390809267929e+00 -4.598426323516067726e-01 6.895558977321033511e-01 -4.744625332848587118e-01 2.965513815238980389e-01
1.403715529812143104e+18 7.325495763484831668e-01 2.296989566197373822e+00 1.246766415127009253e+00 -4.912287811747984567e-01 6.619964019113856457e-01 -4.680526919309554446e-01 3.184049716604421820e-01
1.403715530012143104e+18 7.976136588112601178e-01 2.326159744928027795e+00 1.294344460317792933e+00 -4.922650403621555149e-01 6.548679289601754272e-01 -4.710605471255814858e-01 3.269940161507610688e-01
1.403715530312143104e+18 8.945439990464476576e-01 2.393079164500623079e+00 1.402038561195643185e+00 -5.012172915213103375e-01 6.451493799706339294e-01 -4.831986162730185219e-01 3.147738893799619797e-01
1.403715530512143104e+18 1.028269527487849944e+00 2.564647493654124144e+00 1.653659941698233826e+00 -5.058343504000381019e-01 6.451221437900976907e-01 -4.638656172489288299e-01 3.358239400062326685e-01
1.403715530912143104e+18 1.164472911889040674e+00 2.767392919193175871e+00 1.819043854732618870e+00 -5.452438216151939132e-01 6.336036584128125204e-01 -4.234816819221566830e-01 3.491687902902265717e-01
1.403715531312143104e+18 1.307654451448803989e+00 2.904263927357299657e+00 1.917385431843663834e+00 -5.342135127775206049e-01 6.349592605018795632e-01 -4.063685668978161969e-01 3.825013047117911125e-01
1.403715532312143104e+18 1.731074894749000226e+00 2.865159243781298493e+00 1.800971741413440741e+00 -4.501415657468285092e-01 6.560566292317234760e-01 -4.624494869423702026e-01 3.912834548697934345e-01
1.403715533412143104e+18 1.631850032610426826e+00 2.716463022570408725e+00 1.799518576317562957e+00 -4.342420911944226969e-01 6.758856724813742112e-01 -4.719364616739171181e-01 3.631643431178206427e-01
1.403715533912143104e+18 1.230943753847301814e+00 2.176313368534386505e+00 2.007193215455216340e+00 -4.252342718740093619e-01 7.029447517914934052e-01 -4.587231624192972812e-01 3.385521381007891017e-01
1.403715534312143104e+18 8.788519260262221966e-01 1.632770285937615640e+00 2.034341779858528376e+00 -4.507298695111163211e-01 6.882641123294782615e-01 -4.805520033691879633e-01 3.036525456301439885e-01
1.403715534512143104e+18 7.155943800422587264e-01 1.367021923369913239e+00 1.981017147461755279e+00 -4.367545109428966899e-01 6.978215732623557210e-01 -4.881069092300327483e-01 2.899003177345387261e-01
1.403715534712143104e+18 5.622977317267321418e-01 1.099078973474211018e+00 1.917467480123947077e+00 -4.080995949753090102e-01 7.222799560116531792e-01 -4.936916015981414052e-01 2.608351744612973366e-01
1.403715534912143104e+18 4.321884712976746257e-01 8.357400884242982553e-01 1.852040681287409951e+00 -3.720126696128992494e-01 7.514307777978226355e-01 -4.986366829263288447e-01 2.198176932502728109e-01
1.403715535312143104e+18 2.765890424186967511e-01 1.650380787476322109e-01 1.708906838083197766e+00 -3.101323609258758163e-01 7.903609973725628235e-01 -4.882197814215054610e-01 2.019625152535168278e-01
1.403715536012143104e+18 3.046287395551242616e-01 -9.066552041469178036e-01 1.541173900539227315e+00 -3.986037873257952113e-01 7.437242647460999834e-01 -4.890850785149767344e-01 2.208733228151476269e-01
1.403715536412143104e+18 4.293519770652919343e-01 -1.347378628781920717e+00 1.494926451620945063e+00 -4.339661133310283025e-01 7.151112330519767690e-01 -5.049662743748085658e-01 2.128342044579973891e-01
1.403715536712143104e+18 6.633725324608501506e-01 -1.708305471619485871e+00 1.486843072517568975e+00 -4.352585674046332009e-01 6.805607457243896263e-01 -5.430767638263447328e-01 2.290298658948964616e-01
1.403715536912143104e+18 9.320382167217756697e-01 -1.905353770303807259e+00 1.501566102508697931e+00 -4.364014072675312939e-01 6.291162365171255599e-01 -5.979692557271797382e-01 2.370640037849039150e-01
1.403715537212143104e+18 1.140406445378542966e+00 -1.833079384332351403e+00 1.560951978804103746e+00 -4.016231724566664552e-01 6.245402332426781555e-01 -6.051999053012729890e-01 2.870216002853336890e-01
1.403715537512143104e+18 1.193270603953408449e+00 -1.658727258612899824e+00 1.600311444657935844e+00 -3.963978415776238107e-01 6.877971930711356263e-01 -5.312526533274638529e-01 2.959297057218115423e-01
1.403715537812143104e+18 1.196340272330944643e+00 -1.259784854853821745e+00 1.708130999388521865e+00 -3.779637629591110493e-01 6.969956298349971879e-01 -5.277973055533050628e-01 3.045824849386050137e-01
1.403715538212143104e+18 1.048449884465465942e+00 -8.912992184206496304e-01 1.745522392758267483e+00 -3.443892795772467430e-01 7.258144191582122096e-01 -5.258440734399393302e-01 2.794234483402997515e-01
1.403715538912143104e+18 5.900733207474142539e-01 -3.592876559485040922e-01 1.678431614702451169e+00 -2.247761237423208935e-01 7.765128406567941566e-01 -5.696415779201039475e-01 1.483643326247491567e-01
1.403715539312143104e+18 2.360746252628594943e-01 4.390214074870257832e-02 1.473213096559032431e+00 -8.734721290092981039e-02 8.167406820412780322e-01 -5.687160798304445875e-01 4.321045289602279404e-02
1.403715539512143104e+18 7.498173948909947484e-02 2.408111210252803502e-01 1.374847182184096406e+00 -3.802197562495698846e-02 8.242438754824676916e-01 -5.644859862237410209e-01 2.306370430411345401e-02
1.403715539812143104e+18 -2.267360625684134989e-01 5.847133046371821852e-01 1.395055934772341466e+00 -1.607620148824619177e-02 8.332011506530107026e-01 -5.521929349024355949e-01 2.450226397789506683e-02
1.403715540212143104e+18 -5.734480314085785846e-01 7.721903543113384227e-01 1.553176428123955954e+00 -2.643708001793040191e-02 8.480979005800145520e-01 -5.280194960889895706e-01 3.502061652551431703e-02
1.403715541012143104e+18 -1.345355465910332171e+00 4.365371699177442721e-01 1.757356006263837589e+00 -1.578223702108678267e-02 8.419418782883232311e-01 -5.386001466014063155e-01 2.819000993053881812e-02
1.403715541412143104e+18 -1.777101972766038873e+00 2.140320652194427353e-02 1.805252909177298637e+00 -1.840455041327321642e-02 8.424683105135404304e-01 -5.383386092797838307e-01 9.998002963314260583e-03
1.403715541712143104e+18 -1.991334373245218003e+00 -2.250263734912563152e-01 1.816482362786838944e+00 4.313852343898594982e-02 -8.406357110378220865e-01 5.393403326572292489e-01 2.413865556795456724e-02
1.403715541912143104e+18 -2.165807849658740736e+00 -4.966870942571266490e-01 1.825515156970449748e+00 7.749527620795297611e-02 -8.246903766149792370e-01 5.575501028616984822e-01 5.493767089171553569e-02
1.403715542312143104e+18 -2.285160005127053306e+00 -1.014590293402793719e+00 1.881807637195483718e+00 -1.347256704540504002e-01 7.804598561718085747e-01 -6.102612816483578007e-01 1.767978353628615537e-02
1.403715542512143104e+18 -2.234739142452254246e+00 -1.336926755443125892e+00 1.927795992907086031e+00 -1.690378683184353970e-01 7.750015690961229442e-01 -6.009410122403467946e-01 9.832937903014711545e-02
1.403715543012143104e+18 -2.307451312716168879e+00 -1.543173394345195959e+00 1.753871896284785015e+00 -1.593261295414726830e-01 7.568838314644057430e-01 -6.313185948318146279e-01 5.638157440758396338e-02
1.403715544012143104e+18 -2.346513915825160446e+00 -1.375667626262763843e+00 1.647419411812537593e+00 7.704549102626094548e-02 -7.854609744828900952e-01 6.140511801120126512e-01 7.496537864609924620e-03
1.403715544312143104e+18 -2.347494676903466804e+00 -1.219931027967433579e+00 1.515649938348595072e+00 -2.142726791741977194e-02 -8.004309585438590391e-01 5.975428186329666547e-01 4.235248156039788520e-02
1.403715544512143104e+18 -2.330708029687610150e+00 -1.041612753812795056e+00 1.362400968345043539e+00 -9.984569730595928283e-02 -7.977132348139692741e-01 5.892188113251984882e-01 8.065744920737345780e-02
1.403715544712143104e+18 -2.277526098202189875e+00 -7.368062738099672160e-01 1.293935071216907984e+00 -1.286614575282212236e-01 -7.820268329968159682e-01 5.992828316766348751e-01 1.128731565843615198e-01
1.403715545512143104e+18 -2.016308315198971357e+00 2.062681807557567026e-01 1.354372676370708461e+00 -2.224035228389445451e-01 -7.813001864956660159e-01 5.724016067233589355e-01 1.116382202974480209e-01
1.403715545912143104e+18 -1.969003777573905323e+00 7.228138370515808653e-01 1.372183362549438845e+00 -1.397890196343351266e-01 -7.997872938062111636e-01 5.743621206954009351e-01 1.044388288238162349e-01
1.403715546212143104e+18 -1.953628081159812346e+00 9.902013449965636482e-01 1.392731048133857952e+00 -6.451512459406170963e-02 -8.104846812322156202e-01 5.793644239050473876e-01 5.735193544858978310e-02
1.403715546412143104e+18 -1.938526412972555679e+00 1.257920009280357299e+00 1.423338608562845664e+00 -1.645539006421897765e-02 8.163342747602638783e-01 -5.773423023218736683e-01 1.854168047017875926e-03
1.403715546812143104e+18 -1.906136515895182404e+00 1.765179973037941608e+00 1.480325415227419228e+00 -1.892978885901693553e-01 8.243130574984821601e-01 -5.224990408541094755e-01 1.080233535831194441e-01
1.403715547012143104e+18 -1.876226015563082994e+00 1.967825146573907613e+00 1.504755780468961301e+00 -2.775114553030281206e-01 8.039308681143912949e-01 -5.061728835190302256e-01 1.430788714606981427e-01
1.403715547212143104e+18 -1.816296561595709624e+00 2.132789036950684114e+00 1.529686232242233324e+00 -3.554631538098118604e-01 7.733976629778043232e-01 -4.926162129202274476e-01 1.811940063914514731e-01
1.403715547412143104e+18 -1.710447308575788306e+00 2.270157815764918485e+00 1.547318962509415474e+00 -4.156816780537017086e-01 7.512969564845327630e-01 -4.652290601841448381e-01 2.152290576751045847e-01
1.403715547812143104e+18 -1.330010276846197215e+00 2.489347589515369386e+00 1.564309246150256349e+00 -5.303350801611811383e-01 6.809278675601330155e-01 -4.179963678474170052e-01 2.834801199322631304e-01
1.403715548012143104e+18 -1.048634375276256137e+00 2.580846897245543836e+00 1.576648575705934086e+00 -5.496202887128872616e-01 6.388547519445415546e-01 -4.248209777247883290e-01 3.306195412222271424e-01
1.403715548212143104e+18 -7.372634812104448265e-01 2.670385272764204121e+00 1.580920541780931998e+00 -5.526722388904227179e-01 6.123719405554765016e-01 -4.433237215765976624e-01 3.507393343604940372e-01
1.403715548512143104e+18 -4.220896496178114798e-01 2.773702311274411247e+00 1.545296938073455806e+00 -5.507351793197747813e-01 6.113799115032124698e-01 -4.471372402840653182e-01 3.506759963571635663e-01
1.403715548712143104e+18 -1.083972557713244189e-01 2.891072828771718228e+00 1.492674690066551735e+00 -5.398068024636918372e-01 6.220337923024494842e-01 -4.428975224090003771e-01 3.542941742277546657e-01
1.403715548912143104e+18 2.034004677573971187e-01 3.017097106891673874e+00 1.443268994001622119e+00 -5.303913993835128737e-01 6.285891850346501109e-01 -4.445664283864425026e-01 3.548539004565058885e-01
1.403715549212143104e+18 9.299787500590881439e-01 3.343191115727609741e+00 1.347914869062023069e+00 -5.287498974199157376e-01 5.930513209903099936e-01 -4.504974504153783643e-01 4.071433701036039632e-01
1.403715550012143104e+18 1.706740144927302527e+00 3.510088383350373320e+00 1.267905623148958938e+00 -4.157722372599243488e-01 7.086854981984246349e-01 -4.368920060528709848e-01 3.660924561012235956e-01
1.403715550312143104e+18 1.832561423673265244e+00 3.378270575532755338e+00 1.316523776892572162e+00 -3.756925825964225751e-01 7.357535170327286211e-01 -4.698018471607330881e-01 3.111399523692898184e-01
1.403715550512143104e+18 1.934647338416608964e+00 3.197842410762931742e+00 1.386978971503565417e+00 -3.256680533674066735e-01 7.572661558312088204e-01 -5.024982517171626695e-01 2.607370232048050740e-01
1.403715550712143104e+18 2.019010029850100807e+00 2.995581164821313536e+00 1.414354370691267349e+00 -2.528807421884857187e-01 7.840095059514029519e-01 -5.161813090587371589e-01 2.343870324622208401e-01
1.403715550912143104e+18 2.071675932783079155e+00 2.765959078654699255e+00 1.392490288331174941e+00 -1.786562927479797280e-01 8.055934937671144214e-01 -5.251025046734432156e-01 2.082508378070035693e-01
1.403715551312143104e+18 2.010737189941409042e+00 2.203149093439554562e+00 1.444509986928863121e+00 -4.642005019646781860e-02 8.213150816500328633e-01 -5.543998825088307658e-01 1.262041436251270243e-01
1.403715551512143104e+18 1.885498110951653317e+00 1.895486457130352465e+00 1.492662352540581550e+00 1.672837308682323040e-02 8.176872285064428203e-01 -5.705171483416607847e-01 7.495292735724232158e-02
1.403715551712143104e+18 1.695294176667558439e+00 1.589080839662259548e+00 1.537841755983603065e+00 6.950173198253457862e-02 7.972085618369539883e-01 -5.996500714660383258e-01 6.914475833942465219e-03
1.403715551912143104e+18 1.470785368231683599e+00 1.330420225503596843e+00 1.583477989788695028e+00 -1.270533428444327317e-01 -7.695057966274763128e-01 6.239033650066665437e-01 4.962729251255722923e-02
1.403715552312143104e+18 1.006878045821684831e+00 1.017079271741348601e+00 1.645032223179127229e+00 -2.238305745320218754e-01 -7.344624155487529116e-01 6.152601054201171094e-01 1.786612345456684015e-01
1.403715552512143104e+18 8.110538546807425364e-01 9.650062326399346802e-01 1.672893756355990025e+00 -2.926688304454921896e-01 -7.031491779827675481e-01 6.060164164592536373e-01 2.295000918729890316e-01
1.403715552712143104e+18 6.627875677790573405e-01 9.754515686279430220e-01 1.691633611933583969e+00 -3.773499774556045572e-01 -6.648993825210405273e-01 5.856550166583648354e-01 2.693028167329197808e-01
1.403715552912143104e+18 5.475539936695886789e-01 1.070356887932481627e+00 1.694824307237919658e+00 -4.677691708841435481e-01 -6.251225240998518062e-01 5.510098561424198182e-01 2.946217423533115110e-01
1.403715553312143104e+18 4.000532088227206073e-01 1.485008886008217566e+00 1.664428773889508939e+00 -5.779368374641652428e-01 -5.153183620296067913e-01 4.942246010952408009e-01 3.951936757202640926e-01
1.403715553512143104e+18 3.998875460815553007e-01 1.795038100828818761e+00 1.630080018253329488e+00 -5.932861505587794237e-01 -4.636240680669495573e-01 4.534131875388651700e-01 4.769494191526429394e-01
1.403715553712143104e+18 4.876174294312884960e-01 2.115154416679387861e+00 1.582960926406492774e+00 -6.217750848392777918e-01 -4.596328276843876237e-01 3.946937373220795742e-01 4.963368425844411624e-01
1.403715553912143104e+18 6.334569289854280472e-01 2.418352427714267616e+00 1.539389249864981712e+00 -6.531182199492994167e-01 -4.842155377702977992e-01 3.394977348445444854e-01 4.729832891207715329e-01
1.403715554312143104e+18 8.667042369465539631e-01 2.991465811605166003e+00 1.460431090942304833e+00 -6.743228686630029500e-01 -5.386933247613203690e-01 2.709179396626462677e-01 4.262647541430555909e-01
1.403715554512143104e+18 8.790487077955362327e-01 3.249456074878134704e+00 1.382945451843211604e+00 -5.639102993319706769e-01 -5.954350941154016308e-01 2.242039754928741024e-01 5.264929252860863773e-01
1.403715554712143104e+18 7.826294729072489353e-01 3.184474412499548102e+00 1.240306531195030315e+00 -4.962539607451445511e-01 -5.858810010260294687e-01 2.418514968652763775e-01 5.932818154515773212e-01
1.403715555212143104e+18 7.468071793661728019e-01 2.760322003278966374e+00 1.305432626556809028e+00 -6.097880928224339581e-01 -5.210644547114997582e-01 3.423807388408080521e-01 4.893115015601084972e-01
1.403715555312143104e+18 7.351375978840977155e-01 2.525313057492391877e+00 1.334576081556291260e+00 -6.648330483252364864e-01 -4.825665060010956853e-01 3.908280658622691472e-01 4.151867147137857650e-01
1.403715555412143104e+18 7.243900639607846470e-01 2.310187467444388076e+00 1.344643261431695880e+00 -6.853702859257696511e-01 -4.614339509288572505e-01 4.134822534545160577e-01 3.825947022351313676e-01
1.403715555512143104e+18 7.038999937304025734e-01 1.970773114805935533e+00 1.378381758395412104e+00 -6.657894542478831612e-01 -4.672925508254884286e-01 4.081569214130522649e-01 4.144514471659298538e-01
1.403715555812143104e+18 7.010332167703707817e-01 1.726168185583586867e+00 1.464828251729674236e+00 -6.609266059093968915e-01 -4.835615234389595840e-01 3.990453972711420771e-01 4.124403539509604588e-01
1.403715555912143104e+18 7.097634837249626738e-01 1.511545519915088454e+00 1.666454566136602589e+00 -6.808475007269747525e-01 -4.776214791603228260e-01 4.182118597577020314e-01 3.652714658395062042e-01
1.403715556312143104e+18 7.325729255882366120e-01 1.695880929255590974e+00 1.875040006529972825e+00 -6.335264383631495910e-01 -5.310862530864333131e-01 3.759738793664136325e-01 4.186111390200745741e-01
1.403715556912143104e+18 7.051026584843130829e-01 1.974867119248475467e+00 1.814194620737284769e+00 -6.268386134420461664e-01 -5.594567734869448916e-01 3.456867022759432806e-01 4.178303186309172412e-01
1.403715557312143104e+18 5.071710683693018140e-01 2.238624568650422919e+00 1.763366812423022401e+00 -6.450474807613852946e-01 -5.557573130925796967e-01 3.410542824441782916e-01 3.984087510760694895e-01
1.403715558412143104e+18 -6.889231703503735371e-01 2.850469716146705412e+00 1.888457474209250808e+00 -6.059184438407267947e-01 -5.074270947060600667e-01 3.701441770956767074e-01 4.882354668947795351e-01
1.403715558812143104e+18 -1.164943463477222441e+00 2.925960432976839165e+00 1.872590155738734330e+00 -5.408675733607168912e-01 -5.648067587578876614e-01 4.054180639314198809e-01 4.733833402079095642e-01
1.403715559312143104e+18 -1.245352513006327877e+00 2.807608784763231835e+00 1.850895816511471059e+00 -5.025218545689694727e-01 -6.339879371433591038e-01 4.243584326676912433e-01 4.067566863139345235e-01
1.403715559712143104e+18 -1.259130260157953707e+00 2.595566048114897217e+00 1.712943597457574185e+00 -4.531241722557724505e-01 -6.832990012332985641e-01 4.329854747062809039e-01 3.745724737944238769e-01
1.403715560412143104e+18 -1.240198282086535819e+00 2.123420837282534279e+00 1.663568191859110090e+00 -3.826119905057234205e-01 -7.322562389169081642e-01 4.833004821957381791e-01 2.895332609526556356e-01
1.403715560812143104e+18 -1.237911379412914403e+00 1.665666174584264692e+00 1.675169442910287687e+00 -2.927254435149008183e-01 -7.716183103227446383e-01 5.110724310877524657e-01 2.402539657856472277e-01
1.403715561012143104e+18 -1.229821272575706059e+00 1.412647714102883700e+00 1.684544582075938157e+00 -2.408129646487299214e-01 -7.904012049835348330e-01 5.243170353073582923e-01 2.058317218121840930e-01
1.403715561212143104e+18 -1.210503327924118633e+00 1.141709633781369915e+00 1.696942651911728772e+00 -2.129215468511941045e-01 -7.987254122048292881e-01 5.414109882881161795e-01 1.535456692505698661e-01
1.403715561412143104e+18 -1.207526988234887355e+00 8.718665142888237796e-01 1.703430907245499171e+00 -1.889457467283353342e-01 -8.014890640650990106e-01 5.551308879757569370e-01 1.172368636247634044e-01
1.403715561912143104e+18 -1.204534969979963677e+00 1.406187409394747956e-01 1.734014756618029951e+00 -4.501131715371969183e-02 -7.790348810108662647e-01 6.204535273821625285e-01 7.820521629344549808e-02
1.403715562312143104e+18 -9.083819774551525894e-01 -2.390270552797710835e-01 1.783787010160694297e+00 2.155412501144873122e-02 -8.087827946768976206e-01 5.832607613792886170e-01 7.219899559461147309e-02
1.403715562812143104e+18 -7.020810583348759959e-01 -3.189491576046474819e-01 1.800686880729048367e+00 1.370563210730398052e-02 -8.168095951086973283e-01 5.765606465256437607e-01 1.456234407080817493e-02
1.403715563012143104e+18 -4.857840227313727777e-01 -3.921794270243883496e-01 1.810675261124892632e+00 -4.298543520842026955e-02 8.116044273133711240e-01 -5.822139855554439025e-01 2.184904915375067425e-02
1.403715563212143104e+18 -2.690812165374225629e-01 -4.530699584232582566e-01 1.818644093473739343e+00 -1.052480325189852906e-01 7.885605021854741326e-01 -6.030275141897603053e-01 5.876225977609921686e-02
1.403715563412143104e+18 -5.189948464693006080e-02 -4.711178851032085113e-01 1.818715595162174736e+00 -1.849155043701784518e-01 7.672672045772122029e-01 -6.046997688628575895e-01 1.069835621065176878e-01
1.403715563812143104e+18 3.405377180929417547e-01 -3.866661668799018514e-01 1.707325863000547450e+00 -3.141022966455220833e-01 7.135098318226834602e-01 -5.915765882240962004e-01 2.056224875822516840e-01
1.403715564012143104e+18 5.063748959330198751e-01 -2.691001009218734197e-01 1.598894160896896288e+00 -3.583077444755186081e-01 6.975330648604689543e-01 -5.513854908351348838e-01 2.846703781072494333e-01
1.403715564212143104e+18 6.231221212496194095e-01 -1.270825927883785234e-01 1.498065913324699405e+00 -4.160491676193759925e-01 6.680137502915961534e-01 -5.123072555763860114e-01 3.438051707411806657e-01
1.403715564412143104e+18 6.830308652516108303e-01 1.770495968171337253e-02 1.440864152114939678e+00 -4.998094947996043480e-01 6.294215153195769075e-01 -4.609669461519932399e-01 3.762027372525050262e-01
1.403715564812143104e+18 7.334036507111784120e-01 2.730023530523566500e-01 1.527690201166653994e+00 -6.370229383626809794e-01 5.051682766717251472e-01 -3.871801976195007877e-01 4.348543236712954507e-01
1.403715565012143104e+18 7.439912514087704265e-01 4.132656987428617867e-01 1.659907407249180178e+00 -6.798124283826040282e-01 4.368762491781858492e-01 -3.539943013563185414e-01 4.708314345153669089e-01
1.403715565212143104e+18 7.308786123248499633e-01 5.625815902575870275e-01 1.777635878730352559e+00 -7.102803331255377328e-01 3.802534394716258759e-01 -2.997199946098671464e-01 5.109570382880882500e-01
1.403715565412143104e+18 6.961359339959182213e-01 7.092289840742187490e-01 1.845834957967781964e+00 -7.231784467114075188e-01 3.198228358061721011e-01 -2.582755194730720349e-01 5.549955350720299219e-01
1.403715565812143104e+18 5.497204232516397227e-01 9.006245862563027060e-01 1.951129403409430196e+00 -7.760084032924668973e-01 1.612270435401824686e-01 -1.384330242010860801e-01 5.938460206663923602e-01
1.403715566012143104e+18 4.433220810357841324e-01 9.322519862964551152e-01 2.015276513963337290e+00 -7.919912025360333896e-01 6.075326938280063704e-02 -6.391472255650990086e-02 6.041306842110844011e-01
1.403715566212143104e+18 3.330062893982386196e-01 9.317796760183740812e-01 2.080872476173017294e+00 -7.938834906421169402e-01 -3.717809931584612620e-02 7.028703908796580385e-03 6.068915797228622289e-01
1.403715566412143104e+18 2.188633296893229829e-01 8.973304049406336524e-01 2.125852450999248244e+00 -7.838058355975296987e-01 -1.274620062118851094e-01 7.140641947164663716e-02 6.035751587946098784e-01
1.403715566812143104e+18 1.838561660331616832e-02 7.269072729717036552e-01 2.104481541856029203e+00 -7.344746115821482180e-01 -2.937302553458178145e-01 1.989108374418415703e-01 5.785361361089890186e-01
1.403715567012143104e+18 -5.135304695527898033e-02 5.855432095262402825e-01 2.099188455244916707e+00 -6.962569026944179784e-01 -3.848696682218522569e-01 2.787096140885996776e-01 5.379801250490217068e-01
1.403715567212143104e+18 -1.046623742189384254e-01 4.086715748765468170e-01 2.089571438917160684e+00 -6.443543644383883384e-01 -4.826428999735330461e-01 3.503610128872652885e-01 4.786548284337565629e-01
1.403715567412143104e+18 -1.290454285792194122e-01 2.270082007110747480e-01 2.058727579221269366e+00 -5.703148618791370472e-01 -5.846229504555465750e-01 3.983361049380268470e-01 4.174749233465811504e-01
1.403715567812143104e+18 -1.452303681773804422e-01 -1.137519787155261142e-01 1.894303175761815616e+00 -3.897485168011377010e-01 -7.096228772215931180e-01 5.007641324270734051e-01 3.062135683630322625e-01
1.403715568012143104e+18 -1.323780834653232041e-01 -2.790240724325032673e-01 1.819606696612380725e+00 -2.911616567932280297e-01 -7.473509667744392404e-01 5.414519472612576712e-01 2.520341462614253403e-01
1.403715568212143104e+18 -8.824313952757512070e-02 -4.375824666294829690e-01 1.756419138977016736e+00 -2.001530375395760564e-01 -7.717071853956311012e-01 5.734699186572661533e-01 1.885179937503652647e-01
1.403715568412143104e+18 -1.565775177871198132e-02 -5.767334241402894968e-01 1.698553012014930808e+00 -1.120088500107425389e-01 -7.876774377945900962e-01 5.932969544227147951e-01 1.225438508508368968e-01
1.403715568812143104e+18 1.986168634034325420e-01 -7.718198277680112795e-01 1.632129645966150955e+00 -6.518465050265784266e-02 7.979381031097340093e-01 -5.991726835358154313e-01 6.151442836855520666e-03
1.403715569012143104e+18 3.332994147455521361e-01 -8.309320740131536098e-01 1.610018561519928948e+00 -1.380863104716506529e-01 7.986097357120460760e-01 -5.825258339900434290e-01 6.179250456541928588e-02
1.403715569212143104e+18 4.774988124933657319e-01 -8.770242771327478870e-01 1.589782443110057786e+00 -1.925849217271870806e-01 7.838572201985456456e-01 -5.788239802552481716e-01 1.159383721958102409e-01
1.403715569412143104e+18 6.178785530677063376e-01 -9.106209536304490371e-01 1.582938734082802501e+00 -2.355076877940615043e-01 7.562592474244121954e-01 -5.906678410344885499e-01 1.540116269721648889e-01
1.403715569912143104e+18 9.461812668064719656e-01 -8.318288390734132065e-01 1.571431770140516937e+00 -3.707222997998192993e-01 7.030769315520319918e-01 -5.523957402100337921e-01 2.512105709326757363e-01
1.403715570312143104e+18 1.129211586127022660e+00 -6.326145341057283211e-01 1.560042553035730251e+00 -4.924343775050644689e-01 6.151544091964481487e-01 -5.038948922506190087e-01 3.538126259209882218e-01
1.403715570512143104e+18 1.175935421937473802e+00 -4.953064758938690026e-01 1.547200641120616948e+00 -5.536441156198441682e-01 5.550344550346316685e-01 -4.687812973237651115e-01 4.070123367213556720e-01
1.403715570712143104e+18 1.180059016447393638e+00 -3.377470013046841579e-01 1.522405100116561938e+00 -6.185916071909677294e-01 4.972872125752363925e-01 -4.127674994592751001e-01 4.468476732760105485e-01
1.403715570912143104e+18 1.171197353053660573e+00 -2.594018670357800538e-01 1.509571747718878365e+00 -6.472921359613627024e-01 4.655931749408261378e-01 -3.840795037774097920e-01 4.655306874408998707e-01
1.403715571012143104e+18 1.134246217330538320e+00 -9.751069364030495734e-02 1.483253631446779464e+00 -6.895175064638949802e-01 4.175936274609408083e-01 -3.291794021126044911e-01 4.917540968905230736e-01
1.403715571212143104e+18 1.089038879604853793e+00 5.409759000855451916e-02 1.464782454184558880e+00 -6.914938209135971237e-01 3.852032923509700613e-01 -3.140134755168175751e-01 5.242616297175827222e-01
1.403715571512143104e+18 9.775528091145005982e-01 2.526731985246675194e-01 1.435412136044450948e+00 -7.061022519428771238e-01 3.937106310769260542e-01 -2.846163665424258360e-01 5.151747981747495375e-01
1.403715571712143104e+18 8.964710198588126122e-01 3.634173377711136244e-01 1.385415477165556020e+00 -7.109229750610845944e-01 4.489533264601914264e-01 -2.057116834729404431e-01 5.007116310545963733e-01
1.403715571912143104e+18 9.616748394687582024e-01 4.781136628357434137e-01 1.261838743926359196e+00 -7.561391740782925641e-01 4.508558762955106602e-01 -1.982968162426514414e-01 4.308838601085371312e-01
1.403715572312143104e+18 1.131603421792404918e+00 5.348010277787031974e-01 1.216197783676776334e+00 -7.603621179755012394e-01 3.524117919634580653e-01 -2.792983063976720026e-01 4.686660159178455687e-01
1.403715572512143104e+18 1.298848366820464673e+00 6.299734462043984351e-01 1.173370390479917980e+00 -7.574550567831307424e-01 2.887250007176501709e-01 -2.812023593140087763e-01 5.136389237883866032e-01
1.403715572712143104e+18 1.465129564962550202e+00 8.146682181803357459e-01 1.127372236619470280e+00 -7.822263040519751298e-01 2.215916192420958053e-01 -2.172111892038508796e-01 5.402207537808058069e-01
1.403715573012143104e+18 1.526489801030068039e+00 9.567663599650748640e-01 1.148926039046733294e+00 -7.899318633628570341e-01 1.766690630181683985e-01 -1.660821722601790451e-01 5.632161267876718558e-01
1.403715573212143104e+18 1.560957042386050375e+00 1.091104663593164936e+00 1.195723578806140441e+00 -8.006090655812276857e-01 1.303749349134406266e-01 -1.122321305622687310e-01 5.739611914798105063e-01
1.403715573412143104e+18 1.586622394631870492e+00 1.213500691505762230e+00 1.238612943798171218e+00 -8.123282469499455427e-01 8.746119957098792697e-02 -5.118616510024794064e-02 5.743285943422654638e-01
1.403715573912143104e+18 1.695285221963759081e+00 1.580913464046842520e+00 1.344238031644303444e+00 -8.397815866867841539e-01 -1.077557135769990904e-01 5.692809765295778895e-02 5.290697350547978184e-01
1.403715574212143104e+18 1.716239279339164092e+00 1.744694938071568391e+00 1.384127866155647979e+00 -8.139797913117733374e-01 -1.857177323950554571e-01 1.006772255295452778e-01 5.411191361149164658e-01
1.403715574412143104e+18 1.719560046006262999e+00 2.007445745609723886e+00 1.424710946728046324e+00 -7.743185678020713114e-01 -2.793703922970629527e-01 1.114057193586347749e-01 5.567510261857802067e-01
1.403715574812143104e+18 1.580500561073147736e+00 2.293378164099882266e+00 1.470757810128030973e+00 -7.687856097123211274e-01 -2.964024350151541753e-01 1.703746416500667993e-01 5.404505197508399084e-01
1.403715575212143104e+18 1.416086019936819262e+00 2.474184840014713949e+00 1.520805080712492208e+00 -7.365825079215062576e-01 -2.837730558646901491e-01 1.754666375331744022e-01 5.883285824282897813e-01
1.403715576012143104e+18 9.441413876406204997e-01 2.576156897897066145e+00 1.647065736473509290e+00 -7.576657423524600921e-01 -2.673545777451885042e-01 1.253597137094230873e-01 5.820215587097087306e-01
1.403715576312143104e+18 5.600784272278036546e-01 2.429429943415533089e+00 1.715405715631475481e+00 -7.543876569864390591e-01 -2.446968669397658891e-01 1.617240336348464147e-01 5.872546664278185391e-01
1.403715576512143104e+18 3.751509363781936335e-01 2.321614607058841706e+00 1.758090968136420518e+00 -7.319193793654634739e-01 -2.388400323059816921e-01 1.666560956700854079e-01 6.160155897810993819e-01
1.403715576912143104e+18 1.402907248645490768e-01 2.071730530171697282e+00 1.821177548217588482e+00 -7.564487199676682705e-01 -2.247946069393145507e-01 1.409637003989066273e-01 5.978143139137124251e-01
1.403715577712143104e+18 -3.775631266602798020e-01 1.196573808706404174e+00 1.799512759119145544e+00 -7.900515144485894536e-01 -1.602409107301681623e-01 1.217682915982445102e-01 5.790629829363137526e-01
1.403715578012143104e+18 -5.457449124919226957e-01 7.596327586306246271e-01 1.740675992076669676e+00 -8.132255349538215494e-01 -9.355623927901891845e-02 1.373914012864037582e-01 5.577051750195584079e-01
1.403715578212143104e+18 -5.702414977403034158e-01 5.749003907068874764e-01 1.654029764292361149e+00 -8.316387954357014056e-01 -3.404110107071213476e-02 1.181516501955617027e-01 5.415332906850830463e-01
1.403715578412143104e+18 -5.374985112869533621e-01 4.310313454036835967e-01 1.565779390213332345e+00 -8.380151883919422229e-01 5.790224338382236359e-03 5.179512492356274506e-02 5.431521723796024492e-01
1.403715578812143104e+18 -3.839404983853528242e-01 3.017920630563635243e-01 1.346591422409016303e+00 -8.679336685130411011e-01 3.085934658263400632e-02 -5.835764654470088075e-02 4.922735346123647271e-01
1.403715579412143104e+18 -4.441331252913962579e-01 5.831579868514977782e-01 1.292269734435718576e+00 -8.206718657555750474e-01 -8.979976726833193215e-03 -1.182264294855302766e-01 5.589629327123146751e-01
1.403715579712143104e+18 -5.958486868418001459e-01 7.253349552423304925e-01 1.286132304808661475e+00 -8.229416952271129126e-01 7.906420053572425083e-03 -8.964811749007049746e-02 5.609524666218593802e-01
1.403715579812143104e+18 -6.893042692112526515e-01 8.008033206295559481e-01 1.290796686319823916e+00 -8.184372975628677604e-01 8.123591061685420112e-03 -8.299043550105551781e-02 5.685129592556333877e-01
1.403715579912143104e+18 -7.917576077552309632e-01 8.771195650569991731e-01 1.303522820331358245e+00 -8.148483699781879919e-01 6.544759135981612942e-03 -8.516590812282172351e-02 5.733463771276114951e-01
1.403715580012143104e+18 -9.034345713768997532e-01 9.537932921636826933e-01 1.322188478566032499e+00 -8.122096542932766283e-01 2.045601342307981629e-02 -8.040497790718720283e-02 5.774357700345340572e-01
1.403715580412143104e+18 -1.385357895816273111e+00 1.247004376988257723e+00 1.313592669960868431e+00 -7.963353386697612502e-01 1.344535721617662050e-01 -1.020850741310747045e-01 5.808191654536809523e-01
1.403715580812143104e+18 -1.840976423411572416e+00 1.474554213676084746e+00 1.293756749373594639e+00 -7.844102799886140120e-01 2.482727562668278209e-01 -8.288536500604216928e-02 5.623087829757521527e-01
1.403715581012143104e+18 -1.996765383534043536e+00 1.691010838795026228e+00 1.313305129402915439e+00 -7.997982754258519122e-01 2.246362814740047453e-01 -9.468613251068835890e-02 5.485396940801395838e-01
1.403715581712143104e+18 -1.851409317864092463e+00 1.804475335285123494e+00 1.263349448891184501e+00 -8.186416750863366731e-01 5.762404825968381328e-02 -1.015757221388798176e-01 5.623056549119594960e-01
1.403715582012143104e+18 -1.804466245603498997e+00 1.908484650215673595e+00 1.299878801383650195e+00 -7.949532801902080559e-01 -4.858135725912498051e-03 -2.865836517433892339e-02 6.059739094529000836e-01
1.403715582412143104e+18 -1.840737626945650796e+00 2.139252723716223770e+00 1.280246212986790422e+00 -8.518376622910802665e-01 -7.205381286458846513e-03 -2.802434052979459536e-02 5.230060381303970329e-01
1.403715583212143104e+18 -1.911271740021628585e+00 2.334662084359681700e+00 1.216287941014797536e+00 -8.178070855176776677e-01 1.302831377380963239e-02 -2.339604194577632815e-02 5.748690799987112854e-01
1.403715583412143104e+18 -1.989832913289315552e+00 2.525875985164443449e+00 1.150630284358554078e+00 -7.541649249055104587e-01 2.435412172201370518e-02 -5.331021542253423610e-03 6.562116449795226680e-01
1.403715583712143104e+18 -2.083057114686905908e+00 2.200173504883862208e+00 1.171306672960167550e+00 -7.462538041688255852e-01 3.602998981954413926e-02 3.369008197708655422e-02 6.638313626016300040e-01
1.403715584312143104e+18 -2.063216752515598440e+00 1.862563967986206936e+00 1.241055606800319566e+00 -8.107965850686816855e-01 3.734654547893959814e-02 4.032419450041580672e-02 5.827418746920853820e-01
1.403715584512143104e+18 -2.008147342474789987e+00 1.529719407165032408e+00 1.265142509151649719e+00 -8.352314930109354663e-01 3.022745553786528039e-02 3.131339970993492205e-02 5.481734442793050333e-01
1.403715584712143104e+18 -1.924051328576185105e+00 1.234546784619793947e+00 1.285644949720439190e+00 -8.464423094633543032e-01 7.168701569092095043e-03 -2.648547871509935626e-03 5.324255926064491717e-01
1.403715585012143104e+18 -1.838301848465315302e+00 9.871954915441498724e-01 1.311671049282622237e+00 -8.588205116220065660e-01 -7.258293580919211035e-03 -3.004282739205303351e-02 5.113434017506235385e-01
1.403715585712143104e+18 -1.729130330850472186e+00 5.597034864401324583e-01 1.489792680520562573e+00 -8.002194348878622909e-01 1.302443687950022577e-01 -4.837163245152117236e-02 5.833913314396403926e-01
1.403715588312143104e+18 -1.563953404075352438e+00 3.935419000933855216e-01 1.439371727174808990e+00 -7.496617511358770747e-01 2.436752250207153969e-01 -1.683860033526403954e-01 5.918410238146037949e-01
1.403715588512143104e+18 -1.490574124830639446e+00 2.628285949973085955e-01 1.371112015365821390e+00 -7.328940392383955782e-01 2.998862824170236974e-01 -2.086689516910877062e-01 5.739266620981017253e-01
1.403715588712143104e+18 -1.428077783344021690e+00 1.033597293447576781e-01 1.301260020352298818e+00 -7.328588486713767391e-01 3.551233161633529090e-01 -2.376204891304854461e-01 5.294731734343076646e-01
1.403715588912143104e+18 -1.362877893941606411e+00 -6.518753665377330364e-02 1.222973348964993878e+00 -7.429799574034939846e-01 4.076745579304246747e-01 -2.629012969761603813e-01 4.611563138038856646e-01
1.403715589312143104e+18 -1.127271977887316146e+00 -3.005272057692627286e-01 1.178304916366786692e+00 -7.181038345365938769e-01 4.906393642079432960e-01 -2.972192503278214826e-01 3.940312352441528998e-01
1.403715589512143104e+18 -9.260869502659442309e-01 -3.567770744986606957e-01 1.203436733404457781e+00 -7.056029010507219867e-01 5.225786768148157346e-01 -3.062989472770931698e-01 3.677186797869070878e-01
1.403715589712143104e+18 -6.474986988074450389e-01 -3.700177987478387998e-01 1.279547688141893458e+00 -6.843843734438209703e-01 5.185126454632785764e-01 -3.353768581114796588e-01 3.876661307412006541e-01
1.403715589912143104e+18 -3.255307646052393311e-01 -3.445694623364210507e-01 1.391176643554686398e+00 -6.518107574667320048e-01 4.965842055938214372e-01 -3.685607843926717586e-01 4.389872565499561285e-01
1.403715590512143104e+18 4.095622907964117099e-01 -2.123672646340293291e-01 1.598896390888606245e+00 -6.982366001108859521e-01 4.323450389721418818e-01 -3.667984595883341248e-01 4.370381077038859585e-01
1.403715590812143104e+18 8.898259471059980497e-01 6.367725915472477460e-02 1.741359789121042168e+00 -7.521714902052304419e-01 3.417233498521128898e-01 -2.700221676140120430e-01 4.945212133825236389e-01
1.403715591012143104e+18 1.105865808322931798e+00 2.452409918856586213e-01 1.806943908654576436e+00 -7.798314919877487039e-01 2.728093822079020181e-01 -2.209810875151859422e-01 5.182713999866387367e-01
1.403715591212143104e+18 1.300787975398427943e+00 4.396007105853045882e-01 1.862366527882945988e+00 -8.103177751103258775e-01 1.820344015134973403e-01 -1.851573046753099694e-01 5.253240452627773172e-01
1.403715591412143104e+18 1.466161371156894599e+00 6.549563203664798827e-01 1.912705365864787677e+00 -8.274423549987585114e-01 9.868911855213249873e-02 -1.399100485154418372e-01 5.348128507785863128e-01
1.403715591812143104e+18 1.687279159103646009e+00 1.142715230266108328e+00 1.898634424129916898e+00 -8.302080464076107003e-01 -3.832353311534664186e-02 -4.505972200687187457e-02 5.543063484592964940e-01
1.403715592012143104e+18 1.743636686049829798e+00 1.536983211990100129e+00 1.784965292967203965e+00 -8.083226323019540027e-01 -1.535300378228427742e-01 -3.494417381458018047e-03 5.683580197742625906e-01
1.403715592312143104e+18 1.697624322260886887e+00 1.780871484603513188e+00 1.743832446285240811e+00 -7.813327955229452115e-01 -2.295447155804100359e-01 3.716993493016237937e-02 5.791775911814058819e-01
1.403715592512143104e+18 1.576943528059463251e+00 1.990063158063293702e+00 1.737798453753130357e+00 -7.536241562679686368e-01 -3.043359934023546209e-01 7.530434212326771182e-02 5.777192140361757655e-01
1.403715592712143104e+18 1.390646319339642334e+00 2.140091675723798659e+00 1.733984382739883756e+00 -7.249094745513235960e-01 -3.714908470640366223e-01 1.245970556766769904e-01 5.665477720105087656e-01
1.403715592912143104e+18 1.145174573051847222e+00 2.227356520522264294e+00 1.740303758675727064e+00 -7.181202855130123242e-01 -3.998269471630599980e-01 2.254455926957515122e-01 5.230831220666929404e-01
1.403715593312143104e+18 6.369836150171890310e-01 2.346876621167464982e+00 1.733891609323803484e+00 -6.346559050399029900e-01 -5.117057622425841279e-01 3.269604037238266758e-01 4.779811601752416705e-01
1.403715593512143104e+18 3.909530633864191085e-01 2.382987192446831326e+00 1.726215959833966140e+00 -5.770694410778018923e-01 -5.720645730245960126e-01 3.488285494809250653e-01 4.669599849359405419e-01
1.403715593712143104e+18 1.538916908965060060e-01 2.380469502897244016e+00 1.729025883961542887e+00 -5.169874615444585153e-01 -6.071319929530105686e-01 3.986948333408023570e-01 4.529427531223700898e-01
1.403715593912143104e+18 -5.227605068535579047e-02 2.331690534600712184e+00 1.726281900807890457e+00 -4.615406412742114051e-01 -6.565322548051175655e-01 4.291960962254122158e-01 4.144108418436522334e-01
1.403715594312143104e+18 -3.811079224944066146e-01 2.128773629494907116e+00 1.720104318281510558e+00 -3.598136851438918371e-01 -7.343299594406447195e-01 4.773208527376038290e-01 3.216495393948521353e-01
1.403715594512143104e+18 -5.064664562762823952e-01 1.982505260163036187e+00 1.719345054139618689e+00 -2.864255140609145989e-01 -7.683236738852502468e-01 4.931360238142316610e-01 2.906131777106844005e-01
1.403715594712143104e+18 -5.989197560863973591e-01 1.801872016773038876e+00 1.718312361008879074e+00 -2.315930945241196082e-01 -8.071574647468893193e-01 4.956657212647136435e-01 2.217587843474241871e-01
1.403715594912143104e+18 -6.725650646556727841e-01 1.582660731094031714e+00 1.716465166645198659e+00 -1.785440207697888693e-01 -8.322334999976100933e-01 5.033378254743451352e-01 1.488639230164332528e-01
1.403715595312143104e+18 -8.376319087977037725e-01 1.045699565307285583e+00 1.704530610789173783e+00 -4.706860806226629418e-02 -8.354736937814244424e-01 5.464253644195383730e-01 3.446119924317563032e-02
1.403715595512143104e+18 -9.256432736221662516e-01 7.559862961150065619e-01 1.689231885981797854e+00 -3.903501084951643829e-02 8.169254639247558458e-01 -5.754171710380250326e-01 2.033124171348112651e-03
1.403715595712143104e+18 -1.000913415461737621e+00 4.793647328166583677e-01 1.674909802713786533e+00 -1.480559530402359714e-01 7.731061930262898008e-01 -6.167414329287059793e-01 4.031622848212262043e-03
1.403715595912143104e+18 -1.027463741885993764e+00 2.637495528746283124e-01 1.679471257568419196e+00 -2.133423169212207704e-01 7.143741803020388081e-01 -6.656382696331754056e-01 3.286761823174523534e-02
1.403715596512143104e+18 -9.157892370686385730e-01 3.131979257629176061e-01 1.830017244302031942e+00 -2.739969733942744790e-01 8.088629330409329299e-01 -5.064095022472440144e-01 1.192301562394979253e-01
1.403715596712143104e+18 -7.367491417554759003e-01 4.025736681463947253e-01 1.914068867059929513e+00 -3.200031258470645845e-01 8.294361782424883867e-01 -4.319198504656661664e-01 1.519173079155883843e-01
1.403715597312143104e+18 -1.408802622864109289e-01 2.064641714111075110e-01 2.032552363142139384e+00 -3.325272716720246713e-01 7.750909426086243226e-01 -4.822436137391769018e-01 2.368559505020166878e-01
1.403715597512143104e+18 1.370029757145462268e-01 5.709804186067923837e-02 2.069826148941533273e+00 -3.574760280874091367e-01 7.282391167402602061e-01 -5.152059184374732093e-01 2.764806318699661314e-01
1.403715597712143104e+18 5.091223078641597954e-01 -1.677474336964288604e-01 2.098362156180576754e+00 -4.114962222422706151e-01 6.947754243167245658e-01 -5.033844258565898233e-01 3.075094935947294550e-01
1.403715598412143104e+18 1.124615895348518579e+00 -6.535070466465529027e-01 2.019852005532921435e+00 -4.000901911047635706e-01 6.573782997443339271e-01 -5.443451837879480504e-01 3.338711291709232643e-01
1.403715598912143104e+18 1.042826312832017210e+00 -6.842863253769546628e-01 1.900702947393885456e+00 -4.195912272088800354e-01 6.844812833372128091e-01 -5.127742671463959567e-01 3.041235370090006884e-01
1.403715599412143104e+18 8.123628174478230157e-01 -7.241071303727943942e-01 1.671706503566602997e+00 -3.905964687606664487e-01 6.951843663847689925e-01 -4.976060566072011415e-01 3.413814695523714193e-01
1.403715600012143104e+18 5.507503131426150222e-01 -8.135728268080595349e-01 1.507663392841531724e+00 -4.573935601651163418e-01 6.733190576923654413e-01 -5.135770555768655043e-01 2.714243645156830254e-01
1.403715600412143104e+18 3.782847878931111518e-01 -7.883712472241555247e-01 1.394217572556038620e+00 -5.336490944017119320e-01 6.331319884117624364e-01 -4.762755178892614794e-01 2.958448247871109382e-01
1.403715600812143104e+18 2.555469070995448622e-01 -6.246866827631523122e-01 1.317279793029279000e+00 -6.193451263992184597e-01 5.645702650842715498e-01 -3.846094115494460008e-01 3.869723901466361471e-01
1.403715601012143104e+18 2.542644979271233008e-01 -4.238263142603435618e-01 1.413488018871505991e+00 -6.590656151773017779e-01 4.982825108287337601e-01 -3.745546920275133473e-01 4.207800339528392497e-01
1.403715601512143104e+18 2.944876778418144547e-01 -1.500053292854097720e-01 1.553356468660851197e+00 -6.569310668712515788e-01 4.947924668956083516e-01 -3.665360578665032287e-01 4.350555210159281483e-01
1.403715601912143104e+18 3.302703586131789382e-01 9.080991140880811940e-02 1.645882168099935372e+00 -6.269170185941472795e-01 4.946989107454783929e-01 -3.923463612459323069e-01 4.564125023718562657e-01
1.403715603012143104e+18 5.272165531695882645e-02 1.004533584401753554e+00 1.593393881364333575e+00 -4.549494694914710813e-01 6.841367018274325806e-01 -4.899024860553205518e-01 2.915021570742278301e-01
1.403715603412143104e+18 -2.296392357301391129e-03 1.329843654404728959e+00 1.465214418557012177e+00 -4.017311166206967155e-01 7.257881848457515828e-01 -4.864651976097925656e-01 2.742174906738500950e-01
1.403715603812143104e+18 -3.055600613892861528e-02 1.583082329981930769e+00 1.414270336761226154e+00 -3.760825505244955180e-01 7.551917251017434829e-01 -4.511105049332421180e-01 2.911128404377212875e-01
1.403715604412143104e+18 2.085489402256168745e-02 1.706809985670226792e+00 1.375906209612420383e+00 -3.956990601071112001e-01 7.218235723029453599e-01 -5.021992053229551445e-01 2.649319581914492128e-01
1.403715605512143104e+18 3.308036990195493132e-01 1.796677916729577884e+00 1.276165937703415798e+00 -4.040551209813293965e-01 7.132922798667785669e-01 -5.018586630303432106e-01 2.758468144325986748e-01
1.403715606212143104e+18 4.632536435079368520e-01 1.810466198857960674e+00 1.179969016020070871e+00 -4.036808167990671992e-01 7.116090758979837227e-01 -4.969280108362353343e-01 2.893386826789639543e-01
1.403715607912143104e+18 5.810105908547855691e-01 1.846365508167846947e+00 1.054601643861544868e+00 -4.203141536195427186e-01 6.993758169481293363e-01 -5.033992394853444852e-01 2.842510943176843607e-01
