1.413393889805760512e+18 -9.885581017505946644e-01 4.630059005762300339e-01 1.352504463260824075e+00 -5.659083244016118730e-01 -6.018396261397581659e-01 4.014078682412314802e-01 3.954852160257647520e-01
1.413393889905760512e+18 -9.941829942323754388e-01 4.652668281873579281e-01 1.390471928149017433e+00 -5.614610898663104921e-01 -6.082284759158422816e-01 3.913691176456118304e-01 4.020569355259550060e-01
1.413393891405760512e+18 -1.142230610028617255e+00 1.160809554695646506e-01 1.701687211477920902e+00 -5.313486276696639532e-01 -5.576796358521974861e-01 4.581858900206827179e-01 4.435400205339768420e-01
1.413393892105760512e+18 -5.220336698814980192e-01 -4.942571550534924363e-02 1.717649906358604150e+00 -5.468381313927433984e-01 -5.760252156116978384e-01 4.355238552700664845e-01 4.236531370414812758e-01
1.413393892405760512e+18 -5.631052354739063404e-02 -1.152727383172776343e-01 1.765869162335349074e+00 -5.645143748800075523e-01 -5.926908849814552793e-01 4.069005136944517931e-01 4.055527183596782659e-01
1.413393892605760512e+18 3.568833916620295366e-01 -1.951321240173235494e-01 1.728758576508085287e+00 -5.781661780857833000e-01 -6.033349937136914809e-01 3.850673805114319670e-01 3.917063547406934854e-01
1.413393892805760512e+18 5.805465765128344779e-01 -2.610360051611683718e-01 1.694555240195141588e+00 -5.966394756122797016e-01 -6.245389444103085497e-01 3.506820391019537797e-01 3.619316931511486479e-01
1.413393893105760512e+18 6.778356716483402433e-01 -5.297780216082041971e-01 1.726129372501470360e+00 -6.023588820288590107e-01 -6.120631240740684875e-01 3.731354804358947286e-01 3.511586858238143205e-01
1.413393894405760512e+18 -5.443153881127357208e-01 -7.339400371590646399e-01 1.873145383484008386e+00 -5.781730069627745161e-01 -5.798783366862683142e-01 4.235597215255169079e-01 3.873683659810349678e-01
1.413393894805760512e+18 -1.089229356220802192e+00 -6.657629994413364338e-01 1.791871551827562081e+00 -5.630897859754168122e-01 -5.762453453376632506e-01 4.330819264357408382e-01 4.041178539752279808e-01
1.413393895605760512e+18 -2.032714603490891836e+00 -4.601277002137924010e-01 1.664963147959274359e+00 -5.760928411827153095e-01 -5.466884027483094322e-01 4.206319493457050807e-01 4.385402966982175355e-01
1.413393895905760512e+18 -2.296398778260621221e+00 -3.618450261291136227e-01 1.632802052341161714e+00 -6.288896086599863322e-01 -4.870257708689502696e-01 3.663819630773061387e-01 4.827711836477124874e-01
1.413393896405760512e+18 -2.577541065539382004e+00 -2.581981114589598780e-01 1.653711951381655831e+00 -7.243207366395881808e-01 -3.090255732116247156e-01 2.806614668913765542e-01 5.487183308196399434e-01
1.413393897305760512e+18 -2.627551850173681203e+00 1.929855937464232118e-01 1.720155229586938894e+00 -7.907661384491273537e-01 -1.937555836819437882e-01 8.820738960441815157e-02 5.739051702968874791e-01
1.413393897905760512e+18 -2.914490112005158728e+00 4.865765854989861361e-01 1.771068055569008814e+00 -7.882470982832012751e-01 -1.795413928710120066e-01 5.479701637741664355e-02 5.860278895156640910e-01
1.413393898405760512e+18 -3.264473517394931079e+00 5.874466969425529150e-01 1.879384912281358844e+00 -7.168319258528831339e-01 -5.619776518778861474e-02 8.332886985792070655e-02 6.899638401497185658e-01
1.413393898605760512e+18 -3.402506958373648693e+00 5.036911867666682419e-01 1.881151580161527725e+00 -7.830070492001347526e-01 -3.208669591223983764e-02 1.075772231660868800e-01 6.117986154807864008e-01
1.413393898805760512e+18 -3.484084663085345035e+00 3.918868760671162521e-01 1.860421353254578580e+00 -8.656930794557264885e-01 -3.199565922634844267e-02 9.249654736507564867e-02 4.909135959603000976e-01
1.413393899405760512e+18 -3.622839631219230139e+00 5.774942887185863238e-01 2.049290553663296155e+00 -6.985483781261330183e-01 -5.531784924660248376e-02 5.234014705902321346e-02 7.114988460833361339e-01
1.413393899605760512e+18 -3.625306186918368478e+00 3.326395505454563528e-01 2.152214297607526916e+00 -7.909017745782928044e-01 -3.360335553356993965e-02 1.384818261093855307e-01 5.951201402264940654e-01
1.413393900405760512e+18 -3.223694502318305233e+00 8.980137717162900435e-02 2.120767378171970474e+00 -8.446066538607110985e-01 -8.851204626904786432e-02 1.281976489810720404e-02 5.278644442917482804e-01
1.413393900605760512e+18 -3.116086070951674003e+00 1.695554914751280506e-01 2.079126011116608552e+00 -7.523361955760532460e-01 -8.199865930168233341e-02 2.050906264944386131e-02 6.533344067536304145e-01
1.413393900805760512e+18 -2.931289449910251310e+00 7.106302840091727191e-02 1.934027528709250543e+00 -7.925830310012922375e-01 -4.417178053091191242e-02 8.578288185775664876e-02 6.020816306396595818e-01
1.413393901405760512e+18 -2.638688102317590101e+00 -8.200483010779369142e-02 1.840308136846310338e+00 -8.790402314251835048e-01 -9.026928587117516445e-02 1.082861391226929045e-02 4.679983639768489634e-01
1.413393902605760512e+18 -2.958492515827388480e+00 7.446185741430608740e-01 1.920511409242713130e+00 -8.136281600660288937e-01 -8.059774519522622249e-02 1.790475304264680170e-02 5.754933886983373270e-01
1.413393903305760512e+18 -3.447937205117387993e+00 1.327377118731808636e+00 2.115371389855207340e+00 -8.153341562230649320e-01 -1.051537614798234849e-02 1.631435586662370943e-02 5.786652593280041668e-01
1.413393903605760512e+18 -3.638580362001123447e+00 1.686458280816178545e+00 2.080672749832576773e+00 -7.929891614032470448e-01 1.104772840981074894e-01 -6.106751166081162384e-03 5.991040537214522566e-01
1.413393904305760512e+18 -3.551022190938033951e+00 2.067269406162037804e+00 2.131621713619963998e+00 -8.035628815699147331e-01 1.313029647758357510e-01 -6.738982041671080780e-02 5.766323255839324036e-01
1.413393905305760512e+18 -3.191602587357142973e+00 2.647475081960247945e+00 2.103931786213867561e+00 -7.387568489003613070e-01 3.182925307128455783e-01 -2.430102337210650054e-01 5.421016596562439060e-01
1.413393905605760512e+18 -3.108244301309720292e+00 2.879276536502644035e+00 2.054955352252548550e+00 -6.853175183235601375e-01 4.515749381437511589e-01 -2.492709314890088346e-01 5.140855736488871841e-01
1.413393906305760512e+18 -2.729510385397547978e+00 3.015990331883187991e+00 1.943336492681323691e+00 -6.270700126667514418e-01 4.988859212445410085e-01 -3.891854209621455341e-01 4.543465031323816183e-01
1.413393906805760512e+18 -2.494277984661625425e+00 3.010492622492898285e+00 1.633476232300477893e+00 -6.145219024933771257e-01 5.092282428539639527e-01 -4.246915229928174274e-01 4.274184581108138037e-01
1.413393907805760512e+18 -2.560125776295725686e+00 3.104767797808215768e+00 1.332326254264602161e+00 -6.054765427137925871e-01 5.281882057824706100e-01 -4.094632528962108275e-01 4.321518483395633825e-01
1.413393909605760512e+18 -3.167814952733523093e+00 3.040521303172638135e+00 1.295997351624003535e+00 -6.050363452652479657e-01 5.567300022742545096e-01 -4.139671790875562585e-01 3.906582907274221417e-01
1.413393909805760512e+18 -3.307848470577616329e+00 3.060092922794066972e+00 1.170211236124290455e+00 -6.148352484292445297e-01 5.851684111565282898e-01 -3.929775552038706765e-01 3.537289767314550915e-01
1.413393910905760512e+18 -2.626951193376973137e+00 3.284860807328953136e+00 1.061878920225452827e+00 -5.994168739294074566e-01 5.795063245876054259e-01 -3.764125649574353027e-01 4.039621417333888465e-01
1.413393911105760512e+18 -2.184304049214220278e+00 3.295941648044790284e+00 9.534150218769963381e-01 -6.062016725064200973e-01 5.414232699655787684e-01 -3.888348530502924172e-01 4.338062148512358274e-01
1.413393911405760512e+18 -1.901533466954703933e+00 3.295184435261117706e+00 8.932364936407379830e-01 -5.960740201984788822e-01 5.179615390086961257e-01 -4.169284381402060258e-01 4.500914174055471451e-01
1.413393911605760512e+18 -1.563602452749021099e+00 3.307315517059905119e+00 8.934209635005389005e-01 -5.940297558284794999e-01 5.203534074097777573e-01 -4.276246437616654239e-01 4.398842400394672447e-01
1.413393912405760512e+18 -9.506952690312233667e-01 3.343435852971134992e+00 1.211712923717834789e+00 -6.074255068181932948e-01 6.099826746569941838e-01 -3.320229477712402510e-01 3.856373327859433653e-01
1.413393912605760512e+18 -4.616507115792017890e-01 3.290466343918889258e+00 1.388910232010198476e+00 -5.815977228477683392e-01 5.756393252233777957e-01 -3.859949126017200305e-01 4.259006732564008524e-01
1.413393912805760512e+18 -1.298764590871779312e-01 3.228978953776540095e+00 1.445592754237901900e+00 -5.734490488972546762e-01 5.610899923828756020e-01 -4.143718120619414580e-01 4.296861763370114495e-01
1.413393913405760512e+18 7.239533532286455131e-01 2.922187405226325474e+00 1.418820101132287403e+00 -4.276476496290936291e-01 6.689315588747087871e-01 -4.583497677758302524e-01 3.994540620497011862e-01
1.413393913605760512e+18 9.158058377557052321e-01 2.731009039792017035e+00 1.410284074279759547e+00 -3.637452920835365644e-01 6.911017288719474294e-01 -5.071194209970818489e-01 3.645513073421245420e-01
1.413393913805760512e+18 1.031405620548608404e+00 2.514208669965886767e+00 1.427374810968159879e+00 -3.031007838173951918e-01 7.112651538721214139e-01 -5.456885449163693114e-01 3.231962371123827671e-01
1.413393914405760512e+18 9.724301868190795561e-01 1.909149326096375221e+00 1.546299850023560740e+00 -1.691347628810217774e-01 7.849231158961629262e-01 -5.839171849705842021e-01 1.197073732610825780e-01
1.413393914605760512e+18 8.741910150900851217e-01 1.670261395006815475e+00 1.642784288980455809e+00 -7.165846846853714258e-02 8.050277397469162155e-01 -5.823877409678535066e-01 8.729216061637690149e-02
1.413393914905760512e+18 6.772265232012338876e-01 1.341355409979227087e+00 1.759286388356257058e+00 -3.689719721209035186e-02 8.297152265676666083e-01 -5.567324155742910952e-01 1.613248550201832124e-02
1.413393915405760512e+18 4.981024261309932033e-01 8.412942113125596588e-01 1.830771778119373305e+00 -9.656816787176436545e-02 7.994228495909811993e-01 -5.927564292272512469e-01 1.541142808063733494e-02
1.413393916405760512e+18 6.780509669886469748e-01 1.458468104154571621e-01 1.982155639706459693e+00 2.539191444203543757e-02 -8.037148804173525063e-01 5.944186091398679928e-01 8.009917909311587911e-03
1.413393917305760512e+18 9.784482265446770022e-01 -2.941169578862079526e-01 2.203420673834022736e+00 -3.514555043560229075e-01 -7.397219877870189197e-01 5.411258135458736351e-01 1.909797454092743429e-01
1.413393917605760512e+18 9.466497232225126179e-01 -3.470135893944273908e-01 2.189726131422694344e+00 -4.547957614909562962e-01 -6.865172812463996577e-01 4.865364863515768135e-01 2.917825994273393064e-01
1.413393917905760512e+18 8.569549872786701439e-01 -3.629550002373222450e-01 2.170488660001802295e+00 -5.547867018630169289e-01 -5.950624145270129173e-01 4.545913621903759361e-01 3.625729329047277516e-01
1.413393918905760512e+18 5.068382933566939474e-01 1.346667339399814090e-01 2.227539898743792879e+00 -7.643185236974332497e-01 -2.390803298882540895e-01 2.578496132719623746e-01 5.405287847367608034e-01
1.413393919105760512e+18 4.960827472997624277e-01 3.476410954309074319e-01 2.252893424162034641e+00 -7.754446096916047804e-01 -1.377857104854271764e-01 1.794012667098736080e-01 5.895048267734143144e-01
1.413393919305760512e+18 5.408529820182204073e-01 5.357469077447599703e-01 2.274497662380525753e+00 -7.645555206426866146e-01 -3.420005073135032325e-02 1.225413862530424780e-01 6.318772199090155750e-01
1.413393920405760512e+18 1.488571051583936544e+00 5.437946080054247844e-01 1.737650896674053369e+00 -7.973407636049568703e-01 2.389102686654968888e-02 -2.999290260577028994e-02 6.023100126366875973e-01
1.413393921305760512e+18 2.087669921809565565e+00 4.729565399726992636e-02 1.195070839455416145e+00 -8.176246438120023940e-01 5.059230849333602210e-03 -3.469461532026901079e-02 5.746830689017103921e-01
1.413393922305760512e+18 2.077642838911573975e+00 7.252958355542199476e-02 8.020188938967411918e-01 -8.493204999872570049e-01 1.965281870606144440e-02 -3.855176346545930582e-02 5.261009566157487383e-01
1.413393922605760512e+18 2.032453592354920513e+00 2.369573412034467474e-01 6.333609524340093611e-01 -8.319053601648055407e-01 5.678372676332905239e-02 4.160533057713102639e-03 5.519889220524345497e-01
1.413393923305760512e+18 2.103184124776461772e+00 8.088804805140943355e-01 5.958634939965388178e-01 -8.419532623545921135e-01 4.013303582077550752e-02 -1.662239010366456035e-02 5.377989769360936867e-01
1.413393923905760512e+18 2.260132049550469091e+00 1.634584952347438058e+00 6.825863755176996284e-01 -8.144659586295521780e-01 -1.623842999366680306e-01 1.090510635468797535e-01 5.462457385710364210e-01
1.413393924105760512e+18 2.332496820367142565e+00 1.922126049037665929e+00 7.085619934441057532e-01 -7.968921671334636692e-01 -2.493851470822495697e-01 1.271678935904424212e-01 5.353487173944349031e-01
1.413393924305760512e+18 2.366857944051297125e+00 2.210214116525362371e+00 7.361924268128079429e-01 -7.580117832118834498e-01 -3.357068284904249356e-01 1.107029615031333014e-01 5.481458894594363196e-01
1.413393924905760512e+18 1.900287847921176887e+00 2.642667205995089308e+00 1.020728308973124498e+00 -7.316885997474157355e-01 -3.465468187876062367e-01 1.376029454656340079e-01 5.706159170466923447e-01
1.413393925105760512e+18 1.743359690176997434e+00 2.623814230269741365e+00 1.120008453385587632e+00 -7.494468393989368593e-01 -3.283347480699028709e-01 1.711709355487201212e-01 5.488408138506041256e-01
1.413393925305760512e+18 1.411455792276174126e+00 2.571699959138092684e+00 1.336014110992633341e+00 -7.715737176440933265e-01 -3.215385441246347287e-01 2.413754741675691040e-01 4.929754997496982316e-01
1.413393925405760512e+18 1.244698332203000524e+00 2.556412316537328699e+00 1.442644778597190758e+00 -7.669015176394269329e-01 -3.369948342331051672e-01 2.558339422503462246e-01 4.825407111686977335e-01
1.413393925605760512e+18 7.404297828914950808e-01 2.584003355144089742e+00 1.740969280364338623e+00 -7.411057044839322039e-01 -3.667854006364290043e-01 2.731494026092654570e-01 4.915487854888364039e-01
1.413393925805760512e+18 4.077869342373188211e-01 2.635077456495158010e+00 1.822550051208100097e+00 -7.281107859155835360e-01 -3.727891162613052312e-01 2.765799003864126693e-01 5.043674423798073514e-01
1.413393926605760512e+18 -6.680830084354965059e-01 2.856044472626328101e+00 1.799026915056897380e+00 -6.891658022579080223e-01 -3.837659963616473768e-01 3.116010773496583064e-01 5.297913982213171558e-01
1.413393926805760512e+18 -9.235711963875270492e-01 2.918021884533092525e+00 1.806423801752947034e+00 -6.733777291440103951e-01 -4.426889986714211966e-01 3.329032590076579368e-01 4.896573337449673935e-01
1.413393927105760512e+18 -1.144956762188020338e+00 2.999522054616105660e+00 1.929661404321837415e+00 -6.854412193869443559e-01 -4.674793954419994013e-01 3.567836049230216355e-01 4.293469562727268984e-01
1.413393927905760512e+18 -1.800418144343204130e+00 3.291027791625778409e+00 2.278508515799979151e+00 -5.586621627797022649e-01 -5.644693218301634063e-01 3.365926705647084294e-01 5.059410506304251598e-01
1.413393928805760512e+18 -2.571387839400097963e+00 2.499670245622795939e+00 2.535183533511439435e+00 -6.090894820118727404e-01 -4.861220570760379500e-01 3.441638921449880484e-01 5.236855582028997480e-01
1.413393929405760512e+18 -2.570203306227554663e+00 2.083561234961531117e+00 2.625734641583260309e+00 -7.025312654961682890e-01 -3.856118293013118814e-01 2.731901973633741321e-01 5.320906446911177756e-01
1.413393930405760512e+18 -2.351532823531464977e+00 1.024515181067230163e+00 2.659824387437323523e+00 -7.840614250550528297e-01 -1.935216205179018101e-01 1.554200856243957429e-01 5.688951231266360375e-01
1.413393930905760512e+18 -2.185661973682356152e+00 7.302323145202584964e-01 2.417419536667044788e+00 -7.781127630504718340e-01 -1.996370951144304795e-01 1.748931597192350529e-01 5.692960046545683106e-01
1.413393931305760512e+18 -1.962353926680659999e+00 4.731233493103202403e-01 2.321407826637742922e+00 -7.918936787686058354e-01 -1.963639158829523779e-01 1.950719683272707505e-01 5.443276046999282469e-01
1.413393932105760512e+18 -1.331352479052430482e+00 3.258805090258101722e-01 1.904980242539483282e+00 -7.882158488153666598e-01 -2.309164673044918070e-01 1.645002914660244620e-01 5.461986954501789615e-01
1.413393932905760512e+18 -8.262514944241585724e-01 4.505372823321730502e-01 1.688099594199128806e+00 -7.529508026253135533e-01 -2.307144282066473095e-01 1.432227710496627171e-01 5.994357174009838918e-01
1.413393933905760512e+18 -2.209193384010083028e-01 2.648403905036971206e-01 1.583758609954668106e+00 -7.630050343797746271e-01 -2.218719254838831811e-01 1.563738383732680148e-01 5.866373572025600502e-01
1.413393934405760512e+18 1.514635739073225684e-01 1.107489534775115692e-01 1.546533774456319232e+00 -7.856127775012440306e-01 -2.090177274413841102e-01 1.883595198586110742e-01 5.510397850615268434e-01
1.413393934805760512e+18 4.028329337569853674e-01 3.933394285143326785e-02 1.413879841287051242e+00 -7.997333874333583115e-01 -2.020831852016626018e-01 2.361952517609567370e-01 5.136153213531452488e-01
1.413393935405760512e+18 9.009926704434088052e-01 1.479068032553846890e-01 1.134300016328769534e+00 -7.107569537656934777e-01 -4.489330234529095298e-01 2.708773835121510154e-01 4.689447048733486612e-01
1.413393935605760512e+18 9.515108090062835977e-01 2.489033204326945581e-01 1.186716922166858090e+00 -6.013320319017805282e-01 -5.738580727818597405e-01 3.141445678642944550e-01 4.586936779522050589e-01
1.413393936105760512e+18 8.879872658625362902e-01 1.850259193838892369e-01 1.232790420328024439e+00 -5.817426297782085642e-01 -5.863425016457531891e-01 3.963881404816993470e-01 4.008171971709727499e-01
1.413393936305760512e+18 8.050470029705957264e-01 1.211760471073023981e-01 1.279517618342037810e+00 -5.423845298259917236e-01 -6.188332955818958148e-01 4.583404545931955565e-01 3.358398454144337908e-01
1.413393936905760512e+18 4.641458313167953209e-01 9.207826177486694297e-02 1.484627265250940464e+00 -2.897384750069748049e-01 -7.167958221514727501e-01 5.755599942383204937e-01 2.664320898075357991e-01
1.413393937605760512e+18 6.779483086197191088e-01 3.843409724130321670e-01 1.708864806028150163e+00 -1.297512077748445292e-01 -7.762773803613389756e-01 5.894898756831941089e-01 1.818233738750866246e-01
1.413393938805760512e+18 1.095745852247563157e+00 5.042510299734676016e-01 1.750317739454001931e+00 -4.029568730317503039e-02 -7.861583763113160206e-01 6.155353715398491632e-01 3.804564789329479418e-02
1.413393939105760512e+18 1.295606416526705384e+00 6.593270044434013100e-01 1.757298796220877479e+00 1.565813395196303734e-02 -7.835494991654612384e-01 6.211062167076589757e-01 5.663282245860480797e-03
1.413393939405760512e+18 1.422262767348858592e+00 7.965293287944313905e-01 1.733957318860162911e+00 -1.441275799192353289e-02 8.536581277320128835e-01 -5.202532287612507966e-01 1.991610724098761762e-02
1.413393939605760512e+18 1.530692421031809580e+00 8.689738930273076534e-01 1.685324985801115005e+00 5.717439772151577428e-04 8.938713844072204706e-01 -4.469053444441727363e-01 3.562631547015601002e-02
1.413393939905760512e+18 1.647341148904842845e+00 7.459455744921782427e-01 1.624362634139269179e+00 -4.638538347973657910e-03 7.933920901341553478e-01 -6.086327503132350492e-01 8.581988155298399604e-03
1.413393940105760512e+18 1.716246291752878239e+00 6.656109772428022708e-01 1.615359781964126551e+00 1.223143957496887479e-02 7.053594935239907437e-01 -7.082440807349457135e-01 2.662139901310284912e-02
1.413393940405760512e+18 1.746024475211328530e+00 7.761817056712942975e-01 1.585937167450387264e+00 9.743888070796275988e-03 8.047289847215065572e-01 -5.931785002950525909e-01 2.134442742426302317e-02
1.413393940605760512e+18 1.737420786630084590e+00 8.845899950500604181e-01 1.590245800460627468e+00 3.496258884650059462e-02 8.752489720621786651e-01 -4.806530611200721670e-01 4.110339549422486333e-02
1.413393940905760512e+18 1.616010107125830375e+00 8.428834043960888867e-01 1.652813439779716731e+00 3.728282098803563371e-02 8.253115684771081817e-01 -5.629989715300105502e-01 2.242686454188710932e-02
1.413393941105760512e+18 1.487458139665819523e+00 7.680613885142520969e-01 1.719836769830705991e+00 2.248406615080814769e-02 7.414664114638397363e-01 -6.705800784828024330e-01 6.662265550132610153e-03
1.413393941405760512e+18 1.266017360509818612e+00 7.992836522546149514e-01 1.776558630427983232e+00 6.579890645161770059e-03 8.114832291382798601e-01 -5.842883876504807450e-01 7.665110776062264084e-03
1.413393941605760512e+18 1.107496128926626522e+00 8.380033448825705555e-01 1.813613103725616238e+00 1.439349445970715792e-03 8.676804138393637844e-01 -4.970568323205608041e-01 7.945637556095810211e-03
1.413393941905760512e+18 8.598066924251084320e-01 7.276532316849653181e-01 1.846771063715611394e+00 -8.704570259677154795e-03 -8.403230041470576284e-01 5.419477157913374921e-01 8.611184959696618207e-03
1.413393942105760512e+18 6.991583734883439760e-01 5.932793759693577584e-01 1.876150152557032325e+00 -1.260515155060385091e-02 -7.555208943190911963e-01 6.546891566437861298e-01 2.028291336853175336e-02
1.413393942305760512e+18 4.213862285877523206e-01 5.564694233119338307e-01 1.928455971142392311e+00 -9.696488113655456209e-03 -7.939899627949802419e-01 6.069611447253013825e-01 3.292545964507116035e-02
1.413393942905760512e+18 1.187986428092127067e-01 4.997957188012383534e-01 1.873873144215938424e+00 -1.499017707657429458e-03 -8.079298046774713304e-01 5.886716818679137431e-01 2.669896302362801538e-02
1.413393943305760512e+18 -7.014498069946151215e-02 4.529309204012425538e-01 1.822408406583785778e+00 -1.427343988899982749e-02 -8.573552880908951179e-01 5.131969965168619030e-01 3.697325604250488451e-02
1.413393944105760512e+18 -1.085041215101882894e-01 3.642741942146444645e-01 1.872035946452404787e+00 -8.026322335665858621e-02 -8.055944035944464510e-01 5.851731316235866398e-01 4.634520363048440228e-02
1.413393944305760512e+18 -1.884016828446173353e-01 2.904430560957931839e-01 1.946634589352860267e+00 -1.373360737897314776e-01 -7.590434071087005519e-01 6.277316544352185002e-01 1.046177756447760759e-01
1.413393945105760512e+18 -3.204526891175525360e-01 2.804209341102643638e-01 2.070230909869062774e+00 -1.691213938799596694e-01 -7.832060820480589713e-01 5.797674676096201685e-01 1.478373115169381302e-01
1.413393945305760512e+18 -3.753130432966954588e-01 2.548918307838171082e-01 2.012306324003694247e+00 -2.728770364266455140e-01 -7.521208104773728920e-01 5.625612340469201555e-01 2.082720993927829611e-01
1.413393945805760512e+18 -3.693892113065936345e-01 2.924714402502220922e-01 1.951517137611521235e+00 -3.401083491033758399e-01 -7.605731795108677806e-01 4.938318711004593409e-01 2.489675331530698255e-01
1.413393946105760512e+18 -3.844051210444850986e-01 2.780027314861996390e-01 1.945093390132829114e+00 -3.692778746157830416e-01 -6.626436248437396204e-01 5.591503872580199097e-01 3.344968194204631096e-01
1.413393946405760512e+18 -3.054198966849035468e-01 3.070746509308978078e-01 1.917562865425787022e+00 -4.817817201849057818e-01 -6.542966017173291737e-01 4.806077808166023813e-01 3.298461642877908440e-01
1.413393946905760512e+18 -2.807047533854337695e-01 3.621271315566750859e-01 1.918978209128149315e+00 -5.630513915554280491e-01 -5.450802205310236737e-01 4.134417331712028632e-01 4.636017870174126143e-01
1.413393947805760512e+18 -6.766224214357763334e-02 3.273739318303026669e-01 1.633100139147100727e+00 -7.601632987140148900e-01 -3.641214453037757148e-01 2.502482424207091438e-01 4.763855051567611465e-01
1.413393949105760512e+18 1.656227798104901172e-01 2.331297198139161420e-01 1.594034069917579011e+00 -7.785257351720789032e-01 -1.207163377781986791e-01 7.632147869923340544e-02 6.111466905394778992e-01
1.413393949405760512e+18 2.694976546931233674e-01 -5.370385390462101283e-02 1.678919436752073446e+00 -8.155398966691302931e-01 2.802297463217746573e-02 1.192183560367029993e-01 5.655938237088294906e-01
1.413393950105760512e+18 5.475491821004353499e-01 -1.972803856045664550e-01 1.723401199895581826e+00 -8.409376424396968197e-01 -6.029186537646779491e-04 4.977114743977639061e-02 5.388379634914280958e-01
1.413393950305760512e+18 8.942250140279099924e-01 -2.357140836742592782e-01 1.769569164932171423e+00 -8.518831968610418581e-01 -2.663299734271796018e-02 3.409380306229156665e-03 5.230430942898315338e-01
1.413393951105760512e+18 1.688540803123339096e+00 3.186186086196785006e-02 1.565951349136441628e+00 -8.168766647000622605e-01 -1.342266409242501637e-02 -1.341469012054487438e-02 5.765001238908225023e-01
1.413393951605760512e+18 1.906422395666516278e+00 2.538454378563796965e-01 1.417240370408961780e+00 -8.185113596705373418e-01 -2.786830820079307103e-03 -3.085328621610093289e-02 5.736544799737345324e-01
1.413393952905760512e+18 1.929990955067364400e+00 8.805161053330204934e-01 1.438084413082614477e+00 -8.130454952371892752e-01 -6.368749819839451820e-02 6.287869317888514220e-02 5.752801015086983494e-01
1.413393954305760512e+18 2.099224032906058746e+00 1.464603074025518925e+00 1.455769608659650327e+00 -8.250907712398228844e-01 -2.115685582004735443e-01 1.163858363304053622e-01 5.108016263653818445e-01
1.413393954805760512e+18 1.977613698623196914e+00 1.760862937660901517e+00 1.504838860495257391e+00 -8.071832466455477473e-01 -2.662153337463848968e-01 1.472397444970138802e-01 5.058705961543009666e-01
1.413393955105760512e+18 1.790659975288013905e+00 2.064199729547814055e+00 1.551321929839709401e+00 -7.744668184148369994e-01 -2.781009390719987318e-01 1.847332388660734848e-01 5.373403440276216525e-01
1.413393955405760512e+18 1.583439494227677713e+00 2.360933971121712105e+00 1.594674723228758584e+00 -7.281248529416569637e-01 -3.327600807657676851e-01 2.384471986116743492e-01 5.497707346264392170e-01
1.413393956105760512e+18 1.098662624596957071e+00 2.747590510500617089e+00 1.538726904421105601e+00 -6.777461253684199383e-01 -4.529304198628604783e-01 3.181172686542281247e-01 4.840615949390333905e-01
1.413393956405760512e+18 8.755194152061791524e-01 2.815829091154075314e+00 1.548089056667144359e+00 -6.142928419149229491e-01 -5.102316133265020204e-01 3.791299003371119136e-01 4.675131268795498229e-01
1.413393957305760512e+18 2.949320364476866185e-01 2.953962190566937540e+00 1.571035283833374763e+00 -4.067301331296642175e-01 -7.050309362463351714e-01 5.060474477114847991e-01 2.853383227059306249e-01
1.413393957605760512e+18 8.610061250901701602e-02 3.007065332243052502e+00 1.516122183139852364e+00 -3.063462550550641317e-01 -7.304180695573323501e-01 5.602162332230792297e-01 2.424854381426273797e-01
1.413393957905760512e+18 -1.059110508492615566e-01 3.091211771654160945e+00 1.420168605247066118e+00 -2.053958799601236229e-01 -7.833984737487843519e-01 5.481171201710295371e-01 2.089664719492067557e-01
1.413393958605760512e+18 -4.216549717276169562e-01 2.914220252648230147e+00 1.234181514390245482e+00 -2.432826251735445422e-01 -7.615373311295061676e-01 5.749216137766350876e-01 1.741826501040988906e-01
1.413393960605760512e+18 -4.987529061402612429e-01 2.924096438956658162e+00 9.682884310493068414e-01 -1.666319807211443793e-01 -7.964157197236475527e-01 5.656554970943309391e-01 1.341254747800638691e-01
1.413393960905760512e+18 -4.865025540826032335e-01 2.875067313008214498e+00 8.366908775850102620e-01 -1.377196633698808403e-01 -8.217108223372714404e-01 5.449693587322490540e-01 9.398413067136635046e-02
1.413393962105760512e+18 -4.759414431604566120e-01 2.905336447976546665e+00 1.540935434891388400e+00 -1.176111852298457744e-01 -8.210458100987080288e-01 5.508897890373947170e-01 9.258416259016753747e-02
1.413393962805760512e+18 -4.503638087258237110e-01 2.760388836776860089e+00 2.071459234509568148e+00 -1.810150199356852230e-01 -8.147888613177206585e-01 5.146134309773133797e-01 1.962796237208903061e-01
1.413393963405760512e+18 -2.135426711781895914e-01 2.079127751303718963e+00 2.161574860734812642e+00 -4.135732918013962922e-01 -6.716616262469767840e-01 5.088214424330008701e-01 3.448601627561875271e-01
1.413393963805760512e+18 -6.773227689220884251e-02 1.867938822624815476e+00 2.095811878015970464e+00 -4.558975558162838282e-01 -6.401041877286598458e-01 4.883093925885554354e-01 3.794443102258447942e-01
1.413393964105760512e+18 3.955268189540710466e-01 1.313180150824244441e+00 1.792040087782698965e+00 -5.663976528084632145e-01 -5.646038746414872023e-01 4.190567724235314540e-01 4.298925274052298184e-01
1.413393964405760512e+18 5.991178309218689879e-01 1.088454280866774093e+00 1.671270698629183649e+00 -6.103138865346473541e-01 -5.263988127782801563e-01 4.006891241674859216e-01 4.357401468564537916e-01
1.413393964905760512e+18 1.018594690101028544e+00 7.259300786036069209e-01 1.494663532234767223e+00 -6.842921239013445289e-01 -4.491525198004661656e-01 3.696280546698361702e-01 4.397515256647452908e-01
1.413393965405760512e+18 1.557422830285965176e+00 7.404459101965787937e-01 1.374920819200508459e+00 -7.655273451680629782e-01 -4.313599890193980935e-01 2.287516926409163265e-01 4.190096738585374347e-01
1.413393965605760512e+18 1.591668217855555900e+00 9.043037577633052937e-01 1.385873523476234270e+00 -7.199779906963749143e-01 -4.692792150475973423e-01 1.822154655329212281e-01 4.777093628533384817e-01
1.413393965805760512e+18 1.399704243149896499e+00 1.136524667511309650e+00 1.422753115073031260e+00 -6.863854105740970768e-01 -4.407237571071550009e-01 2.295286347955339534e-01 5.309936382681810230e-01
1.413393966405760512e+18 1.051093555746474006e+00 1.171593977192058933e+00 1.563876943410965392e+00 -6.643755498875811849e-01 -4.403501788518691118e-01 2.348704745709164488e-01 5.563566382020916912e-01
1.413393966605760512e+18 8.458445217213196310e-01 1.093785248356506479e+00 1.656584610545103642e+00 -6.490193930996331906e-01 -4.179124225576598683e-01 2.721620343809850184e-01 5.745005321965985789e-01
1.413393966905760512e+18 5.823607883188529621e-01 8.725862566646771512e-01 1.703175064127947280e+00 -6.783608255131091669e-01 -3.977692270922717488e-01 2.923297647165162272e-01 5.441962339527683934e-01
1.413393968905760512e+18 -1.392048107774517263e-01 -1.738935976510955217e-01 1.627396910273969155e+00 -7.895873831492722372e-01 -1.445994950957693037e-01 1.138113506081005893e-01 5.853970676919153515e-01
1.413393969305760512e+18 -3.045257692849306919e-01 -2.188257345255376074e-01 1.505244249759859265e+00 -8.021434316701082645e-01 -2.956130829753124065e-02 6.285532624719196437e-02 5.930777790834853569e-01
1.413393970305760512e+18 -7.836285577614821030e-02 -2.996146495529257714e-01 1.709453422587290827e+00 -8.028644908520123913e-01 -1.410601583495420253e-02 -8.058961882001053345e-02 5.905209081689221096e-01
1.413393971405760512e+18 -5.580539417504710720e-01 -3.930905673757879581e-01 1.722598081350333876e+00 -7.695464859686578230e-01 1.401693127765444614e-02 -1.020656982132469096e-02 6.383553536262779327e-01
1.413393972105760512e+18 -7.939734001038372124e-01 -9.905640878032468954e-01 1.742625176177881485e+00 -8.265762818818477298e-01 6.942720623043996397e-02 1.808270616195679914e-02 5.582334001143933744e-01
1.413393973605760512e+18 -1.046411857705933368e+00 -1.720836543979054500e+00 1.566303946708728523e+00 -7.727588332573610552e-01 4.269296765002076471e-02 8.017800571556212843e-05 6.332622598161392613e-01
1.413393973905760512e+18 -1.162628341027333700e+00 -1.926312726162149991e+00 1.558978657745363039e+00 -8.192492964136374178e-01 9.281364669474952145e-02 8.185877945890682184e-02 5.599244212735143833e-01
1.413393974105760512e+18 -1.168652656075363838e+00 -2.106865658903721794e+00 1.563809185424902548e+00 -8.866868976039181671e-01 8.326683063810988439e-02 7.291530352452885166e-02 4.489279887074862363e-01
1.413393974305760512e+18 -1.074953428831189717e+00 -2.156013554965487966e+00 1.601733271083114252e+00 -9.154829935255702766e-01 1.683301804970741694e-02 -1.348083774130306479e-02 4.017783033995133701e-01
1.413393974905760512e+18 -1.021759595325614445e+00 -1.429775865760039455e+00 1.824273389400548728e+00 -8.022226339551864482e-01 -4.564882469042779584e-02 -5.577313485855277947e-02 5.926587448122528912e-01
1.413393975105760512e+18 -1.196508460183612010e+00 -1.009083574674304318e+00 1.812253194191571160e+00 -7.926199949015223511e-01 -4.989130947563983481e-03 -8.418554281110225343e-03 6.096374169935069309e-01
1.413393975905760512e+18 -1.835411367380895165e+00 -3.530403958181747015e-01 1.799949912746277247e+00 -7.972057831500307667e-01 2.746030873891221885e-02 -4.053999973826159439e-03 6.030691799788165941e-01
1.413393976905760512e+18 -2.316115599406169512e+00 -1.519657641990751484e-02 1.894744252212863689e+00 -8.094880183928322426e-01 2.821340923094989989e-02 -1.126050535891621671e-02 5.863500256988776194e-01
1.413393978605760512e+18 -2.409569812754545737e+00 8.497396345851465638e-02 1.971534593744705965e+00 -7.986557580126960598e-01 1.278246489656054141e-01 -6.016086855353878354e-02 5.849705199451245008e-01
1.413393978905760512e+18 -2.404572661985545423e+00 1.217220793636826781e-01 2.057130856906479011e+00 -7.736084803643756835e-01 2.445042956323635330e-01 -1.250049907781142777e-01 5.710703291243618418e-01
1.413393979305760512e+18 -2.326848792774013575e+00 9.944989111183077934e-02 2.055864590595082753e+00 -7.379832281482633372e-01 3.343424402157766928e-01 -1.760599538632759975e-01 5.591053391697213826e-01
1.413393979605760512e+18 -2.185552714248253814e+00 -1.315548372264885302e-03 1.986880057846452052e+00 -7.015347580824901064e-01 4.087254433862492764e-01 -2.394903083997600435e-01 5.323879105628183117e-01
1.413393979905760512e+18 -2.062510177343528817e+00 -1.162913340935240458e-01 1.960187893343018350e+00 -6.853703617931720116e-01 4.482088485534133082e-01 -2.864962410165143858e-01 4.972888487964783333e-01
1.413393980105760512e+18 -1.919196821614169712e+00 -2.469132907686508172e-01 1.936742382247384153e+00 -6.810568627776371065e-01 4.821661552103045922e-01 -3.277460728410900859e-01 4.430122573591365187e-01
1.413393980305760512e+18 -1.665053816048518431e+00 -3.962905707707820024e-01 1.913741314996196152e+00 -6.731158412213678055e-01 4.976059287837397149e-01 -3.627680770851144376e-01 4.095152331526761835e-01
1.413393980605760512e+18 -1.369123229480520232e+00 -4.604960727860358816e-01 1.904538618366970804e+00 -6.574601224664738952e-01 4.874072789341744594e-01 -3.816186518162537067e-01 4.295899630977167982e-01
1.413393981105760512e+18 -8.356169658473684425e-01 -4.467268861548295278e-01 1.976962100952319057e+00 -6.452389825798421352e-01 5.191307342788380463e-01 -3.345833576234676920e-01 4.496931319109193081e-01
1.413393981605760512e+18 -1.599649718237091678e-01 -4.565913871111058064e-01 2.079275501964543693e+00 -6.701544530963674529e-01 4.900418749955953168e-01 -3.545812211570759098e-01 4.301443099108328005e-01
1.413393982305760512e+18 6.675921172658785263e-01 -2.732319209377479519e-01 2.013745335078357623e+00 -7.335735668999863179e-01 3.578573571290674105e-01 -2.967457482623431786e-01 4.957316761943423855e-01
1.413393982905760512e+18 1.285868936324266354e+00 1.452463626108753125e-01 2.011202301095580403e+00 -8.203242623453798066e-01 6.121834910527779172e-02 -1.188530518925069446e-01 5.560524888858691117e-01
1.413393983105760512e+18 1.412180889636888814e+00 3.202182752371061092e-01 2.003117873993692566e+00 -8.233097302474785550e-01 -4.939979123286027812e-02 -6.098608574796381826e-02 5.621400591054830365e-01
1.413393983305760512e+18 1.470354082686275321e+00 5.018924766807082438e-01 1.996368669184532152e+00 -8.092149784892301856e-01 -1.546584200552711119e-01 -7.233399896885313145e-03 5.667447129180951393e-01
1.413393983905760512e+18 1.186017376892697817e+00 8.610301342547848069e-01 2.049189323571390720e+00 -7.116049496014005271e-01 -3.830673775753425936e-01 1.780082307128360852e-01 5.614186047316422901e-01
1.413393984105760512e+18 9.918803869991106303e-01 8.684570915777654054e-01 2.085201967305652104e+00 -6.684453651954503917e-01 -4.463714086934473801e-01 2.264750629235654789e-01 5.501294439707034023e-01
1.413393984305760512e+18 7.654411141592576406e-01 7.946508330585928537e-01 2.131440133225577238e+00 -6.291544902151933183e-01 -4.951248104376602122e-01 2.770044972814126316e-01 5.313045812121358624e-01
1.413393984905760512e+18 -2.835819220369528715e-02 1.721866211948076542e-01 2.193144566893738379e+00 -6.595189704256531060e-01 -4.847658083032587717e-01 3.750623169043342253e-01 4.351610014547808158e-01
1.413393985305760512e+18 -3.549739920036389940e-01 -5.471923223666569358e-02 2.094758508343638859e+00 -6.868726856938065506e-01 -4.227130607666850781e-01 3.060836980969443566e-01 5.057987264360560564e-01
1.413393985805760512e+18 -9.461653508289412651e-01 -4.769423254741076978e-01 1.950864265190451308e+00 -8.028169235918752866e-01 -2.455642872991758430e-01 1.958790704014519990e-01 5.067687419093526158e-01
1.413393986805760512e+18 -1.554384762191214353e+00 -3.806265141773984562e-01 1.979980564096843310e+00 -8.054328392720881968e-01 1.365274890924376462e-02 -4.273106785024171489e-02 5.909869708459751791e-01
1.413393988405760512e+18 -2.658954908055955357e+00 -6.457708339242668183e-02 1.748454413005047892e+00 -8.045218016429512842e-01 5.080951069061320075e-02 -1.144661978231487770e-01 5.805691637182188725e-01
1.413393988805760512e+18 -2.890176361909040370e+00 -2.991135264743505218e-02 1.709032311197130172e+00 -8.167099677626341592e-01 1.085964238238308760e-01 -6.426512306290860232e-02 5.630822668558662647e-01
1.413393989405760512e+18 -3.248821550347494203e+00 2.045078830173587825e-01 1.912843475539564242e+00 -7.911405867900347388e-01 1.558325060704474907e-01 -1.416859549187620693e-01 5.742280837472876209e-01
1.413393989605760512e+18 -3.427811333795217408e+00 4.349630189285821902e-01 1.988048370355838479e+00 -7.674250423866960658e-01 2.143918190648097799e-01 -1.491163344258328027e-01 5.855418610511656796e-01
1.413393990405760512e+18 -3.622115817477215671e+00 4.780718309605070382e-01 1.838566640464462498e+00 -7.058682577628334620e-01 4.270789708576047117e-01 -2.282597818455980032e-01 5.169632746393801881e-01
1.413393990905760512e+18 -3.477321682860849528e+00 4.074857887450515359e-01 1.784912143118925654e+00 -7.245501811909103029e-01 4.222737130353900747e-01 -3.453931361991869342e-01 4.212072265310912722e-01
1.413393991405760512e+18 -3.325221733477672359e+00 5.935157733404875513e-01 1.844626029044953874e+00 -6.794258417864551536e-01 4.539493860518221124e-01 -2.634196425096356764e-01 5.127578106241152955e-01
1.413393992305760512e+18 -3.307697680881549029e+00 2.999326868644910937e-01 2.019404819998007916e+00 -7.115013893912190968e-01 4.317060739961289251e-01 -3.152238716844230626e-01 4.561025644408239765e-01
1.413393993305760512e+18 -3.212179413063508626e+00 3.609513951307103952e-01 2.116098023358120361e+00 -6.648576354388527898e-01 3.901052893874429328e-01 -3.687632421618876610e-01 5.194187703778619936e-01
1.413393993905760512e+18 -3.581204805814507619e+00 3.872107825116071766e-01 2.133052674400895743e+00 -6.972668062906852704e-01 4.560082615821293150e-01 -2.769251398534013364e-01 4.787357654606624324e-01
1.413393994605760512e+18 -3.771119668121673207e+00 3.176476624388894221e-01 2.092885038059083769e+00 -7.480360082068453487e-01 4.940738872499509937e-01 -2.251275602233597517e-01 3.816421176856250597e-01
1.413393994805760512e+18 -3.795881568063228961e+00 3.080055088178700329e-01 1.996270134262095652e+00 -7.000361517953235246e-01 4.538845458722362558e-01 -3.108828997393676685e-01 4.552911462433579248e-01
1.413393995605760512e+18 -3.529098060110737567e+00 3.183300475664843088e-01 1.801959023842473417e+00 -7.393031138964814009e-01 2.934784224794330654e-01 -2.128115696744597163e-01 5.674615027776267473e-01
1.413393995905760512e+18 -3.416826350862895989e+00 2.009776526373372174e-01 1.751263837186510131e+00 -7.599142629051954811e-01 1.813263815341507046e-01 -1.505610831990098486e-01 6.057907366565832286e-01
1.413393996305760512e+18 -3.301083542364235512e+00 -6.556336905184956265e-02 1.660715985739388501e+00 -8.011895178354375702e-01 1.460689509714279410e-01 -1.012682994055431052e-01 5.714052411452270608e-01
1.413393997905760512e+18 -3.000047254243197514e+00 -6.177162546325190018e-01 1.159287844596865513e+00 -8.147832275150350689e-01 7.229539509597597557e-02 -8.176922258317034786e-02 5.693992116663346703e-01
1.413393999605760512e+18 -3.174247083238344480e+00 -5.307542488419993987e-01 9.987264359620211529e-01 -8.103856155404390860e-01 1.219289358910795873e-01 -4.460032463954217291e-02 5.713311647019265749e-01
1.413394000105760512e+18 -3.145938848965766255e+00 -5.024366186198230277e-01 9.313157702561738471e-01 -7.998758724435081069e-01 9.447395918637638279e-02 -1.028457289055670493e-01 5.836917129480858613e-01
